0 0 0.3717061684589289
0 1 -0.9742565795916447
0 2 -0.6606744707277734
0 3 0.23389675297673507
0 4 0.645528265830182
0 5 0.4797998497113196
0 6 -0.8846443087530931
0 7 0.11369107347631124
0 8 0.6138298948769825
0 9 -0.9059654877073944
0 10 0.3821699429922747
0 11 -0.2639626801921655
0 12 -0.6126661572045855
0 13 0.48205576229257674
0 14 -0.8016691999532981
0 15 0.7984946825233004
0 16 0.3592600350377573
0 17 -0.49281099240732007
0 18 0.9302185209038911
0 19 0.48925774710927605
0 20 0.9199008864294569
0 21 -0.4454412047989216
0 22 0.0013713029851181169
0 23 -0.4378024527566433
0 24 0.45930674764547175
0 25 -0.5422971121357818
0 26 -0.6591866246502252
0 27 0.30862004087495354
0 28 0.45816282086023064
0 29 0.6307607823880492
0 30 0.6765264923616425
0 31 -0.0831338692159087
0 32 0.538314516243102
0 33 -0.6762088523515049
0 34 -0.058197020692420054
0 35 0.05493652026455664
0 36 -0.4474851377611886
0 37 -0.7348860825792567
0 38 0.4424815865936078
0 39 0.2886047665730427
0 40 -0.7603797996032358
0 41 -0.04551566805110974
0 42 -0.845719565620858
0 43 0.07911079679997068
1 1 -0.11464588466234948
1 2 -0.8697892846916557
1 3 -0.8811035495300166
1 4 0.9569209162387846
1 5 -0.5807706069906662
1 6 -0.9606063001747802
1 7 0.9243512347506007
1 8 -0.6190148248692082
1 9 -0.4503231123878877
1 10 -0.21550675741383807
1 11 0.44239352509848917
1 12 -0.3352791433942601
1 13 0.44522161406729266
1 14 -0.7261366407693546
1 15 0.24103160583014827
1 16 0.4348934414872079
1 17 0.6481181285055673
1 18 -0.9810416544916278
1 19 0.21643469945318405
1 20 0.15843001933732936
1 21 0.8388885147077474
1 22 -0.747658054606055
1 23 0.4074963306215502
1 24 0.055925353539457934
1 25 -0.8384225394538851
1 26 0.8305619373112192
1 27 0.6028351200050093
1 28 -0.8870817386554328
1 29 0.9520617470228769
1 30 0.063485277175785
1 31 0.5910207417342015
1 32 0.7836529608020597
1 33 -0.3492484487529215
1 34 -0.7577768750573421
1 35 0.1423216710930144
1 36 0.13201553974335534
1 37 0.4976483647277925
1 38 -0.13600055986005244
1 39 0.569475521604963
1 40 0.2671372953785349
1 41 -0.6432727150917978
1 42 0.7981095664407256
1 43 -0.2506520647632573
2 2 0.6941795545882841
2 3 0.5311946481114811
2 4 -0.28783460098383085
2 5 -0.7709065724566337
2 6 0.03689254951745835
2 7 0.8631215320169494
2 8 0.2595421463666123
2 9 -0.35581619510738527
2 10 -0.9803033007040807
2 11 0.3307840614059334
2 12 0.18676134663480282
2 13 0.762465333644287
2 14 -0.13889895610908987
2 15 0.26468984181521304
2 16 0.2660051160436476
2 17 -0.27314798391251327
2 18 0.073599283127602
2 19 -0.849955902845331
2 20 0.5526580147625577
2 21 -0.02130364324114553
2 22 -0.1975499187084464
2 23 0.5822457773731169
2 24 0.8464553066433016
2 25 0.4909310760730925
2 26 0.25762197371654594
2 27 0.6214921733694476
2 28 -0.9920655170917856
2 29 -0.2472241670913491
2 30 -0.33968850350135615
2 31 -0.4018699066117557
2 32 -0.061519240176987955
2 33 -0.6232309932170434
2 34 0.8338396485840043
2 35 -0.7302375235901408
2 36 0.16873631465995387
2 37 0.40921838091790264
2 38 -0.8174275333163974
2 39 0.509288842275589
2 40 -0.7459606281603299
2 41 0.5996629747469677
2 42 0.12165918161478717
2 43 -0.5968057997363383
3 3 -0.1334454506058267
3 4 -0.03040210462368287
3 5 0.7595555761514325
3 6 0.8502287472211001
3 7 -0.5033434904787879
3 8 0.2802943084334806
3 9 -0.0813239040696423
3 10 -0.8239501620614038
3 11 -0.16040619502489206
3 12 -0.8293980389416324
3 13 -0.27426601134600026
3 14 0.6772830335263436
3 15 0.8023042777669827
3 16 -0.11591459721068142
3 17 -0.7647043105901146
3 18 0.71840015025553
3 19 -0.05723622104050352
3 20 0.6163186670470835
3 21 -0.15024684058540005
3 22 -0.0734308258426537
3 23 -0.012120324562081786
3 24 -0.9312817215303322
3 25 -0.5114217758238531
3 26 0.29749912179195825
3 27 -0.18529490539413085
3 28 -0.00046550884550011773
3 29 0.8719375951645745
3 30 0.2077029040101761
3 31 -0.015116499320232846
3 32 -0.20000092370278666
3 33 -0.8029225506319935
3 34 -0.6840685456809732
3 35 0.9410465473656398
3 36 -0.0056645013660119314
3 37 0.9713293140057628
3 38 -0.3279288512099645
3 39 0.052760999222422056
3 40 0.10249944156879431
3 41 -0.04116602623554111
3 42 -0.9611528599491648
3 43 -0.46060001667402406
4 4 -0.044626758846181724
4 5 -0.3844457559007608
4 6 0.5600186665825206
4 7 0.8792794761713583
4 8 0.813695411136824
4 9 -0.29035499576534884
4 10 0.6506417184711009
4 11 0.41981427660079307
4 12 0.965068051517517
4 13 -0.6351433624091769
4 14 -0.6514884463573825
4 15 0.8652393633820097
4 16 -0.24185562340203526
4 17 0.6125326996652132
4 18 -0.2585365946111877
4 19 -0.01859270428583404
4 20 -0.5070076431641419
4 21 0.31466736216575253
4 22 0.2722053074628936
4 23 0.924657939362435
4 24 0.5901726161937515
4 25 0.8770115727506724
4 26 0.13357758962887445
4 27 0.6566170878224669
4 28 0.8632976039042515
4 29 -0.23427144508924602
4 30 0.25457074590945994
4 31 0.21794536001524012
4 32 0.9940616182686886
4 33 0.5114438966134678
4 34 0.3227292342473882
4 35 0.4456817761788141
4 36 -0.28463262924753185
4 37 -0.22727702633253521
4 38 0.41388825580438393
4 39 0.887385582270497
4 40 -0.14074286555414472
4 41 -0.6971466817712815
4 42 0.5178420658625253
4 43 0.9161683996082506
5 5 0.6511858742131917
5 6 -0.689463058772616
5 7 0.5988303188898128
5 8 0.20926772693256224
5 9 0.04175737720500905
5 10 0.7063218127984112
5 11 0.0776308595116233
5 12 -0.26805077771066155
5 13 -0.8841135237248854
5 14 -0.352115479089137
5 15 -0.5884345777781965
5 16 -0.1437323310194325
5 17 0.3101277462144165
5 18 0.40034569157583655
5 19 -0.42176633485024206
5 20 -0.9086865939511686
5 21 0.3995629724001555
5 22 0.6200039125756633
5 23 0.41872565847350063
5 24 0.46646384513128525
5 25 -0.6400991486911682
5 26 0.5737404076223571
5 27 -0.309255064342133
5 28 0.45663945308845433
5 29 -0.4433400828748566
5 30 -0.4956928073059874
5 31 0.02448656133600613
5 32 -0.8172130091281353
5 33 -0.048393586524376975
5 34 -0.5102196308897045
5 35 -0.056490495073782565
5 36 0.6996831232839766
5 37 -0.7024568941865228
5 38 -0.535984845207709
5 39 0.02731564972389089
5 40 -0.736575676639599
5 41 -0.19070607390618433
5 42 -0.35452028333345287
5 43 -0.9702653207583469
6 6 0.14697147492673945
6 7 0.31698802081573363
6 8 -0.7427933150762345
6 9 0.8180527981789185
6 10 -0.4333900942677018
6 11 0.0258780296940877
6 12 0.011088621904373097
6 13 -0.9561403034024312
6 14 0.9982142792147182
6 15 0.5903319327368128
6 16 0.582111783437607
6 17 -0.35261077390314277
6 18 0.017429939297159303
6 19 0.1634555374109894
6 20 0.1687626035201817
6 21 -0.6744234918301912
6 22 -0.5894834821980157
6 23 -0.9374913093967518
6 24 0.07855207937898268
6 25 0.15216671834763318
6 26 0.00959605922537099
6 27 -0.5592222840609582
6 28 0.7448401105550719
6 29 0.16000425983830202
6 30 0.4163341719752218
6 31 0.030259730513801264
6 32 -0.9704248532641055
6 33 -0.4039127632034738
6 34 -0.6011559077503377
6 35 0.01261124890162968
6 36 0.44918982264083196
6 37 -0.12259167764382939
6 38 -0.5780192179618584
6 39 -0.1031704034947345
6 40 0.1338920127927694
6 41 0.08950947442196777
6 42 -0.9731816480054065
6 43 -0.506498751577841
7 7 -0.8653447968717571
7 8 -0.8967943583804199
7 9 -0.7563234915343191
7 10 0.5711769341560002
7 11 0.9685233847302634
7 12 0.6692139585539485
7 13 0.7854390946624055
7 14 0.0054670655715016725
7 15 0.02400563082642493
7 16 -0.33982707637766163
7 17 -0.0931022591264048
7 18 0.128755087753591
7 19 0.5701278680812445
7 20 0.9733183411492203
7 21 -0.28528140029456717
7 22 -0.1258699397710119
7 23 0.2151324644059207
7 24 -0.025829880276883932
7 25 -0.6274231468280009
7 26 0.3165254023858324
7 27 -0.6462574504243135
7 28 0.674674660001003
7 29 0.7250762020715182
7 30 0.46843630823000937
7 31 -0.2778466126441337
7 32 0.821499711225377
7 33 0.12349410320719256
7 34 0.6143631457531677
7 35 0.40165583819731454
7 36 0.9946125446872582
7 37 -0.6835492009007964
7 38 -0.36249621838969226
7 39 -0.6921391783086421
7 40 0.4942814183658817
7 41 -0.9281219540521493
7 42 -0.33266021067897666
7 43 0.3548676608186294
8 8 -0.38801994507078263
8 9 0.6460885662738192
8 10 0.3560215372382991
8 11 -0.28609609058527696
8 12 0.15769440859940742
8 13 -0.13782047294139144
8 14 -0.19503907851290614
8 15 -0.8119188077695936
8 16 0.09096093717433673
8 17 0.8084285750879339
8 18 0.7386002057554113
8 19 -0.37809492968268277
8 20 0.610314663538305
8 21 -0.8390884699394376
8 22 -0.9271409066535024
8 23 0.8541726977842281
8 24 -0.39171099716072044
8 25 -0.4839915472967773
8 26 0.12044779992250931
8 27 -0.9940593077125512
8 28 -0.5793671438094607
8 29 -0.4560995077133019
8 30 0.5830808114604074
8 31 -0.39435645018604215
8 32 0.7119974616066069
8 33 -0.8707936556429619
8 34 -0.29539285117645253
8 35 0.40348953468359694
8 36 -0.19823123088417272
8 37 0.6708373183512728
8 38 -0.5363611202708192
8 39 0.31815957630853875
8 40 -0.09772006607177386
8 41 -0.7935284360777799
8 42 -0.26619032242576934
8 43 0.39476942930757075
9 9 -0.018894575744303088
9 10 0.8150209127814687
9 11 0.8840077029042364
9 12 -0.06506865065713208
9 13 0.39400865754580927
9 14 -0.931136406396581
9 15 -0.8715733102215475
9 16 -0.10235342797642977
9 17 0.035997302663472786
9 18 -0.32387199314089843
9 19 -0.8741901903520737
9 20 -0.7986671635534801
9 21 -0.6018755143820331
9 22 -0.5536615211563685
9 23 -0.9303454099732309
9 24 0.29525460659528635
9 25 -0.7648099934695711
9 26 -0.7729346634045351
9 27 -0.2863818650668535
9 28 -0.2221218505219571
9 29 -0.7881285366864343
9 30 -0.5894345404196917
9 31 -0.040725052750985036
9 32 -0.27172795853065623
9 33 -0.29628539042055424
9 34 0.3340604407666299
9 35 0.7472343837475086
9 36 0.8897929192185106
9 37 -0.13728032137475443
9 38 -0.10541727704772641
9 39 -0.8860056162992562
9 40 -0.09458920035961693
9 41 0.20280338345243631
9 42 -0.7454317454955945
9 43 -0.5208632131125068
10 10 0.3982047441083736
10 11 -0.9511778714046117
10 12 0.25444337878607404
10 13 0.6524847922183277
10 14 0.2071344331385656
10 15 0.18107250884900705
10 16 -0.7360817777664141
10 17 -0.84552493359549
10 18 0.07008694880326516
10 19 -0.580854578208454
10 20 0.5775991317885336
10 21 0.6830045713255009
10 22 -0.5870724663712372
10 23 0.7169787660388767
10 24 -0.8924473232648722
10 25 -0.7556102868186703
10 26 -0.5292912882590053
10 27 0.8497531947019614
10 28 -0.44516725094627163
10 29 0.6702146070071557
10 30 -0.6804965456891032
10 31 -0.6977095746362798
10 32 0.6847505124554882
10 33 -0.5570067804979362
10 34 0.17892991822869186
10 35 0.3951399170126162
10 36 -0.26654590936418643
10 37 0.7124217504774772
10 38 -0.26704358819279683
10 39 -0.9138512861817836
10 40 0.597573638415617
10 41 0.8568642165263423
10 42 -0.0075874353903586655
10 43 -0.5143021911267676
11 11 -0.239424716449943
11 12 0.9684085208319158
11 13 -0.417385904800621
11 14 0.8909431469834055
11 15 0.6834892926452971
11 16 0.015426722911183743
11 17 -0.448666140225376
11 18 0.5311151621258963
11 19 0.02039912324594373
11 20 0.5239806908529101
11 21 -0.15795192302657002
11 22 -0.23137867518174682
11 23 -0.9174182784423375
11 24 0.9808210044118815
11 25 0.696411230073031
11 26 0.5445299080382997
11 27 0.5271488538937308
11 28 0.42062639061603324
11 29 0.12829317778690563
11 30 -0.7775057332198543
11 31 0.8428858991402255
11 32 0.554015362102515
11 33 0.49977642561931335
11 34 0.06650114899332471
11 35 0.6913201045374253
11 36 -0.12387955582348731
11 37 0.768947028039435
11 38 0.9606635952864993
11 39 -0.5574362395838037
11 40 -0.813586813774396
11 41 0.667686794307524
11 42 -0.9632622858082291
11 43 0.7609956740960335
12 12 0.4837860311265454
12 13 0.6961562519978775
12 14 -0.41700815768410826
12 15 -0.1999373783338685
12 16 -0.44879185436846036
12 17 -0.148143355146376
12 18 -0.4046646579252662
12 19 0.771107458049094
12 20 -0.4435772185009199
12 21 0.9615272018129721
12 22 0.9041438591220679
12 23 -0.7730879472631154
12 24 0.6455986464318959
12 25 0.6385775238894384
12 26 -0.4327352786239076
12 27 0.4078455627161828
12 28 0.8559172821687653
12 29 0.9692341680717924
12 30 0.943429772325044
12 31 0.8165770021844894
12 32 0.4743705451639104
12 33 -0.5265873748054222
12 34 -0.9351877962040116
12 35 0.05833151051482677
12 36 0.7238524201727714
12 37 -0.6661059490734946
12 38 -0.029721583865545353
12 39 -0.8733313399062299
12 40 -0.9392929917745549
12 41 0.9923654151723331
12 42 0.45761086599223755
12 43 -0.4066642787207453
13 13 0.42519295941390056
13 14 -0.05942986631042957
13 15 -0.844349532249848
13 16 -0.21622832839963047
13 17 -0.584398795716403
13 18 0.941017455062831
13 19 0.618365975946809
13 20 -0.07024836523820932
13 21 0.7276101849062806
13 22 -0.07171908010860384
13 23 -0.4991442488722855
13 24 -0.40774247969867106
13 25 0.6159397895040302
13 26 0.028877169294722504
13 27 0.2174989808841814
13 28 -0.28332374028455565
13 29 0.10315718875006508
13 30 0.3106793624988251
13 31 -0.09910592792956563
13 32 -0.6976029129429149
13 33 0.9764412614950237
13 34 0.9672786261985566
13 35 0.03703001304184328
13 36 -0.8787898881011365
13 37 -0.4053417294945616
13 38 -0.9882234027047085
13 39 -0.6993632022683502
13 40 -0.9972722973050663
13 41 0.7909833629283096
13 42 -0.5282524337063199
13 43 -0.9400827633534541
14 14 -0.7687946118363658
14 15 0.8475440538427457
14 16 -0.3292352936736105
14 17 0.79642158871849
14 18 0.8852963443338746
14 19 -0.07511588730158292
14 20 0.9101531907344329
14 21 0.03341791807368932
14 22 -0.5225659535878633
14 23 -0.47166855574888644
14 24 -0.5913220108176926
14 25 -0.1844577185389269
14 26 0.158901012742249
14 27 -0.28388740508348054
14 28 0.31112457664051263
14 29 0.7048767774001514
14 30 0.8037547702418373
14 31 -0.16741943311826146
14 32 -0.32045100551209815
14 33 -0.8754484043538573
14 34 0.7128523752049887
14 35 -0.6246876361611662
14 36 -0.3729911822571601
14 37 -0.9317020085044532
14 38 0.2575775246446541
14 39 0.4811088958750003
14 40 -0.8055555325695305
14 41 0.26043030854266314
14 42 -0.12734978363156157
14 43 0.34368648785461087
15 15 0.42653927061572605
15 16 -0.13429790447196122
15 17 -0.8726918549781406
15 18 0.3731914465731818
15 19 0.7135338188238245
15 20 -0.25354599047141724
15 21 -0.8227705509229737
15 22 -0.35517698402441256
15 23 0.7965075093816136
15 24 -0.8296894278847593
15 25 0.8779029817923749
15 26 0.3957450888666769
15 27 0.6505335904607765
15 28 0.5469447766505648
15 29 -0.640697056837175
15 30 0.6473664370236458
15 31 -0.8571018742510652
15 32 0.38043730929519626
15 33 -0.08369385280794406
15 34 -0.3931918911822492
15 35 0.1439894912625228
15 36 -0.8390856336127515
15 37 -0.6261831892567
15 38 -0.2810715337613148
15 39 0.46893313691054717
15 40 -0.17465310574564374
15 41 0.310181707953195
15 42 0.09267537801335224
15 43 -0.14077568369664095
16 16 -0.1968525565000807
16 17 -0.4007018594069398
16 18 -0.5249570554432521
16 19 -0.07192542148745296
16 20 0.03336678951871064
16 21 -0.05633338441532554
16 22 0.1361354872572531
16 23 0.09151365080674556
16 24 0.11764070804157245
16 25 0.2096252453890679
16 26 -0.45211643638821486
16 27 0.15062583362959225
16 28 -0.09604095945514368
16 29 -0.8301969018019053
16 30 -0.9164289160999433
16 31 0.8761457645579327
16 32 0.16848737874531738
16 33 -0.34957571490247186
16 34 0.9743860520403442
16 35 -0.6367123959082617
16 36 -0.2750336670399405
16 37 -0.816555566350252
16 38 0.06930415693118652
16 39 -0.65721440239489
16 40 0.4438842174560629
16 41 0.47500674573676793
16 42 -0.455126847834745
16 43 -0.42784639236696376
17 17 -0.9289646200288482
17 18 -0.548849357073292
17 19 -0.0912355016818438
17 20 0.7929646371719872
17 21 -0.12963546747885246
17 22 -0.41110187449365165
17 23 0.18669037638845398
17 24 0.46379000020025885
17 25 -0.3988083951749706
17 26 -0.09070526840113646
17 27 -0.22805236121214456
17 28 -0.4803689736630743
17 29 0.9439285687018866
17 30 0.3758354660035823
17 31 -0.8612628936780493
17 32 0.45570486896737905
17 33 0.2757252481235861
17 34 -0.10845411889402401
17 35 -0.9421697737017212
17 36 0.0008675574141638887
17 37 0.33965502382992274
17 38 0.06646062989444634
17 39 -0.0015864301533028424
17 40 0.579108689411687
17 41 0.8985329980134149
17 42 -0.007609423523191605
17 43 -0.9577070862866321
18 18 -0.09672449474696543
18 19 -0.23056112382678817
18 20 0.07477689785583319
18 21 0.018392352411043422
18 22 -0.9109336552657785
18 23 0.7246482085229979
18 24 0.20058292068792882
18 25 -0.5040093208398047
18 26 0.6245658882743588
18 27 0.8548803061526999
18 28 0.44042102045940035
18 29 0.04206808727188993
18 30 -0.663318422212976
18 31 -0.47849155313843883
18 32 0.07733254985252747
18 33 0.6711808328513014
18 34 -0.8787259427398031
18 35 -0.18407466132070116
18 36 -0.567809046805742
18 37 -0.5904469747571894
18 38 0.13610932339039938
18 39 -0.20668647120925798
18 40 0.48149452220841016
18 41 -0.7427901001849988
18 42 0.686089810886177
18 43 0.34106059876106065
19 19 -0.6302758339330519
19 20 0.6887289998232657
19 21 0.0042579070249291195
19 22 -0.28951832104518394
19 23 0.9419475540351618
19 24 -0.6172580806555426
19 25 0.37497257041427434
19 26 0.24604097109843082
19 27 -0.21635072643026998
19 28 -0.6998326808302653
19 29 0.030781080373595282
19 30 -0.02527274249019018
19 31 0.11598123840090402
19 32 0.2526173795514035
19 33 -0.2087068953587803
19 34 -0.7351011042195208
19 35 0.4000106345333858
19 36 -0.979596195337006
19 37 0.9713204915110236
19 38 0.21122327398642748
19 39 -0.8915153367460582
19 40 -0.3859195803958786
19 41 0.2148280118893795
19 42 0.852462663585797
19 43 -0.7378349319812447
20 20 0.23078888803937958
20 21 0.3296236443078857
20 22 0.9564910299202871
20 23 0.5412997129245851
20 24 0.9883687308736229
20 25 -0.3693259019945132
20 26 0.1366296226276118
20 27 0.23162877033215534
20 28 0.39577635296667246
20 29 0.7236103663021192
20 30 -0.8039948761620213
20 31 0.47466078773487985
20 32 0.5679571546356375
20 33 0.3523714474523387
20 34 0.12774964302948644
20 35 -0.20421170994192805
20 36 -0.3712811552747157
20 37 0.21042046374542478
20 38 -0.4132856559248228
20 39 0.6859397552269102
20 40 -0.5260136099292396
20 41 0.9560592812923261
20 42 0.7039904811599225
20 43 -0.7586362509439069
21 21 -0.8208054889026251
21 22 -0.5279605763369228
21 23 -0.14409512149164572
21 24 0.8009043701634562
21 25 -0.6676400871309993
21 26 -0.7224659378558203
21 27 0.28498765115236857
21 28 -0.30866569287266143
21 29 0.22969175125867425
21 30 -0.23834684115959193
21 31 -0.7633966054727404
21 32 -0.6727454827900514
21 33 0.9680807090181618
21 34 0.1725027444824787
21 35 -0.20677262063099322
21 36 0.6771917829595582
21 37 0.7499999824934107
21 38 -0.24170605790793975
21 39 0.29343220998870656
21 40 0.3970565506638948
21 41 0.7931031814897813
21 42 -0.2005279621883369
21 43 -0.9156549145565718
22 22 -0.41226139606066403
22 23 -0.7602185070463066
22 24 0.45091680646902055
22 25 0.9820194386156333
22 26 0.18055684326479615
22 27 0.9450499404224171
22 28 0.2042734324127724
22 29 -0.8547850039747518
22 30 -0.40345412094616795
22 31 -0.6966419372076726
22 32 0.38841689663087897
22 33 0.975965852345382
22 34 -0.8770736995991495
22 35 0.7832909390665599
22 36 -0.4374133592162708
22 37 -0.5693850844188229
22 38 -0.1415424495482407
22 39 -0.27287693654351175
22 40 0.3949081192706365
22 41 -0.25859151976369743
22 42 0.04738656013302012
22 43 0.7824872893540116
23 23 0.38340209508841383
23 24 -0.8090415119033527
23 25 0.6254818040580958
23 26 0.22732039461129472
23 27 0.005926026790748162
23 28 0.5237650648393939
23 29 -0.6228291306577589
23 30 -0.7686757165277505
23 31 -0.6962973323259936
23 32 -0.1449882020855655
23 33 -0.8212629596700796
23 34 0.5804097586758206
23 35 -0.007013066446987848
23 36 -0.34417550731463376
23 37 0.13495767596599095
23 38 0.7187407285296405
23 39 -0.16164148368568365
23 40 -0.06339339186420356
23 41 0.6340580858797593
23 42 -0.36845992270056516
23 43 -0.5675252377373587
24 24 0.07339761517974153
24 25 0.6542801204592059
24 26 -0.585520908191683
24 27 -0.851661187610181
24 28 -0.5368637776910343
24 29 -0.1124623158076874
24 30 0.9998397610765231
24 31 -0.7581443437907294
24 32 0.6923247909477264
24 33 -0.11898595813829305
24 34 -0.7080997366665702
24 35 0.6401392620842192
24 36 0.5351533394177796
24 37 0.07487690754973286
24 38 0.9677772333373498
24 39 0.8601634390991779
24 40 0.5441134864341315
24 41 -0.9504591405816261
24 42 -0.7561381225265313
24 43 0.9123020527015442
25 25 -0.3772938866396549
25 26 -0.043739806886438304
25 27 0.5393872940484137
25 28 -0.3020159409137706
25 29 0.10079298231158562
25 30 0.8336263403462658
25 31 0.6674814397872031
25 32 -0.4712509602569266
25 33 -0.20736155566673165
25 34 0.7293836493559145
25 35 0.9406987830090381
25 36 -0.1428368501154893
25 37 -0.17797825399974987
25 38 -0.24799808059835304
25 39 -0.7558623513355263
25 40 0.17384165992595713
25 41 -0.21609829324524177
25 42 -0.6247114087933736
25 43 -0.583753266599599
26 26 0.7494055824503356
26 27 0.6030682979131943
26 28 0.6570773110928414
26 29 -0.5304623906531678
26 30 0.9229677462692893
26 31 -0.7707369135076765
26 32 -0.6311502499197217
26 33 -0.5808541996813881
26 34 -0.7848382403998129
26 35 0.8294906935208817
26 36 -0.616390286980899
26 37 0.9304702761848014
26 38 0.734742965534289
26 39 -0.8504203117136677
26 40 -0.6437395421143293
26 41 0.8291562193835538
26 42 -0.5392039073351067
26 43 -0.051519478384439044
27 27 -0.9679641560667305
27 28 0.18540587704426081
27 29 0.26457183154192987
27 30 0.026662546500046735
27 31 -0.7754302100319601
27 32 -0.6474227840446987
27 33 0.16767712634457266
27 34 0.9167522457589112
27 35 -0.6375803863847513
27 36 0.6912390698944
27 37 -0.40034005230404723
27 38 0.46644380258576956
27 39 0.6229848755960419
27 40 0.31077164283883185
27 41 0.6889615041378758
27 42 -0.5375391532914642
27 43 -0.31329830679293047
28 28 0.43948844765301254
28 29 -0.9004147832677696
28 30 -0.6615786466488653
28 31 -0.9801753240117566
28 32 0.01858047731247159
28 33 0.12689089405483722
28 34 0.7445667540713627
28 35 -0.7527589493333937
28 36 -0.7432985692454983
28 37 -0.6362756511179926
28 38 0.845084501939614
28 39 -0.16560087301941717
28 40 0.9503698799011051
28 41 -0.13767012966520653
28 42 -0.6914080158662388
28 43 -0.85455641138294
29 29 -0.06247638081049933
29 30 0.9015529908754927
29 31 0.6411256275583022
29 32 0.7119332445643989
29 33 0.3565903433302726
29 34 0.44401400426792637
29 35 0.7280860398699824
29 36 0.09333081259811893
29 37 0.0031913475464107055
29 38 -0.3954802187186355
29 39 -0.37682266773775064
29 40 0.4976545825458365
29 41 -0.9563610767909347
29 42 -0.9115070524679061
29 43 0.6612950810316056
30 30 0.46107553987954497
30 31 -0.23035696447358056
30 32 -0.9736120373962593
30 33 -0.4783996089969411
30 34 -0.028908948538359347
30 35 -0.4322593589910646
30 36 -0.4062875252703628
30 37 0.9996933557599221
30 38 -0.21137271914564248
30 39 0.5910079172675895
30 40 -0.5913208770288298
30 41 0.10865528682569248
30 42 -0.3527649785799867
30 43 0.8628257347841173
31 31 -0.7583275157200058
31 32 0.23068707007171518
31 33 0.683397028210381
31 34 -0.3000809341849602
31 35 -0.9195506506459226
31 36 -0.22334023075361498
31 37 0.9008076372812754
31 38 -0.680527242613439
31 39 -0.5526069929582442
31 40 -0.03159291626522642
31 41 0.2032613367777767
31 42 -0.42372300386987494
31 43 -0.9801406239155535
32 32 0.527834262674111
32 33 -0.84877464897768
32 34 0.9258574245186615
32 35 -0.03599087120659972
32 36 -0.343437608347281
32 37 -0.17969436550321927
32 38 -0.20292419104559922
32 39 0.6101916060041164
32 40 -0.6156181607431921
32 41 0.24984456963644552
32 42 -0.5427186801589405
32 43 0.2727140008130937
33 33 0.20379825505954918
33 34 0.22884525233212494
33 35 0.6278070638249542
33 36 0.6343033910511404
33 37 -0.3103427284732103
33 38 -0.025428398694926413
33 39 -0.17567098469746267
33 40 0.04034475893816314
33 41 -0.4830666711294085
33 42 0.5028231669757761
33 43 0.10348736614166598
34 34 -0.666980843689245
34 35 -0.30035518695374197
34 36 -0.6819882200226435
34 37 0.5262089641351262
34 38 0.13604096870357751
34 39 -0.7101219588985657
34 40 0.4487146469590184
34 41 0.7865755607759641
34 42 0.11421686658586983
34 43 -0.6926366525452361
35 35 -0.7813727581511138
35 36 -0.9152275890158084
35 37 0.9298095116982537
35 38 0.8450608917111357
35 39 -0.706056916583262
35 40 0.9422714993466246
35 41 0.5196369714636455
35 42 0.8385248213320264
35 43 -0.25740877958978126
36 36 0.6001391691069653
36 37 0.9098844861995441
36 38 0.803976411584298
36 39 0.22059991585628103
36 40 -0.060394097057563156
36 41 -0.21584899666091717
36 42 0.11557441750581332
36 43 -0.32726534618273884
37 37 -0.2608801414392732
37 38 -0.1803022433457011
37 39 -0.40750216219095936
37 40 0.09323565005317924
37 41 0.3474165645778926
37 42 0.34748223616578255
37 43 -0.6691164678030654
38 38 0.9341648995355956
38 39 0.0072865638015542356
38 40 0.990684812431698
38 41 0.6832799778810248
38 42 -0.7746350608088672
38 43 0.7198352043689367
39 39 -0.43688207852649996
39 40 0.16630811201063467
39 41 -0.3526786113240945
39 42 0.512394660577639
39 43 -0.6858431597196379
40 40 -0.6395669239249269
40 41 -0.23729673345551516
40 42 0.470554692073476
40 43 0.09200577188645065
41 41 0.2594068996607515
41 42 -0.19756529029179992
41 43 -0.14193236916081986
42 42 0.5393455637297604
42 43 0.3380843466821728
43 43 0.7018233749729288
