0 0 0.16532449264018734
0 1 -0.8111121399232575
0 2 0.8777296030726462
0 3 0.5292225394184886
0 4 0.9035651132957869
0 5 0.9597577755861635
0 6 -0.8218227603743171
0 7 -0.4315531556165797
0 8 -0.006666566710204824
0 9 0.21478868811588225
0 10 -0.024482871422830232
0 11 -0.25077972369030443
0 12 -0.6532489204763774
0 13 -0.23473264273421268
0 14 -0.20371558750189034
0 15 -0.2610907026151925
0 16 -0.0012280838706155706
0 17 -0.6997865671337364
0 18 -0.9947274165509783
0 19 0.2549955420624832
0 20 -0.1758326921054656
0 21 0.14168654762694044
0 22 -0.8332220854784618
0 23 0.5444716572370762
0 24 0.7764184963689926
0 25 -0.5621057140819479
0 26 0.2664484284530877
0 27 0.6449292180362634
0 28 0.18382666831642336
0 29 -0.9315547029569962
0 30 0.05629831923590678
0 31 0.4817942935372441
0 32 0.18851837950660366
0 33 0.6557928613399424
0 34 -0.8139464636292992
0 35 -0.24413201763872694
0 36 0.07146653519784163
0 37 -0.5911756586298984
0 38 0.13432117071752359
0 39 -0.7969502137297284
0 40 -0.6712380359306871
0 41 -0.5458136392312496
0 42 0.9394364126196326
0 43 0.08781335067463125
1 1 0.3766220708266945
1 2 -0.15935304247506799
1 3 -0.6235572365523057
1 4 -0.7623625446721032
1 5 0.12407948676796199
1 6 -0.11111084015319461
1 7 -0.7317613135573036
1 8 -0.5333732672968321
1 9 -0.3735601396698942
1 10 0.9904975649331376
1 11 -0.6479879566929654
1 12 0.41854434270390506
1 13 -0.4154620819605348
1 14 0.683230056558382
1 15 -0.9126789603392818
1 16 0.4090699409862668
1 17 -0.5787417656609568
1 18 -0.9379641696974281
1 19 0.9716355479658025
1 20 -0.9035257685385059
1 21 -0.3357323952807738
1 22 -0.8422981230505426
1 23 0.4180657813916655
1 24 0.09644073936349917
1 25 0.7230777008748359
1 26 0.5820149058156288
1 27 0.44915063274157196
1 28 0.5386694267537155
1 29 0.41106289168363763
1 30 0.5265723424369309
1 31 0.289597897799057
1 32 0.026594528104147086
1 33 -0.6914414426902802
1 34 0.02336052373465125
1 35 -0.10304615038070097
1 36 -0.10814765581088559
1 37 -0.23359447689005197
1 38 0.11065923334396355
1 39 0.12630428639821223
1 40 -0.5047174956668683
1 41 -0.8272492764090777
1 42 0.3275206506323507
1 43 -0.6413042557172004
2 2 0.24060565212049356
2 3 0.8496433616714745
2 4 -0.3077547533706211
2 5 0.14597936034224168
2 6 0.8476834689218056
2 7 -0.7076616764029864
2 8 0.08489714033194606
2 9 0.33113152604862495
2 10 0.06632804665869818
2 11 -0.8867435364373786
2 12 0.34882848986413606
2 13 -0.46385975981433014
2 14 0.5654072911108217
2 15 -0.88559013524104
2 16 -0.6569272047493078
2 17 0.8245888351646358
2 18 -0.9875208334068286
2 19 0.10826358857698781
2 20 0.27991441438115405
2 21 0.5627817928188086
2 22 -0.43631780035121026
2 23 -0.20814196767109094
2 24 0.6791695635565846
2 25 -0.6608644964009645
2 26 0.8899052149900042
2 27 -0.16406476355996924
2 28 0.6294127148144169
2 29 -0.3152470930495237
2 30 0.5678604600753479
2 31 0.3003096768134843
2 32 0.14613389407937638
2 33 -0.5008578172034617
2 34 -0.741433395544794
2 35 0.6749811694479675
2 36 0.7837141193153423
2 37 -0.4420911634057596
2 38 0.1435120701845316
2 39 -0.6573938570617166
2 40 -0.8972954332254006
2 41 0.16124413041565178
2 42 0.08068378868946557
2 43 0.0480607703812157
3 3 0.8051908365032749
3 4 0.4391254744064472
3 5 -0.9055539752006672
3 6 -0.056907417477722655
3 7 0.4333616296075864
3 8 -0.09877630235946921
3 9 0.04266251892324924
3 10 0.8889156466844828
3 11 -0.5764722672835729
3 12 0.04594322787758043
3 13 -0.2162222003240717
3 14 -0.4521913541683633
3 15 -0.44396637504582936
3 16 0.2520240638466196
3 17 0.5895875639835331
3 18 -0.13808343001305579
3 19 -0.3640131141228411
3 20 0.0729382859608696
3 21 0.5026876333681851
3 22 0.07438472889168235
3 23 0.11016653356596118
3 24 0.2697430954930353
3 25 0.9252032597334401
3 26 0.5545886651862035
3 27 -0.7655543563949763
3 28 0.29776140917888516
3 29 -0.4819544103752298
3 30 0.9364329581445252
3 31 0.7110493661033912
3 32 -0.7883249894683546
3 33 -0.5557800029783826
3 34 0.6351817809716054
3 35 0.8751700855253801
3 36 0.27731069986132817
3 37 -0.12047497535841134
3 38 -0.2703951957182782
3 39 0.04040769354532592
3 40 -0.43267711160149824
3 41 -0.8286264106489083
3 42 -0.3201165267804289
3 43 0.8306935442219867
4 4 -0.5492185907379852
4 5 -0.24409712950556894
4 6 0.9804266714592536
4 7 0.01545403502562559
4 8 -0.10377381657319229
4 9 0.7489756506824867
4 10 0.12888000354176787
4 11 -0.8709712150196689
4 12 0.74648325992669
4 13 -0.8202402097800969
4 14 -0.9196914765441595
4 15 -0.089515012674382
4 16 -0.550071711479031
4 17 0.3578872190204332
4 18 0.5790748236532897
4 19 0.9747289253529003
4 20 -0.31837775927940615
4 21 -0.09014509528270587
4 22 -0.2972840463933224
4 23 0.7584359046905724
4 24 -0.8765386234791825
4 25 -0.6089639275180694
4 26 -0.7983083002218714
4 27 -0.7088028041884142
4 28 -0.15733488616474745
4 29 -0.5478207804009751
4 30 -0.03998373859452853
4 31 0.1338898678224747
4 32 0.9568930514424567
4 33 0.40774384302350164
4 34 -0.9898689054007461
4 35 -0.7577303614669246
4 36 0.3996735779924896
4 37 -0.03667595513267963
4 38 -0.07758067316125006
4 39 0.2213164082259611
4 40 -0.20334094005473435
4 41 -0.17259712549939255
4 42 0.43669772015872743
4 43 0.07773422206510539
5 5 -0.9161551349545396
5 6 0.07734026515774106
5 7 0.26765600261941924
5 8 0.3961615517200434
5 9 -0.1259734452314658
5 10 0.40407543652978584
5 11 -0.8033500260925008
5 12 0.07137775340960517
5 13 -0.5308462757323422
5 14 0.8012107536541144
5 15 -0.15991679521556312
5 16 -0.7892243308205436
5 17 -0.30102329318528764
5 18 0.23541046333328586
5 19 0.14145939698712273
5 20 0.1655283449657412
5 21 0.5634759487869261
5 22 -0.04760389347582494
5 23 0.5531854525980702
5 24 -0.25401977213473326
5 25 -0.4588706150478912
5 26 0.196950706080669
5 27 0.02012216716097326
5 28 0.7711246140466637
5 29 0.5251932084132311
5 30 -0.7229677237429757
5 31 -0.7063072504846686
5 32 -0.28144434094732684
5 33 -0.012689059305857286
5 34 0.7541339871417887
5 35 0.18568919220942415
5 36 0.036630491633364404
5 37 0.7438969062874405
5 38 0.9597678765495243
5 39 0.4817145719843565
5 40 0.2447424256747741
5 41 0.5451942484328407
5 42 -0.9751010687191661
5 43 0.8103823439501572
6 6 0.570709952419374
6 7 0.2790929450944497
6 8 -0.389632526320961
6 9 -0.28232507929591555
6 10 0.6209428108538628
6 11 -0.18996074529387497
6 12 0.687308278675067
6 13 -0.10781699557873026
6 14 -0.7012877642937472
6 15 0.48908410968549787
6 16 0.39536499941509984
6 17 0.37935027182112213
6 18 -0.8367568830242016
6 19 -0.12097625096623177
6 20 -0.8403490986079498
6 21 -0.9030945636412673
6 22 -0.3928001890860251
6 23 -0.7774967534020654
6 24 0.4162266645439925
6 25 -0.41032212801749113
6 26 -0.4838331875174089
6 27 -0.422748547492225
6 28 -0.7110064815342105
6 29 0.49769436289473523
6 30 0.36061356104596154
6 31 -0.7103809075906944
6 32 0.3952922982854157
6 33 -0.8980781623113008
6 34 0.07158797322358446
6 35 0.5211502004082711
6 36 0.18701441259388196
6 37 -0.34930117929266835
6 38 0.5909925144413655
6 39 -0.11289526393642513
6 40 -0.36707363402941784
6 41 -0.5896645447699538
6 42 -0.6428330184883853
6 43 -0.3799362431263684
7 7 0.770526260856581
7 8 0.532248655171117
7 9 0.9529303612648599
7 10 0.5457231600403887
7 11 -0.008019437059143097
7 12 -0.3540597011100295
7 13 -0.2105547382524
7 14 -0.7642023376695093
7 15 -0.879093980855693
7 16 0.7686219227311344
7 17 -0.02539718777572819
7 18 -0.15605712647812253
7 19 0.4622879918232903
7 20 -0.7216130508626111
7 21 -0.559960265416019
7 22 -0.7116474794285927
7 23 -0.3186042200647674
7 24 -0.7956294407040267
7 25 -0.1192646472297001
7 26 -0.7257253971058575
7 27 0.9228100897318434
7 28 0.83921607724372
7 29 -0.19311934037065703
7 30 0.5175833121033566
7 31 0.7880445884373899
7 32 -0.42892505648096235
7 33 -0.6241965036181536
7 34 -0.5247087041434457
7 35 0.2580910375550607
7 36 0.8420703422037648
7 37 0.8368158623876094
7 38 -0.6092922643608338
7 39 0.0463850573809208
7 40 -0.5040098071950048
7 41 0.992156384694552
7 42 -0.22357455757808165
7 43 0.8329375986729417
8 8 0.03947751472004901
8 9 0.6098108191737812
8 10 -0.12653324415934142
8 11 -0.178715157867942
8 12 -0.8812299249850752
8 13 -0.8308350311726564
8 14 -0.7088468160160102
8 15 0.014140708686977366
8 16 -0.388658220293004
8 17 0.6138402951893405
8 18 -0.5364932797271909
8 19 0.2565180811255747
8 20 -0.5903321948288458
8 21 0.5245156761315193
8 22 0.38155222611315187
8 23 -0.7241104381855017
8 24 -0.8655120025082332
8 25 0.8841530940737998
8 26 0.7244769067124996
8 27 0.61431160563032
8 28 0.9956855201275367
8 29 -0.43322603530605663
8 30 0.05341283983774603
8 31 -0.6008509885272018
8 32 0.3509123811299124
8 33 -0.9799799838027925
8 34 0.7346576554168032
8 35 -0.05166957577023412
8 36 -0.5793593276186442
8 37 -0.7178254119371998
8 38 0.5332035493874561
8 39 0.8920681417418435
8 40 -0.2671951944142408
8 41 0.817960059356432
8 42 -0.380918361366237
8 43 -0.44087191572839557
9 9 -0.2640817440275307
9 10 0.6076732482050711
9 11 -0.6595356747555627
9 12 0.40704876735093065
9 13 0.3469430037786574
9 14 -0.5885647090921811
9 15 -0.8540423440608118
9 16 0.14943583792083537
9 17 -0.08379219873682975
9 18 -0.9042444852137963
9 19 -0.4773815104221497
9 20 0.725161556661061
9 21 0.13868558203575088
9 22 0.37683011734850824
9 23 -0.3323836908716207
9 24 -0.6385795867926758
9 25 -0.9166676738515285
9 26 0.2039980245460482
9 27 -0.4435503829506713
9 28 -0.7690382772021254
9 29 0.4854612002902188
9 30 0.056034062095779325
9 31 -0.5764526357571471
9 32 0.6733028912279022
9 33 0.22423570782191415
9 34 -0.08451512165823694
9 35 0.11474833945430252
9 36 0.7547012336851289
9 37 -0.22052506021880558
9 38 -0.5940722125644393
9 39 -0.012247781358031062
9 40 0.7115244174595083
9 41 -0.08917339690220438
9 42 -0.4422427501213866
9 43 0.6399187515529663
10 10 0.980081698501168
10 11 0.20021697911570313
10 12 0.045189031846295746
10 13 0.19060207866613088
10 14 -0.38191121834269937
10 15 0.9459386368188598
10 16 -0.26360234711387354
10 17 0.5410276284942417
10 18 0.10524578050832623
10 19 -0.4219727001791769
10 20 -0.1301779706233186
10 21 0.6373265500530729
10 22 -0.30281898077140235
10 23 -0.3818501689314018
10 24 -0.9826501689876255
10 25 0.5849813744127355
10 26 0.04522897250557256
10 27 0.19195539691228447
10 28 0.8505493577238983
10 29 -0.3096662335758167
10 30 0.3597423868203793
10 31 0.6084642637077158
10 32 0.7068804306606711
10 33 0.35445825961258515
10 34 -0.3904431043458416
10 35 -0.8033377259659522
10 36 0.9191044330985247
10 37 0.5287282242160392
10 38 -0.41618776836270377
10 39 0.9865221538702071
10 40 0.7339945242502246
10 41 0.9616457550273756
10 42 -0.6603880652757208
10 43 -0.3511830111269676
11 11 -0.2589160536478903
11 12 0.3791041486557749
11 13 -0.9715668420568002
11 14 0.009689898106147066
11 15 -0.6850333709886356
11 16 0.7508046780676301
11 17 -0.054388944944639306
11 18 0.6642701582194008
11 19 0.05063171208720485
11 20 -0.08686180114098896
11 21 0.7032784188485919
11 22 0.2958586273249122
11 23 -0.9809683524803914
11 24 -0.46610474497229637
11 25 -0.8655522882544218
11 26 -0.012722203040724134
11 27 -0.24590202791839633
11 28 0.3328944541677832
11 29 -0.6663820890098344
11 30 0.316427114708818
11 31 0.3239120067407184
11 32 0.6058329431469149
11 33 0.4544693769031849
11 34 -0.26966021285092556
11 35 0.4256284589609467
11 36 -0.7176155061893297
11 37 0.7996245924052274
11 38 0.28808999212702746
11 39 0.3340228626378756
11 40 0.9540135504827303
11 41 -0.6438154481096805
11 42 0.5364186007256881
11 43 0.4787963032409037
12 12 0.10621396449298914
12 13 -0.5798843787481274
12 14 0.5819100428249488
12 15 -0.9871803416688336
12 16 -0.7348734150879002
12 17 -0.6750528764393675
12 18 -0.23034861155945796
12 19 -0.37448489397239015
12 20 0.10115064868767343
12 21 0.7721056989620987
12 22 -0.5201133690370658
12 23 -0.6974433390257848
12 24 -0.4365788189490183
12 25 0.666435374854252
12 26 -0.9721815481513987
12 27 0.7277561234730936
12 28 -0.0236362548673843
12 29 -0.29561249111368637
12 30 0.36708435408487894
12 31 0.7406556247842446
12 32 -0.5383477615065408
12 33 0.5408349779706001
12 34 0.045829570032807965
12 35 0.2034289946710428
12 36 -0.5885787718281998
12 37 -0.5368364377004688
12 38 0.3172348590955696
12 39 0.23436778795441482
12 40 -0.10539065183156926
12 41 -0.42931317607434605
12 42 -0.49065843234423245
12 43 -0.4365355941472908
13 13 0.7038720070365831
13 14 -0.4573001631481537
13 15 -0.3936378510052778
13 16 -0.16990388401178746
13 17 -0.8495672111063901
13 18 0.31567175378566015
13 19 -0.2722496758744044
13 20 -0.7080476245107148
13 21 -0.2995606379226059
13 22 -0.6855519080824626
13 23 0.11982154546099655
13 24 -0.871834814632964
13 25 0.7997870642161733
13 26 -0.21817452863284514
13 27 -0.7556008955460887
13 28 -0.4496819452125236
13 29 -0.2618094007706353
13 30 0.4941480091228958
13 31 -0.9920939670764009
13 32 0.3333185284900617
13 33 -0.6403600727105874
13 34 0.8500050513318929
13 35 -0.8590127869395092
13 36 -0.3313258049945049
13 37 -0.8778589293385926
13 38 0.4358989625608758
13 39 -0.0014714554274042335
13 40 0.2072836101670259
13 41 -0.2493079000962597
13 42 0.207286245096987
13 43 -0.18175597637395757
14 14 -0.1199039696843569
14 15 -0.737506524340789
14 16 -0.857446510297946
14 17 0.6576343928425186
14 18 0.1412445329120009
14 19 0.3157683732024248
14 20 0.003377130193369382
14 21 0.8051034911850885
14 22 -0.0899630634801234
14 23 -0.744029932784918
14 24 -0.8004655854270419
14 25 0.9883813616155732
14 26 -0.08091955999572287
14 27 0.4040170931137641
14 28 0.6244196315779504
14 29 0.8755541668178941
14 30 0.4403130626840961
14 31 -0.5075423347028287
14 32 0.7261383337938232
14 33 -0.4499634381211228
14 34 0.8145552109174348
14 35 0.24018334385175
14 36 0.3232331043594956
14 37 -0.1531117078441928
14 38 -0.28883875996376407
14 39 0.4134997153884916
14 40 0.5640403025375236
14 41 -0.9062372489526338
14 42 -0.2509021287413913
14 43 -0.32758748575877883
15 15 0.843968338091474
15 16 -0.8422323214516574
15 17 -0.6559539839760016
15 18 0.6682898280399936
15 19 -0.1605772177371536
15 20 -0.312876178202216
15 21 0.42146582703561064
15 22 -0.13745959797759655
15 23 -0.681375044310488
15 24 -0.7359387751096884
15 25 0.07154656414726124
15 26 0.15921584988039816
15 27 0.19352934113831788
15 28 -0.7683846862733279
15 29 -0.814397100672688
15 30 -0.00913876234111477
15 31 0.26061593671052696
15 32 0.01336940260966668
15 33 -0.576312045817263
15 34 0.19241525589113762
15 35 0.9237152987002932
15 36 0.24028518160515788
15 37 0.9547790323843488
15 38 -0.7548074093850023
15 39 0.5254140063323289
15 40 0.5291599164479501
15 41 0.7791155573853616
15 42 -0.15441571810812227
15 43 -0.3452706027616619
16 16 0.6621523661993662
16 17 0.015193288676344618
16 18 -0.8887028012418368
16 19 0.3935182141101192
16 20 -0.9033406657993204
16 21 -0.6438444369402159
16 22 0.1423496086166154
16 23 -0.6060411431431738
16 24 -0.5121169818201978
16 25 0.8499817913413557
16 26 0.6251907374629997
16 27 -0.7017255840964678
16 28 0.573250627823032
16 29 -0.6070425865881499
16 30 -0.5577198658322953
16 31 -0.8686571113982413
16 32 -0.1797130503197253
16 33 -0.8009717915481318
16 34 -0.9721739584618807
16 35 -0.20603232874201471
16 36 0.9602843770248561
16 37 -0.7308529710009366
16 38 0.9602815018200539
16 39 0.5523511063583899
16 40 -0.8466742266359737
16 41 0.3613190517640068
16 42 -0.7323713818897168
16 43 -0.11709004256221789
17 17 -0.7992673281832618
17 18 0.1586152883027212
17 19 -0.29105304663150755
17 20 0.32057006923031883
17 21 0.7623853712660207
17 22 -0.6937163273198959
17 23 -0.9235304154446355
17 24 -0.5736846677132375
17 25 -0.10060939400685931
17 26 0.5230597216624826
17 27 0.058078476911622046
17 28 0.35628844516071356
17 29 -0.028012581828878558
17 30 0.705140547804112
17 31 -0.1960988078475847
17 32 -0.7103366244492559
17 33 -0.5615735237737254
17 34 0.6226452126633588
17 35 -0.21791845198104287
17 36 0.9815566068828625
17 37 0.8224148070841049
17 38 0.3113068817173774
17 39 0.7121015954849175
17 40 -0.7994675055077489
17 41 0.2189478089188326
17 42 -0.5479781515120414
17 43 0.7065783665687226
18 18 0.3685214496123257
18 19 0.925047482090462
18 20 0.31981430989715665
18 21 -0.859994202107675
18 22 -0.6639445211952595
18 23 0.8673753242680833
18 24 -0.4394541947142303
18 25 0.4422486871590845
18 26 0.5989635991972548
18 27 0.7114998180086964
18 28 -0.6817911490754824
18 29 0.17500726575955516
18 30 -0.440854113101
18 31 -0.6189873586219616
18 32 0.7038442787656458
18 33 -0.13617776013193095
18 34 0.5364976915980992
18 35 0.5660649322234488
18 36 0.9864371560570562
18 37 0.83906514700011
18 38 0.5326582877957637
18 39 -0.39345797875209243
18 40 -0.9868997817457619
18 41 -0.6284254151876068
18 42 -0.9898883466570141
18 43 -0.6941792762804606
19 19 -0.7569068410869486
19 20 0.46413552591582374
19 21 -0.10059095381173733
19 22 -0.3367418178513564
19 23 0.44390765089612083
19 24 -0.32580088139188845
19 25 0.9099339012994883
19 26 0.7680620699931997
19 27 -0.5234300780729002
19 28 -0.6356021895101673
19 29 0.2863001679550181
19 30 -0.7664847996348783
19 31 -0.807896022874484
19 32 -0.12608189796631541
19 33 -0.37169529982824767
19 34 -0.9298892665139855
19 35 0.3145519232420926
19 36 -0.6330569886345432
19 37 0.4428862023362159
19 38 0.6255457094284715
19 39 0.5489671789198272
19 40 0.24102791463926998
19 41 -0.5107679473539739
19 42 -0.4033130014635353
19 43 0.03636281312428369
20 20 -0.4655283325666937
20 21 -0.6128947933940216
20 22 -0.25289421898564557
20 23 -0.7032810217080145
20 24 -0.206355197957645
20 25 -0.4505452042841229
20 26 -0.4892427315819561
20 27 0.9956198906379752
20 28 -0.5481101765523182
20 29 0.7674022471420514
20 30 0.847467746523739
20 31 -0.6919779876980359
20 32 0.3518178917755954
20 33 -0.7229353006181904
20 34 0.9463497886064074
20 35 0.20854616668030368
20 36 -0.972918387886428
20 37 0.27005104854976913
20 38 -0.9825464002588273
20 39 0.41819706727914463
20 40 -0.7819029068332994
20 41 0.5678164416291662
20 42 -0.8865847270891856
20 43 -0.8197932423210221
21 21 -0.22855376532977023
21 22 0.19435010383596074
21 23 -0.7689642634084426
21 24 0.6345663680033435
21 25 -0.45571939638999903
21 26 0.974179134714303
21 27 -0.5271532111425106
21 28 -0.6725432710761527
21 29 0.8193611974650568
21 30 0.9098420083294851
21 31 -0.07844102694823007
21 32 0.7099644556818245
21 33 -0.40964486169302683
21 34 -0.06942137161507089
21 35 -0.2693151046917488
21 36 0.2631774087595522
21 37 0.46843861806620035
21 38 -0.237151182405692
21 39 0.33457209583920156
21 40 -0.28470326834307835
21 41 -0.10064346173155236
21 42 0.3585170215469293
21 43 0.925802060601645
22 22 -0.29908966344439825
22 23 -0.37978262505685034
22 24 0.17567700409901565
22 25 0.5910774005938275
22 26 -0.10536666985463072
22 27 -0.5955479710882776
22 28 0.14281359855913633
22 29 -0.23337432369604438
22 30 0.7197753159896987
22 31 -0.5352090900703637
22 32 0.9117206589040325
22 33 -0.6763735535659352
22 34 -0.3384189851730808
22 35 0.5855156734867955
22 36 -0.31748747576085523
22 37 -0.9644999176649727
22 38 0.6297849729887999
22 39 0.63297331507238
22 40 -0.21222151867825323
22 41 0.2632469266789874
22 42 -0.9497493263961283
22 43 -0.1736624493779142
23 23 0.6300272888019436
23 24 0.6547390087556235
23 25 -0.3053737907108227
23 26 0.36114059505480456
23 27 -0.3908175050258047
23 28 -0.0756489826068576
23 29 -0.09911702202102757
23 30 0.18220983711156902
23 31 0.472993050908993
23 32 0.8046219190275663
23 33 -0.4830197465153734
23 34 0.41033941376007776
23 35 0.5496821443325126
23 36 -0.06231336939240473
23 37 -0.18893653583211223
23 38 0.45533291228738504
23 39 0.532805963418185
23 40 0.2727225809616822
23 41 -0.15729132149121483
23 42 -0.8139876565637196
23 43 0.3950628573084203
24 24 0.9176183688452464
24 25 0.34215257716678704
24 26 -0.3675459367590834
24 27 0.9647478500464641
24 28 -0.021607209702771968
24 29 -0.36414675953487596
24 30 -0.5007721838434864
24 31 0.535890673390321
24 32 0.9425273868820114
24 33 -0.23180454264583017
24 34 -0.7655188095331036
24 35 -0.5504784125682209
24 36 -0.45405561923397353
24 37 0.049209747383747615
24 38 0.1536895672968075
24 39 -0.6150290648028969
24 40 -0.0604951912143088
24 41 0.7418259083775622
24 42 -0.45449992114251914
24 43 -0.966218255967916
25 25 -0.5384939271572904
25 26 -0.666159426869511
25 27 0.3517837614440904
25 28 -0.0910852743008903
25 29 0.7839841989729304
25 30 -0.4898188632159266
25 31 -0.3873329656959943
25 32 0.27701211698037276
25 33 -0.2744926328023043
25 34 -0.7331896486332439
25 35 0.29761680590509254
25 36 -0.50511580625179
25 37 -0.966796730819157
25 38 -0.005201885497968517
25 39 0.533315077684849
25 40 -0.6844008084650752
25 41 -0.09310128131712858
25 42 -0.46080206509040655
25 43 -0.3187081701852992
26 26 -0.06878474011836055
26 27 0.18371204879972725
26 28 0.2837413647182545
26 29 -0.8487370271919654
26 30 -0.9891611618782141
26 31 -0.5531281484051511
26 32 -0.46389950058164064
26 33 -0.10944864613296335
26 34 -0.701123705566715
26 35 0.12249398148235646
26 36 0.9089722540182286
26 37 -0.3704703364343853
26 38 -0.6394950549846692
26 39 0.7218259406145193
26 40 -0.5472911651117649
26 41 -0.2118388291653277
26 42 -0.3250871663362811
26 43 -0.4236034763730099
27 27 -0.3986824136673699
27 28 -0.8458959518116054
27 29 -0.13527023649491698
27 30 -0.39506152057474897
27 31 0.45609033054694526
27 32 -0.8606585901201169
27 33 -0.5408838173348809
27 34 -0.7617754574031679
27 35 -0.505027979214616
27 36 -0.5500648443434888
27 37 0.3392269947535498
27 38 0.0346138042324331
27 39 -0.12008165397666426
27 40 -0.6717416747308091
27 41 -0.5868938124004643
27 42 0.7155145937544827
27 43 -0.27235179974057
28 28 0.9963258770920935
28 29 0.7380968696636361
28 30 -0.8604339310814757
28 31 -0.21822724074394628
28 32 0.11731768835348788
28 33 -0.0016106095514338836
28 34 -0.9910003689248008
28 35 -0.3380110553096274
28 36 -0.703173992862377
28 37 0.926309391023332
28 38 -0.42147900085774337
28 39 -0.8012312944613442
28 40 0.011390770333062905
28 41 0.9048014932507888
28 42 0.2315102874017636
28 43 0.31036336796140085
29 29 -0.13442061922482185
29 30 0.030411935038531235
29 31 0.7574060341875006
29 32 -0.11798208231363017
29 33 -0.869349253715985
29 34 -0.18673654135452655
29 35 -0.20425447528309415
29 36 -0.43766264907555597
29 37 0.8818609330790128
29 38 -0.01720815154505373
29 39 -0.14383209195653968
29 40 -0.22221873929931024
29 41 -0.3148311243977642
29 42 0.8659926189204423
29 43 0.16257125609705647
30 30 0.15693813603693063
30 31 -0.2684694215793695
30 32 0.8404002143734981
30 33 -0.9130591108441246
30 34 0.937703402168649
30 35 0.6333659137998353
30 36 -0.13936856747885829
30 37 -0.7021788649856633
30 38 -0.3523435693477086
30 39 0.5647194087673344
30 40 -0.7270000800133036
30 41 0.43963018257139685
30 42 0.4154933714170461
30 43 -0.8371195719143811
31 31 0.5804306130296766
31 32 -0.7259082958139356
31 33 0.0804132382687881
31 34 -0.2578132500477366
31 35 -0.05954741596847035
31 36 -0.9505189220090011
31 37 -0.05044647415758785
31 38 0.40170423771576
31 39 0.9223847132131995
31 40 -0.7808207967898482
31 41 -0.6213789086158141
31 42 0.06904861802443363
31 43 -0.2449453867106104
32 32 0.540008148567712
32 33 -0.7494600741084902
32 34 0.2359013557502494
32 35 0.12738398392782657
32 36 -0.8384802850272075
32 37 0.3808327815529646
32 38 0.2715310117996441
32 39 -0.8549558946430196
32 40 -0.8439295185359312
32 41 -0.2443846684159099
32 42 -0.8935719284870332
32 43 -0.2236069655121471
33 33 -0.37802757461502146
33 34 -0.42266868779092737
33 35 -0.4112447728026214
33 36 0.10812292802634227
33 37 0.08439501422147888
33 38 0.7031714536601092
33 39 -0.22444333923058735
33 40 -0.1385779835219927
33 41 -0.37761149783324477
33 42 -0.676568715279845
33 43 -0.8742560911226163
34 34 0.48567659600350277
34 35 -0.26390887430844856
34 36 -0.38176730129417646
34 37 -0.3075074101160702
34 38 0.1052350820016319
34 39 0.6902812779146308
34 40 0.258802703337367
34 41 0.7884172926083515
34 42 0.7513024668031147
34 43 -0.8547903319162793
35 35 0.8739821230462244
35 36 -0.5197179784519961
35 37 -0.9644073695915214
35 38 -0.15829805281046228
35 39 -0.7904297318820228
35 40 0.27687377279192615
35 41 0.8774642200569307
35 42 0.7096998796493008
35 43 -0.34117278395686323
36 36 0.9422053648165454
36 37 0.127835355408777
36 38 -0.07890210106001994
36 39 -0.20808956684341173
36 40 -0.028750071546980394
36 41 0.1291485612459533
36 42 0.09091270289811226
36 43 0.6335057195402718
37 37 -0.36729853012855496
37 38 0.2738804551333034
37 39 -0.7026680363541868
37 40 0.28965079707033903
37 41 0.8313022588043735
37 42 0.16044048017236956
37 43 0.0600036515617175
38 38 0.6021003290066991
38 39 -0.487222046451393
38 40 0.6836959990554121
38 41 0.7170164775428696
38 42 0.7558334588991715
38 43 -0.6291796923617163
39 39 -0.8754219536001095
39 40 -0.20061641456268808
39 41 0.4403307190550161
39 42 -0.8720856824468599
39 43 -0.9020633454872908
40 40 -0.8106762053558614
40 41 -0.6727796197683218
40 42 -0.6727791009684456
40 43 -0.02310584965845508
41 41 0.2026179232289047
41 42 -0.04088400724428931
41 43 -0.21002210250496112
42 42 -0.8191158055707004
42 43 -0.6289560808184869
43 43 0.9393345417079364
