0 0 0.0
0 1 -0.0
0 2 0.0
0 3 -0.0
0 4 0.0
0 5 -0.0
0 6 0.0
0 7 -0.0
0 8 0.0
0 9 -0.0
0 10 -0.0
0 11 -0.0
0 12 -0.0
0 13 -0.0
0 14 -0.0
0 15 0.6845410787337376
0 16 -0.0
0 17 0.0
0 18 -0.0
0 19 0.0
0 20 -0.0
0 21 0.0
0 22 -0.0
0 23 0.9617392361463397
0 24 0.0
0 25 -0.0
0 26 0.0
0 27 -0.0
0 28 0.0
0 29 0.0
0 30 0.0
0 31 -0.2731451478072251
0 32 0.0
0 33 0.0
0 34 0.0
0 35 -0.0
0 36 -0.0
0 37 0.0
0 38 -0.0
0 39 0.46491648204866043
0 40 -0.0
0 41 0.0
0 42 0.49674208658030783
0 43 0.0
1 1 -0.0
1 2 -0.0
1 3 -0.0
1 4 0.0
1 5 0.0
1 6 -0.0
1 7 -0.0
1 8 0.0
1 9 0.7728980344520784
1 10 -0.0
1 11 0.0
1 12 -0.0
1 13 0.0
1 14 -0.0
1 15 -0.0
1 16 0.1738073356807115
1 17 -0.0
1 18 0.3167377153614579
1 19 -0.7345083249160607
1 20 0.0
1 21 -0.0
1 22 -0.0
1 23 -0.0
1 24 0.0
1 25 0.0
1 26 -0.0
1 27 -0.9717978704369192
1 28 0.0
1 29 0.8737174618156018
1 30 -0.05075428652852265
1 31 -0.0
1 32 -0.0
1 33 -0.0
1 34 -0.0
1 35 0.0
1 36 -0.0
1 37 -0.0
1 38 0.0
1 39 0.0
1 40 -0.0
1 41 -0.0
1 42 -0.0
1 43 -0.0
2 2 -0.36891713166440887
2 3 -0.0
2 4 0.0
2 5 0.0
2 6 -0.0
2 7 0.0
2 8 0.0
2 9 0.0
2 10 -0.0
2 11 -0.0
2 12 0.0
2 13 0.0
2 14 -0.0
2 15 0.0
2 16 0.0
2 17 -0.0
2 18 0.0
2 19 -0.7345031028731437
2 20 0.0
2 21 0.0
2 22 -0.0
2 23 -0.0
2 24 0.0
2 25 -0.14283786687915367
2 26 -0.0
2 27 -0.6732582384357462
2 28 -0.0
2 29 0.0
2 30 0.0
2 31 -0.6313910495074551
2 32 0.0
2 33 -0.0
2 34 -0.0
2 35 -0.0
2 36 0.0
2 37 -0.0
2 38 0.0
2 39 -0.0
2 40 -0.0
2 41 -0.0
2 42 0.0
2 43 0.0
3 3 -0.0
3 4 -0.0
3 5 0.0
3 6 0.0
3 7 0.0
3 8 0.0
3 9 0.6677616139642055
3 10 -0.0
3 11 0.9569177580980455
3 12 -0.0
3 13 -0.0
3 14 0.0
3 15 0.0
3 16 0.0
3 17 0.0
3 18 -0.0
3 19 -0.0
3 20 0.0
3 21 0.0
3 22 -0.0
3 23 -0.0
3 24 -0.0
3 25 -0.0
3 26 0.0
3 27 -0.0
3 28 -0.0
3 29 -0.9708814878901744
3 30 0.0
3 31 -0.0
3 32 0.0
3 33 0.0
3 34 0.0
3 35 0.24080075434472814
3 36 0.0
3 37 0.4225518237058379
3 38 -0.0
3 39 0.0
3 40 0.0
3 41 -0.0
3 42 0.9542871959945178
3 43 0.0
4 4 -0.0
4 5 0.0
4 6 -0.0
4 7 -0.3079104230562313
4 8 -0.0
4 9 0.0
4 10 0.5133630400695839
4 11 -0.3642737981732036
4 12 0.0
4 13 0.36304052681943944
4 14 -0.0
4 15 0.8584761797297824
4 16 -0.0
4 17 -0.0
4 18 0.0
4 19 0.0
4 20 -0.0
4 21 -0.0
4 22 -0.0
4 23 -0.5083592577495968
4 24 -0.41575864624768877
4 25 0.0
4 26 0.0
4 27 -0.0
4 28 0.0
4 29 0.8278278962352423
4 30 -0.8701984211499669
4 31 0.0
4 32 -0.9904397586071421
4 33 0.0
4 34 0.0
4 35 0.26332176919943806
4 36 -0.0
4 37 0.0
4 38 -0.0
4 39 0.0
4 40 0.0
4 41 -0.0
4 42 0.0
4 43 0.0
5 5 0.0
5 6 -0.0
5 7 0.0
5 8 0.0
5 9 0.0
5 10 -0.0
5 11 -0.0
5 12 -0.0
5 13 0.1554625097416098
5 14 -0.0
5 15 -0.0
5 16 0.0
5 17 -0.0
5 18 0.2545066811731267
5 19 -0.0
5 20 0.0
5 21 -0.0
5 22 -0.5841287677162572
5 23 -0.3557793739753974
5 24 -0.0
5 25 -0.0
5 26 -0.0
5 27 0.0
5 28 0.0
5 29 -0.0
5 30 0.0
5 31 0.3900879288229897
5 32 -0.0
5 33 0.012092748692174249
5 34 -0.737827404651308
5 35 0.8849953363627785
5 36 0.0
5 37 -0.0
5 38 -0.0
5 39 0.0
5 40 -0.0
5 41 0.0
5 42 -0.0
5 43 0.0
6 6 -0.29437383984067567
6 7 -0.09494126714217499
6 8 -0.0
6 9 -0.3045508087891744
6 10 0.0
6 11 0.0
6 12 0.0
6 13 0.0
6 14 0.0
6 15 -0.0
6 16 0.0
6 17 0.0
6 18 -0.0
6 19 -0.0
6 20 -0.0
6 21 -0.0
6 22 0.0
6 23 0.0
6 24 -0.0
6 25 -0.0
6 26 0.22635019749221885
6 27 -0.19983735422155657
6 28 0.0
6 29 -0.0
6 30 0.0
6 31 -0.0
6 32 -0.0
6 33 -0.0
6 34 -0.0
6 35 -0.0
6 36 0.5910518328936964
6 37 0.0
6 38 -0.7973470356169732
6 39 -0.0
6 40 -0.0
6 41 0.0
6 42 0.0
6 43 -0.0
7 7 -0.5266409014601283
7 8 -0.0
7 9 -0.0
7 10 0.0
7 11 -0.10471033086731385
7 12 -0.0
7 13 -0.2006844861138386
7 14 -0.07195790307719885
7 15 -0.0
7 16 0.0
7 17 -0.43077972584764224
7 18 -0.0
7 19 -0.0
7 20 0.0
7 21 0.0
7 22 0.0
7 23 0.0
7 24 -0.0
7 25 0.9014761491213332
7 26 0.25463439736909566
7 27 0.0
7 28 0.48306512662302437
7 29 -0.0
7 30 -0.2386206158572488
7 31 0.0
7 32 0.0
7 33 0.0
7 34 0.0
7 35 -0.0
7 36 -0.0
7 37 -0.0
7 38 -0.5994439168528451
7 39 0.0
7 40 -0.0
7 41 -0.0
7 42 0.0
7 43 0.29058682083228504
8 8 -0.0
8 9 -0.0
8 10 0.0
8 11 -0.0
8 12 -0.8531049478068491
8 13 0.0
8 14 0.0
8 15 -0.0
8 16 0.0
8 17 -0.0
8 18 0.0
8 19 0.0
8 20 0.8044234843653035
8 21 -0.0
8 22 0.0
8 23 0.999941553450522
8 24 0.0
8 25 -0.0
8 26 0.07056140316323822
8 27 -0.0
8 28 0.0
8 29 -0.0
8 30 0.0
8 31 0.4602526839397303
8 32 0.0
8 33 -0.0
8 34 -0.0
8 35 0.0
8 36 -0.0
8 37 0.0
8 38 0.0
8 39 -0.0
8 40 0.0
8 41 -0.0
8 42 -0.0
8 43 0.0
9 9 0.0
9 10 -0.8931291227545433
9 11 -0.0
9 12 -0.0
9 13 -0.0
9 14 -0.0
9 15 0.39419634727938146
9 16 0.44793064082489553
9 17 -0.0
9 18 -0.0
9 19 -0.08467757718712421
9 20 -0.04345543341785052
9 21 0.0
9 22 0.0
9 23 0.2311284598602663
9 24 0.6231701266741969
9 25 0.0
9 26 -0.8653027905964066
9 27 0.0
9 28 -0.0
9 29 0.0
9 30 0.0
9 31 0.0
9 32 -0.8460287901502683
9 33 -0.8110620440881136
9 34 0.0
9 35 -0.0
9 36 -0.0
9 37 -0.0
9 38 0.0
9 39 -0.0
9 40 -0.39248881546586945
9 41 -0.25121538390715425
9 42 -0.0
9 43 -0.0
10 10 0.0
10 11 0.0
10 12 0.0
10 13 0.2681414269750031
10 14 -0.0
10 15 -0.96358076373561
10 16 0.0
10 17 0.0
10 18 0.8615151104562884
10 19 -0.0
10 20 -0.0
10 21 -0.0
10 22 -0.0
10 23 -0.0
10 24 0.0
10 25 -0.0
10 26 0.0
10 27 -0.0
10 28 0.0
10 29 -0.0
10 30 0.6473072834644698
10 31 0.0
10 32 -0.0
10 33 -0.0
10 34 -0.0
10 35 0.0
10 36 -0.6442411143092073
10 37 0.0
10 38 0.0
10 39 0.0
10 40 0.0
10 41 0.0
10 42 -0.0
10 43 -0.0
11 11 -0.0
11 12 0.0
11 13 -0.0
11 14 -0.0
11 15 -0.2747572229344075
11 16 -0.0
11 17 0.0
11 18 -0.0
11 19 0.0
11 20 -0.0
11 21 0.5424694034947881
11 22 -0.0
11 23 0.0
11 24 -0.0
11 25 0.0
11 26 0.0
11 27 -0.0
11 28 -0.0
11 29 -0.3509679047068619
11 30 0.6783453234856645
11 31 -0.0
11 32 0.0
11 33 -0.0
11 34 -0.0
11 35 0.0
11 36 0.0
11 37 0.0
11 38 -0.0
11 39 0.0
11 40 -0.0
11 41 -0.0
11 42 -0.0
11 43 0.0
12 12 0.0
12 13 -0.0
12 14 0.0
12 15 0.0
12 16 0.0
12 17 0.0
12 18 -0.0
12 19 0.0
12 20 0.0
12 21 -0.0
12 22 -0.0815391409673265
12 23 -0.22777459208974604
12 24 0.0895459560003875
12 25 0.0
12 26 -0.0
12 27 0.0
12 28 0.7034331799055902
12 29 -0.0
12 30 -0.0
12 31 -0.0
12 32 -0.0
12 33 0.0
12 34 0.9856005919042607
12 35 -0.0
12 36 0.0
12 37 -0.0
12 38 0.6371641228383103
12 39 0.0
12 40 0.26437764360035465
12 41 0.4036008209219766
12 42 -0.0
12 43 -0.0
13 13 -0.0
13 14 -0.0
13 15 0.08523330205998825
13 16 -0.0
13 17 -0.032681605558983806
13 18 -0.0
13 19 0.44885515332568704
13 20 -0.0
13 21 0.44021890842945344
13 22 0.08686138626942164
13 23 -0.0
13 24 0.0
13 25 -0.0
13 26 -0.0
13 27 0.3828849781651784
13 28 0.019073438851067603
13 29 -0.6761463729108834
13 30 0.0
13 31 0.0
13 32 -0.41092514618614606
13 33 -0.6896598244478727
13 34 -0.0
13 35 0.0
13 36 0.0
13 37 -0.0
13 38 -0.0
13 39 -0.0
13 40 0.0
13 41 0.0
13 42 -0.7492243867559065
13 43 0.0
14 14 0.0
14 15 -0.0
14 16 0.6226220122968233
14 17 -0.0
14 18 -0.0
14 19 0.0
14 20 0.0
14 21 0.0
14 22 -0.0
14 23 0.0
14 24 -0.0
14 25 0.0
14 26 0.0
14 27 0.0
14 28 0.0
14 29 0.0
14 30 0.0
14 31 0.0
14 32 0.0
14 33 0.5727301182757247
14 34 -0.0
14 35 0.0
14 36 -0.04609057696769958
14 37 -0.0
14 38 0.0
14 39 0.0
14 40 -0.0
14 41 -0.0
14 42 -0.0
14 43 0.0
15 15 -0.0
15 16 0.0
15 17 0.3589101962980641
15 18 0.0
15 19 0.0
15 20 0.0
15 21 -0.2802241907343044
15 22 0.0
15 23 0.0
15 24 -0.0
15 25 0.05201680117997376
15 26 0.0
15 27 -0.0
15 28 0.5299687123884618
15 29 -0.582092065009399
15 30 0.0
15 31 0.0
15 32 0.9926845142030118
15 33 -0.0
15 34 -0.6085182339041528
15 35 0.0
15 36 -0.0
15 37 0.0
15 38 -0.0
15 39 -0.0
15 40 0.0
15 41 -0.0
15 42 -0.0
15 43 0.32276470702502946
16 16 0.9160157834901217
16 17 0.0
16 18 -0.0
16 19 -0.0
16 20 0.7203554441714148
16 21 -0.0
16 22 0.0
16 23 -0.0
16 24 0.0
16 25 0.0
16 26 -0.0
16 27 0.030893146431806517
16 28 -0.0
16 29 -0.0
16 30 -0.0
16 31 -0.4394780410534649
16 32 -0.0
16 33 0.37524792699419485
16 34 0.0
16 35 -0.10264647789083625
16 36 -0.0
16 37 0.0
16 38 -0.0
16 39 0.0
16 40 -0.0
16 41 -0.0
16 42 0.0
16 43 0.0
17 17 -0.0
17 18 -0.0
17 19 0.0
17 20 -0.0
17 21 0.5447033511663957
17 22 -0.0
17 23 0.0
17 24 0.0
17 25 -0.0
17 26 -0.0
17 27 -0.0
17 28 0.0
17 29 -0.0
17 30 0.0
17 31 0.0
17 32 0.008713200823527334
17 33 0.0
17 34 -0.0
17 35 0.0
17 36 0.0
17 37 -0.0
17 38 -0.2819002895632383
17 39 -0.0
17 40 -0.0
17 41 -0.6344437191447627
17 42 -0.0
17 43 0.11316072102645935
18 18 0.0
18 19 -0.0
18 20 0.8566781011725153
18 21 -0.0
18 22 -0.0
18 23 0.0
18 24 0.0
18 25 -0.44760840908560384
18 26 -0.0
18 27 0.0
18 28 0.0
18 29 -0.01390045173820642
18 30 0.0
18 31 -0.0
18 32 0.0
18 33 0.0
18 34 0.0
18 35 0.2799459936216484
18 36 0.0
18 37 0.0
18 38 -0.0
18 39 -0.0
18 40 -0.0
18 41 0.0
18 42 0.0
18 43 0.0
19 19 -0.0
19 20 -0.29114077264872473
19 21 -0.0
19 22 -0.0
19 23 0.0
19 24 -0.0
19 25 0.0
19 26 -0.0
19 27 0.0
19 28 0.0
19 29 0.0
19 30 0.0
19 31 -0.0
19 32 0.0
19 33 0.0
19 34 -0.0
19 35 0.0
19 36 -0.0
19 37 0.7307876255909884
19 38 0.0
19 39 -0.0
19 40 0.0
19 41 -0.0
19 42 0.0
19 43 0.0
20 20 -0.0
20 21 0.0
20 22 -0.10708894424977378
20 23 -0.9303253549058268
20 24 0.286056615151431
20 25 0.0
20 26 -0.0
20 27 -0.0
20 28 -0.0
20 29 0.0
20 30 -0.0
20 31 -0.0
20 32 -0.9628445498497034
20 33 -0.8167887958465452
20 34 -0.05462883242791117
20 35 0.0
20 36 0.0
20 37 0.0
20 38 -0.0
20 39 0.0
20 40 0.0
20 41 0.27277279418353517
20 42 -0.0
20 43 -0.0
21 21 -0.0
21 22 -0.0
21 23 0.0
21 24 -0.0
21 25 0.0
21 26 -0.0
21 27 0.0
21 28 0.0
21 29 0.0
21 30 -0.20655981637229082
21 31 0.0
21 32 0.0
21 33 0.0
21 34 0.0
21 35 0.0
21 36 0.0
21 37 -0.8603276494290832
21 38 -0.0
21 39 0.0
21 40 -0.0
21 41 -0.0
21 42 -0.0
21 43 -0.0
22 22 -0.9629955607710368
22 23 0.0
22 24 0.0
22 25 0.0
22 26 0.0
22 27 -0.0
22 28 0.0
22 29 -0.0
22 30 0.0
22 31 -0.0
22 32 0.0
22 33 0.0
22 34 -0.8687008783179617
22 35 -0.0
22 36 0.0
22 37 -0.0
22 38 0.9465895576983385
22 39 0.0
22 40 -0.0
22 41 -0.0
22 42 0.0
22 43 0.0
23 23 0.0
23 24 0.0
23 25 0.0
23 26 -0.885496730893544
23 27 0.25987370475521265
23 28 0.0
23 29 0.0
23 30 -0.0
23 31 0.16150692484951024
23 32 -0.0
23 33 0.0
23 34 -0.0
23 35 0.0
23 36 -0.0
23 37 0.0
23 38 0.0
23 39 -0.6717060068892318
23 40 0.0
23 41 0.0
23 42 0.0
23 43 -0.0
24 24 0.0
24 25 0.0
24 26 0.17940791759339736
24 27 -0.0
24 28 -0.0
24 29 -0.0
24 30 0.0
24 31 0.0
24 32 0.7345216762785634
24 33 -0.0
24 34 0.0
24 35 0.0
24 36 -0.9918377371003879
24 37 0.0
24 38 0.0
24 39 -0.0
24 40 0.0
24 41 -0.0
24 42 0.0
24 43 -0.0
25 25 -0.0
25 26 0.0
25 27 -0.0
25 28 -0.10318375290687753
25 29 -0.0
25 30 -0.6765164007353957
25 31 -0.44267901516694175
25 32 0.5185742725996481
25 33 -0.0
25 34 0.0
25 35 -0.0
25 36 -0.0
25 37 -0.0
25 38 -0.0
25 39 0.0
25 40 0.5701881247285385
25 41 -0.0
25 42 0.0
25 43 0.0
26 26 0.5112973538042
26 27 0.34821217304624086
26 28 -0.0
26 29 0.0
26 30 -0.0
26 31 0.5602669680098316
26 32 -0.0
26 33 -0.0
26 34 -0.0
26 35 -0.8731885553937526
26 36 0.0
26 37 0.0
26 38 0.2852187406293871
26 39 -0.7612507492945593
26 40 0.0
26 41 -0.0
26 42 0.0
26 43 -0.0
27 27 -0.12493846964531818
27 28 0.0
27 29 -0.46201911369172
27 30 -0.8311086990861489
27 31 -0.0
27 32 -0.0
27 33 0.5071782532766649
27 34 -0.0
27 35 0.03590628303665189
27 36 0.0
27 37 -0.0
27 38 0.0
27 39 0.0
27 40 -0.5657837764827753
27 41 -0.0
27 42 0.0
27 43 0.15389392987565986
28 28 0.17377083496314305
28 29 -0.7476379195984524
28 30 -0.0
28 31 0.0
28 32 0.0
28 33 0.0
28 34 0.0
28 35 0.0
28 36 -0.0
28 37 -0.0
28 38 -0.0
28 39 0.0
28 40 -0.0
28 41 0.0
28 42 -0.0
28 43 0.7255650335557067
29 29 -0.0
29 30 0.0
29 31 0.0
29 32 -0.0
29 33 -0.9907398612935447
29 34 -0.0
29 35 -0.0
29 36 -0.7415946635207611
29 37 0.0
29 38 0.0
29 39 0.0
29 40 0.0
29 41 0.0
29 42 0.0
29 43 -0.0
30 30 -0.0
30 31 0.0
30 32 0.0
30 33 0.0
30 34 0.0
30 35 -0.0
30 36 0.0
30 37 -0.0
30 38 -0.01004753101651823
30 39 -0.0
30 40 0.0
30 41 -0.0
30 42 0.9650117998452441
30 43 -0.0
31 31 0.0
31 32 0.0
31 33 -0.1296970024698616
31 34 -0.0
31 35 -0.0
31 36 0.0
31 37 -0.0
31 38 0.0
31 39 -0.0
31 40 -0.7889581241742187
31 41 0.6051858477818524
31 42 0.0
31 43 -0.0
32 32 0.0
32 33 -0.0
32 34 0.0
32 35 0.37597304801721876
32 36 0.0
32 37 -0.0
32 38 0.0
32 39 -0.0
32 40 0.0
32 41 -0.0
32 42 -0.0
32 43 0.14173855459896
33 33 -0.0
33 34 -0.0
33 35 -0.0
33 36 -0.0
33 37 0.0
33 38 -0.3706055355673932
33 39 0.0
33 40 -0.0
33 41 -0.0
33 42 0.0
33 43 -0.0
34 34 -0.0
34 35 0.0
34 36 0.0
34 37 -0.0
34 38 -0.0
34 39 0.0
34 40 -0.0
34 41 -0.8518278375074175
34 42 -0.0
34 43 -0.0
35 35 0.687717815176573
35 36 -0.0
35 37 -0.32075555656430677
35 38 0.7014777987427077
35 39 -0.0
35 40 -0.0
35 41 -0.0
35 42 0.15490743895242698
35 43 0.0
36 36 0.0
36 37 0.0
36 38 -0.0
36 39 0.0
36 40 -0.9395813660942909
36 41 -0.17057144395229096
36 42 0.0
36 43 0.05586497688618208
37 37 0.8485225900533704
37 38 -0.0
37 39 -0.0
37 40 -0.0
37 41 0.0
37 42 0.0
37 43 -0.0
38 38 -0.0
38 39 0.0
38 40 -0.0
38 41 -0.0
38 42 -0.0
38 43 -0.0
39 39 -0.0
39 40 -0.0
39 41 -0.0
39 42 -0.0
39 43 0.0
40 40 0.0
40 41 0.0
40 42 0.0
40 43 -0.0
41 41 -0.0
41 42 -0.0
41 43 -0.0
42 42 0.2763124832262669
42 43 -0.0
43 43 0.0
