0 0 0.6943388753426898
0 1 0.0
0 2 -0.0
0 3 0.0
0 4 0.0
0 5 -0.0
0 6 0.0
0 7 -0.0
0 8 -0.0
0 9 0.8498761808428541
0 10 0.0
0 11 0.18397977380416508
0 12 -0.0
0 13 -0.0
0 14 0.0
0 15 -0.0
0 16 0.0
0 17 -0.0
0 18 0.2137434571820691
0 19 -0.0
0 20 -0.0
0 21 0.0
0 22 -0.0
0 23 0.36266914331424216
0 24 0.0
0 25 0.0
0 26 0.0
0 27 0.4894332718950596
0 28 0.0
0 29 0.0
0 30 -0.0
0 31 0.0
0 32 -0.0
0 33 -0.0
0 34 -0.0
0 35 -0.2461638839783009
0 36 -0.0
0 37 -0.5239631074481499
0 38 0.0
0 39 0.0
0 40 -0.0
0 41 -0.0
0 42 -0.0
0 43 -0.0
1 1 0.0
1 2 -0.0
1 3 -0.0
1 4 -0.1468601165401302
1 5 -0.0
1 6 -0.0
1 7 0.0
1 8 0.7660060578056465
1 9 -0.0
1 10 0.0
1 11 0.6465297626433595
1 12 0.0
1 13 -0.0
1 14 -0.0
1 15 -0.0
1 16 -0.9116131870052293
1 17 -0.0
1 18 0.0
1 19 0.0
1 20 0.0
1 21 0.0
1 22 0.9740600202979233
1 23 -0.0
1 24 -0.0
1 25 -0.46972389976000817
1 26 0.0
1 27 0.0
1 28 -0.0
1 29 0.0
1 30 0.0
1 31 0.023693224017350634
1 32 -0.0
1 33 -0.0
1 34 0.4628312260501337
1 35 -0.0
1 36 -0.0
1 37 0.0
1 38 0.0
1 39 -0.0
1 40 0.0
1 41 -0.0
1 42 0.588689673630465
1 43 0.0
2 2 -0.0
2 3 0.03608854871959566
2 4 -0.0
2 5 0.0
2 6 0.0
2 7 -0.0
2 8 0.0
2 9 -0.9522015786506439
2 10 0.0
2 11 0.0
2 12 0.8291899026611571
2 13 -0.0
2 14 0.0
2 15 -0.0
2 16 0.05511988520562139
2 17 -0.0
2 18 0.17173703989714295
2 19 -0.0
2 20 -0.0
2 21 0.0
2 22 0.5470172104177613
2 23 -0.7640505872138939
2 24 0.0
2 25 -0.2198138949753865
2 26 0.0
2 27 -0.0
2 28 -0.0
2 29 -0.05826213935093549
2 30 0.0
2 31 0.8667799786361281
2 32 0.0
2 33 0.0
2 34 0.0
2 35 -0.0
2 36 0.0
2 37 0.0
2 38 0.0
2 39 0.5963333608819348
2 40 -0.0
2 41 0.0
2 42 0.0
2 43 0.008553339123475112
3 3 0.0
3 4 -0.0
3 5 0.0
3 6 0.0
3 7 -0.0
3 8 -0.16453045224330065
3 9 -0.0
3 10 0.0
3 11 -0.0
3 12 0.0
3 13 -0.9872463840834278
3 14 -0.0
3 15 -0.0
3 16 -0.0
3 17 0.30580564669968524
3 18 0.0
3 19 0.0
3 20 -0.0
3 21 -0.0
3 22 -0.0
3 23 -0.0
3 24 0.0
3 25 0.0
3 26 0.0
3 27 0.9324104226784045
3 28 0.6433769160140517
3 29 0.0
3 30 0.0
3 31 -0.7730428809608465
3 32 -0.0
3 33 -0.0
3 34 0.0
3 35 0.0
3 36 -0.0
3 37 -0.0
3 38 -0.0
3 39 -0.0
3 40 -0.0
3 41 -0.785039173984067
3 42 0.0
3 43 -0.0
4 4 0.0
4 5 0.0
4 6 0.0
4 7 -0.0
4 8 0.04725029560816285
4 9 0.8991389171048729
4 10 -0.0
4 11 0.0
4 12 0.0
4 13 -0.0
4 14 -0.0
4 15 0.0
4 16 -0.0
4 17 -0.0
4 18 0.06989212934363587
4 19 0.3387629055015531
4 20 0.0
4 21 0.0
4 22 -0.0
4 23 -0.0
4 24 -0.0
4 25 -0.0
4 26 0.0
4 27 -0.0
4 28 -0.0
4 29 0.0
4 30 0.0
4 31 0.0
4 32 0.0
4 33 -0.0
4 34 -0.0
4 35 0.0
4 36 0.3209662153883819
4 37 -0.0
4 38 0.0
4 39 -0.9370778842185359
4 40 0.0
4 41 0.2144475906893144
4 42 0.0
4 43 -0.0
5 5 -0.0
5 6 0.0
5 7 0.0
5 8 0.0
5 9 -0.0
5 10 -0.0
5 11 0.0
5 12 -0.0
5 13 -0.0
5 14 -0.0
5 15 0.0
5 16 -0.0
5 17 0.0
5 18 0.0
5 19 -0.7698928329083501
5 20 0.0
5 21 0.0
5 22 0.0
5 23 -0.0
5 24 0.0
5 25 0.0
5 26 -0.0
5 27 -0.0
5 28 -0.0
5 29 -0.9674681095929611
5 30 0.0
5 31 -0.3949586489699961
5 32 -0.0
5 33 0.0
5 34 0.0
5 35 0.0
5 36 0.0
5 37 0.0
5 38 -0.0
5 39 -0.0
5 40 -0.1193072365735206
5 41 0.0
5 42 -0.07398794732509151
5 43 -0.0
6 6 -0.0025300025333698795
6 7 -0.9967377656209817
6 8 -0.0
6 9 0.0
6 10 -0.0
6 11 0.8067535678765716
6 12 0.0
6 13 -0.0
6 14 -0.0
6 15 -0.0
6 16 -0.0
6 17 0.0
6 18 -0.0
6 19 0.0
6 20 0.0
6 21 -0.0
6 22 0.0
6 23 -0.5330033638678919
6 24 -0.0
6 25 -0.0
6 26 -0.0
6 27 -0.0
6 28 -0.0
6 29 -0.0
6 30 0.0
6 31 -0.0
6 32 -0.0
6 33 -0.0
6 34 0.47404697758262526
6 35 0.009697027452555185
6 36 -0.0
6 37 -0.0
6 38 0.0
6 39 -0.0
6 40 0.0
6 41 0.0
6 42 0.0
6 43 0.43943792094409617
7 7 0.0
7 8 0.0
7 9 0.0
7 10 -0.0
7 11 -0.0
7 12 0.0
7 13 -0.0
7 14 0.0
7 15 0.9719396481183631
7 16 0.0
7 17 0.3212897767207046
7 18 -0.5296942464634198
7 19 0.725735844240128
7 20 -0.0
7 21 -0.0
7 22 0.43341600322351814
7 23 -0.0
7 24 -0.0
7 25 0.4171212428721802
7 26 0.0
7 27 0.0
7 28 -0.0
7 29 0.0
7 30 -0.0
7 31 0.0
7 32 0.0
7 33 0.0
7 34 -0.0
7 35 0.0
7 36 -0.0
7 37 -0.0
7 38 -0.0
7 39 -0.0
7 40 -0.0
7 41 0.0
7 42 0.0
7 43 0.0
8 8 -0.0
8 9 0.4159617493804766
8 10 -0.6881292873066376
8 11 -0.0
8 12 -0.0
8 13 0.5987327722016902
8 14 -0.0
8 15 -0.0
8 16 0.9732250245409018
8 17 -0.0
8 18 -0.0
8 19 -0.0
8 20 0.0
8 21 0.0
8 22 0.0
8 23 0.807773359332431
8 24 0.48355547027999646
8 25 0.0
8 26 0.0
8 27 0.0
8 28 0.0
8 29 0.0
8 30 0.0
8 31 -0.0
8 32 -0.6643254270147583
8 33 -0.0
8 34 0.0
8 35 -0.0
8 36 -0.0
8 37 -0.0
8 38 0.0
8 39 0.0
8 40 -0.0
8 41 -0.0
8 42 -0.0
8 43 0.0
9 9 -0.762748298361605
9 10 -0.0
9 11 -0.0
9 12 -0.0
9 13 0.0
9 14 -0.0
9 15 -0.0
9 16 0.0
9 17 -0.0
9 18 -0.0
9 19 0.0
9 20 -0.610210172456132
9 21 0.0
9 22 -0.7716039719464471
9 23 -0.0
9 24 0.5980815197645608
9 25 0.9807679574673118
9 26 -0.0
9 27 -0.0
9 28 -0.2868338646807109
9 29 0.0
9 30 -0.0
9 31 -0.0
9 32 -0.07381469722246581
9 33 -0.6529339291711564
9 34 -0.15978690347843427
9 35 0.15213501874872182
9 36 0.47339302449652676
9 37 0.0
9 38 0.0
9 39 -0.0
9 40 0.7919382036828915
9 41 0.12291145838206385
9 42 0.9973052151928858
9 43 -0.0
10 10 0.0
10 11 -0.0
10 12 0.0
10 13 -0.0
10 14 0.0
10 15 0.0
10 16 -0.0
10 17 -0.0
10 18 0.0
10 19 -0.0
10 20 -0.0
10 21 0.0
10 22 0.0
10 23 -0.0
10 24 0.0
10 25 -0.7547243140527391
10 26 0.0
10 27 0.0
10 28 -0.6734997424320146
10 29 0.0
10 30 -0.0
10 31 -0.0
10 32 0.605042946692764
10 33 -0.2906884779563086
10 34 0.0
10 35 -0.0
10 36 0.0
10 37 -0.0
10 38 0.0
10 39 0.0
10 40 0.0
10 41 -0.0
10 42 0.0
10 43 -0.0
11 11 0.0
11 12 -0.0
11 13 0.0
11 14 0.0
11 15 0.0
11 16 -0.0
11 17 -0.21759866442147446
11 18 0.0
11 19 -0.0
11 20 0.6590285712011603
11 21 0.0
11 22 -0.8320953407089096
11 23 -0.0
11 24 -0.264351991790992
11 25 0.0
11 26 -0.0
11 27 -0.3291106497774068
11 28 0.6714211501404268
11 29 0.0
11 30 -0.0
11 31 0.0
11 32 -0.16384242231501767
11 33 -0.0
11 34 -0.0
11 35 -0.0
11 36 0.0
11 37 0.0
11 38 0.0
11 39 -0.0
11 40 0.0
11 41 0.0
11 42 -0.0
11 43 -0.0
12 12 -0.0
12 13 0.0
12 14 -0.0
12 15 0.0
12 16 0.0
12 17 -0.0
12 18 0.0
12 19 0.0
12 20 0.0
12 21 -0.0
12 22 0.0
12 23 0.0
12 24 -0.0
12 25 0.0
12 26 0.0
12 27 0.0
12 28 0.0
12 29 0.0
12 30 0.3139995883549733
12 31 -0.0
12 32 -0.0
12 33 -0.0
12 34 -0.0
12 35 0.0
12 36 0.0
12 37 -0.2542031259369355
12 38 0.0
12 39 0.19070380111146346
12 40 -0.0
12 41 0.0
12 42 -0.0
12 43 -0.3206238422423773
13 13 0.0
13 14 -0.0
13 15 0.0
13 16 -0.0
13 17 -0.0
13 18 -0.0
13 19 0.0
13 20 -0.0
13 21 0.0
13 22 -0.0
13 23 -0.0
13 24 -0.0
13 25 -0.0
13 26 0.0
13 27 -0.0
13 28 -0.0
13 29 -0.0
13 30 -0.0
13 31 -0.0
13 32 -0.0
13 33 0.0
13 34 -0.0
13 35 -0.0
13 36 0.0
13 37 0.5961809868579775
13 38 -0.0
13 39 0.0
13 40 -0.0
13 41 -0.0
13 42 0.0
13 43 -0.0
14 14 0.0
14 15 -0.0
14 16 -0.0
14 17 0.0
14 18 0.0
14 19 0.0
14 20 -0.0
14 21 -0.0
14 22 0.363256564318976
14 23 0.0
14 24 -0.0
14 25 0.0
14 26 0.44419587057339793
14 27 0.0
14 28 0.0
14 29 -0.0
14 30 0.0
14 31 -0.6991931266527414
14 32 0.0
14 33 0.0
14 34 0.0
14 35 -0.0
14 36 0.0
14 37 0.27393196079512827
14 38 -0.0
14 39 -0.0
14 40 -0.43181963280562763
14 41 -0.3495536988003336
14 42 -0.0
14 43 -0.366003578519563
15 15 0.0
15 16 0.0
15 17 -0.0
15 18 -0.0
15 19 -0.0
15 20 0.0
15 21 0.4700425195554867
15 22 0.7272360261259043
15 23 -0.0
15 24 0.4048962429291021
15 25 0.0
15 26 0.0
15 27 0.0
15 28 0.0
15 29 0.0
15 30 0.0
15 31 -0.0
15 32 -0.0
15 33 -0.0
15 34 -0.0
15 35 -0.8658550270191416
15 36 -0.0
15 37 0.0
15 38 0.5229952655393926
15 39 -0.5991360300547195
15 40 0.0
15 41 -0.5474636026852111
15 42 -0.0
15 43 -0.0
16 16 0.9877261859057604
16 17 0.0
16 18 -0.0
16 19 -0.0
16 20 -0.0
16 21 0.6181200382361962
16 22 0.0
16 23 -0.0
16 24 -0.0
16 25 -0.0
16 26 0.0
16 27 0.0
16 28 0.0
16 29 0.0
16 30 0.0
16 31 -0.0
16 32 0.0
16 33 -0.9727813248884869
16 34 0.659661160377859
16 35 -0.0
16 36 -0.0
16 37 -0.0
16 38 0.30978750616775863
16 39 0.0
16 40 -0.0
16 41 0.0
16 42 0.0
16 43 0.0
17 17 -0.0
17 18 -0.0
17 19 0.0
17 20 0.0
17 21 0.0
17 22 0.0
17 23 -0.0
17 24 0.0
17 25 -0.23948814449620826
17 26 -0.0
17 27 0.30426741424324244
17 28 -0.0
17 29 -0.0
17 30 0.0
17 31 -0.2970843067013984
17 32 0.0
17 33 -0.0
17 34 0.0
17 35 -0.0
17 36 0.0
17 37 0.0
17 38 -0.0
17 39 0.0
17 40 0.6948983590628741
17 41 0.0
17 42 0.0
17 43 0.0
18 18 0.0
18 19 -0.0
18 20 -0.0
18 21 -0.0
18 22 -0.0
18 23 0.18833123560730525
18 24 -0.2544916796193697
18 25 -0.0
18 26 0.0
18 27 0.0
18 28 -0.0
18 29 -0.0
18 30 -0.0
18 31 -0.0
18 32 -0.5955732378075496
18 33 0.0
18 34 -0.0
18 35 -0.8436622119526684
18 36 0.0
18 37 -0.0
18 38 -0.0
18 39 -0.0
18 40 0.0
18 41 0.0
18 42 -0.0
18 43 0.0
19 19 0.0
19 20 0.0
19 21 0.0
19 22 0.0
19 23 0.0
19 24 -0.07318413311020455
19 25 -0.0
19 26 0.0
19 27 -0.0
19 28 0.0
19 29 0.0
19 30 0.0
19 31 -0.9174791461927108
19 32 0.0
19 33 -0.6266880379482651
19 34 0.0
19 35 0.6239877138701817
19 36 0.0
19 37 0.0
19 38 0.0
19 39 -0.0
19 40 0.0
19 41 -0.0
19 42 0.09133989539328735
19 43 -0.0
20 20 -0.00458667429671844
20 21 0.0
20 22 -0.598734021767036
20 23 0.0
20 24 0.0
20 25 -0.6951256881804484
20 26 0.0
20 27 0.0
20 28 0.0
20 29 0.0
20 30 -0.0
20 31 0.0
20 32 0.0
20 33 -0.0
20 34 -0.0
20 35 -0.0
20 36 -0.0
20 37 -0.0
20 38 0.0
20 39 0.0
20 40 -0.0
20 41 -0.5484648543140349
20 42 0.0
20 43 -0.0
21 21 -0.0
21 22 -0.0
21 23 0.0
21 24 0.0
21 25 -0.0
21 26 -0.5913282038833627
21 27 -0.0
21 28 0.0
21 29 -0.0
21 30 0.7869887628029779
21 31 0.0
21 32 -0.0
21 33 0.0
21 34 -0.0
21 35 0.0
21 36 0.0
21 37 0.0
21 38 0.0
21 39 0.0
21 40 0.9341397939744989
21 41 -0.0
21 42 0.0
21 43 0.0
22 22 0.0
22 23 -0.0
22 24 0.964633136238245
22 25 -0.0
22 26 -0.0
22 27 -0.0
22 28 -0.0
22 29 -0.8148366569367331
22 30 -0.0
22 31 -0.0
22 32 0.0
22 33 0.0
22 34 0.0
22 35 0.0
22 36 0.9338176302572969
22 37 -0.0
22 38 0.5993453752690874
22 39 -0.0
22 40 -0.0
22 41 -0.0
22 42 -0.1963324985712338
22 43 0.0
23 23 -0.0
23 24 -0.0
23 25 0.6740246990313457
23 26 -0.0
23 27 0.0
23 28 0.0
23 29 -0.0
23 30 -0.0
23 31 -0.0
23 32 0.3055581944644852
23 33 -0.0
23 34 0.37314221876204523
23 35 0.0
23 36 -0.8802465778007251
23 37 -0.0
23 38 -0.007777697883189605
23 39 -0.0
23 40 0.0
23 41 -0.0
23 42 0.0
23 43 -0.4035342217832345
24 24 -0.0
24 25 -0.0
24 26 0.0
24 27 0.0
24 28 -0.0
24 29 -0.0
24 30 0.6032746988254618
24 31 0.0
24 32 -0.0
24 33 0.0
24 34 0.0
24 35 -0.0
24 36 -0.0
24 37 0.6142774849617736
24 38 -0.0
24 39 0.0
24 40 0.0
24 41 0.8591548460106533
24 42 0.0
24 43 -0.0
25 25 -0.0
25 26 -0.0
25 27 0.0
25 28 0.9976726870714545
25 29 -0.0
25 30 0.0
25 31 0.0
25 32 -0.0
25 33 -0.7564612988500627
25 34 0.0
25 35 0.5165514087100271
25 36 0.0
25 37 -0.0
25 38 0.0
25 39 -0.0
25 40 0.0
25 41 -0.0
25 42 -0.0
25 43 -0.9968428940887022
26 26 0.0
26 27 0.8582167870817412
26 28 0.5083589496403655
26 29 0.0
26 30 -0.0
26 31 0.0
26 32 -0.0
26 33 -0.0
26 34 0.0
26 35 0.1460752901840674
26 36 0.0
26 37 0.7407727236442059
26 38 -0.0
26 39 -0.16020729487113794
26 40 -0.00637191500791201
26 41 -0.0
26 42 0.0
26 43 -0.0
27 27 -0.0
27 28 -0.0
27 29 -0.0
27 30 -0.0
27 31 -0.0
27 32 -0.0
27 33 0.0
27 34 -0.0
27 35 0.6086048545361746
27 36 0.0
27 37 -0.009485041765348923
27 38 0.3987799566073531
27 39 0.0
27 40 -0.9936801205932304
27 41 -0.0
27 42 0.0
27 43 0.0
28 28 -0.0
28 29 0.18768051215390247
28 30 -0.6976793156124459
28 31 0.0
28 32 -0.0
28 33 -0.0
28 34 0.0
28 35 0.0
28 36 -0.0
28 37 -0.9566801531699656
28 38 0.046815108796466554
28 39 0.0
28 40 -0.0
28 41 0.0
28 42 0.0
28 43 0.3246051869114577
29 29 -0.0
29 30 0.03595106940630477
29 31 -0.0
29 32 -0.0
29 33 -0.0
29 34 -0.0
29 35 0.0
29 36 0.21708213934278442
29 37 0.0
29 38 -0.0
29 39 -0.20666944734015402
29 40 0.0
29 41 0.0
29 42 0.0
29 43 -0.0
30 30 0.0
30 31 0.0
30 32 -0.0
30 33 -0.0
30 34 -0.0
30 35 -0.0
30 36 -0.0
30 37 -0.0
30 38 0.0
30 39 -0.0
30 40 -0.0
30 41 0.0973294411015091
30 42 0.0
30 43 0.7144421643993142
31 31 -0.0
31 32 0.23235603635030522
31 33 -0.0
31 34 -0.0
31 35 -0.19403106402989545
31 36 0.0
31 37 0.0
31 38 0.21932425758669583
31 39 0.0
31 40 -0.0
31 41 -0.2780149017514464
31 42 0.0
31 43 -0.0
32 32 -0.94790091531807
32 33 -0.8183760227051653
32 34 -0.0
32 35 0.0
32 36 -0.0
32 37 -0.8082822861597361
32 38 -0.2651450376974298
32 39 0.0
32 40 -0.0633050330045557
32 41 0.0
32 42 -0.0
32 43 -0.0
33 33 -0.0
33 34 -0.0
33 35 -0.0
33 36 0.0
33 37 -0.0
33 38 -0.0
33 39 -0.8462580827964792
33 40 -0.0
33 41 0.0
33 42 0.350386639330031
33 43 -0.2977993428089154
34 34 -0.0
34 35 -0.0
34 36 0.0
34 37 0.0
34 38 -0.0
34 39 0.6325533812478912
34 40 -0.7614227348576459
34 41 -0.0
34 42 0.0
34 43 -0.0
35 35 -0.7533657680746473
35 36 -0.0
35 37 0.0
35 38 0.0
35 39 0.0
35 40 -0.0
35 41 0.4269921724020309
35 42 0.0
35 43 0.0
36 36 0.0
36 37 -0.0
36 38 -0.48750453528363424
36 39 -0.0
36 40 -0.0
36 41 0.0
36 42 -0.0
36 43 -0.0
37 37 0.0
37 38 0.0
37 39 -0.7209243436301931
37 40 0.0
37 41 -0.0
37 42 0.0
37 43 -0.7454687805841569
38 38 -0.0
38 39 -0.0
38 40 0.0
38 41 -0.0
38 42 -0.0
38 43 0.0
39 39 0.0
39 40 0.645608203947619
39 41 -0.0
39 42 0.4887858906514819
39 43 -0.0
40 40 0.0
40 41 -0.0
40 42 -0.0
40 43 -0.0
41 41 -0.0
41 42 0.0
41 43 -0.0
42 42 0.0
42 43 0.0
43 43 0.46832041481465625
