0 0 0.3593412210329805
0 1 0.0
0 2 0.6173469415920172
0 3 0.0
0 4 0.0
0 5 -0.0
0 6 -0.015455676363509863
0 7 0.0
0 8 -0.0
0 9 -0.0
0 10 -0.0
0 11 -0.0
0 12 -0.0
0 13 0.0
0 14 0.0
0 15 0.0
0 16 -0.0
0 17 -0.0
0 18 -0.0
0 19 0.8608130649923333
0 20 -0.0
0 21 -0.0
0 22 -0.0
0 23 0.0
0 24 0.7706336816187636
0 25 -0.0
0 26 -0.17786635194307698
0 27 0.3863308994436849
0 28 -0.0
0 29 -0.0
0 30 -0.0
0 31 -0.0
0 32 0.0
0 33 0.0
0 34 -0.0
0 35 -0.7780559481692737
0 36 0.0
0 37 -0.0
0 38 0.0
0 39 0.0
0 40 0.0
0 41 0.0
0 42 -0.0
0 43 0.0
1 1 -0.0
1 2 -0.0
1 3 0.0
1 4 0.0
1 5 0.0
1 6 -0.8060907361102148
1 7 -0.0
1 8 -0.0
1 9 0.0
1 10 -0.0
1 11 0.0
1 12 0.0
1 13 -0.0
1 14 0.0
1 15 0.0
1 16 0.0
1 17 0.0
1 18 0.9217026384794775
1 19 -0.0
1 20 -0.0
1 21 0.0
1 22 0.0
1 23 -0.0
1 24 0.0
1 25 0.0
1 26 0.0
1 27 -0.7250859256898814
1 28 0.0
1 29 0.0
1 30 0.0
1 31 0.0
1 32 0.0
1 33 -0.0
1 34 -0.0
1 35 -0.0
1 36 0.0
1 37 -0.27939217776797465
1 38 -0.0
1 39 0.0
1 40 -0.0
1 41 0.0
1 42 -0.0
1 43 0.0
2 2 -0.0
2 3 -0.9172159542394169
2 4 0.0
2 5 0.0
2 6 0.0
2 7 -0.0
2 8 -0.27890430883927686
2 9 0.0
2 10 0.0
2 11 -0.0
2 12 0.0
2 13 0.7843197702462943
2 14 0.0
2 15 0.0
2 16 -0.532357381183838
2 17 0.5910476340419697
2 18 0.07481833489239476
2 19 -0.0
2 20 0.0
2 21 -0.9699764264296935
2 22 0.0
2 23 0.0
2 24 -0.0
2 25 0.4966666570731364
2 26 0.22788509931249057
2 27 -0.0
2 28 -0.0
2 29 -0.0
2 30 0.0
2 31 0.0
2 32 0.0
2 33 -0.7903030692848838
2 34 -0.0
2 35 -0.0
2 36 0.5368901758292413
2 37 0.36913242140377145
2 38 0.0
2 39 -0.0
2 40 0.0
2 41 -0.0
2 42 -0.0
2 43 -0.0
3 3 0.0
3 4 0.0
3 5 0.0
3 6 0.3521055328619489
3 7 0.0
3 8 0.40038396450005354
3 9 0.9688787195913111
3 10 -0.0
3 11 -0.5316122916462738
3 12 0.0
3 13 0.0
3 14 0.5176239910779008
3 15 -0.0
3 16 -0.0
3 17 -0.6175687412938831
3 18 -0.0
3 19 -0.22200965413761864
3 20 -0.046803254231791325
3 21 0.0
3 22 -0.0
3 23 -0.0
3 24 0.0
3 25 -0.0
3 26 0.0
3 27 -0.0
3 28 -0.0
3 29 0.0
3 30 -0.0
3 31 0.0
3 32 -0.0
3 33 -0.0
3 34 -0.0
3 35 -0.0
3 36 -0.0
3 37 -0.42557300280859867
3 38 0.0
3 39 -0.0
3 40 0.0
3 41 -0.0
3 42 0.0
3 43 0.0
4 4 0.021876731306349484
4 5 -0.0
4 6 -0.0
4 7 -0.8639358610802472
4 8 0.0
4 9 0.0
4 10 -0.7547129522082767
4 11 0.0
4 12 0.0
4 13 0.12327630422348435
4 14 -0.0
4 15 0.0
4 16 0.0
4 17 -0.0
4 18 -0.0
4 19 -0.0
4 20 0.0
4 21 0.9771060420284705
4 22 0.0
4 23 0.7872415526759158
4 24 -0.829782017033506
4 25 -0.0
4 26 -0.0
4 27 0.0
4 28 0.33579827570291076
4 29 0.0
4 30 -0.0
4 31 0.0
4 32 0.5363581076870187
4 33 -0.0
4 34 0.3162141434563266
4 35 -0.0
4 36 -0.0
4 37 -0.13071114004251339
4 38 0.0
4 39 0.0
4 40 0.0
4 41 -0.6054437692951826
4 42 0.34074431623381196
4 43 -0.9039149861006599
5 5 0.0
5 6 -0.26637489010269966
5 7 0.37132870954874964
5 8 -0.0
5 9 0.0
5 10 0.0
5 11 0.0
5 12 -0.0
5 13 -0.0
5 14 0.2916253177475647
5 15 -0.0
5 16 -0.0
5 17 0.0
5 18 -0.0
5 19 0.9089675440865954
5 20 0.9532010550863468
5 21 0.0
5 22 0.0
5 23 -0.0
5 24 -0.7229471250297694
5 25 -0.0
5 26 0.3706593256434334
5 27 -0.0
5 28 0.0
5 29 -0.0
5 30 0.0
5 31 -0.5815918229492403
5 32 0.08757848270773994
5 33 -0.0
5 34 -0.0
5 35 0.0
5 36 -0.0
5 37 -0.0
5 38 -0.0
5 39 -0.0
5 40 -0.0
5 41 -0.5540587990267964
5 42 0.0
5 43 -0.0
6 6 -0.0
6 7 -0.0
6 8 0.0
6 9 0.0
6 10 0.0
6 11 0.0
6 12 -0.0
6 13 -0.16117635465833446
6 14 -0.0
6 15 0.0
6 16 0.0
6 17 0.5792968187832253
6 18 -0.0
6 19 -0.0
6 20 -0.0
6 21 0.0
6 22 0.0
6 23 0.0
6 24 0.0
6 25 -0.0
6 26 -0.0
6 27 0.0
6 28 -0.09184572160773175
6 29 0.0
6 30 -0.0
6 31 0.0
6 32 -0.3208239442375578
6 33 -0.0
6 34 0.0
6 35 0.0
6 36 -0.0
6 37 -0.0
6 38 0.0
6 39 0.4395180176228486
6 40 0.9104790842033299
6 41 0.0
6 42 0.3212727114146041
6 43 -0.9251033475592654
7 7 -0.0
7 8 0.0
7 9 -0.0
7 10 0.0
7 11 -0.6039085232187227
7 12 0.4293191460029566
7 13 0.0
7 14 0.0
7 15 -0.28991940885953027
7 16 0.0
7 17 0.0
7 18 -0.19438496810200734
7 19 0.0
7 20 -0.0
7 21 -0.0
7 22 0.3628152825052746
7 23 0.0
7 24 -0.0
7 25 0.0
7 26 -0.0
7 27 0.0
7 28 -0.0
7 29 -0.9167981500660829
7 30 -0.0
7 31 -0.0
7 32 -0.0
7 33 -0.0
7 34 -0.7417773596535906
7 35 0.9605503134879454
7 36 -0.43824675481948816
7 37 -0.0
7 38 0.0
7 39 0.0
7 40 -0.7918658577833351
7 41 -0.0
7 42 -0.0
7 43 0.0
8 8 -0.0
8 9 -0.0
8 10 -0.8463541297945176
8 11 0.0
8 12 0.0
8 13 -0.0
8 14 0.0
8 15 0.0
8 16 -0.22122483002949944
8 17 0.3793170652018689
8 18 -0.0
8 19 0.0
8 20 0.0
8 21 0.0
8 22 0.0
8 23 -0.0
8 24 -0.823289967060143
8 25 -0.0
8 26 0.4315965018925123
8 27 0.0
8 28 -0.0
8 29 0.13367421822629355
8 30 0.0
8 31 -0.0
8 32 0.0
8 33 0.0
8 34 -0.0
8 35 0.0
8 36 -0.6688001190505637
8 37 0.0
8 38 0.0
8 39 -0.0
8 40 -0.0
8 41 -0.0
8 42 -0.0
8 43 -0.0
9 9 0.0
9 10 -0.0
9 11 -0.0
9 12 0.0
9 13 -0.0
9 14 -0.0
9 15 -0.0
9 16 -0.0
9 17 0.0
9 18 0.0
9 19 0.0
9 20 -0.0
9 21 0.0
9 22 0.0
9 23 -0.0
9 24 0.0
9 25 0.0
9 26 0.0
9 27 -0.0
9 28 0.0
9 29 0.3196238804548943
9 30 -0.0
9 31 -0.0
9 32 -0.5201121169814615
9 33 0.0
9 34 0.36734951459790355
9 35 -0.0
9 36 0.9294899815225139
9 37 0.0
9 38 -0.5025436971045754
9 39 -0.0
9 40 0.684902682517256
9 41 0.0
9 42 0.0
9 43 0.0
10 10 -0.0
10 11 -0.0
10 12 0.0
10 13 0.48302923242803564
10 14 0.0
10 15 -0.0
10 16 -0.0
10 17 0.0
10 18 0.0
10 19 -0.0
10 20 -0.0
10 21 -0.5495647519565154
10 22 -0.0
10 23 -0.0
10 24 -0.0
10 25 0.0
10 26 -0.0
10 27 -0.0
10 28 0.0
10 29 0.0
10 30 0.9249442096072857
10 31 0.0
10 32 0.0
10 33 0.6208104408714805
10 34 0.0
10 35 0.0
10 36 0.0
10 37 0.0
10 38 0.0
10 39 0.22208808546097059
10 40 0.0
10 41 -0.0
10 42 -0.0
10 43 0.20311157314630046
11 11 -0.8061803200702153
11 12 -0.0
11 13 -0.9292018659675647
11 14 -0.33494109666355065
11 15 0.0
11 16 -0.0
11 17 -0.0
11 18 0.0
11 19 0.0
11 20 -0.0
11 21 0.0
11 22 -0.25804728777357044
11 23 -0.0
11 24 0.0
11 25 0.0
11 26 -0.0
11 27 -0.0
11 28 -0.29309065003850066
11 29 0.0
11 30 0.0
11 31 -0.0
11 32 -0.0
11 33 -0.0
11 34 0.0
11 35 0.0
11 36 0.0
11 37 0.0
11 38 0.0
11 39 -0.0
11 40 0.0
11 41 -0.0
11 42 0.0
11 43 0.0
12 12 0.7689496167835514
12 13 -0.0
12 14 -0.0
12 15 0.0
12 16 -0.0
12 17 0.6438425027376264
12 18 0.0
12 19 -0.0
12 20 -0.5413618587977822
12 21 0.0
12 22 -0.13227015047545354
12 23 0.0
12 24 -0.0
12 25 -0.0
12 26 0.0
12 27 0.0
12 28 0.0
12 29 0.6189181073597392
12 30 0.043394139474776106
12 31 -0.0
12 32 -0.0
12 33 -0.1667038485977499
12 34 0.0
12 35 0.0
12 36 0.0
12 37 0.0
12 38 -0.0
12 39 0.0
12 40 0.09486028685744397
12 41 -0.2837940779128163
12 42 -0.0
12 43 -0.7907211518818169
13 13 0.0
13 14 0.0
13 15 0.0
13 16 0.0
13 17 0.0
13 18 -0.0
13 19 0.9868969585620777
13 20 0.0
13 21 -0.8470673340868502
13 22 -0.27783324992826697
13 23 -0.0
13 24 -0.0
13 25 -0.0
13 26 0.0
13 27 0.0
13 28 -0.9723774708249406
13 29 0.7485872461347223
13 30 -0.0
13 31 0.0
13 32 0.0
13 33 0.8196347300862337
13 34 0.38759594936990416
13 35 0.0
13 36 0.0
13 37 -0.9059469917749288
13 38 0.8861437284929266
13 39 -0.3234823259897863
13 40 0.0
13 41 0.0
13 42 0.0
13 43 -0.0
14 14 0.0
14 15 0.0
14 16 0.0
14 17 0.0
14 18 0.0
14 19 -0.0
14 20 -0.8183650073670667
14 21 -0.0
14 22 -0.8832115583511522
14 23 -0.0
14 24 -0.0
14 25 -0.0
14 26 0.0
14 27 -0.0
14 28 0.0
14 29 0.0
14 30 -0.0
14 31 0.8357612576836957
14 32 -0.2804374100063445
14 33 -0.0
14 34 -0.0
14 35 -0.0
14 36 -0.0
14 37 0.0
14 38 -0.0
14 39 -0.0
14 40 -0.0
14 41 -0.5104649373980188
14 42 -0.0
14 43 -0.6145883640769187
15 15 -0.7817809919312695
15 16 0.0
15 17 0.0
15 18 0.8476469245687108
15 19 -0.0
15 20 -0.0
15 21 0.0
15 22 0.7837788816329079
15 23 -0.0
15 24 0.0
15 25 0.0
15 26 0.44640473264774716
15 27 -0.0
15 28 0.0
15 29 -0.0
15 30 -0.0
15 31 0.0
15 32 -0.0
15 33 -0.0
15 34 0.0
15 35 0.0
15 36 0.0
15 37 0.0
15 38 0.0
15 39 0.0
15 40 -0.0
15 41 0.0
15 42 0.0
15 43 -0.0
16 16 -0.0
16 17 -0.0
16 18 -0.0
16 19 -0.0
16 20 0.0
16 21 0.0
16 22 -0.0
16 23 0.0
16 24 -0.0
16 25 -0.0
16 26 -0.0
16 27 0.2586232415765546
16 28 -0.5542251412569326
16 29 0.19591819381810094
16 30 0.0
16 31 -0.0
16 32 0.0
16 33 -0.5898134739258476
16 34 0.0
16 35 0.0
16 36 -0.0
16 37 0.0
16 38 -0.0
16 39 -0.0
16 40 -0.0
16 41 0.21516682258302833
16 42 -0.0
16 43 -0.0
17 17 0.0
17 18 0.06677221765297237
17 19 0.0
17 20 0.0
17 21 0.0
17 22 -0.0
17 23 0.9616002895674227
17 24 -0.0
17 25 0.0
17 26 -0.0
17 27 0.0
17 28 -0.0
17 29 0.0
17 30 0.0
17 31 -0.0
17 32 0.0
17 33 -0.0
17 34 -0.0
17 35 -0.6433785505178977
17 36 -0.0
17 37 -0.0
17 38 0.01907918991594104
17 39 0.005002169340287743
17 40 0.0
17 41 0.4114673678893297
17 42 -0.0
17 43 -0.0
18 18 -0.0
18 19 0.0
18 20 -0.0
18 21 0.0
18 22 0.0
18 23 -0.6946145156731276
18 24 0.0
18 25 0.0
18 26 0.0
18 27 0.0
18 28 0.0
18 29 -0.0
18 30 0.06625654446384877
18 31 -0.9063581318775304
18 32 -0.0
18 33 -0.1722597322780206
18 34 0.5538119883508852
18 35 -0.0
18 36 0.0
18 37 0.0
18 38 -0.7970947094260785
18 39 -0.3883916302167705
18 40 0.0
18 41 0.0
18 42 -0.0
18 43 0.0
19 19 0.0
19 20 -0.0
19 21 -0.0
19 22 0.0
19 23 -0.0
19 24 0.11810561805352715
19 25 -0.0
19 26 0.19633389235394838
19 27 -0.0
19 28 -0.0
19 29 0.0
19 30 -0.0
19 31 0.7530201568852644
19 32 0.2352920574054771
19 33 0.0
19 34 0.0
19 35 0.0
19 36 0.0
19 37 0.0
19 38 -0.0
19 39 0.0
19 40 -0.0
19 41 0.0
19 42 0.0
19 43 -0.0
20 20 0.0
20 21 0.0
20 22 0.0
20 23 -0.6889748814653884
20 24 -0.0
20 25 -0.5420469360141407
20 26 -0.0
20 27 0.0
20 28 -0.14125569640506552
20 29 -0.0
20 30 0.0
20 31 0.0
20 32 -0.0
20 33 -0.0
20 34 -0.0
20 35 -0.0
20 36 0.0
20 37 -0.0
20 38 0.4561722319057535
20 39 -0.0
20 40 -0.5713164611396861
20 41 -0.0
20 42 0.0
20 43 0.5669366188792511
21 21 0.0
21 22 -0.0
21 23 0.0
21 24 -0.0
21 25 0.11504819060428817
21 26 -0.0
21 27 0.5882123206678684
21 28 0.9763675048730571
21 29 0.0
21 30 0.0
21 31 -0.0
21 32 -0.0
21 33 -0.0
21 34 0.0
21 35 0.0
21 36 -0.8252742078478754
21 37 -0.0
21 38 -0.0
21 39 -0.0
21 40 -0.0
21 41 -0.12158740316169592
21 42 0.0
21 43 -0.004168609236237186
22 22 0.0
22 23 -0.0
22 24 0.0
22 25 -0.0
22 26 -0.1717873340012659
22 27 0.0
22 28 0.0
22 29 -0.0
22 30 0.0
22 31 -0.0
22 32 0.0
22 33 -0.0
22 34 -0.0
22 35 -0.0
22 36 -0.0
22 37 0.0
22 38 -0.0
22 39 0.47107547698205066
22 40 0.9641591750658636
22 41 0.0
22 42 -0.0
22 43 -0.0
23 23 0.0
23 24 0.0
23 25 -0.659118522609925
23 26 -0.0
23 27 -0.0
23 28 0.6708789062313834
23 29 -0.0
23 30 0.0
23 31 0.0
23 32 0.0
23 33 -0.0
23 34 -0.0
23 35 0.0
23 36 0.0
23 37 0.0
23 38 0.0
23 39 -0.0
23 40 -0.962732671515298
23 41 -0.0
23 42 0.0
23 43 -0.0
24 24 0.0
24 25 0.53083790270489
24 26 -0.0
24 27 -0.6231108467064912
24 28 0.0
24 29 0.0
24 30 -0.0
24 31 0.0
24 32 -0.0
24 33 0.1889349473691604
24 34 -0.7726317934304603
24 35 0.0
24 36 -0.0
24 37 -0.8191542829793665
24 38 -0.0
24 39 0.0
24 40 0.0
24 41 -0.0
24 42 0.0
24 43 -0.0
25 25 -0.21287199496145637
25 26 0.0
25 27 -0.0
25 28 -0.6284964399880504
25 29 -0.0
25 30 0.9608834587234152
25 31 0.5417503381086961
25 32 -0.0
25 33 -0.4149288395262438
25 34 -0.0
25 35 0.0
25 36 -0.0
25 37 0.5872213509103599
25 38 0.40487607109389434
25 39 0.0
25 40 -0.0
25 41 0.0
25 42 0.0
25 43 0.2719445198646675
26 26 -0.2458335830105316
26 27 0.0
26 28 -0.0
26 29 -0.0
26 30 0.0
26 31 0.7201994802682343
26 32 -0.0
26 33 -0.0
26 34 0.0
26 35 -0.3914607486742978
26 36 -0.15624817017395443
26 37 -0.0
26 38 -0.0
26 39 0.0
26 40 0.0
26 41 0.0
26 42 -0.0
26 43 0.0
27 27 -0.0
27 28 -0.0
27 29 -0.0
27 30 0.2215049676650116
27 31 -0.0
27 32 -0.0
27 33 -0.0
27 34 -0.0
27 35 0.3261684294216056
27 36 -0.0
27 37 0.0
27 38 -0.0
27 39 0.0
27 40 -0.9399006074216061
27 41 0.0
27 42 0.0
27 43 0.0
28 28 -0.0
28 29 -0.0
28 30 -0.9531398498627341
28 31 0.0
28 32 0.0
28 33 -0.7612620068994573
28 34 0.0
28 35 0.4801938167732589
28 36 0.0
28 37 -0.0
28 38 -0.0
28 39 -0.66781017261988
28 40 -0.0
28 41 -0.0
28 42 0.0
28 43 0.0
29 29 0.0
29 30 0.12441169241011751
29 31 0.0
29 32 -0.0
29 33 -0.0
29 34 -0.4866520088786588
29 35 0.0
29 36 -0.0
29 37 -0.0
29 38 0.0
29 39 0.0
29 40 -0.0
29 41 0.0
29 42 -0.0
29 43 -0.0
30 30 -0.48645586875265745
30 31 -0.0
30 32 -0.6111561994643184
30 33 -0.02699505528053181
30 34 -0.3260371021197044
30 35 -0.0
30 36 0.0
30 37 0.0
30 38 -0.0
30 39 0.08757273384150488
30 40 0.0
30 41 -0.0
30 42 0.0
30 43 0.0
31 31 -0.0
31 32 0.0
31 33 -0.0
31 34 -0.4279323560485593
31 35 -0.0
31 36 0.0
31 37 0.0
31 38 0.0
31 39 -0.0
31 40 -0.0
31 41 0.0
31 42 0.686382538338965
31 43 -0.0
32 32 -0.0
32 33 0.0
32 34 0.0
32 35 -0.0
32 36 -0.0
32 37 0.8509502769667603
32 38 -0.0
32 39 0.0
32 40 -0.0
32 41 0.0
32 42 -0.0
32 43 -0.6606199571105387
33 33 -0.0
33 34 -0.0
33 35 0.0
33 36 -0.0
33 37 -0.0
33 38 0.7163500420303017
33 39 0.0
33 40 -0.43267768797752115
33 41 0.0
33 42 0.0
33 43 0.0
34 34 -0.0
34 35 0.0
34 36 0.0
34 37 -0.6111731221756365
34 38 0.0
34 39 -0.0
34 40 -0.0
34 41 -0.6988902806001533
34 42 -0.0
34 43 -0.0
35 35 0.0
35 36 0.0
35 37 0.0
35 38 -0.0
35 39 0.6013956694456992
35 40 -0.9889914683332897
35 41 -0.0
35 42 0.16188830476122673
35 43 0.0
36 36 0.0
36 37 0.0
36 38 -0.0
36 39 -0.0
36 40 -0.0
36 41 -0.0
36 42 -0.0
36 43 -0.8826049606555164
37 37 -0.3207518168420802
37 38 -0.0
37 39 -0.0
37 40 0.0
37 41 -0.0
37 42 0.0
37 43 -0.0
38 38 -0.06227252456581467
38 39 0.48373562449469
38 40 0.7395679193412448
38 41 0.0
38 42 -0.0
38 43 0.21806975692373487
39 39 -0.0
39 40 0.0
39 41 0.0
39 42 -0.0
39 43 -0.0
40 40 0.0
40 41 -0.0
40 42 -0.0
40 43 0.0
41 41 -0.0
41 42 -0.9898166094606524
41 43 -0.0
42 42 -0.0
42 43 -0.0
43 43 -0.0
