0 0 2.1080116315195814
0 1 -1.4944675083995607
0 2 0.11470983808876578
0 3 1.1972594804651044
0 4 0.45619657233866073
0 5 -0.07037208460571247
0 6 -0.882199560794091
0 7 0.060320309334339066
0 8 -0.1305982063646188
0 9 -1.7940096557377083
0 10 1.3810870693572312
0 11 0.4173679320332853
0 12 -1.5382445401450298
0 13 -0.04464925768472454
0 14 0.9554782477966889
0 15 0.0072489406189188985
0 16 -0.2954152620718071
0 17 -1.3060495269427161
0 18 -0.38119323240189823
0 19 0.6522644715633829
0 20 -0.9061276800432484
0 21 0.22790470033287266
0 22 -2.4031052172139873
0 23 -0.525398888227626
0 24 -0.16342474858024428
0 25 -0.47699156083567307
0 26 -0.7327860861808251
0 27 0.2352819161977166
0 28 -0.5645836287034346
0 29 1.0149616836439848
0 30 -0.6220326310504172
0 31 -0.47581618123956915
0 32 -0.7869377476505139
0 33 -0.5864670864335879
0 34 -1.1461042323705584
0 35 -0.15595223215115278
0 36 -0.3606428070841336
0 37 -0.7785407744282992
0 38 0.05617170714857051
0 39 0.45308748791760695
0 40 -1.0838848172375908
0 41 -0.9370062607620032
0 42 1.6439528245280313
0 43 -1.5295786667933293
1 1 1.121293229303263
1 2 1.4447351647521793
1 3 0.13608537183552435
1 4 0.20481778316265553
1 5 0.08306206084743392
1 6 -1.6058287263113669
1 7 0.5987476297116644
1 8 -0.274430093957519
1 9 0.27444027731781384
1 10 -0.2738232331553421
1 11 0.3674686408665027
1 12 0.0015793611040547813
1 13 0.9686672894727044
1 14 1.0306006539699724
1 15 -1.2724929290281966
1 16 -0.1348120989472336
1 17 -1.019522253062662
1 18 0.027193084417698233
1 19 0.24981140016661416
1 20 -0.19599466360171894
1 21 -0.4004121700541233
1 22 -0.41347799102543037
1 23 1.4988461646918443
1 24 1.4419847438028142
1 25 1.1574764787349276
1 26 -1.312936105046281
1 27 1.2552534668350441
1 28 0.37185951564466857
1 29 -0.9317025506784068
1 30 -1.0140701572234112
1 31 -0.4616936460968222
1 32 0.4336998892009272
1 33 0.13954911106665002
1 34 0.4494133077523565
1 35 0.17882800021458958
1 36 0.7963176485354094
1 37 0.4416405229696374
1 38 1.670977603913608
1 39 0.6082824850148973
1 40 -0.9328935718801437
1 41 -0.23626254209776923
1 42 1.3965026989868987
1 43 -0.2869950608284309
2 2 -0.2385547917017688
2 3 -0.40110785555348044
2 4 1.1204340470114922
2 5 -0.34389947134604504
2 6 0.7203248845419299
2 7 -0.7368001732742269
2 8 0.5837208034261591
2 9 2.482232278752233
2 10 0.5102412380920128
2 11 0.7961065910180591
2 12 1.338464620950801
2 13 -0.29581138414438185
2 14 1.2036327005506278
2 15 0.8409423076386375
2 16 -0.21025561785936409
2 17 -0.17163260382604695
2 18 -1.129586647561353
2 19 0.8629381047608427
2 20 0.7824970031829751
2 21 0.6148865245544741
2 22 0.6504869551816561
2 23 -1.0149117455427297
2 24 1.1306214915835644
2 25 0.03319993361974558
2 26 -1.1310235132325759
2 27 0.13030187468586307
2 28 -0.8621502796948003
2 29 -0.6296085037328611
2 30 1.6458348031200811
2 31 -0.33738700900394114
2 32 -0.07636136825846512
2 33 0.018561127250560885
2 34 1.3500263098913006
2 35 0.40485391770937446
2 36 -1.0229279524526496
2 37 -2.4658489381971815
2 38 -1.1080893166903447
2 39 -0.5436339090273337
2 40 0.8159772215022029
2 41 1.223492043838839
2 42 1.2448823931845234
2 43 0.6586844977702978
3 3 -0.20329181780465955
3 4 0.15186374261078947
3 5 -1.0163609943906389
3 6 -0.8738723427367114
3 7 -0.2655569679909725
3 8 -0.9675645535229369
3 9 -0.04202840621651976
3 10 -0.3871736531865425
3 11 -0.3056842277482294
3 12 -0.5092311701941027
3 13 -2.048581928427501
3 14 0.07007968378431745
3 15 0.09002830107845301
3 16 -0.3660706071491982
3 17 0.27491871059929945
3 18 -0.6633881464548408
3 19 -0.15379185895880665
3 20 -0.6388590980004885
3 21 0.542373930439679
3 22 -0.47680101212724135
3 23 0.35916172588922374
3 24 0.23313280741349043
3 25 0.24958879359883007
3 26 -0.29435991937114475
3 27 2.815888841925225
3 28 -1.496099685556624
3 29 0.7831398104569899
3 30 1.1987735298503905
3 31 -2.2150110851987344
3 32 0.3684080148876572
3 33 -0.20360675057609456
3 34 -0.45845828914998565
3 35 0.5278893516168908
3 36 -2.194981051519743
3 37 0.3918049990650501
3 38 0.44000575690922616
3 39 1.6824017659736559
3 40 0.48432835380321765
3 41 -0.713154840115532
3 42 -0.7313264206544527
3 43 -0.3837444098458757
4 4 0.3743300998106566
4 5 0.011094322059790305
4 6 1.235501098665393
4 7 0.11052887248131943
4 8 0.9618824674605477
4 9 0.14945862839387272
4 10 -1.7937269757645813
4 11 -1.7590959392096803
4 12 0.35344049459178023
4 13 -1.824693859940107
4 14 0.7315413410633651
4 15 0.038850674815408826
4 16 1.0989396291244433
4 17 -0.799821527475103
4 18 0.41254846692294894
4 19 2.1475546368510106
4 20 -0.9632968191691444
4 21 0.4019578464555534
4 22 -0.5148308898999548
4 23 -0.4111848962824439
4 24 -1.302882143893677
4 25 1.5258069960556526
4 26 1.6609184633397036
4 27 -1.2679399830531946
4 28 0.814004688923705
4 29 1.2296892775064308
4 30 -0.6020032298602789
4 31 1.1407001738423737
4 32 -1.4096165555243083
4 33 1.3939967485937297
4 34 0.6357761664449398
4 35 -1.5413394625253272
4 36 0.01382231974446852
4 37 0.31884832348268527
4 38 0.8673696353945506
4 39 -0.6943162935258751
4 40 1.0161800684008742
4 41 -0.01430387903932924
4 42 0.44259891486997566
4 43 -1.0742550813816032
5 5 -1.6417366266276276
5 6 0.2664837926792705
5 7 -0.7311698317142156
5 8 0.9836329074606492
5 9 0.7473644602665029
5 10 -0.04804949701181493
5 11 0.5491125030286893
5 12 0.9862037884642805
5 13 0.09582376786913877
5 14 0.3805777195575742
5 15 1.524292826213305
5 16 -0.7697950326163134
5 17 -2.3185263583995788
5 18 -1.0902462131721977
5 19 -2.2284095598475613
5 20 0.5361834667330828
5 21 0.8983933254325959
5 22 -0.8498150172923388
5 23 0.3431822774191076
5 24 -0.6574038603328829
5 25 0.21599106908087373
5 26 -1.4878204045885788
5 27 0.4668815946551993
5 28 0.49399424555289234
5 29 -1.0724071318017516
5 30 -0.571867181985785
5 31 -1.013746487962771
5 32 -0.9594815647646228
5 33 1.1995211949045028
5 34 1.6250681310647555
5 35 1.461900737612051
5 36 -0.9124735171366652
5 37 0.3126504476791472
5 38 1.5137603526509138
5 39 -1.0767193596760822
5 40 -0.49728598657779916
5 41 -0.24366833409233304
5 42 0.6509066024343663
5 43 0.5895311889440646
6 6 -1.0268813639267804
6 7 1.0939766413434104
6 8 0.20908375208868957
6 9 -0.1727959904191007
6 10 0.44738917995000893
6 11 0.9303849068571949
6 12 0.15804567351321255
6 13 0.8300255370946841
6 14 -0.8122650441183483
6 15 1.171968667971932
6 16 -0.6970765565265655
6 17 -0.6448616957431331
6 18 -1.8209985016475678
6 19 -1.9965029628958124
6 20 -0.0027363230374047504
6 21 2.424189168692908
6 22 0.2508625874615051
6 23 1.714635716154558
6 24 -0.7573067724094615
6 25 -0.6069279149908148
6 26 0.6111831130433842
6 27 -0.007880171242114204
6 28 0.5180045752621162
6 29 -2.511692380730014
6 30 0.3882405381955733
6 31 0.014474580079644516
6 32 2.516196725480731
6 33 0.8654048337980071
6 34 -0.261039706579573
6 35 -1.849168101314001
6 36 1.0707905778299946
6 37 1.494897825242767
6 38 -0.4248672863105568
6 39 -0.8795393313592604
6 40 -0.49935971862399237
6 41 -0.0585741792152218
6 42 -0.2699408328659677
6 43 -1.3904473463617952
7 7 2.3312383258559066
7 8 0.07209251226254303
7 9 0.12467548815986497
7 10 -1.0631883408799578
7 11 -0.37972712485041155
7 12 0.31813155409992755
7 13 1.755924082460291
7 14 -0.2507556258251535
7 15 -1.401749980328306
7 16 0.3418635116003512
7 17 0.903947296875338
7 18 0.3965809664791921
7 19 -0.5736478873790494
7 20 2.1881020182973328
7 21 0.11780361048026008
7 22 1.3261860213547232
7 23 1.2205885461183434
7 24 -0.9836588482531254
7 25 -1.0637894205884912
7 26 -0.9063955439918309
7 27 0.48330399163760895
7 28 0.7562449405520645
7 29 1.622981613748011
7 30 -0.6336345717491805
7 31 1.1213086125590779
7 32 3.196763215278086
7 33 0.2590673466044933
7 34 -0.10888054434794077
7 35 -1.9485885482361422
7 36 0.8888588241721709
7 37 0.6466524759191512
7 38 0.36946713576737955
7 39 -1.4372687669386826
7 40 -0.4965020236478092
7 41 0.15735436850670828
7 42 -0.5312359699066957
7 43 -0.7285535664267558
8 8 -0.8619054845834143
8 9 0.7867385317205796
8 10 1.324860118109584
8 11 0.2897923663016722
8 12 -1.82183653661153
8 13 -0.994981649775596
8 14 -0.3725712046618122
8 15 0.199073712519539
8 16 -0.5708175079411576
8 17 0.5842170912825831
8 18 0.7814862897380459
8 19 0.001237750626001605
8 20 0.8966183057451297
8 21 -0.6665438758103703
8 22 -0.46639962553213193
8 23 1.6779213089718241
8 24 -1.0463728183513656
8 25 0.5387073580906355
8 26 0.02540381546480876
8 27 -0.7739368326744736
8 28 1.898629562533998
8 29 -0.5391667083725826
8 30 1.5569416539969188
8 31 0.5367562414994488
8 32 -0.43711194425929795
8 33 -0.9681686583558906
8 34 1.0602378319451473
8 35 -2.207117970498368
8 36 -0.21352795429230942
8 37 -0.7964103383103022
8 38 -1.3021607845934762
8 39 1.4057006861350168
8 40 -0.009582213439300215
8 41 -1.6863961828538474
8 42 1.3975092032000886
8 43 0.7192756337162932
9 9 0.43311221497979063
9 10 0.9206458910511727
9 11 -0.29043639100153873
9 12 -0.15443240381001355
9 13 0.897186537967388
9 14 0.24549990503783073
9 15 0.9440639654506368
9 16 -0.02550428303649024
9 17 1.1353681621082774
9 18 1.4506307674432206
9 19 -0.9681800756895149
9 20 1.0887342595854959
9 21 -0.26904067696707784
9 22 -0.590982638272283
9 23 1.3282023409401398
9 24 -0.44463818536370964
9 25 -0.9086914915075762
9 26 1.23292272294362
9 27 0.9287967568976485
9 28 0.10548393836841737
9 29 -0.8475379745398628
9 30 0.7710065884765478
9 31 1.438600220249721
9 32 -2.014617488011638
9 33 0.40110361480033135
9 34 0.8318121754137643
9 35 -1.8718729087425072
9 36 0.10119759105007167
9 37 -0.6156453978160915
9 38 0.09536974037842913
9 39 -0.41362936069357475
9 40 -0.15790266462354038
9 41 -0.9331417113906832
9 42 -2.047234053110754
9 43 0.3292171104749397
10 10 -0.7388558971485427
10 11 -0.0844431722516747
10 12 0.21942215726918496
10 13 0.8576340799780969
10 14 0.42785714653433277
10 15 0.6266934962483495
10 16 1.9171460872024852
10 17 0.49933813505531294
10 18 0.7627564824442061
10 19 0.670558631493988
10 20 -1.2612761047761298
10 21 1.1157489166946926
10 22 0.757100964740115
10 23 -1.6919815019472608
10 24 -0.2372141613062259
10 25 -0.9092873421888187
10 26 -2.53755231257112
10 27 -0.2673309233938195
10 28 -1.4284408031849993
10 29 1.7927583500324769
10 30 0.9440935991558146
10 31 0.9646107492230562
10 32 -1.032283304029185
10 33 -0.2056342005499005
10 34 -0.5024844051804915
10 35 -0.5929699124176607
10 36 -0.460646923983224
10 37 -0.1378430855249051
10 38 0.27542817366521705
10 39 1.127127313770364
10 40 0.8155966157601022
10 41 0.8720072280641997
10 42 0.06764427325730486
10 43 1.224169610590173
11 11 3.1210607887392094
11 12 0.3148767361831126
11 13 0.2548977228060171
11 14 0.11804800177302738
11 15 -0.05061903260452596
11 16 0.18918671902562784
11 17 -1.355449838807255
11 18 -1.3519725008877492
11 19 -0.340592660300294
11 20 1.340948028531879
11 21 -0.1658129862709679
11 22 -1.1811671067793856
11 23 3.857084353795386
11 24 0.5450237138569735
11 25 0.28503588911509675
11 26 -0.0032296928492754158
11 27 -0.7575694496493017
11 28 0.8370200705897133
11 29 1.4307565590245586
11 30 2.422424705838874
11 31 -1.328534356583788
11 32 0.02350398102115582
11 33 -0.25242640070331174
11 34 1.0114826093231863
11 35 -0.17408429016478794
11 36 -1.4016391946573403
11 37 -0.10060961425485516
11 38 0.9669637614291905
11 39 -0.6121942425590527
11 40 -1.521560633593069
11 41 -0.42860252390284653
11 42 -0.5731406275639331
11 43 -1.573547673108465
12 12 -0.37816898075600625
12 13 -1.747840053918563
12 14 -0.8559593521258484
12 15 1.7706788237237294
12 16 -0.772772943930974
12 17 -0.7457156169690956
12 18 0.018445268091430895
12 19 0.494965482170051
12 20 -1.1739736438469648
12 21 -1.8128788629710977
12 22 -1.040684030369596
12 23 -0.8701819918480517
12 24 0.5467763040153761
12 25 -0.11788440140989348
12 26 -0.41683896010256055
12 27 0.3812274279600069
12 28 -1.1952965595242122
12 29 -1.1697908150630727
12 30 -0.7302289212667239
12 31 -0.13968897769879818
12 32 1.196499409252587
12 33 1.4681362381776373
12 34 0.9954870702630443
12 35 1.948783564093643
12 36 0.131029576114825
12 37 -0.4084209289402181
12 38 0.070365288989673
12 39 0.3007271741688572
12 40 1.223786385061402
12 41 -1.3876527513157728
12 42 -0.6048970171241816
12 43 1.2757075527096113
13 13 -0.026718246764682898
13 14 1.361091531037619
13 15 1.2882438011626984
13 16 0.4488611379871543
13 17 1.3004611945686233
13 18 -0.76107237575917
13 19 -0.686799619296832
13 20 1.0775814518321294
13 21 0.1483241212937868
13 22 -0.16178732696287476
13 23 -0.3548457849464418
13 24 -0.3653966177807247
13 25 -0.6809913637553345
13 26 -0.6975744185583291
13 27 0.4786678345927678
13 28 0.4236159007511884
13 29 -2.119570995194376
13 30 0.03944482878090855
13 31 -1.013651552534937
13 32 -0.00011761728731695215
13 33 0.16264650638422717
13 34 0.26005046511212093
13 35 0.3621534722463382
13 36 -0.8168687880577651
13 37 -0.3399813728550465
13 38 0.40108414694853867
13 39 0.26035045825709396
13 40 -0.10833000788693901
13 41 2.232285070350397
13 42 -1.0749164159221976
13 43 1.973636786422682
14 14 1.383158564653022
14 15 1.184792830891307
14 16 -0.42662614207075505
14 17 -1.276310342476911
14 18 0.0009694290607908394
14 19 3.341722540800129
14 20 2.082227327567503
14 21 -0.13778354650105057
14 22 1.001429017855437
14 23 -0.6951152319546341
14 24 0.5536964851391951
14 25 1.3212271050863587
14 26 -0.18457547493470694
14 27 0.20424311009831703
14 28 -1.342903986930194
14 29 0.20073597193466014
14 30 -0.01152827637509053
14 31 -0.8932580094451368
14 32 -0.021078624911675392
14 33 0.1484107574275566
14 34 -1.4516380293598334
14 35 0.6314758151267257
14 36 0.7151342752083948
14 37 0.7865991190327495
14 38 0.015138379153072914
14 39 -1.5361076253234665
14 40 -0.7163736067736893
14 41 1.3336733618450705
14 42 -1.4706741879306136
14 43 0.5764680568118932
15 15 0.3469337951108368
15 16 -0.5245167565165766
15 17 -0.6772981658026274
15 18 0.12347811917009466
15 19 -0.004372963991370927
15 20 1.7817097384101286
15 21 -0.5465474997790598
15 22 -0.8158060875488903
15 23 0.16139044795728427
15 24 -0.9099769807350999
15 25 0.5494762146395572
15 26 -1.3553827416318467
15 27 0.5276364548038993
15 28 -0.43968576848643626
15 29 1.358894059133138
15 30 -1.329126900915783
15 31 2.3153086528470816
15 32 -0.5682315978737265
15 33 0.44388595658388635
15 34 -0.7568906364248064
15 35 0.8390212003723929
15 36 0.7723579032459299
15 37 2.49064658936122
15 38 -0.3029276412796565
15 39 -1.006290404202184
15 40 -0.4320742551364668
15 41 -0.5496866308541128
15 42 0.24221402393759967
15 43 0.16893496950995293
16 16 0.6835790540647371
16 17 0.05861513329890532
16 18 0.5286510372121188
16 19 -0.7611969156105475
16 20 0.3175400638432148
16 21 -0.5681177136323929
16 22 -0.203421700374338
16 23 -0.26401328301348437
16 24 0.18466282753307256
16 25 0.03590394145139068
16 26 -1.2108483696237704
16 27 0.6686036086328289
16 28 0.3683907893357414
16 29 -0.887393916512979
16 30 1.5713965107905852
16 31 -0.7248709144600616
16 32 -0.1726393510659585
16 33 -1.355208349862397
16 34 -0.04266599304285054
16 35 0.41237769240824945
16 36 -1.1580483634698415
16 37 -0.808619753243098
16 38 0.46127571530018574
16 39 -0.26784611100127836
16 40 0.3560040266487678
16 41 -0.5816031952555715
16 42 0.3454940526024765
16 43 -1.1048776045003974
17 17 -1.0656430672997086
17 18 -0.3330422109847186
17 19 2.050128992701665
17 20 -0.6972232953660384
17 21 0.17232448309195939
17 22 -0.8211019523469294
17 23 -1.2593498163355792
17 24 0.49447409932742253
17 25 0.8277756117281007
17 26 0.6802642623988725
17 27 0.5906611835380262
17 28 0.51355321570954
17 29 -1.1379147462843826
17 30 0.08299697365783375
17 31 1.7799290533107515
17 32 -1.1651681951845367
17 33 0.9307051388722899
17 34 0.9621948040381859
17 35 0.7208277011916814
17 36 -1.4852444838549894
17 37 1.011287690516947
17 38 0.1069623099092823
17 39 -0.21665858875562355
17 40 -0.5964431493996981
17 41 -2.368310947824896
17 42 0.6771164621799887
17 43 -0.7176538550243026
18 18 -0.25860607969429295
18 19 0.6526330903384645
18 20 -0.32717968515818263
18 21 0.18379491615443685
18 22 -2.1477698802445913
18 23 -1.8646746410522987
18 24 -0.364375201479119
18 25 0.7904233718068634
18 26 -0.35832097152999576
18 27 -0.40715806501840723
18 28 0.5774957557579505
18 29 -0.560245957584712
18 30 0.16429696723153728
18 31 -0.3438484935246354
18 32 0.8546501251317226
18 33 0.6621158530847555
18 34 0.14438968660684867
18 35 0.6275417031206246
18 36 0.3518984870005607
18 37 -1.0918623487624293
18 38 0.0299249485835587
18 39 -1.4246061766788078
18 40 0.002649963993822088
18 41 -0.7327482893855929
18 42 0.5415155362830668
18 43 -0.12311156529950976
19 19 0.5001011187461223
19 20 -0.030292096525172812
19 21 0.05261131380557626
19 22 0.38822210639765453
19 23 -0.5219027012359
19 24 -0.7259682668240363
19 25 -1.4153924889821263
19 26 0.4983953326709395
19 27 -0.3877937225828696
19 28 -1.6816025384482238
19 29 0.7901735866322795
19 30 -1.2921301992552314
19 31 -1.4512801912003055
19 32 0.5623904959995175
19 33 -0.774155518330274
19 34 -1.3499026692139182
19 35 -2.3955071368415903
19 36 -0.6283978603314276
19 37 -0.2578403496096721
19 38 0.32232406363650173
19 39 0.5349997185215729
19 40 -1.0038804566893675
19 41 0.45338242851570354
19 42 -1.0863316788509618
19 43 -1.2014621186511525
20 20 0.6379529941355262
20 21 -0.44015283886121287
20 22 -1.6692585302976937
20 23 0.7214241632670416
20 24 0.1323665220684058
20 25 0.5615021260220643
20 26 -1.4444999790263129
20 27 -1.8207190265021989
20 28 -0.006265072054860355
20 29 1.5716206532196435
20 30 0.9971123660296806
20 31 0.06450891743015863
20 32 -0.31434225529609006
20 33 0.829595178643734
20 34 -0.8027773669770871
20 35 0.7044031901096236
20 36 0.17725410109087195
20 37 -0.5384624286087446
20 38 -0.29536948368260324
20 39 -0.09598688614067308
20 40 -0.43309511502223225
20 41 -1.2055096983455165
20 42 0.02130217114292027
20 43 1.5426269512294422
21 21 -1.693253589349415
21 22 -0.29873867383936364
21 23 -0.09704295013596191
21 24 -0.01564728575055582
21 25 -0.5604904570616344
21 26 0.5811995671353941
21 27 0.4469514140243322
21 28 -1.8497047892734757
21 29 -0.4970646659130166
21 30 0.39335301443341253
21 31 1.1831373635851674
21 32 2.089781052371264
21 33 -0.5199182485285344
21 34 -0.04693881481779954
21 35 1.8254325039284232
21 36 0.19892048324557995
21 37 -0.46828356850357733
21 38 -0.44342318993827745
21 39 0.2951543945633254
21 40 0.5280928603684492
21 41 -0.21722113210575716
21 42 -0.4915864895672243
21 43 -0.049476140651884194
22 22 -0.1140700459247433
22 23 -1.9425528174065538
22 24 -0.3617402977880833
22 25 -0.9203211183133487
22 26 -0.5029348478848659
22 27 0.12672491757907425
22 28 -1.3219563307300166
22 29 -0.6939360345833384
22 30 1.2040901497966352
22 31 -0.21784294936630452
22 32 1.0999433713122269
22 33 0.7501383506124222
22 34 0.6568102715513906
22 35 -1.138973067320743
22 36 -0.29069220740465596
22 37 0.7440690344048522
22 38 1.490533893442924
22 39 0.7340874000197236
22 40 0.8781986213250917
22 41 0.2620185451119477
22 42 -1.2421538486745067
22 43 -0.6788144400366584
23 23 1.0252824807147332
23 24 0.6635896554608838
23 25 1.3312255068246746
23 26 -1.087749276723655
23 27 1.2512094088659105
23 28 0.02210729554771953
23 29 1.4855527715762002
23 30 -1.2639949168645037
23 31 0.9585401025682742
23 32 -0.21404441901686203
23 33 1.4951121016584512
23 34 0.7248820649420862
23 35 0.6593449455489364
23 36 -0.9353846827105913
23 37 -2.1461277860220758
23 38 -1.4885417372481986
23 39 0.9098686437667827
23 40 -0.32956276588668015
23 41 0.8708905837737446
23 42 0.8423471852947045
23 43 -1.2941048318217834
24 24 -1.5594205253209248
24 25 0.9629346317933685
24 26 1.312492815814625
24 27 -1.058908854672633
24 28 0.985463886790758
24 29 0.6007567545639464
24 30 -0.7628776148421703
24 31 1.656880394181784
24 32 0.3975971117712862
24 33 -0.7334157573027138
24 34 1.3375019121979708
24 35 -1.1067076562479379
24 36 0.004770991144580251
24 37 1.16847899233449
24 38 -0.2754888336148806
24 39 -1.9448809370548485
24 40 1.1697659836369636
24 41 1.7325029233791198
24 42 -0.49588820198305333
24 43 -0.6577697941619692
25 25 -0.6186094755427698
25 26 0.09524805507899989
25 27 -1.1731737113939524
25 28 -0.40897194792469116
25 29 0.10802387252266177
25 30 1.4122297329139861
25 31 -0.9444453052786762
25 32 1.034897175302702
25 33 0.7176775911910843
25 34 -1.4484336319731568
25 35 0.5192428749507466
25 36 -0.07216049412615587
25 37 1.4783657947344646
25 38 0.0001801921377495325
25 39 -0.5469029746222349
25 40 0.01726187484569196
25 41 0.02224758996288969
25 42 -0.10367009996259596
25 43 -1.0433910473246206
26 26 -0.022477783968956073
26 27 -0.5641121646863144
26 28 0.34531035509321484
26 29 0.39542706233801034
26 30 -0.0020010994232822236
26 31 -1.4535199145884923
26 32 0.00613275388018679
26 33 0.2574696129154232
26 34 2.314298925412867
26 35 0.7793626577131044
26 36 0.8744593598933805
26 37 -1.278256530518816
26 38 0.7792158386764241
26 39 -0.21122490436773192
26 40 0.087250761009434
26 41 -1.418371294088692
26 42 0.6544135388043273
26 43 -1.30811676818342
27 27 -2.1655905369689745
27 28 -0.9378183835734619
27 29 -0.39111984380078574
27 30 0.10084512049996405
27 31 -0.32487125532084005
27 32 0.6202754075755423
27 33 0.5950142714739056
27 34 0.963330007551428
27 35 0.006686436643079898
27 36 0.7033392145748746
27 37 -0.48679055113529823
27 38 -0.28416429773064694
27 39 -1.3413319479272845
27 40 2.0897021575599237
27 41 1.1051452165523996
27 42 -0.3952614245335846
27 43 -0.3531427417985238
28 28 0.035138525037239
28 29 -0.3519735058234292
28 30 -0.9298927449809985
28 31 -0.9083961979838493
28 32 -1.5134441649520227
28 33 0.9925696550544897
28 34 -1.1330853179803873
28 35 0.11231005076371443
28 36 -2.336402251213483
28 37 0.3902092159023729
28 38 1.3525112160576729
28 39 1.42015953330953
28 40 0.7123515791362494
28 41 0.7781291177287063
28 42 -1.600698647061475
28 43 -0.16808391641162812
29 29 -1.9823574974594231
29 30 -0.7779355436530295
29 31 0.002285121086899719
29 32 1.364536453232147
29 33 -0.6297502489691655
29 34 -0.34222639760295864
29 35 0.5289520085942467
29 36 0.5035386953808405
29 37 -0.4854362402729524
29 38 0.21846140490818813
29 39 -1.166620222725496
29 40 0.5015623798302293
29 41 -0.8730524437261784
29 42 -0.8187049090627672
29 43 0.8098592794642567
30 30 0.597620129737724
30 31 0.24496033394830646
30 32 0.7435229317333645
30 33 -0.9288522621002061
30 34 1.2793765647959576
30 35 1.4335281831727724
30 36 0.7764892501287264
30 37 0.03062555711872784
30 38 0.8730459680489642
30 39 -0.5293465857032463
30 40 0.20786042027158816
30 41 1.8253741146035596
30 42 -0.40413501512836697
30 43 -0.5019245913754775
31 31 0.12442843023335749
31 32 0.056769141286767334
31 33 -1.1416521869594356
31 34 0.41392311180583635
31 35 0.19397747960476736
31 36 0.2737607511062479
31 37 0.5203066573413705
31 38 -0.08592100769101604
31 39 0.7273712426674942
31 40 -0.37757399062465463
31 41 2.597511118215946
31 42 0.6949595315052297
31 43 -1.263092912237935
32 32 -0.47979060353934483
32 33 0.8412398262657194
32 34 -1.0581836850003974
32 35 -1.5242043407899202
32 36 -0.31454502931860817
32 37 -0.22205041895750843
32 38 0.7926260362364459
32 39 -0.5832319443785717
32 40 -0.05818189101497931
32 41 -0.9239791719756205
32 42 0.18929144417403276
32 43 -0.5513581296081378
33 33 -0.04295507088636026
33 34 0.9204828732966086
33 35 -0.3388513165712042
33 36 1.0228173810967456
33 37 -0.22883956379595413
33 38 1.6028578825431428
33 39 0.4928206075403492
33 40 0.06615681731666155
33 41 0.6526321078694028
33 42 -0.5507545782882993
33 43 1.7569331337363614
34 34 0.5955770402569412
34 35 -1.4944225274294447
34 36 -1.940870741445815
34 37 -0.1429927387915024
34 38 -1.0978672391747257
34 39 0.03810970451834204
34 40 -0.1566514759818964
34 41 -1.2194968792785308
34 42 0.2783135816659032
34 43 0.18633687646696165
35 35 -0.8351322169717554
35 36 -0.03842796046749134
35 37 0.5612402007939987
35 38 -0.5712007063189535
35 39 0.1007720182969479
35 40 -0.6710799100354866
35 41 0.2405706448050259
35 42 -0.29677790237489604
35 43 0.47423456878986314
36 36 -0.13882456375952046
36 37 0.9766850799040022
36 38 1.0510424182405753
36 39 -0.456809968608354
36 40 -1.313878403267123
36 41 0.5034140703139391
36 42 0.6205913349277475
36 43 0.3044021105606498
37 37 -0.3768858153776146
37 38 0.3481164779847967
37 39 0.33869881656102196
37 40 -1.2107816485026281
37 41 -0.31880553817346596
37 42 0.6982122785186434
37 43 -1.5999881068694293
38 38 1.1660230527938347
38 39 -1.1054828990915992
38 40 1.003822888128016
38 41 -1.062561151808812
38 42 -1.11199359846427
38 43 -0.25355032829473945
39 39 -2.245438396820172
39 40 0.6726407684924145
39 41 -0.18840992607926282
39 42 1.4608519543211707
39 43 -0.9477244852707917
40 40 -0.34809560091457864
40 41 -0.013857050889180845
40 42 0.6914914799950803
40 43 1.1583752777992975
41 41 -0.5886739666860371
41 42 -0.06367884209335702
41 43 0.10449409234018414
42 42 -1.2662981456284168
42 43 -1.234412876223454
43 43 0.9212370513254867
