0 0 0.8688522038766275
0 1 0.8647890664433578
0 2 -0.13264069956687655
0 3 0.1579141537420577
0 4 0.019198445829044473
0 5 -0.819189605093688
0 6 1.5443620614967855
0 7 -0.7816983628079711
0 8 -0.6616362529902103
0 9 0.1786079416172845
0 10 -0.37874993335240265
0 11 1.5095681171797555
0 12 -1.365188819900947
0 13 0.20413841320416215
0 14 0.07077585626632846
0 15 0.607052941870726
0 16 0.475416439567357
0 17 0.33329188971991386
0 18 -0.39098754801321295
0 19 1.3453878084442794
0 20 1.0730351705467327
0 21 1.3316971619539935
0 22 0.3706660581075457
0 23 1.4371734966431657
0 24 -0.017217879335943598
0 25 0.2855107836441868
0 26 -1.1476805168520305
0 27 -0.35586149452580473
0 28 -0.6103972923145037
0 29 1.1232346512486062
0 30 -0.785642089469286
0 31 1.0044569305876911
0 32 -0.4158230612462978
0 33 -0.7801809633536687
0 34 -0.014754040268297321
0 35 -0.11872010598219904
0 36 0.07958133204987644
0 37 0.3208923704647378
0 38 -0.6870551875262825
0 39 -0.7081156546070757
0 40 -1.695591226179768
0 41 0.526866000924248
0 42 0.44033416805625236
0 43 0.662418269197773
1 1 0.40012438086292723
1 2 -1.357186028078922
1 3 -1.3935248448000124
1 4 1.3677262913299577
1 5 0.31490663099217225
1 6 0.26377802695592073
1 7 -1.7632392815856919
1 8 0.9080704130038901
1 9 -1.2520429919826985
1 10 0.5536511090229014
1 11 -0.3049759584053866
1 12 0.3702605050310785
1 13 -0.9923300378706688
1 14 0.4132505088215329
1 15 -0.4334063262581685
1 16 -1.298931111170925
1 17 -0.7452781969163768
1 18 0.040720771861320566
1 19 0.37210609903145336
1 20 -0.423016472832439
1 21 0.4557307484799928
1 22 2.347182812643909
1 23 0.3579802005352097
1 24 0.9411751911634405
1 25 -0.09748716290123757
1 26 -1.5856644920054923
1 27 0.9616868802637004
1 28 0.3780586639918005
1 29 0.5855054181448034
1 30 0.4902413772849229
1 31 -0.6598174827439673
1 32 -1.7427083640336696
1 33 -1.0902835192533167
1 34 0.7134683332546774
1 35 -0.6837303137386679
1 36 0.13167444641265033
1 37 0.4701015816215286
1 38 1.8244078704558566
1 39 -0.6235749401635394
1 40 -0.3568952461552102
1 41 0.46778618586818727
1 42 0.4850490861504456
1 43 0.3993940551831691
2 2 0.34555417362343827
2 3 1.7431279512932323
2 4 -0.9416480275357709
2 5 -0.2835694182519085
2 6 -0.6943107083987686
2 7 -1.9481155901875342
2 8 -0.35171217343684463
2 9 0.8272841603654589
2 10 -0.835946233274901
2 11 0.8769574085440156
2 12 0.4776578720252133
2 13 -1.263683083737047
2 14 0.38720952530569447
2 15 1.052716292946175
2 16 2.381631561369109
2 17 0.21101612366437594
2 18 0.3220712610739374
2 19 1.0182027051810614
2 20 -1.2693868405009634
2 21 -0.1832439281306217
2 22 1.9155835994847363
2 23 1.7210562135916088
2 24 0.071643835003052
2 25 -0.3523151888718235
2 26 -0.7859690459335268
2 27 0.8005475341972336
2 28 0.5455218736023216
2 29 0.5123800969190978
2 30 -1.4676684013545744
2 31 1.0412166587157328
2 32 -0.5115716046363196
2 33 0.6588895146052635
2 34 -1.049979227391763
2 35 1.8341845682500417
2 36 -1.302010643963785
2 37 1.242440942673972
2 38 -0.09717885698181898
2 39 -0.37969815399479334
2 40 -0.6823177587609717
2 41 0.15291941097948542
2 42 -1.0662048615419246
2 43 -0.11028485975178402
3 3 0.7669677127958244
3 4 1.2771483478168641
3 5 -0.9638707886479808
3 6 0.3624198884779364
3 7 2.253254379238986
3 8 0.08627280258347976
3 9 -2.4867528820136036
3 10 1.3527461287473939
3 11 1.159497853814123
3 12 0.6055082478755134
3 13 -0.5566154159572113
3 14 -1.0976027903659895
3 15 -0.46696499390599067
3 16 0.2600695453134843
3 17 -0.4324245878827521
3 18 -0.19743889767871517
3 19 0.6006824650254554
3 20 -1.298653015951787
3 21 -0.21567282857365316
3 22 -0.7995363598114905
3 23 0.2257716565682414
3 24 -1.0339299686378431
3 25 -0.9471520146696673
3 26 0.3925659970529159
3 27 -0.1418817123732476
3 28 -0.5518459827574732
3 29 2.2387437351935118
3 30 -1.275234728320193
3 31 -1.1758960286214568
3 32 0.04374717741563704
3 33 1.9041376471992635
3 34 0.7498538356551406
3 35 -1.5374583321359145
3 36 -0.6957369103867721
3 37 0.924314557739894
3 38 -0.1061591727610254
3 39 1.5231508085428547
3 40 1.6348316693837326
3 41 -0.6268878951982918
3 42 1.2135903957757197
3 43 -0.9225883528720953
4 4 0.46492845103590336
4 5 0.13707762445055954
4 6 -0.7648125889891864
4 7 0.6450084841642392
4 8 0.39971636359907037
4 9 1.6032785217132541
4 10 -0.7186014232619752
4 11 -0.8528805101757893
4 12 0.15364470068916533
4 13 -0.4482669936290958
4 14 -0.5823299188525014
4 15 -0.0607152509759177
4 16 0.5234524698640762
4 17 -1.5122236847860004
4 18 0.8127370635409843
4 19 -1.2327577694990532
4 20 -1.8859773780920435
4 21 -0.6569872192386053
4 22 -2.5870673971187688
4 23 -1.946770883870344
4 24 -1.1945065680746625
4 25 1.4000691751674388
4 26 -0.006153595965247871
4 27 0.8123311884853484
4 28 -1.245489437849086
4 29 0.11899905287652565
4 30 -0.07450252262947897
4 31 0.7090459439708678
4 32 0.47789831144606926
4 33 0.24740168981332952
4 34 0.3918237713764534
4 35 0.22947077144743813
4 36 -0.4508614646118517
4 37 0.02304738367166854
4 38 0.29623626296251243
4 39 -1.8789299175018737
4 40 -1.2565700739877614
4 41 -0.30454474406948695
4 42 0.6706646124629878
4 43 -0.38496949250591284
5 5 -0.22589111808497356
5 6 -0.6983534257131881
5 7 0.4719236330673082
5 8 0.1043862571562213
5 9 0.2420815272672155
5 10 -0.44903426574503225
5 11 -1.1015585504956786
5 12 0.8120911272878275
5 13 0.43170702819259893
5 14 0.5848227657767024
5 15 1.3625885414446552
5 16 0.3166309350090871
5 17 -0.0708831292578743
5 18 0.4154101829306507
5 19 0.4096860327809605
5 20 0.36982675886772715
5 21 -0.678311678177463
5 22 -1.9088349778161664
5 23 0.40712097650682294
5 24 1.3638837664659749
5 25 1.2548814480555925
5 26 1.3150448359129183
5 27 1.6157486729576105
5 28 -0.003125307563405289
5 29 -1.3351208080786097
5 30 0.8810611784593155
5 31 1.2472741178900675
5 32 -0.18936915984121874
5 33 0.2518721459064284
5 34 0.37471437718843253
5 35 0.2744622004656559
5 36 0.7169958417374521
5 37 -0.5742747564312365
5 38 -0.9414981014000857
5 39 0.19978828331502346
5 40 -0.5317487003747612
5 41 0.4566775685929561
5 42 -0.176925577100479
5 43 -1.106569576937266
6 6 -0.14964411301848748
6 7 -1.3988202906914906
6 8 0.7134610892001685
6 9 0.28807010833066865
6 10 -0.47801213174244417
6 11 -0.11287522836212013
6 12 -1.5257831671316584
6 13 0.3602458663704879
6 14 0.22412002064353487
6 15 0.23929307724705332
6 16 -0.0005223432753697213
6 17 -1.7738091399568199
6 18 -0.13668967341033095
6 19 0.4206244173416142
6 20 0.39251984808354917
6 21 1.02529395188211
6 22 -0.07771061625365383
6 23 -1.5544726430955398
6 24 -0.6830170945291402
6 25 -0.8538588656860758
6 26 -1.4230493715007315
6 27 -1.039367934479832
6 28 -1.0998611758517758
6 29 -1.336214445459598
6 30 -1.375368874275787
6 31 -1.437202991370469
6 32 0.9790266383574929
6 33 -0.42921815879886266
6 34 0.7399075350854267
6 35 0.6838206679187828
6 36 -1.7716635442099995
6 37 1.1793427900861981
6 38 0.7737122579120395
6 39 0.1307007730658168
6 40 2.369885812878666
6 41 1.2830193452848295
6 42 -0.9773292701435301
6 43 -0.8393100917130312
7 7 0.5683080589375739
7 8 -1.9515215765420104
7 9 0.9645800360509342
7 10 0.730341523164525
7 11 0.4844174547937442
7 12 -0.5885353853130342
7 13 0.9406521962668921
7 14 1.7383400381792928
7 15 -0.5901770834384797
7 16 -0.5783347316257129
7 17 -1.4624257015132271
7 18 -0.07694460942393824
7 19 -0.35144877020104487
7 20 1.2577001359723292
7 21 1.0062959982182278
7 22 1.0340015503843738
7 23 0.8041882927704368
7 24 1.7141644963189528
7 25 -0.7991739872725729
7 26 -2.0283681780822387
7 27 -0.44292368176083774
7 28 -1.0589604747717245
7 29 1.0137235893765748
7 30 -0.8922807769667442
7 31 0.8884321184116725
7 32 -0.7699980370834356
7 33 -1.039003975662899
7 34 0.07421005511648758
7 35 2.049984798674234
7 36 0.7387029244261947
7 37 0.05467921039573006
7 38 -0.2735153469658156
7 39 0.5825246464289681
7 40 -0.8552538511431292
7 41 1.1217749479306873
7 42 -0.3529479353268364
7 43 -1.1522742692804377
8 8 -0.58117202896003
8 9 1.1082404398961918
8 10 -0.3243831297207302
8 11 -0.46481667389078557
8 12 -0.06612053483027441
8 13 0.11939325561984435
8 14 0.5237767063668829
8 15 0.22176333332426015
8 16 -1.4269300816824726
8 17 0.3129479900841858
8 18 0.2534098347664765
8 19 0.24640203806889172
8 20 1.0931930707535618
8 21 -0.8821411743847778
8 22 -0.7442728886259637
8 23 -0.043461448511102854
8 24 2.3398929790314136
8 25 -0.9242423050918825
8 26 1.1639273247021482
8 27 -1.209812568840331
8 28 -1.5009237249374585
8 29 -0.31081511835298514
8 30 -1.0034424513136526
8 31 -1.3420604774528866
8 32 -0.5793379823117467
8 33 0.7090755758090874
8 34 -0.20979642172167096
8 35 -1.9069963985789844
8 36 -1.82564992048242
8 37 -1.031890404685258
8 38 0.2736749466617088
8 39 0.6099219851363995
8 40 -0.7880979761256565
8 41 1.6243841834489077
8 42 0.0522502740301942
8 43 -0.7777372440684447
9 9 0.42330542438733504
9 10 0.5381739152979774
9 11 1.7216370520403803
9 12 0.3759990826356994
9 13 -0.7943798945479956
9 14 1.4721451218144495
9 15 0.5652961371395617
9 16 -0.9541548719418242
9 17 0.033717137638790404
9 18 0.8872570735666115
9 19 -0.9647458151932677
9 20 -1.8112487519524205
9 21 0.6479837871608973
9 22 0.7273677043841702
9 23 -0.4546416470744334
9 24 -0.022342273332836053
9 25 -0.993068694778552
9 26 0.931210249930709
9 27 -0.2054099019288706
9 28 0.4908018020186208
9 29 0.3357053697924374
9 30 -0.6403286174283811
9 31 0.46909255648211023
9 32 -0.444859339591483
9 33 0.5359823897811921
9 34 0.33366258206635374
9 35 2.5533497049352754
9 36 0.869651047243172
9 37 1.3480398141839598
9 38 -0.6344064454613835
9 39 2.8460870349593432
9 40 -0.44595352068031235
9 41 0.2973763267238348
9 42 -0.4606821668306698
9 43 -1.3474817616323913
10 10 0.9365375559571956
10 11 -0.6763687292262
10 12 0.6045974321174222
10 13 -0.8549895730309215
10 14 0.5232606394981657
10 15 0.3399444257426037
10 16 -0.4388840097011397
10 17 0.3576463682934857
10 18 0.12191411084186977
10 19 -0.06830005483674749
10 20 -0.8182397352321017
10 21 1.069858041716019
10 22 -2.7694148114367527
10 23 -0.4705529256324075
10 24 -0.10726136172548349
10 25 -0.6989768887920733
10 26 -1.6529947151362334
10 27 -0.5423578408075658
10 28 0.27253671586532674
10 29 1.525239713125587
10 30 -1.1477940614715902
10 31 -0.2452939053170268
10 32 -0.5529727018437796
10 33 -1.1764083357093833
10 34 0.10149643539512516
10 35 -2.7706118998626663
10 36 -0.8496872852822218
10 37 -0.25954928351030854
10 38 -0.12609724963808294
10 39 -0.7954693074510689
10 40 0.48385811049677463
10 41 0.3471050855034979
10 42 -1.0442372009107106
10 43 -0.36627880950697
11 11 0.2619477532740501
11 12 1.6742259856107067
11 13 -0.40094278755954427
11 14 -0.4420151528787284
11 15 -1.4834322098795791
11 16 0.4308532796486539
11 17 1.0627262444602432
11 18 0.6431056772834433
11 19 -0.3850742387319055
11 20 -2.2417546917118427
11 21 -0.0452860809897458
11 22 -0.999347031962018
11 23 1.3719636556988273
11 24 -0.8471726271680032
11 25 1.2957351370439718
11 26 -1.8395792558236166
11 27 0.3216127469123493
11 28 0.44225087220707754
11 29 0.1464446896702775
11 30 -0.5553018769889899
11 31 0.7794441276317944
11 32 0.9757605728427483
11 33 0.9412333313920004
11 34 -0.9101515178838796
11 35 -0.6394983361258321
11 36 -1.2140397968570384
11 37 1.0867727114856731
11 38 -0.7287385385759576
11 39 -0.37236518613350245
11 40 -1.2571032130024327
11 41 0.12672873559484457
11 42 0.43956596265784564
11 43 -1.446616404042023
12 12 0.8262258928832144
12 13 -1.5605624582115087
12 14 0.6756462256793091
12 15 1.711079012390548
12 16 -0.652726971567522
12 17 -0.3849203172125795
12 18 0.38274199881692705
12 19 -1.4059627121870437
12 20 -1.866439675263131
12 21 -1.5445892616438792
12 22 -0.5610298603022378
12 23 0.035286411931292394
12 24 1.4957123689580312
12 25 1.0030876666484199
12 26 0.3415492935674222
12 27 1.4823238003326342
12 28 1.0476065002298953
12 29 -0.8165592670615192
12 30 -1.220534362369403
12 31 0.3896172084689187
12 32 0.05631354157428666
12 33 -0.17424708002311257
12 34 -1.0807616560969922
12 35 0.34429983569535905
12 36 1.0084278090914174
12 37 0.6669250086887148
12 38 -1.0069444584963985
12 39 1.7831652315393547
12 40 -0.49422024435714546
12 41 -0.4821343977345932
12 42 -0.502149535128696
12 43 0.16070605148952194
13 13 -0.8584825800949832
13 14 -0.5503795062593668
13 15 -0.3187857421772066
13 16 -0.010097326231989032
13 17 2.1469978659621964
13 18 -1.2453028258282983
13 19 -0.25965547494841906
13 20 0.24038211122913972
13 21 -0.8115219070264448
13 22 0.6886656696295383
13 23 0.6589275884370278
13 24 -2.551162237636156
13 25 -3.246226589519279
13 26 -1.235059450643217
13 27 0.4371398891027755
13 28 -0.09314067883642123
13 29 0.5169778585872956
13 30 -2.6165455691006176
13 31 0.8793911298619101
13 32 -1.2058437623159568
13 33 -1.0061286038941497
13 34 1.1162332843405594
13 35 -1.99509922107735
13 36 0.9628531708933202
13 37 -0.6115108225006782
13 38 1.665715623464355
13 39 1.4028406886943487
13 40 -1.5601984709679988
13 41 -0.6589445053230273
13 42 -1.1655674842948383
13 43 -0.32861595469119037
14 14 -1.583396760529307
14 15 0.26363542777821486
14 16 1.0750005454137204
14 17 -0.2138070123684318
14 18 -0.07350275973163185
14 19 0.442777611518633
14 20 0.4480863934079891
14 21 -0.3096286782892585
14 22 0.4438957193753899
14 23 -1.0482615144934555
14 24 -0.0750847376786652
14 25 -0.6150406717003869
14 26 0.0018413615665758994
14 27 1.2749172770423713
14 28 -0.06616171318141471
14 29 -1.7704783665345285
14 30 -0.24747566024757595
14 31 0.49932332878720365
14 32 0.5547745830303459
14 33 0.152194592837578
14 34 0.37849446193074476
14 35 -0.6589209825082261
14 36 0.17226426644756418
14 37 -1.4536099011577726
14 38 0.8623877981212825
14 39 -1.6241297083688047
14 40 0.959874823832132
14 41 0.46052557992166065
14 42 -0.14605572409391115
14 43 -0.40807953952022685
15 15 0.8415430095731878
15 16 0.019492882023435465
15 17 0.039921790367568336
15 18 -1.6766611159729174
15 19 -0.39893634608658957
15 20 -0.13579710976724965
15 21 0.9047649751866614
15 22 0.03955166554527974
15 23 0.5371328593333854
15 24 0.7868338277744776
15 25 1.3195355619583693
15 26 -0.01744593848530257
15 27 -0.423579265670782
15 28 -0.47186153408161424
15 29 -1.025026079398767
15 30 0.5052619648683897
15 31 -1.4636220568645826
15 32 -1.9885261676927533
15 33 -0.41110778649572777
15 34 0.1199893846455306
15 35 1.1665796172947764
15 36 -1.2092457412251683
15 37 0.7021846091372098
15 38 0.6598083009204575
15 39 0.11590918097275023
15 40 -1.0640150463157303
15 41 -0.2128557559929351
15 42 -0.47199579321347074
15 43 -0.6971919554323792
16 16 -0.5010698140495776
16 17 2.3920081045765653
16 18 0.09369133517071568
16 19 0.32906493182290103
16 20 0.21734154630458888
16 21 -2.011806811009681
16 22 -0.9087517949210027
16 23 2.0157093330792044
16 24 0.15496883907254244
16 25 -0.073968853483607
16 26 -0.4126419153129213
16 27 -0.5670808038889319
16 28 -0.5276459785549006
16 29 1.6437840914305144
16 30 -0.4538317790999267
16 31 -0.15807503210132684
16 32 -1.8432865054165697
16 33 1.3182111922967055
16 34 0.25836989674925487
16 35 1.082128291239853
16 36 0.23869223434081344
16 37 0.4340782164904508
16 38 0.3057882361014978
16 39 -0.26694961147526125
16 40 -2.09033430966248
16 41 -2.103960798354375
16 42 0.16876737337325753
16 43 0.6783416991785898
17 17 1.3713722691276624
17 18 0.03906816330172481
17 19 -0.4547408850652325
17 20 -1.0515973074366045
17 21 1.6986532912839511
17 22 0.07941490353556178
17 23 -0.545177481567774
17 24 -0.3921807883903404
17 25 0.5933854231612662
17 26 0.26731867184566693
17 27 -0.44874081912135994
17 28 -0.4096615618313562
17 29 -0.09541636683006752
17 30 -1.3021450469398606
17 31 -1.7228908219114767
17 32 -0.23900706950114314
17 33 0.2967445588490171
17 34 1.6239311381830124
17 35 0.058058999343135874
17 36 0.45682459927266933
17 37 -0.6587405074339272
17 38 0.2747123044776893
17 39 -1.4740465143997359
17 40 -0.9586579816513585
17 41 -0.6242630644748144
17 42 1.553345873435052
17 43 -0.08199770848912714
18 18 0.13348662105138795
18 19 -0.5782193230099443
18 20 -0.5945395837793928
18 21 1.682949516361356
18 22 -0.3497481832850307
18 23 0.9556484414474518
18 24 1.317922961960068
18 25 -1.0018499077380796
18 26 0.26347756982396386
18 27 1.377172571879143
18 28 -0.23960236289063747
18 29 -0.4555809617310642
18 30 -0.556150504614823
18 31 -1.280023064815428
18 32 -2.1228243107703366
18 33 -0.8739944190931497
18 34 -0.7838102629508553
18 35 2.960986377299107
18 36 0.6095636619044568
18 37 -0.5512079700745708
18 38 1.5576986938989883
18 39 1.636010472099464
18 40 -0.13182845945979896
18 41 -0.8823758350079192
18 42 0.7068679411954176
18 43 -0.2600077681219494
19 19 -0.403706886801399
19 20 -0.48612750532177657
19 21 0.672736491541422
19 22 0.5661248608208473
19 23 -1.8716231485480668
19 24 -1.2425475941430217
19 25 -0.9574782197304958
19 26 0.45700598265436726
19 27 0.44280756990377573
19 28 -0.06523846410468181
19 29 0.007669404369316606
19 30 -0.05251149745482061
19 31 -0.03046190290407486
19 32 0.5835102471175148
19 33 0.07003462345458954
19 34 1.4449849676715671
19 35 0.0648867628935473
19 36 -1.5418401304470555
19 37 0.13310847299544637
19 38 -0.6201373224437227
19 39 1.1677466065781454
19 40 0.8998365400983078
19 41 1.6554710468093377
19 42 0.3237887607159609
19 43 -1.4661915188756236
20 20 0.8533542032433946
20 21 -0.8112810610673687
20 22 0.6938200055287073
20 23 0.3063400318580922
20 24 1.3855119565338185
20 25 0.08729353978479547
20 26 0.6607439136417764
20 27 -0.8041108384491955
20 28 0.7201793009911693
20 29 -0.42501278645226426
20 30 0.9079629446111144
20 31 0.41077478013052493
20 32 -0.526431608225935
20 33 1.2123207704883512
20 34 1.222900451598232
20 35 -0.2463752186853306
20 36 -1.2993862478899336
20 37 1.2767427047739195
20 38 0.4741899535775898
20 39 1.172680156536037
20 40 -1.4293556723180165
20 41 -0.4128281988768503
20 42 0.2911840895863098
20 43 0.7922850179835789
21 21 -1.3898662579693684
21 22 -0.8982221940997747
21 23 -1.6533109583047783
21 24 -0.23894938747428904
21 25 -0.3135224412972749
21 26 -0.934118934459834
21 27 -0.8357724853456804
21 28 -1.0936075795638835
21 29 1.559297689425979
21 30 -0.2901618212351287
21 31 -0.4272036437658364
21 32 -0.36226781914768713
21 33 -1.1760008194486438
21 34 -0.15076787387426677
21 35 0.05644055447677069
21 36 -0.47081092919204404
21 37 -1.2421095270338613
21 38 0.07926671170124773
21 39 0.9635626905878454
21 40 0.7817950498640469
21 41 1.2062596723068362
21 42 0.1565949963470909
21 43 -0.30865165980464165
22 22 0.7499204219780281
22 23 1.0120103078525844
22 24 0.8029297192431126
22 25 1.6289823454421994
22 26 -0.14997644057728815
22 27 -1.3059576070639487
22 28 -1.109916841905977
22 29 -0.9056934122743413
22 30 0.2914836830361887
22 31 0.26586892545400326
22 32 -0.7479838568972049
22 33 1.1330493552312966
22 34 0.45884339664388357
22 35 -2.964391180131348
22 36 0.277990405771424
22 37 -1.5034450157361903
22 38 1.745451435800076
22 39 -0.5494197630787171
22 40 0.21442827243820498
22 41 0.28422311487430185
22 42 -0.7548621007484944
22 43 -0.7221691688946417
23 23 0.29775710888742296
23 24 0.13298298919773013
23 25 1.4561366015237118
23 26 -1.0868592157775012
23 27 0.7766311417245076
23 28 -0.5811757338215805
23 29 1.320950634178824
23 30 0.687127538397161
23 31 0.12411055404872731
23 32 -1.43805806533997
23 33 0.07272757164624144
23 34 -0.34646802029136536
23 35 -0.40604834811610707
23 36 -1.4535498176475103
23 37 -0.40413452650898285
23 38 -0.5108137433920276
23 39 -0.302855927614627
23 40 -2.608377767977166
23 41 2.1286832661035073
23 42 -0.4320122612567572
23 43 0.8393243030250551
24 24 -0.11267920669784703
24 25 -1.7139773572304193
24 26 -0.13160752728268424
24 27 -0.36239513444616034
24 28 -1.8106741506687059
24 29 0.09735151825749717
24 30 -1.594590421286485
24 31 -0.8764949798174301
24 32 0.6926966294310086
24 33 -0.9048593258998744
24 34 -0.15657898396035108
24 35 -2.114191360010438
24 36 1.1505148437342108
24 37 -0.053162040554747846
24 38 -1.2056657560667199
24 39 -1.208853177417943
24 40 -0.757302515674923
24 41 0.43082735546737594
24 42 1.0829609749883704
24 43 0.5856876514104231
25 25 -0.9635284977766084
25 26 0.5172518281191142
25 27 0.9932555604434545
25 28 0.027588535817354765
25 29 0.6973283756686617
25 30 -0.6375122393693916
25 31 -0.32701930270402324
25 32 0.4564619622635439
25 33 -0.273800158967566
25 34 -1.4585523493655055
25 35 -0.8398778178099656
25 36 -2.162012790337815
25 37 -0.637824280853619
25 38 0.47723133999646855
25 39 2.0616854704578533
25 40 0.10648049075435659
25 41 -0.10120060981539887
25 42 -0.29549658560393255
25 43 0.41808796226907047
26 26 -1.5372485578233246
26 27 -1.081911566969027
26 28 -0.45620080712210437
26 29 -0.1377974748254841
26 30 0.9115286659549183
26 31 -0.5995076221566754
26 32 -0.11523460457781366
26 33 -1.1529543290552537
26 34 0.696507965501507
26 35 -1.1425210969206574
26 36 -1.3534382179288136
26 37 -0.44939905184007883
26 38 -0.877469829098736
26 39 -0.09029090692797856
26 40 0.6586140541500899
26 41 1.4165710806468959
26 42 -0.20822725150370505
26 43 -0.31537097469897374
27 27 2.5133007041939983
27 28 0.8430633151544408
27 29 -2.359612310047331
27 30 -1.7512371654456915
27 31 -1.3134334968571009
27 32 -0.3739915723418645
27 33 0.4391586846692752
27 34 0.46460252911041133
27 35 -1.7100175140775344
27 36 0.37959255775904416
27 37 0.15695771023320662
27 38 -1.4843878211805506
27 39 -0.45391731814885494
27 40 -2.079602018351972
27 41 0.9121642732644804
27 42 0.6527156161545781
27 43 0.49974014879759004
28 28 0.09035079125322652
28 29 0.05321358225692919
28 30 0.16138367244406499
28 31 1.8377590563880346
28 32 0.03671017451685455
28 33 1.217480064529543
28 34 -0.690966440010876
28 35 -0.8543607724145115
28 36 -0.28450213439776306
28 37 -1.075719664849165
28 38 0.3795876616206916
28 39 1.4788268816865755
28 40 -0.37523807873054765
28 41 -1.6274497665748218
28 42 -0.21515564779885615
28 43 0.8692198176756788
29 29 0.6201526711186052
29 30 0.6607516566631667
29 31 -0.22672319338525151
29 32 -0.25201116042029903
29 33 -0.7106085763232926
29 34 0.5382004888020131
29 35 0.7283632547531861
29 36 0.9253907367741321
29 37 -0.654980365818144
29 38 -0.8208739316091114
29 39 0.01747856461761943
29 40 0.07382379195073721
29 41 0.4675417603354441
29 42 1.2443814057624385
29 43 -0.44492382102513955
30 30 -0.6505931680093651
30 31 0.2910918058878169
30 32 1.3507818012388078
30 33 -0.5097905551214331
30 34 -0.7302898011021611
30 35 -0.5199579480978571
30 36 0.28185116208241917
30 37 -0.6264500067879967
30 38 2.2202150822246964
30 39 0.29684542189767993
30 40 -1.0930345469444154
30 41 -0.9936237713830943
30 42 -0.052652632448991245
30 43 -2.7774629813728087
31 31 -2.017136579846015
31 32 0.3360647809218374
31 33 0.14776022332139277
31 34 -0.2565854810790946
31 35 1.7652228691640675
31 36 0.44124674565407696
31 37 -0.8261498249392653
31 38 1.7633536907469314
31 39 0.5607200737189587
31 40 1.1312723139619039
31 41 -1.6684958501767888
31 42 -0.2518105037504107
31 43 1.1572858503404129
32 32 1.136250955091655
32 33 0.3367953638705222
32 34 0.23519867538846012
32 35 -0.0022051547630697987
32 36 0.006275071969842031
32 37 0.5799470317451836
32 38 -1.5370702816547477
32 39 0.15978009243781613
32 40 -0.14100517610291619
32 41 -0.4073794800261648
32 42 -0.09943178061344488
32 43 -0.806137020608039
33 33 1.237163384919868
33 34 -0.19548230539130615
33 35 0.8105230744145157
33 36 0.2447842695367086
33 37 0.723838583902097
33 38 1.0704482042230186
33 39 0.4453947331442333
33 40 -0.8869304530705819
33 41 -1.2056413786855882
33 42 1.852062733188909
33 43 0.8102594095619127
34 34 -1.209833902481344
34 35 0.5649749059295284
34 36 -0.307888188384242
34 37 -0.2982187586169008
34 38 0.4178795441455497
34 39 0.5335385345621436
34 40 0.46647205315405715
34 41 -0.35744145464721944
34 42 -0.638707397060178
34 43 -0.056764966186396995
35 35 -0.8416845646460175
35 36 0.025513859313944797
35 37 0.028418811572509004
35 38 0.6854448183327583
35 39 0.014036310651390356
35 40 -0.02829094050393072
35 41 1.079827165418082
35 42 1.1810941460096547
35 43 0.16714797553611072
36 36 -0.5514175245158626
36 37 -0.6150630605896426
36 38 -0.21940155908533918
36 39 0.18117101240944508
36 40 -0.9345659924233132
36 41 1.11683124458854
36 42 0.9950908490168305
36 43 -1.229734007256375
37 37 1.2328136154915346
37 38 0.09788510544873634
37 39 0.3083835948828401
37 40 -0.24115855554959928
37 41 -0.5007180393795171
37 42 -0.9201558754718367
37 43 -1.363402072156131
38 38 0.4748521051573665
38 39 0.5927492228263599
38 40 -0.8674514749373672
38 41 1.489440091249895
38 42 -0.4136489184366439
38 43 -0.47512131313557454
39 39 0.23667408037307403
39 40 -1.6996122023463998
39 41 0.002348614692002784
39 42 -0.08354276991542295
39 43 -0.9929905806295142
40 40 -0.0806973279230012
40 41 -0.8479621672472831
40 42 0.6944910403811002
40 43 0.8383974729183429
41 41 -0.8819951227241686
41 42 -0.1383852732779023
41 43 1.6832578328570433
42 42 -0.7214293704425886
42 43 0.43138114080793827
43 43 -0.6824053244167503
