0 0 -0.17808113199321837
0 1 -1.1556880022742444
0 2 -0.2866796665675095
0 3 -0.740200447643811
0 4 0.8474482052141161
0 5 0.02413130328195518
0 6 -0.8359696880776891
0 7 0.3916301286248526
0 8 1.318940255068962
0 9 0.361830847530592
0 10 0.836407729106426
0 11 -0.4626764530279761
0 12 0.8411792747546624
0 13 0.09763290928701814
0 14 -1.068497844898899
0 15 -0.5083425989745247
0 16 -1.5848062715052775
0 17 2.008197988706949
0 18 -1.4533873970376618
0 19 -0.8590942785827039
0 20 -1.043435142894106
0 21 -0.9902839346186518
0 22 0.7441411525705788
0 23 -2.194241297274197
0 24 0.434903999146652
0 25 0.0220387441449841
0 26 -1.1989007380560677
0 27 0.5519392296544058
0 28 0.22289307269907996
0 29 -0.6984649992113386
0 30 -0.04760374374158342
0 31 -0.3400792376797103
0 32 -1.7810530588639772
0 33 0.013557978201062991
0 34 -1.250339336441144
0 35 -1.5670599224004793
0 36 -0.39844569205510677
0 37 0.29813653570542625
0 38 0.44517090620203265
0 39 1.4263197004812338
0 40 1.00502008694889
0 41 -0.5356735461064372
0 42 0.779795756397806
0 43 -0.6898725933410568
1 1 -0.2947206968047718
1 2 0.29879764268053305
1 3 0.9610380172112535
1 4 0.35196786730945273
1 5 1.324654621261223
1 6 1.2138411923249113
1 7 -1.203256684910286
1 8 -0.9012718355595922
1 9 -0.02959550513717036
1 10 -0.4258641702135507
1 11 1.0195368548426924
1 12 0.6084724524102607
1 13 -0.7580428389856679
1 14 0.45659434827490303
1 15 0.5284980147486985
1 16 -0.5749053523737705
1 17 -1.7697194771651135
1 18 -0.1355598258837168
1 19 -1.7468964993795557
1 20 -0.6986171343205875
1 21 -0.5365236458900406
1 22 -1.2730706383436914
1 23 1.2196281567887917
1 24 3.4603273307914013
1 25 2.118990133457126
1 26 0.641106516487062
1 27 0.6439077838805306
1 28 0.8776191372413997
1 29 -0.7473793110444045
1 30 0.8249333468855272
1 31 0.9466899157280676
1 32 -1.2702316512030385
1 33 0.06291497116221242
1 34 0.49698374897423403
1 35 0.22894130386481665
1 36 0.6681864237566907
1 37 0.684396636270417
1 38 -0.4040095018976605
1 39 0.584186591604311
1 40 0.02941896440620994
1 41 0.5374126884463561
1 42 -1.3148968070178564
1 43 -0.130649646416725
2 2 0.287776966552119
2 3 0.5150586044551921
2 4 1.1505529685815872
2 5 0.5023816563544395
2 6 -0.5798711441197458
2 7 -0.6713446024371066
2 8 -0.21221329588760104
2 9 -0.16576375279170996
2 10 -0.07239520470378927
2 11 -0.4151998065541753
2 12 1.5946821717754187
2 13 -0.4391282813036941
2 14 0.11754689281649087
2 15 0.18137798481097786
2 16 0.9595711591942311
2 17 -0.1492360657611963
2 18 1.241981655290206
2 19 -0.28134548561523204
2 20 0.9460314174112706
2 21 0.1605703286758801
2 22 0.47249502948620165
2 23 -1.0292855745752123
2 24 -1.0956837932201742
2 25 0.6441557834634587
2 26 -0.7461355592895221
2 27 -1.0903614143519131
2 28 -0.9513260009436084
2 29 1.3347791568405023
2 30 -1.19092678165846
2 31 -0.4256389450446731
2 32 -0.9506370554591199
2 33 -0.1041922517427392
2 34 0.8005783811804511
2 35 -0.42789779724193644
2 36 0.6517834005791584
2 37 -0.270150294037223
2 38 -0.23681310709561063
2 39 -1.1970285566571743
2 40 0.21315434420386783
2 41 -0.005275815076719104
2 42 -0.5440015486746101
2 43 -1.6258009242983893
3 3 0.7993211043201256
3 4 0.2065863270028121
3 5 -0.20604231453617633
3 6 -0.5225491054975737
3 7 -0.3553059027747614
3 8 -0.22365336823434329
3 9 0.6595749008296878
3 10 -1.5653316144912577
3 11 1.0881399582768216
3 12 -0.8514396892524513
3 13 -1.41732598828894
3 14 -0.35330919079218165
3 15 -0.6794945934481056
3 16 0.707904611536309
3 17 1.9841853403738003
3 18 0.14191727205657775
3 19 -0.3028059516089194
3 20 1.2845206740357424
3 21 -0.14772020567049085
3 22 -0.6931683729608672
3 23 -0.17073977639326232
3 24 -0.3902979576549308
3 25 -0.4166705033466937
3 26 0.0774913721637176
3 27 -0.6384522837918502
3 28 -0.12173641005445505
3 29 0.8166359680595169
3 30 0.5916496173084393
3 31 3.121488682362365
3 32 -1.052114136814633
3 33 -0.06819914141143354
3 34 -0.3776361685345462
3 35 -0.45719750190130737
3 36 -0.396942758364183
3 37 0.3363901262606894
3 38 -0.46022865046419176
3 39 -0.7282410634232543
3 40 0.39656106055577467
3 41 -0.9850618118825621
3 42 0.17238710695402287
3 43 -0.17442247015506357
4 4 -0.9325188770340073
4 5 -1.1263320433976618
4 6 0.5294840519431508
4 7 -0.4911507295498812
4 8 -0.21909696527577577
4 9 0.1557717180586619
4 10 -1.2434002354757339
4 11 0.6964032775120326
4 12 -0.37513348676199
4 13 0.8520285185807144
4 14 -0.5835117048107552
4 15 -1.6084625080983357
4 16 -0.6348271829802288
4 17 -0.2599454183630799
4 18 -0.5823179973653863
4 19 -2.3593137876693384
4 20 1.299991665857329
4 21 -0.5415668404412892
4 22 0.088899914884368
4 23 -0.2819079619229111
4 24 -0.6544123308494052
4 25 0.32512353095649743
4 26 1.1921295107357301
4 27 2.373998264022665
4 28 0.8575103755254996
4 29 -0.8630413817705787
4 30 -0.17522638443338026
4 31 -1.1102048241497335
4 32 0.293328054668034
4 33 -0.934072467581431
4 34 -0.027157957451585703
4 35 -0.07716884260755158
4 36 0.6874242509688746
4 37 -1.9792797488232283
4 38 -0.003578175254447463
4 39 -0.28407777673857054
4 40 1.0505035310599151
4 41 0.8578584624157196
4 42 0.4289395317299369
4 43 1.048711447316946
5 5 -0.39881560301982943
5 6 -0.9944708277251777
5 7 0.8314318734738817
5 8 -2.675646088759463
5 9 0.8113508987991565
5 10 0.2989118138713267
5 11 -0.46800539268464275
5 12 -0.38920823780483954
5 13 1.8360922702373654
5 14 -1.2768941070616875
5 15 0.44670886407712934
5 16 -0.22131223405335107
5 17 0.0037122541618278783
5 18 2.440525303352082
5 19 1.4756834450137393
5 20 -0.3432356350010395
5 21 0.5899695465982522
5 22 1.3786675934502715
5 23 -1.4640706125472756
5 24 -1.5133348266932558
5 25 0.712381791197779
5 26 0.7728188690837384
5 27 1.1867630674190979
5 28 -0.838829354193341
5 29 -0.040825428443868696
5 30 0.7976494120459673
5 31 -0.2662280656180142
5 32 -1.4441255214614679
5 33 -0.8230811387126008
5 34 0.17092644793514986
5 35 1.2407880204020576
5 36 1.0463279916627994
5 37 -0.8735479962895989
5 38 0.29362465716038083
5 39 0.02927180334419603
5 40 -0.364402320234601
5 41 -0.4989385469467596
5 42 0.34017915235917295
5 43 -1.5623972516492701
6 6 0.552567581119446
6 7 0.3373065076749862
6 8 2.172129252823867
6 9 2.4766138466222443
6 10 0.8780594424676225
6 11 0.02601283916255231
6 12 -0.548229241944617
6 13 0.6920162690484166
6 14 -0.0854754378891671
6 15 1.7331586931370808
6 16 -0.4199232748386032
6 17 0.32248635491554367
6 18 -0.032120057059578835
6 19 -1.0418949856295359
6 20 -0.8260352640777637
6 21 1.0913163088001494
6 22 1.0780568980578427
6 23 -0.32980895786874853
6 24 0.9401487562419829
6 25 -0.7259814126596885
6 26 0.8143899561795895
6 27 0.9016003775798413
6 28 0.8063172715259622
6 29 -1.7497316785667087
6 30 -1.6273918310695785
6 31 0.9247497021799266
6 32 1.2998171481060603
6 33 -0.13037165552803343
6 34 0.6938201627760102
6 35 1.1874497815224532
6 36 -0.02032844171552741
6 37 0.43608128647323857
6 38 -0.9027972838827535
6 39 -0.5135039608078934
6 40 1.5916383023667078
6 41 0.39657637241988175
6 42 -1.5014449793692435
6 43 -1.1641354569414604
7 7 0.847492249047272
7 8 2.0856731248940825
7 9 0.2254288951917027
7 10 0.308049380984273
7 11 0.18965756903375686
7 12 0.6597184609334472
7 13 2.1086354622336456
7 14 -0.8125264408694418
7 15 -0.848416604080311
7 16 1.5954212708328486
7 17 -0.40276532234455864
7 18 -0.6256445088552548
7 19 1.3401164756876387
7 20 -1.4884823815257533
7 21 -1.1133980116073225
7 22 0.6044138151617492
7 23 -0.8565064229093828
7 24 0.3984746859904354
7 25 -0.7623911115720352
7 26 0.03508437751561453
7 27 1.5944450233242833
7 28 0.8791814035500883
7 29 0.6884674061741364
7 30 -1.209174934103916
7 31 -0.832776135772304
7 32 -0.3453598735529965
7 33 1.2520399212504336
7 34 0.38362089882690525
7 35 -0.698617669770899
7 36 0.7252718934377475
7 37 0.006491129911538919
7 38 1.4230148668253797
7 39 -0.7151664324023765
7 40 -0.9499155900149904
7 41 0.6796602650150884
7 42 -0.9917995709558737
7 43 1.0460394824002386
8 8 0.10290629706519945
8 9 -1.4643310641069616
8 10 1.6622364137770924
8 11 -0.4578064389456952
8 12 0.7948557503854982
8 13 -0.7205756229870736
8 14 0.10723485019662571
8 15 0.5973588570922149
8 16 0.34401276185786994
8 17 0.6794600664684268
8 18 -1.209112056506871
8 19 -1.7615672579885553
8 20 -0.5552729048904352
8 21 2.753535338490439
8 22 -0.5837970179792946
8 23 0.7893084684467339
8 24 -0.08804456872550842
8 25 -0.048052573980858986
8 26 -0.12878009227305062
8 27 -0.6785109399995407
8 28 -1.1169190046723079
8 29 -1.5494831076923161
8 30 1.8680226668280742
8 31 1.887927105978217
8 32 0.2532950261996596
8 33 -0.5796006464919154
8 34 0.2608041287382314
8 35 -0.45137568904513675
8 36 -0.7397318978618929
8 37 -0.9623182136411031
8 38 0.2527336696157391
8 39 -1.2449155706543646
8 40 -0.5663710616605825
8 41 -0.5333360944328756
8 42 0.21995443403711779
8 43 -0.09504532048635432
9 9 -0.9207823002327228
9 10 -0.28452033318757514
9 11 1.2736427756675042
9 12 1.0245250635127947
9 13 -1.2955059322810194
9 14 -0.3166581829812424
9 15 -0.6093250860984144
9 16 -0.45667810249589263
9 17 0.13897013946827316
9 18 -1.7945481574884492
9 19 -0.9140265315020027
9 20 0.08154173781880425
9 21 1.5136765221612145
9 22 0.528130170426407
9 23 0.1676532552804013
9 24 0.628277345428505
9 25 0.26016252821935637
9 26 1.2842053497813564
9 27 0.4873238679218542
9 28 -0.1081600602107681
9 29 0.912142674755835
9 30 1.0805701302320303
9 31 -0.5536090977389825
9 32 0.3634145209428372
9 33 0.4282474767073415
9 34 -2.0186756246329876
9 35 -0.9418781376945224
9 36 -2.2268397829501287
9 37 1.554309596872479
9 38 2.4314371021846193
9 39 -1.6809388082552204
9 40 -0.4977562097842523
9 41 -2.0618791954871893
9 42 0.952545652587417
9 43 -0.559811000212075
10 10 2.1812530697153
10 11 0.7403680316501545
10 12 -0.24973681301585546
10 13 0.6224479337410574
10 14 0.42964561049878797
10 15 -0.3495104197578738
10 16 -0.2824081657824103
10 17 0.08156230342644429
10 18 0.57126448824665
10 19 -0.9971436079748331
10 20 -0.317001273738636
10 21 1.4142804840501793
10 22 -0.15602412074367192
10 23 0.7035029297609156
10 24 1.9387312423113343
10 25 -0.5213531848285057
10 26 -1.5079259980064341
10 27 -0.11374025137568955
10 28 -0.10976529932227228
10 29 -1.5374720085859321
10 30 0.06832493909609144
10 31 -1.67953688532156
10 32 -0.252867499062073
10 33 0.12975244438617634
10 34 0.7535953494289135
10 35 -1.1196246300313257
10 36 -0.7175443867438642
10 37 -0.9675510697274886
10 38 -1.8288584673216932
10 39 -0.10891147383886897
10 40 0.39340662999302595
10 41 0.4196012862139846
10 42 1.9282835855360199
10 43 0.8334145133739185
11 11 0.17193569901030586
11 12 1.541148219240869
11 13 0.6633494710313482
11 14 2.5316694071540757
11 15 0.21084362873258036
11 16 -0.4455371856861156
11 17 0.43470192747955394
11 18 -0.5235646088469494
11 19 -0.7000960388125104
11 20 0.7666353254056436
11 21 -0.46829403877442044
11 22 0.04538083388522172
11 23 -0.5288858647965349
11 24 -0.8586226747566642
11 25 0.2101990396196142
11 26 0.08823298753184705
11 27 -0.6993344795540176
11 28 1.8194454213853888
11 29 0.5751615175584477
11 30 0.2740111219691612
11 31 -0.7735717645809314
11 32 -1.1643434868084819
11 33 -0.7397467035600286
11 34 0.8811727339433092
11 35 0.8932026711493191
11 36 0.8504116536151856
11 37 -0.2108156056490498
11 38 1.2018688413547225
11 39 0.12343961974012997
11 40 0.771298540061181
11 41 -0.448075635021923
11 42 -0.9797717979583903
11 43 0.04222803531056206
12 12 -0.5656340755373395
12 13 -0.4396656701180797
12 14 0.0746952202436565
12 15 1.4655886718060047
12 16 -0.16394806112472285
12 17 0.4803844813934671
12 18 -0.6438416703502852
12 19 1.2244542015747428
12 20 -0.04717133354768669
12 21 1.231215527374219
12 22 0.2317185815867623
12 23 -0.1307274591122587
12 24 1.4730163166291417
12 25 2.9745953312591857
12 26 -2.4919327015104495
12 27 1.397341096262647
12 28 -1.1345007921274484
12 29 0.8824256566958835
12 30 -0.8823109459092604
12 31 1.0411048589076197
12 32 -0.16070517063763662
12 33 -0.5260834824404415
12 34 1.620483078970394
12 35 -0.16763515398733134
12 36 0.6383947308249606
12 37 1.743796980074387
12 38 0.3070408935527505
12 39 -0.8725613952236132
12 40 -1.2807718227672555
12 41 -0.6495838480667806
12 42 1.4268419228991778
12 43 -0.16462957819550392
13 13 -0.10906233309907444
13 14 2.0044857959359463
13 15 -0.22913138409959416
13 16 1.4684453192399862
13 17 -0.5958193209947314
13 18 0.33239837602522593
13 19 -0.3799685768266799
13 20 0.8585719653803551
13 21 -0.8914283072659525
13 22 -0.912121683594196
13 23 0.2045295850023069
13 24 -0.9979989181356812
13 25 -2.149303981215122
13 26 -0.045169438139049854
13 27 0.031632158481135327
13 28 0.27978233174955086
13 29 0.33601699909649113
13 30 -0.2322287698893968
13 31 -1.3099575583613692
13 32 1.817137692008193
13 33 -0.13189356409357822
13 34 -0.029029609653742804
13 35 0.7174129081820718
13 36 -0.7254302930207905
13 37 -0.8661165974281926
13 38 0.2957263879854488
13 39 1.170757632681154
13 40 -1.923399494248054
13 41 0.3378263402810768
13 42 -0.4516814846436129
13 43 0.4911724774597531
14 14 0.9736834039030028
14 15 1.3910980239766095
14 16 0.026772375875413618
14 17 -0.7498713098014427
14 18 -0.30458735905409035
14 19 0.2619879199748734
14 20 0.029032018832993226
14 21 -0.06361773713048449
14 22 -1.512147735643748
14 23 -0.3419314937731719
14 24 -0.05325618287590547
14 25 0.28314458823729605
14 26 1.4959381552831659
14 27 1.8183994860850046
14 28 0.7201208697777706
14 29 2.069170499970784
14 30 -0.17221802686761176
14 31 -0.7650565090722915
14 32 -0.2661034948687355
14 33 0.4626719723227428
14 34 -1.5085018161720578
14 35 0.08147199214076026
14 36 0.8088394015667605
14 37 -1.3281647322764314
14 38 -0.16158501902671266
14 39 -1.299445699949708
14 40 -0.3805766567855519
14 41 0.9074395093911272
14 42 -0.2325097208850648
14 43 -0.6557889211963653
15 15 -0.589899416098155
15 16 0.07241825821697981
15 17 -0.6026035776760182
15 18 1.5758531114489254
15 19 0.3300868933808369
15 20 -0.3298023804445126
15 21 -0.654749154609126
15 22 0.7499748063735442
15 23 -0.8614887437949379
15 24 1.2395720127748404
15 25 -2.5171220634881823
15 26 0.8563583719277487
15 27 0.9040169702385222
15 28 -1.3965211721026127
15 29 -0.3198385637123019
15 30 -1.234079524507102
15 31 0.26823251086724625
15 32 -0.18022363446397455
15 33 -0.6720577319401917
15 34 1.9052651811942813
15 35 0.6756413717957134
15 36 -1.0330972209775962
15 37 0.8846290782743463
15 38 0.015871113109139492
15 39 1.2250326057105427
15 40 0.585511674973095
15 41 -1.1283745924765352
15 42 0.4261774393551864
15 43 2.377049648061809
16 16 -0.4260556580418118
16 17 2.0201621008128745
16 18 1.1895373144849877
16 19 -2.3503221507463983
16 20 -1.2006400404440942
16 21 1.115690592086506
16 22 0.09262741039703878
16 23 0.24712839894400282
16 24 -2.285060824069055
16 25 -2.2722662243622653
16 26 0.5552613781901158
16 27 0.6559601919485093
16 28 -0.6436236912409203
16 29 0.3198733087791667
16 30 0.5865113870957649
16 31 0.36165478811144147
16 32 0.21671786972269558
16 33 -2.221135395897652
16 34 0.10515767974846559
16 35 0.296768105044871
16 36 0.14569372648014636
16 37 -1.4128435235813905
16 38 -1.5078136130044726
16 39 0.3062552922237973
16 40 -1.0253291892972056
16 41 -0.3104721563392906
16 42 -1.065335273448669
16 43 1.423125669895647
17 17 2.2113491673975094
17 18 0.5581878550186161
17 19 0.7199421923092024
17 20 -0.43855837342141146
17 21 -0.5931792043447549
17 22 0.20003762498145056
17 23 1.133523552163922
17 24 0.3801538389863546
17 25 -0.566521629791163
17 26 1.048040325840127
17 27 -0.5083369796657343
17 28 1.0162942953127172
17 29 -1.715558180661395
17 30 0.8352810887048558
17 31 0.8207488385629138
17 32 0.13617622351430442
17 33 -1.7106545113279754
17 34 0.8301229683280011
17 35 -0.3190416833117652
17 36 2.1734100085721346
17 37 1.25291896377459
17 38 -0.284838992800537
17 39 -0.07108053977271561
17 40 -0.22147891688648527
17 41 -1.5112998682346102
17 42 -0.17230846258141141
17 43 0.8622922405402276
18 18 -0.30176864664055936
18 19 1.1518095776599206
18 20 -1.4457873869651579
18 21 -1.1699450479864386
18 22 0.2394049076791303
18 23 2.4961399882280624
18 24 -2.4814870720867646
18 25 1.4958052031489042
18 26 -1.543405206566223
18 27 -1.0471828575997362
18 28 0.36210539737342795
18 29 -1.4634620882608733
18 30 0.4737116975658632
18 31 -0.45135890761866176
18 32 -0.7024825167628804
18 33 0.769545033667238
18 34 -1.8162903991704313
18 35 -0.28910749212439674
18 36 -3.282886744554348
18 37 0.3068584498670699
18 38 -0.4692956442493369
18 39 1.3371159470702179
18 40 1.5199086174134162
18 41 1.155887112490344
18 42 -1.6298068537525314
18 43 -1.1088981074083737
19 19 1.3108381454739948
19 20 0.6403810358119837
19 21 -1.0094640217504445
19 22 -0.4135356078899684
19 23 1.1241680609720714
19 24 -0.5123755432759568
19 25 0.012818924860853995
19 26 0.059274225142397795
19 27 0.9213723824983148
19 28 0.8152139452848646
19 29 0.5095011219812954
19 30 0.7099805300924055
19 31 -0.35646630827045994
19 32 0.45811745107593055
19 33 -0.7286532056208304
19 34 -0.8629722112453719
19 35 -1.0063059456956283
19 36 0.9489939440182759
19 37 0.020175964051255296
19 38 0.03065811946569658
19 39 0.328102626333964
19 40 2.2247074378760288
19 41 -0.8503266623346857
19 42 -2.4607884985047517
19 43 -0.5202296808790083
20 20 0.22149969231269462
20 21 1.6678539023991643
20 22 -0.23746252222896488
20 23 0.12826590619690176
20 24 -0.3531257049168487
20 25 -0.28126242656330896
20 26 1.4682183994277551
20 27 -0.09712371783382485
20 28 0.2763557759235906
20 29 -1.1599609727359363
20 30 -0.8805395043538434
20 31 -0.12524228053964545
20 32 0.6054164744415106
20 33 0.7759768737274176
20 34 -0.9795485598183284
20 35 0.9389969936245921
20 36 -0.2370934622230582
20 37 0.7006789267454734
20 38 0.6677865987481216
20 39 0.5352218645757755
20 40 0.32952373859562445
20 41 0.4149666218945731
20 42 -1.3929720435788868
20 43 0.12329171946214296
21 21 0.8589042773669608
21 22 -0.7801306544258236
21 23 1.1161822514876563
21 24 0.06969007167406736
21 25 -1.1719180468030714
21 26 1.0035225767341411
21 27 0.21109668526356348
21 28 0.6664707876630438
21 29 -0.3170049131985625
21 30 0.6032778581005339
21 31 0.013402158383072928
21 32 0.24122746569113984
21 33 1.1346975351541473
21 34 -0.048954103149461345
21 35 -0.15049947926325993
21 36 -0.9486958823450093
21 37 1.0384958339761006
21 38 0.01527181279770362
21 39 0.6220910791666128
21 40 -0.18935015052579227
21 41 -0.12962362409860945
21 42 -1.063992349948899
21 43 -0.7899537908083516
22 22 -1.7088215572706467
22 23 0.23860559516042068
22 24 0.31872206290780825
22 25 0.763587493692516
22 26 -0.80569462869757
22 27 1.1875514815599009
22 28 -0.6349414263930968
22 29 -0.37388782152353306
22 30 -1.0795816385561847
22 31 0.11727189179325725
22 32 0.17822090891973602
22 33 -1.1073990908743634
22 34 -0.2945272542117351
22 35 0.18469226854335855
22 36 -0.5721652458524511
22 37 0.9472466285431169
22 38 0.5953613068571912
22 39 1.6924822064487202
22 40 0.54208713054957
22 41 0.8531127989763672
22 42 0.9218374111051606
22 43 -0.9233671307429682
23 23 0.08810738849337446
23 24 1.664372380092436
23 25 0.825062496853761
23 26 -1.1288600603355532
23 27 0.8631568770978197
23 28 1.3374697567043519
23 29 0.3051260614442229
23 30 1.1190161073994525
23 31 0.8105745110198336
23 32 -2.1422723132654253
23 33 -0.1717587883294674
23 34 0.5515769531256305
23 35 0.2393716201220798
23 36 -0.10034227742202717
23 37 0.2095966022017806
23 38 -1.479476566255127
23 39 0.5926535061794851
23 40 1.0544691981411367
23 41 0.058946819709491734
23 42 1.6888095332573643
23 43 -1.6302036215878088
24 24 -0.4320073849652304
24 25 1.2951224783420512
24 26 0.18045473211816512
24 27 -0.016172239383480624
24 28 -0.6130402165140745
24 29 -0.4494751886337987
24 30 -0.2885236606058552
24 31 -1.7211343857427264
24 32 -0.8881350026061519
24 33 -0.532170143729278
24 34 -0.3376141881680815
24 35 0.39025622815971867
24 36 1.7071695285308657
24 37 -1.2048167763792048
24 38 0.19868402665320187
24 39 -0.7473449353780519
24 40 -0.04180304407611849
24 41 -0.632696230156937
24 42 -0.853508896525954
24 43 -1.0559481081597744
25 25 -0.26399765570292927
25 26 -0.7787679738994896
25 27 -0.7359007697970238
25 28 -0.34762177996543264
25 29 -0.3198969247301804
25 30 0.08969392659574571
25 31 -2.3144855719945316
25 32 -1.1008831034654543
25 33 0.6135804768722204
25 34 -2.9508018888186047
25 35 0.4120180720881422
25 36 1.1036247100433012
25 37 -1.3159964371825557
25 38 0.8982196406337927
25 39 -0.30967134845098926
25 40 -0.9678155977922932
25 41 0.16170284568405083
25 42 -0.4117764557762726
25 43 0.4210676018584557
26 26 -0.8476075234307948
26 27 -0.19017472817663136
26 28 0.9932271315042974
26 29 -0.7731889782876937
26 30 -0.6655471155353758
26 31 0.0706091864452794
26 32 -1.5152200209906896
26 33 0.1951767834527574
26 34 -1.1405975345546682
26 35 0.1842750832010903
26 36 0.43834127275573714
26 37 1.9982488568692651
26 38 0.7035968540512265
26 39 0.29361062784940206
26 40 -0.5438211261304902
26 41 0.9756577311741332
26 42 -0.054929297607354946
26 43 -1.9838246114744953
27 27 -0.5467753248287435
27 28 0.578190529833617
27 29 1.7973930278513859
27 30 -1.4267883505925092
27 31 -0.21380090478077202
27 32 1.5304947954824495
27 33 -0.8053620065734459
27 34 -0.19947036567165138
27 35 -0.6863625182050466
27 36 1.3953691365649816
27 37 1.1199116310273205
27 38 1.8432956179435498
27 39 -0.40797724506334154
27 40 -0.4282558257960389
27 41 0.3897529277916594
27 42 0.02902881304871165
27 43 0.3934204512558925
28 28 -0.9814692563177073
28 29 1.5240486337485097
28 30 -1.9225122082314356
28 31 1.8830846894263868
28 32 0.06382526848962844
28 33 -0.4920956741702895
28 34 -0.4446792982140644
28 35 -1.467571108504062
28 36 -0.6218241012650081
28 37 1.038507989825703
28 38 -0.32442053653645125
28 39 0.7930295742659621
28 40 -0.3008073530883606
28 41 1.002052408160953
28 42 1.5007568809687177
28 43 0.6654298720379462
29 29 -0.1749041070996344
29 30 0.38624770674253583
29 31 0.8368325117786043
29 32 0.15504452093334836
29 33 2.1673840678434124
29 34 -0.0726115809087735
29 35 0.7869384289972783
29 36 -0.29939807881039443
29 37 -0.4241194802652826
29 38 -1.756649985138416
29 39 -0.9157422667389141
29 40 -0.48414624195640926
29 41 0.18161845918632463
29 42 0.8309029381121578
29 43 -1.1511714070182568
30 30 -0.5430108469549195
30 31 -0.6107863513441064
30 32 -1.2272665045881055
30 33 -0.17073245279943527
30 34 0.3280319242659756
30 35 -0.1123331577920959
30 36 1.728675160611346
30 37 0.33619015937800023
30 38 -1.0243185117790643
30 39 -0.6384746141051396
30 40 -1.2301960401398642
30 41 -1.3428381668557348
30 42 0.56946999005405
30 43 -1.3028654865222762
31 31 1.1918708512406195
31 32 -0.5047294820704286
31 33 -0.866141753432853
31 34 0.17622848925768406
31 35 0.5730103246963395
31 36 1.6582158922721961
31 37 1.7979870560945486
31 38 0.8165218445819057
31 39 -0.5895711154436094
31 40 0.9483109727181417
31 41 -0.6700833801333145
31 42 -1.1333591851437195
31 43 -0.8201296044042353
32 32 -0.33200180644297855
32 33 -1.0444881950693337
32 34 0.22175978581447345
32 35 -1.740288907328984
32 36 0.06482340079990996
32 37 -0.6665710388670031
32 38 0.8373402050807204
32 39 -0.9396188965902046
32 40 0.27831398412048464
32 41 0.3404347792661867
32 42 1.0477438905127794
32 43 1.9872022877555904
33 33 -0.6385994402238117
33 34 -0.22732643686387372
33 35 0.5572529395630467
33 36 0.11861411358467734
33 37 -0.13465627717216871
33 38 -0.7438478985679378
33 39 0.013464337880908719
33 40 -0.24251999489435666
33 41 0.016690168439828124
33 42 -0.11409731364618059
33 43 -0.2692651085692332
34 34 -0.484388391401359
34 35 0.36379429599517776
34 36 -0.18261493264349266
34 37 -0.38437191854104136
34 38 0.27315771182367904
34 39 -0.6001648401889439
34 40 1.0071644453675737
34 41 0.2520422706370656
34 42 -1.8011527349475784
34 43 0.5372438971905924
35 35 0.4899505088346073
35 36 0.08300276664590825
35 37 -1.7034258531261635
35 38 -0.13746762890203562
35 39 -2.569505548323525
35 40 0.8737210888641043
35 41 -1.6371599567694697
35 42 -0.3265443974654592
35 43 -0.9646762881156988
36 36 0.1830585549496051
36 37 0.6545333871429577
36 38 0.736266970993222
36 39 -1.016917369387452
36 40 -0.1405623037816464
36 41 0.27250307690128706
36 42 0.5294758011854502
36 43 -0.03409497833355115
37 37 0.05543281720170381
37 38 -0.46416038449385144
37 39 -0.6194090352447033
37 40 1.2356821333142605
37 41 -0.7213221872420393
37 42 -0.8016704518651773
37 43 0.369873414623318
38 38 -1.1876961156508634
38 39 -1.7473959523186153
38 40 0.9465199408263519
38 41 -1.453312177689518
38 42 0.1685805589915454
38 43 0.530966229381324
39 39 -2.4301347912662083
39 40 -0.6329901278714916
39 41 0.7773507789745054
39 42 -1.129340167281243
39 43 0.6598381545925773
40 40 0.5039712993792048
40 41 1.4144087542611588
40 42 2.4982249779960246
40 43 0.25910453752735363
41 41 -0.004111158360523688
41 42 -1.0666863265600652
41 43 -0.05389401668275939
42 42 -0.6328011714066669
42 43 -0.8254168634273878
43 43 0.24184813566303667
