0 0 0.0
0 1 0.1675739016819286
0 2 -0.036220303568086296
0 3 0.03785827045818928
0 4 0.0006469115837217235
0 5 -0.055873951461266044
0 6 0.00888484009275315
0 7 -0.06742040663513843
0 8 -0.0054891898583196205
0 9 0.026669230182729358
0 10 -0.23492643056152535
0 11 -0.10334768261833523
0 12 0.0674044688866338
0 13 0.056879522067060574
0 14 -0.035023678529316676
0 15 -0.07961205214219907
0 16 0.1203056714670635
0 17 -0.12644962095305548
0 18 -0.0831903696529421
0 19 -0.04944076216553658
0 20 -0.10591052166773059
0 21 -0.038266414281883404
0 22 0.024185427072668818
0 23 -0.12413983301514168
0 24 -0.02868125604586962
0 25 -0.09424520191636922
0 26 0.06754592950294411
0 27 0.05561898031689873
0 28 0.03533242604298158
0 29 0.029287634334020634
0 30 0.042874984966807854
0 31 -0.017783386562046692
0 32 0.03448641056301151
0 33 0.06537753391029186
0 34 0.12775987163506544
0 35 -0.06701821183490357
0 36 0.07189519943226617
0 37 0.011406771588454946
0 38 0.016739705600576544
0 39 0.045547109885618164
1 1 0.0
1 2 -0.027191294431322295
1 3 0.12516648271412184
1 4 0.12247901855498207
1 5 -0.07048474517651071
1 6 -0.24549090729959366
1 7 0.04798610025743034
1 8 -0.022169274946600055
1 9 -0.01143786617305856
1 10 0.040348721019219616
1 11 -0.16771716304000978
1 12 0.021612857831795448
1 13 0.13767507507314825
1 14 0.05485351231217446
1 15 -0.03420541551233635
1 16 0.151365608587873
1 17 -0.12693075714087823
1 18 -0.12050612745728465
1 19 -0.06299376897343459
1 20 -0.006852151060603194
1 21 0.20234605944205658
1 22 -0.08448764044715933
1 23 -0.03624760800981603
1 24 0.02217075422259167
1 25 0.15629497188951041
1 26 0.07030371279884605
1 27 0.05383573263982183
1 28 -0.09958056521068656
1 29 0.029427753592972707
1 30 0.0831716785142779
1 31 0.07952995374495109
1 32 -0.08032577326830916
1 33 -0.056621084420182335
1 34 0.023361134333131868
1 35 -0.11779624304539953
1 36 0.05920207751137285
1 37 -0.24076334818881345
1 38 -0.16432910370207904
1 39 -0.04690973685193689
2 2 0.0
2 3 -0.033520593636998657
2 4 -0.07834038162675686
2 5 -0.000940972254715102
2 6 -0.06152708761943522
2 7 -0.0014903476660861966
2 8 0.046855403214694766
2 9 -0.0989511629618292
2 10 0.03211160862043359
2 11 0.03274300435978244
2 12 -0.013716078728684638
2 13 -0.018228228384149676
2 14 0.0269156884770963
2 15 -0.13911370269977574
2 16 0.04910436303100633
2 17 0.058045306681689314
2 18 -0.12439221706259748
2 19 -0.005626059456559152
2 20 0.08771359839148021
2 21 -0.09285702775211374
2 22 -0.0021909917384809
2 23 0.0413747148469604
2 24 0.0913867815343517
2 25 -0.05138050560063948
2 26 0.15600266984894812
2 27 -0.037548969512602975
2 28 -0.0727780652167038
2 29 0.016394974663976217
2 30 -0.011492299465245912
2 31 0.01713451345581856
2 32 -0.0373721498776143
2 33 0.08701937275164476
2 34 0.02973178207146951
2 35 -0.0363510218970136
2 36 -0.0706344772836994
2 37 0.01887175847726399
2 38 0.013914949331137263
2 39 -0.06477817049295706
3 3 0.0
3 4 0.058003072172159956
3 5 0.011786887284328836
3 6 0.004898100574247776
3 7 -0.0556599797299312
3 8 0.06475178891834432
3 9 0.10959796428027421
3 10 0.10509714666982217
3 11 -0.09516033771593309
3 12 -0.007940952904260255
3 13 -0.04542045457854867
3 14 -0.12343170883047745
3 15 -0.05541098104186113
3 16 -0.07926381468697782
3 17 -0.07274470894020926
3 18 0.06393461391260688
3 19 -0.11139189023399798
3 20 -0.1726652316680159
3 21 0.061437659547443915
3 22 0.1517735419434216
3 23 0.0490364916815395
3 24 -0.1285159375571589
3 25 0.05668989384239863
3 26 -0.19222369210653645
3 27 0.008656603062828927
3 28 -0.01873026269966229
3 29 -0.023719155229037583
3 30 -0.028912804412616577
3 31 -0.0314891048654934
3 32 -0.13865362041096502
3 33 -0.044740705842220875
3 34 -0.021778632487991424
3 35 0.007444696310992238
3 36 -0.039221215134481305
3 37 -0.11116019471466906
3 38 -0.14077602997610889
3 39 -0.06961477300315608
4 4 0.0
4 5 0.00033399861838258804
4 6 -0.08590869287333029
4 7 0.030676320725306176
4 8 0.020095811967967517
4 9 0.005950062681182368
4 10 0.043529285724369135
4 11 -0.10355721865754038
4 12 0.08725297462840478
4 13 0.06906829475576683
4 14 -0.05767672075161
4 15 0.19333207064757046
4 16 0.07866974299061694
4 17 -0.09711429525015532
4 18 0.056403314636785204
4 19 0.12291841277862585
4 20 -0.017991595763567018
4 21 0.11415288425230426
4 22 -0.0177907117915871
4 23 -0.06043780053996293
4 24 0.0017160487921376397
4 25 0.21862262554694317
4 26 -0.025366746412660034
4 27 0.08026626838935544
4 28 0.07832897461936231
4 29 -0.026903796110786842
4 30 0.04216834449692831
4 31 -0.0710782408522616
4 32 -0.1294658549898661
4 33 -0.08488624131999187
4 34 -0.060581362609258706
4 35 0.016602876503262757
4 36 -0.131631109556763
4 37 -0.041900672644696685
4 38 -0.17054702025358842
4 39 -0.01834841979446777
5 5 0.0
5 6 0.060881729619973866
5 7 -0.0396828486799729
5 8 0.0024700148424269376
5 9 0.009242691864143511
5 10 0.14753878402843906
5 11 -0.0316288556429553
5 12 -0.02899255474920171
5 13 -0.03278400894310378
5 14 0.030574268619230155
5 15 0.009062255723082882
5 16 -0.0791630295338024
5 17 0.06117873227874311
5 18 0.02297850234797619
5 19 0.0839578046391146
5 20 0.004847222898686132
5 21 -0.09317207906356692
5 22 0.12934527767824097
5 23 0.01832201570287636
5 24 -0.07087598944833484
5 25 0.027522858917840547
5 26 -0.014110577124467135
5 27 0.021660922628523878
5 28 0.11760932360796357
5 29 0.020300234636976493
5 30 -0.112378769740169
5 31 0.026705091692190507
5 32 -0.08690243684618264
5 33 0.008959392372834541
5 34 0.005520298064875336
5 35 -0.058259105665595515
5 36 -0.021667747221130823
5 37 -0.01024767383631085
5 38 0.010481494274065549
5 39 0.09533018956228131
6 6 0.0
6 7 -0.13608741477444725
6 8 0.04874765335201523
6 9 0.11714996177537469
6 10 -0.10400843559573066
6 11 0.07788278679697397
6 12 0.20242061830339814
6 13 -0.14683754659146547
6 14 -0.0740783113970609
6 15 0.01995119701682451
6 16 -0.17379160445365838
6 17 -0.04370181516157365
6 18 0.10296518385100281
6 19 -0.002625414573594299
6 20 0.0061897666601986754
6 21 -0.10725242382365877
6 22 0.14948941406510613
6 23 0.04310343996666092
6 24 -0.1567640028888808
6 25 -0.24881383483672317
6 26 -0.08414147793326121
6 27 -0.1277137395248687
6 28 0.03236994577201904
6 29 0.00418957703681179
6 30 -0.012361747322113082
6 31 0.11261902462896531
6 32 0.09126874983359093
6 33 -0.0023644024821107583
6 34 0.0691138543662094
6 35 0.12838972158115056
6 36 0.21793874442209243
6 37 0.005695630709394947
6 38 0.018612848758663408
6 39 0.1380718623589156
7 7 0.0
7 8 0.04036512656922538
7 9 0.06102136975211977
7 10 -0.013774021380945013
7 11 0.027163617240791603
7 12 0.022106181314626418
7 13 -0.03562644790234406
7 14 -0.007401931285054874
7 15 0.09954957886453075
7 16 0.09178160723275
7 17 0.1360742223823159
7 18 0.11051039300398699
7 19 -0.012619631458621466
7 20 0.11476346534255635
7 21 0.13053236861034348
7 22 -0.14454304849836583
7 23 -0.07958750500140911
7 24 -0.0755233523535929
7 25 0.07570530861656191
7 26 -0.05782949460136664
7 27 -0.07642723173768849
7 28 -0.03117256171640708
7 29 0.029078431688532254
7 30 0.0652558697690249
7 31 0.08756391706947435
7 32 0.06516532749099088
7 33 0.011100856485640942
7 34 -0.14692808197670437
7 35 0.013620515790218921
7 36 0.10962532667517799
7 37 0.008165532969003816
7 38 -0.003073158178459542
7 39 -0.0904736464077214
8 8 0.0
8 9 0.08706492944420353
8 10 0.04293781203028875
8 11 0.04290085636378059
8 12 0.11235972011858023
8 13 -0.09628516174277604
8 14 -0.0761749312938661
8 15 0.02947962239703175
8 16 0.0636063623791405
8 17 -0.013033291944139585
8 18 0.04779360699416475
8 19 -0.06127215432552293
8 20 0.07658642848265353
8 21 -0.05841855385749735
8 22 0.06656069124462904
8 23 -0.03044766502134862
8 24 -0.07454011058693231
8 25 -0.0017131769903988778
8 26 -0.08820190550175111
8 27 -0.02699414150676142
8 28 -0.01322056113289761
8 29 0.06226554600821166
8 30 0.020254707235488837
8 31 0.04781062643430231
8 32 -0.06571683020608128
8 33 0.05343504463185367
8 34 -0.06800155758950673
8 35 0.01872833626867217
8 36 0.029035896569255766
8 37 0.03675459948088419
8 38 0.0028381177320058936
8 39 -0.04850656718453475
9 9 0.0
9 10 -0.03100238720494588
9 11 0.014849513287372912
9 12 0.07246011553553175
9 13 -0.12399129139896214
9 14 -0.08630855186571902
9 15 0.03735851935948161
9 16 -0.134195803439938
9 17 0.0351388608290579
9 18 0.19093126541479175
9 19 -0.10714035130956187
9 20 0.005230314660742876
9 21 0.14087242757123644
9 22 0.07973524411622844
9 23 -0.049163499798889
9 24 -0.3031988064017133
9 25 -0.07020230510655096
9 26 -0.21151992027644356
9 27 -0.10870366457945957
9 28 0.053288199169847714
9 29 0.00008382100087753205
9 30 -0.05240283402477328
9 31 0.00010182697026477386
9 32 0.055761359215189564
9 33 -0.006555737594174042
9 34 -0.01756600924312253
9 35 0.07905676617798034
9 36 0.11894684492533152
9 37 0.013368777671913856
9 38 0.04371488662078641
9 39 -0.004852321775364629
10 10 0.0
10 11 0.032894247533643485
10 12 -0.15326031738167883
10 13 0.02121347428225876
10 14 0.05003614437822633
10 15 0.01234637264356091
10 16 -0.08570947670885892
10 17 0.015847233708065785
10 18 -0.02622539171868074
10 19 0.041811807726709366
10 20 0.03293724844652613
10 21 -0.052069844139105995
10 22 0.13656811057947305
10 23 0.15763916784779047
10 24 -0.0029701515885230214
10 25 0.1972106196953003
10 26 -0.07164165671517966
10 27 0.07789199793130548
10 28 0.023000679036497055
10 29 0.04683783109825747
10 30 -0.13845656990512056
10 31 0.058343016642242986
10 32 -0.19572362519121417
10 33 -0.08593186397754178
10 34 -0.07930469761491879
10 35 -0.07335686299315142
10 36 -0.13902575805172868
10 37 -0.11511798439073624
10 38 -0.08570832327627022
10 39 -0.01215495991966922
11 11 0.0
11 12 -0.05712352268420142
11 13 -0.038752102167386
11 14 0.013983216795585443
11 15 0.023274266010859208
11 16 -0.028074857842809393
11 17 -0.05729864828185256
11 18 -0.020450708815277545
11 19 -0.045881463298201856
11 20 0.09578315674864274
11 21 -0.04941043791583978
11 22 0.01772578484159918
11 23 0.10510646494408223
11 24 0.01533327756658127
11 25 -0.05036960950319628
11 26 0.049968483379686034
11 27 0.032233124248621806
11 28 -0.05058625772973977
11 29 0.15061277588620642
11 30 -0.05843876365062377
11 31 0.05446946588509118
11 32 0.0998517630472546
11 33 0.03190425067255957
11 34 0.0034747856981896677
11 35 0.08178957927186488
11 36 -0.005046166210231745
11 37 0.10223092638078175
11 38 0.06836690369135531
11 39 -0.025603898607959065
12 12 0.0
12 13 -0.19432156913705442
12 14 -0.05763755685996032
12 15 0.08946954933727631
12 16 0.04071214263616792
12 17 -0.05850248994432994
12 18 0.07708123300735185
12 19 0.0076154610915586535
12 20 0.15064392918393923
12 21 0.0182188006953365
12 22 -0.058029972051091325
12 23 -0.14236655196655396
12 24 0.040004191494327115
12 25 -0.01226997195555658
12 26 0.00726337452360991
12 27 -0.033768735819722596
12 28 -0.09075482803195013
12 29 0.00941598058501971
12 30 0.14416319556221593
12 31 0.1400563678325461
12 32 0.05985600162648134
12 33 0.09057721603711019
12 34 -0.039290682072533126
12 35 0.08290067007806175
12 36 0.10946584594912667
12 37 -0.06908035483919668
12 38 -0.01649219184294862
12 39 0.08538661206998303
13 13 0.0
13 14 0.09855424009410646
13 15 0.02932265117521789
13 16 0.11649540260429658
13 17 -0.05029254546340907
13 18 -0.16659519621036345
13 19 0.06852775239350764
13 20 -0.08310908796083791
13 21 0.023470203445965752
13 22 -0.004194678567558431
13 23 0.06967051183005066
13 24 -0.03586437419373129
13 25 0.10369788503422843
13 26 0.083924022846232
13 27 0.04770535606842665
13 28 0.11093833094547945
13 29 -0.043362580349192915
13 30 -0.0036483166554247665
13 31 -0.0945662870771869
13 32 -0.07946549143206015
13 33 -0.13554525994410105
13 34 0.09666004054480701
13 35 -0.13583906712470614
13 36 -0.11445538415773364
13 37 -0.0011541987791326865
13 38 -0.11147422580536348
13 39 -0.08598176995852186
14 14 0.0
14 15 0.010048555702114957
14 16 -0.03006374576650715
14 17 0.0611599489446043
14 18 -0.15881573844637667
14 19 0.02978740936437941
14 20 0.14937837374878707
14 21 -0.005812775080785792
14 22 0.01508707205566499
14 23 0.05764620311334303
14 24 -0.01972964426540145
14 25 0.13140530020570024
14 26 0.13391436631350379
14 27 0.04642850142971285
14 28 0.02314513101425486
14 29 0.02333665706555952
14 30 -0.020112629930719945
14 31 0.1130885521989387
14 32 0.015617251959165357
14 33 0.026149697819148287
14 34 0.11017282644639226
14 35 -0.17592386003530933
14 36 -0.06978724589782521
14 37 -0.09563836081806859
14 38 0.025907704188555904
14 39 0.07356616127763585
15 15 0.0
15 16 0.06612061764546888
15 17 -0.0251510703999184
15 18 0.1428632591567123
15 19 0.12620155001556044
15 20 0.0489460443150504
15 21 0.08844614843514521
15 22 -0.031006913791399204
15 23 -0.050290733054502934
15 24 -0.058801504277079586
15 25 0.2280303223962254
15 26 -0.09887730167385102
15 27 0.06980495502754996
15 28 0.11477494892072919
15 29 0.04741925915352029
15 30 0.05666485028897654
15 31 0.028103026159995124
15 32 -0.0467901392916335
15 33 -0.07257967748009977
15 34 -0.12553463447125873
15 35 0.02473747203389956
15 36 -0.0015786612277476123
15 37 0.014909754664098543
15 38 -0.10089834156851148
15 39 0.03853742070131719
16 16 0.0
16 17 -0.06097977219836663
16 18 -0.09623222007469559
16 19 0.04502044228338316
16 20 0.018148512454402736
16 21 -0.09191461148766274
16 22 -0.1453839852251177
16 23 -0.1139485495954902
16 24 0.17461618280383073
16 25 0.08793125033212525
16 26 0.10042001852462785
16 27 0.08805981692433358
16 28 -0.037187953307643344
16 29 0.07846788254720212
16 30 0.1548941385243798
16 31 0.06836693571364374
16 32 -0.030870618794076665
16 33 0.03184162619178045
16 34 -0.09019768052862508
16 35 -0.07664013575445526
16 36 0.04641612495837179
16 37 0.03588046953152025
16 38 -0.0633760647590426
16 39 -0.078573289928281
17 17 0.0
17 18 0.10220447318885009
17 19 0.011872122486624278
17 20 0.08652591536884027
17 21 0.026757025525237715
17 22 -0.046065646105645196
17 23 -0.0360526038100859
17 24 -0.16919732381773367
17 25 -0.04094870784425139
17 26 -0.07928749930848962
17 27 -0.18977625239099022
17 28 0.05667500034598162
17 29 -0.09656405452153723
17 30 -0.018482663735856816
17 31 0.04096695371157685
17 32 0.04200928931672353
17 33 0.029791292842124773
17 34 -0.07671612185119245
17 35 -0.05544959753522029
17 36 0.09374102983490076
17 37 0.03222052568216274
17 38 0.08415791354820643
17 39 -0.04409957274190199
18 18 0.0
18 19 -0.002317643515480364
18 20 -0.059321509295669816
18 21 0.14740574198292428
18 22 -0.024845035213365334
18 23 -0.07248429994266528
18 24 -0.1492454464365398
18 25 -0.058149562816545555
18 26 -0.2515518343468926
18 27 -0.12072888421793959
18 28 0.060509086683381674
18 29 -0.03539452120342512
18 30 -0.008673035864904224
18 31 -0.06871301080262297
18 32 0.014865579788735928
18 33 -0.04510501577100505
18 34 -0.1749973255994824
18 35 0.17035948381625604
18 36 0.17675428486222164
18 37 0.0724628797206813
18 38 0.02550778615473056
18 39 0.01333270346916196
19 19 0.0
19 20 0.016541647445957132
19 21 -0.04153760333869822
19 22 -0.0016475419242609345
19 23 -0.021187142989546943
19 24 0.0789705683571493
19 25 0.08780195011789298
19 26 0.13101419041069856
19 27 0.059741031695685766
19 28 0.14242411376665648
19 29 0.0027503879968492862
19 30 -0.04336180472505123
19 31 -0.061781107630607734
19 32 -0.09732450603122536
19 33 -0.027173659454931
19 34 -0.008498048408507413
19 35 -0.017312480735607063
19 36 -0.084772575743144
19 37 0.04642398775404448
19 38 -0.05681330747734435
19 39 0.08667662154472786
20 20 0.0
20 21 0.013762515586946217
20 22 -0.08537229857094593
20 23 -0.035591582753667375
20 24 -0.007514189399996876
20 25 0.07070835954350956
20 26 0.1264894679264615
20 27 -0.04799886016534918
20 28 -0.08201076693760224
20 29 0.05377134439231836
20 30 0.04664128924416145
20 31 0.2091528433699204
20 32 0.10433191993248891
20 33 0.09201088682158273
20 34 -0.001742370969769332
20 35 -0.03791121701506196
20 36 0.0017588792740928412
20 37 -0.05618708448907396
20 38 0.06549861155195183
20 39 0.02020821413411526
21 21 0.0
21 22 -0.12123995653386692
21 23 0.012326482445917436
21 24 -0.15413243598744458
21 25 0.03996993778975399
21 26 -0.054547845368750555
21 27 -0.1422451410422919
21 28 -0.0287959237068173
21 29 -0.06677044035735577
21 30 0.011237743191460753
21 31 -0.11784169239206128
21 32 0.011017051497974975
21 33 -0.11630034864407132
21 34 -0.030204201617957664
21 35 0.1149286139741555
21 36 0.07631913753751664
21 37 -0.07697538249208902
21 38 -0.09208087701990529
21 39 -0.0759602102702575
22 22 0.0
22 23 0.10256752152294465
22 24 -0.22805197986711773
22 25 0.020818552607258217
22 26 -0.06214572104668411
22 27 0.057672985922859285
22 28 0.1726477578330659
22 29 0.06325024196145532
22 30 -0.1812032867158337
22 31 -0.02707527484606806
22 32 -0.16364248684225974
22 33 0.017233383258756514
22 34 0.12115082506416816
22 35 -0.08586683578195624
22 36 -0.11601844993227875
22 37 0.0019913817838720185
22 38 -0.04250371675618882
22 39 0.06797317758518615
23 23 0.0
23 24 -0.009318938386110505
23 25 0.0014018786020587293
23 26 0.02886973058404191
23 27 -0.005005803695358057
23 28 -0.01577487498630598
23 29 0.023592333890796686
23 30 -0.09518902957430259
23 31 -0.040767953986272795
23 32 -0.08302851929592078
23 33 -0.07235956409717424
23 34 0.05644282843963343
23 35 0.005218422116684518
23 36 -0.07376406163386894
23 37 -0.034883901449369724
23 38 -0.06442181454944093
23 39 -0.03358046735984735
24 24 0.0
24 25 0.00522092077362574
24 26 0.24979706200816812
24 27 0.19377322067130914
24 28 -0.2371424051573658
24 29 0.03266067799828824
24 30 0.1282115793759439
24 31 -0.0319743093415262
24 32 0.007044506463032024
24 33 0.05371927217425558
24 34 -0.07654995729436123
24 35 0.08077448093676272
24 36 -0.08348942783797597
24 37 0.00477510084532041
24 38 0.04299213252120164
24 39 0.06548643984464765
25 25 0.0
25 26 -0.04037472264501548
25 27 0.2179736814411642
25 28 0.03627433508457441
25 29 0.04286793618129582
25 30 0.058229718700643286
25 31 0.13727677836591468
25 32 -0.13036571312127482
25 33 -0.03916291173467368
25 34 -0.07750822642344965
25 35 -0.17286365201888515
25 36 -0.266663344070727
25 37 -0.17052481387532567
25 38 -0.20808958660561805
25 39 -0.03272494557608489
26 26 0.0
26 27 0.0770756030531394
26 28 -0.033046513687214216
26 29 0.09286246532293443
26 30 -0.03861305679875174
26 31 -0.02259520125735077
26 32 -0.010073442232540003
26 33 0.09852972574499766
26 34 0.1620405280525274
26 35 -0.049696369656315284
26 36 -0.10439640294294365
26 37 0.01993586971184759
26 38 0.01052942521370258
26 39 0.07434499875350645
27 27 0.0
27 28 0.015333975780959751
27 29 0.11890968934623689
27 30 -0.0086539076861659
27 31 0.03971496164355654
27 32 -0.060193187374147694
27 33 0.037750585439262366
27 34 0.021787494772791287
27 35 -0.08917482616371274
27 36 -0.20050357038211578
27 37 -0.028448243680252044
27 38 -0.042317441536300696
27 39 0.082312583997477
28 28 0.0
28 29 0.0009128580212714593
28 30 -0.15046711808832786
28 31 -0.14318944210520476
28 32 -0.13130564868998967
28 33 -0.042051579608257124
28 34 0.0613197983194808
28 35 -0.07754137048840115
28 36 -0.06379238294568941
28 37 0.12192430733563683
28 38 -0.007639347526936154
28 39 0.0726342115318837
29 29 0.0
29 30 -0.05398429069013346
29 31 0.11213722350813515
29 32 -0.025156291387707162
29 33 0.08012291116988254
29 34 -0.010870627796268304
29 35 -0.02062520007257454
29 36 0.055860769105079346
29 37 0.01769575099899598
29 38 -0.004003049234658043
29 39 0.061920113994085514
30 30 0.0
30 31 0.12557721253122683
30 32 0.09698544238791551
30 33 0.0032124139317256245
30 34 -0.08830742625600192
30 35 0.006209709840970006
30 36 0.0764663406364858
30 37 -0.07355123829703483
30 38 -0.04662360414014031
30 39 -0.06383393615938004
31 31 0.0
31 32 0.1463766827751673
31 33 0.09031935150637252
31 34 -0.055500532507913855
31 35 -0.1330763063680217
31 36 0.14501926540354243
31 37 -0.21377004065814886
31 38 -0.038025429459071225
31 39 0.033148902615077115
32 32 0.0
32 33 0.05338499184989178
32 34 0.018062915334680227
32 35 0.06242570418060021
32 36 0.12695292584917955
32 37 0.012906606650878085
32 38 0.1522578466632748
32 39 -0.001259600341085638
33 33 0.0
33 34 0.028433669635691716
33 35 -0.03750284233639993
33 36 -0.002062915049052782
33 37 0.032075192460593246
33 38 0.0963437795613865
33 39 0.05627001904700361
34 34 0.0
34 35 -0.07956800406654144
34 36 -0.11506573304687015
34 37 -0.00773903261015747
34 38 0.030283398192978428
34 39 0.058663813403371026
35 35 0.0
35 36 0.09144618647632986
35 37 0.09682751931380416
35 38 0.03693729806642113
35 39 -0.013403722473946413
36 36 0.0
36 37 -0.011975388551006532
36 38 0.08171628972959477
36 39 0.06356380696184812
37 37 0.0
37 38 0.14173157611029918
37 39 -0.013658873016990513
38 38 0.0
38 39 0.08621648842312223
39 39 0.0
