0 0 0.0
0 1 -0.006881040224533836
0 2 0.11267270475134894
0 3 0.10901896832832914
0 4 -0.06665402058593764
0 5 -0.0011181958813104393
0 6 0.24665195526446837
0 7 -0.0437603187878912
0 8 -0.19879999806073292
0 9 -0.010733609129147588
0 10 -0.12232793767030152
0 11 0.05987891888162981
0 12 0.05969205779910699
0 13 0.06786683823375075
0 14 -0.18805304142453375
0 15 -0.014404629401955813
0 16 -0.02670160671344306
0 17 -0.05675149553189666
0 18 -0.16292546153311654
0 19 0.034178366645578315
0 20 -0.13048043088034456
0 21 0.14666495037962707
0 22 -0.05967308593088383
0 23 0.03892650269088102
0 24 -0.008465461532913445
0 25 -0.12501539737723796
0 26 -0.012037844867854315
0 27 -0.1849328776553153
0 28 -0.07826707578403065
0 29 0.168704971804299
0 30 0.024797926221222663
0 31 0.07819283415945602
0 32 -0.12192898761334796
0 33 -0.1363114171233732
0 34 -0.09933345875207612
0 35 0.05493896392480879
0 36 0.0421462335073724
0 37 0.16604271729682907
0 38 0.01880888990518822
0 39 0.01680582193115389
1 1 0.0
1 2 0.07512782927132759
1 3 -0.003089993081928152
1 4 -0.09417558153358888
1 5 0.02113043942982689
1 6 -0.0004984678965670856
1 7 0.05254517352945417
1 8 0.06777868889230337
1 9 0.26732330698569157
1 10 0.017221091322044094
1 11 0.044818352712522366
1 12 -0.02649901505571886
1 13 -0.06556361899174071
1 14 0.1677405693270468
1 15 0.14881380986504542
1 16 0.10564788727493453
1 17 0.06793076550741575
1 18 -0.07856620512740795
1 19 -0.005065111963285398
1 20 0.09219062154296824
1 21 0.06281570657097064
1 22 0.23514387780798365
1 23 -0.04122160640942232
1 24 0.059695439459418645
1 25 -0.015672332099396932
1 26 0.018272630733813768
1 27 0.05799240803508919
1 28 0.16531459483170488
1 29 0.09600099977622498
1 30 -0.0033858560301645454
1 31 0.0017003128777007812
1 32 -0.04057207007304428
1 33 0.0496295964299861
1 34 0.12221842503204336
1 35 0.10083488275755563
1 36 0.00038374247269259385
1 37 -0.15330767737178558
1 38 -0.052707044697569726
1 39 -0.03612922542083817
2 2 0.0
2 3 0.022465690292932237
2 4 -0.2369233792930571
2 5 0.060209774127641114
2 6 0.11797438537327776
2 7 0.08947690385229622
2 8 -0.004958117505191277
2 9 -0.022925264746918736
2 10 -0.09727787809745846
2 11 0.07508861573511465
2 12 0.010205632119417126
2 13 -0.0974794045039077
2 14 -0.13941113111193515
2 15 -0.025296787321256863
2 16 -0.08629789516828723
2 17 0.021686115752169187
2 18 -0.08887523800390894
2 19 -0.09032325632264113
2 20 0.007246773881423483
2 21 -0.01320336347427141
2 22 0.03555942415346296
2 23 0.1445478546574255
2 24 -0.06287353698703321
2 25 0.016250970041255666
2 26 -0.0031648444841105203
2 27 0.09293139963521252
2 28 -0.07565659463175524
2 29 0.2081145918197751
2 30 -0.1578240678867498
2 31 0.054659037381050844
2 32 -0.057932907564909174
2 33 0.04957311296432807
2 34 -0.1159427714660664
2 35 0.060174928295553
2 36 -0.010257128009993672
2 37 -0.03157244529477653
2 38 -0.01998789214615173
2 39 -0.011829046556642261
3 3 0.0
3 4 -0.034620470916420454
3 5 0.03589073025053593
3 6 0.1126684972885535
3 7 -0.03972164061287221
3 8 0.0015845078342494295
3 9 -0.004083008730467703
3 10 0.044701620724071064
3 11 0.10218392051058374
3 12 0.08269960380553035
3 13 -0.0571320844285251
3 14 -0.08044116319341203
3 15 0.057306658396903555
3 16 -0.03983332427169982
3 17 -0.0424884713733554
3 18 -0.08007452696314518
3 19 0.11258918924969578
3 20 -0.014958563591627654
3 21 0.09372000164254297
3 22 -0.03964798508803
3 23 0.006436651762412124
3 24 0.027321368910311478
3 25 -0.048567072513718376
3 26 0.03885222766654583
3 27 -0.10320721502839754
3 28 0.021094085286054953
3 29 -0.05874992921806234
3 30 -0.029932115714168435
3 31 -0.006660565408940583
3 32 -0.01332800442298453
3 33 -0.03222202117448645
3 34 -0.026341897599499304
3 35 0.026099715376669823
3 36 0.018446762614772794
3 37 0.058459013970213934
3 38 -0.0030548966624303403
3 39 0.044362116992508846
4 4 0.0
4 5 0.009024441975276897
4 6 -0.24815143271477963
4 7 0.005738487263875121
4 8 -0.0556018156459838
4 9 -0.035786815700842946
4 10 0.011773628033760477
4 11 -0.0788941036990478
4 12 -0.02860266501883458
4 13 0.08088716209394034
4 14 0.12791557602663486
4 15 0.02343364614527355
4 16 0.07229489333899425
4 17 -0.02216244471655309
4 18 0.04469563741335286
4 19 0.12519404886282975
4 20 -0.023441758759967457
4 21 0.13146602423205805
4 22 -0.09802965413151903
4 23 -0.14336978627589964
4 24 0.006617370448530936
4 25 -0.06729276465666924
4 26 0.01562559386950878
4 27 -0.08164117293307696
4 28 -0.010703609224368483
4 29 -0.20044271471764746
4 30 0.09757739850762771
4 31 -0.09011376631235722
4 32 0.1357482404157865
4 33 0.01754098010222977
4 34 0.18256653480036947
4 35 -0.0393242321814528
4 36 0.014897764558961185
4 37 0.04221564424610572
4 38 0.05969422167993201
4 39 -0.12431034852613236
5 5 0.0
5 6 0.0076948581989192966
5 7 0.13850621766761426
5 8 0.19192980534117512
5 9 -0.012073086797222854
5 10 -0.0022576440621647634
5 11 0.009930766602552672
5 12 -0.058512325847353705
5 13 -0.12807671409095164
5 14 -0.09849978408734837
5 15 0.04668309584193696
5 16 0.11363739667989743
5 17 0.006507917140105832
5 18 -0.06402607707096432
5 19 0.08057333949859101
5 20 -0.10705229733317759
5 21 0.1246531982265104
5 22 0.04113135258871824
5 23 -0.049048459903595555
5 24 -0.12171467481844629
5 25 -0.0670323940284243
5 26 -0.11808483586675793
5 27 0.032385627730640396
5 28 -0.07138102321234815
5 29 -0.08685588385485177
5 30 0.0767126126529725
5 31 0.05088558882465706
5 32 0.09154951235846379
5 33 0.004436230669025987
5 34 0.03960014785344145
5 35 -0.04085251637469596
5 36 0.020971914967169412
5 37 0.07967883857054306
5 38 0.07840250479255534
5 39 -0.1036878160157209
6 6 0.0
6 7 -0.13052559117759588
6 8 0.14423512126846266
6 9 -0.07821345993994519
6 10 0.0009786729595417068
6 11 0.0342938617749476
6 12 0.12032325638949626
6 13 0.07004242894733997
6 14 -0.29308468463210724
6 15 -0.05559595354275274
6 16 0.012967383572876093
6 17 -0.10508591820960418
6 18 -0.002223461089586501
6 19 -0.05923352388216614
6 20 -0.11520047930735426
6 21 -0.20282863385151825
6 22 0.09190812438536863
6 23 0.042642581818501224
6 24 0.13477073330212105
6 25 0.056777448744430956
6 26 -0.09026755769857378
6 27 -0.08758100187388271
6 28 -0.06405053998754177
6 29 0.27276881277837484
6 30 0.1745937557013606
6 31 0.30188949457422615
6 32 -0.28962468079248255
6 33 -0.12482723242126552
6 34 -0.16648548783631462
6 35 -0.05157134640782772
6 36 0.04138998577246854
6 37 0.0818908453768623
6 38 -0.20122889606091315
6 39 0.38136393138991365
7 7 0.0
7 8 0.02604971275040096
7 9 -0.028519545055417532
7 10 -0.05631154160106176
7 11 0.007082818503916355
7 12 -0.043731773649306784
7 13 -0.08483331559086735
7 14 -0.01200155889396218
7 15 -0.02015110462931816
7 16 0.03490369610035469
7 17 0.0031090523923711913
7 18 0.011265897884146583
7 19 -0.02850793236206938
7 20 0.015218192258309931
7 21 0.07182343677486173
7 22 0.019476188142403168
7 23 0.04094265927368904
7 24 -0.08963406575508545
7 25 -0.03623256641245345
7 26 -0.02562835161733946
7 27 0.0961025324921439
7 28 -0.0710388927134324
7 29 0.00838067667306394
7 30 -0.041973524071322404
7 31 -0.001012638757871082
7 32 0.02468456148251735
7 33 0.04240226910897762
7 34 0.0762738402417478
7 35 0.0024560064640487315
7 36 0.018466479189451948
7 37 -0.06921889792540262
7 38 0.011508464377736012
7 39 -0.15522953098910852
8 8 0.0
8 9 0.02806543805620309
8 10 0.10531278719879573
8 11 -0.027546786900429887
8 12 -0.028626471150800137
8 13 -0.08587957513020537
8 14 -0.03622356971428593
8 15 0.05477301149719301
8 16 0.09893151041525657
8 17 0.019023857271880724
8 18 0.026114579705692004
8 19 0.012377097696416331
8 20 -0.024958086818608605
8 21 -0.08786682374234506
8 22 0.13834038166807652
8 23 -0.05970391123347176
8 24 -0.02371527607587847
8 25 0.047329440081252554
8 26 -0.11878146209184726
8 27 0.09944224637413195
8 28 0.030667418112979645
8 29 -0.0573427142951915
8 30 0.11731087900856688
8 31 0.09311135387498487
8 32 0.028674374696518967
8 33 0.004230114674342643
8 34 0.001306405511303227
8 35 -0.06766426386554536
8 36 0.003575739943496974
8 37 -0.0055513379811240795
8 38 -0.013460937363944495
8 39 0.0903638586987641
9 9 0.0
9 10 0.08631982220399419
9 11 0.06905022444916233
9 12 -0.11653092334045853
9 13 -0.10761527151686634
9 14 0.19779894341244797
9 15 0.030787373844871457
9 16 0.21757501424045386
9 17 0.07911468909443684
9 18 0.012524676321330525
9 19 -0.10205079299440549
9 20 -0.0011612125866777765
9 21 -0.040718149828018566
9 22 0.17891764686435857
9 23 -0.02236244606151116
9 24 0.04364284409605173
9 25 0.05390436461730706
9 26 0.016504212785919778
9 27 -0.011227368191689157
9 28 0.2357010109564544
9 29 -0.033693332940963876
9 30 0.026333528158233414
9 31 -0.05629070954011324
9 32 -0.059168254358019944
9 33 0.0056616244382177525
9 34 0.02536045123593538
9 35 0.07190933860387784
9 36 -0.08450081956887187
9 37 -0.029466374838248315
9 38 0.06418086365210339
9 39 -0.05982855687943578
10 10 0.0
10 11 0.024364556122154178
10 12 0.06387540585542298
10 13 -0.08903756261053457
10 14 0.011584062346140202
10 15 -0.0008826409978499504
10 16 0.0781798761005474
10 17 -0.058811419896595586
10 18 0.04395905636460493
10 19 -0.058092300511887185
10 20 0.06734460453346665
10 21 -0.10833184146518988
10 22 0.06593828366688811
10 23 -0.0140870112203414
10 24 0.016046679145171598
10 25 0.049047098592462195
10 26 -0.017105733761105232
10 27 0.05961436969306355
10 28 0.15690547998736176
10 29 -0.09930092108571528
10 30 -0.015492131962537736
10 31 -0.026938188554806498
10 32 -0.005012296026419063
10 33 -0.022268112843330544
10 34 0.03664162316332474
10 35 0.017652263400658424
10 36 -0.042094797203058705
10 37 0.03859157026785247
10 38 0.06507138390009279
10 39 0.05360151732415499
11 11 0.0
11 12 0.025454744161330145
11 13 -0.12100974692081386
11 14 -0.021177442851201288
11 15 0.015783239869169623
11 16 -0.018350451603808753
11 17 -0.004568074578492666
11 18 -0.027420153620645298
11 19 0.03485410354680278
11 20 0.010876299309930336
11 21 0.056054191475374604
11 22 -0.011920183627478539
11 23 0.07847596565740737
11 24 0.02181786812751265
11 25 -0.009829753824875906
11 26 0.07664176058178471
11 27 -0.07551079420334654
11 28 0.05606552056727489
11 29 -0.05788237321804688
11 30 -0.08199070331053496
11 31 -0.03861078652479271
11 32 -0.06765137700336828
11 33 -0.019273138357584187
11 34 -0.05719042438790587
11 35 0.04144185543471535
11 36 -0.006537413641674285
11 37 -0.02232628077065586
11 38 -0.01695288891163114
11 39 -0.008138940018850604
12 12 0.0
12 13 0.026822960037979682
12 14 -0.10763852392459641
12 15 0.042766127106960865
12 16 -0.13509652381692733
12 17 -0.0925294177278538
12 18 -0.06191317486532234
12 19 0.07045441752921
12 20 0.0816275592644696
12 21 0.029169085827151636
12 22 -0.04924553011464655
12 23 0.01552787256937307
12 24 0.03890511822157045
12 25 -0.040715003941706615
12 26 0.03692517878409343
12 27 -0.008414029329983284
12 28 -0.014386115980145006
12 29 0.039387772313295634
12 30 -0.07542891070335751
12 31 0.014818992013169783
12 32 -0.010566612059753303
12 33 -0.016678512711436007
12 34 0.021384416290273385
12 35 0.03261715431804656
12 36 0.044371041895539184
12 37 0.011441765436096039
12 38 -0.045684547955249
12 39 0.09506682804414185
13 13 0.0
13 14 0.0110815280792383
13 15 0.013384186902418027
13 16 -0.08171073171911006
13 17 -0.003605585701592741
13 18 0.001363347216278009
13 19 0.05470600930066159
13 20 -0.013686450656956317
13 21 0.00047088021262313933
13 22 -0.048890468923888
13 23 -0.07145775490741933
13 24 0.05304471559612813
13 25 -0.03180329059165308
13 26 -0.0120629510028483
13 27 -0.05982392793071718
13 28 -0.07705510358707637
13 29 0.07517536701016733
13 30 0.10763446172249432
13 31 0.047054310480107005
13 32 -0.0025712786948193715
13 33 -0.0497710597826818
13 34 0.004931517014056758
13 35 -0.0435006031515845
13 36 0.05570950077511398
13 37 0.0027443050824236238
13 38 -0.07255438583592608
13 39 0.09187796304163379
14 14 0.0
14 15 0.05933345993100575
14 16 0.11241000132581858
14 17 0.0882488099944104
14 18 0.06260472650845753
14 19 0.010951691294441884
14 20 0.06421232604514639
14 21 0.02576720247049923
14 22 0.05758161372226186
14 23 -0.09594477487425725
14 24 0.07922471086224887
14 25 0.0417409965692245
14 26 0.08748578945720221
14 27 -0.007256569377181657
14 28 0.14651955984755122
14 29 -0.11100386408739885
14 30 0.007919002890683745
14 31 -0.13381157719364686
14 32 0.08011308448806959
14 33 0.11515822779211153
14 34 0.1582643053651608
14 35 0.03728779775280487
14 36 -0.05608872983562006
14 37 -0.11610717349212721
14 38 0.0117084454395208
14 39 -0.11404186010784374
15 15 0.0
15 16 -0.0907571255095395
15 17 0.05386019031592494
15 18 -0.14036884871005448
15 19 0.23133451341181033
15 20 0.04502294419366519
15 21 0.19643241855287077
15 22 0.030953709933796324
15 23 -0.09239818955616895
15 24 0.008392002619508442
15 25 -0.10140261450099879
15 26 0.018309265756654203
15 27 -0.05471599549828047
15 28 0.03730903033602308
15 29 -0.09517818399963966
15 30 0.01929223810031639
15 31 -0.04185562868526661
15 32 0.10890407152048927
15 33 -0.017599130517882502
15 34 0.037103390676184275
15 35 0.016220872193226057
15 36 0.07166172326384052
15 37 -0.04542707317420052
15 38 -0.021557785103918474
15 39 0.011120494015436275
16 16 0.0
16 17 -0.016619134833851006
16 18 0.10475763733174662
16 19 -0.15738868116610977
16 20 -0.1065247736478907
16 21 -0.097814680035374
16 22 0.12146361707925138
16 23 -0.0883052569938512
16 24 0.03742358323944321
16 25 0.08168234745580315
16 26 -0.05959361542105875
16 27 0.01293118693979394
16 28 0.1097551525143696
16 29 -0.01515463970643655
16 30 0.1263563255848386
16 31 0.026252632989358364
16 32 -0.028796006512131257
16 33 0.08831827634025224
16 34 0.1629138694464189
16 35 0.011363354914533707
16 36 -0.1137852881140505
16 37 0.08195319170601903
16 38 0.08667909143050714
16 39 -0.09727996756565417
17 17 0.0
17 18 -0.019233078654979887
17 19 0.02687024235595579
17 20 -0.009436701173626275
17 21 0.028025717219555952
17 22 0.04339270961584335
17 23 -0.004248513553576817
17 24 -0.03018605461421849
17 25 0.0011385059460919003
17 26 -0.004917632962102971
17 27 0.0023644053510933224
17 28 0.023493941748140422
17 29 -0.035785874415666316
17 30 0.019276868575969767
17 31 -0.03200190726816179
17 32 0.032715899280854034
17 33 -0.01472440429643731
17 34 -0.07121015160448693
17 35 -0.013597450166505643
17 36 0.004596788325431389
17 37 -0.05767604870339593
17 38 0.004826816864211296
17 39 -0.027354772665954513
18 18 0.0
18 19 -0.15666477644280047
18 20 0.006907380219508483
18 21 -0.1937217249214446
18 22 0.019276834607959096
18 23 0.0357256965624458
18 24 0.03976348962578875
18 25 0.10556443099667638
18 26 -0.0028189902735012433
18 27 0.04575929673058051
18 28 0.02589994429173754
18 29 -0.026918506883968712
18 30 0.06395322367099775
18 31 0.02222164287185007
18 32 -0.10146818178772013
18 33 -0.004468616539376689
18 34 0.013282602961711881
18 35 -0.05897079726543768
18 36 -0.03816404213644276
18 37 -0.06487320647289814
18 38 -0.04747600882518713
18 39 0.02209739729423606
19 19 0.0
19 20 -0.01412124596354665
19 21 0.33048175182193346
19 22 -0.11050514616000746
19 23 -0.1293246046786724
19 24 0.015399254207762763
19 25 -0.17155716338157276
19 26 0.05114278203194651
19 27 -0.1890256842520494
19 28 -0.06090466330373623
19 29 -0.21858852391955214
19 30 0.06212674494312975
19 31 -0.060386104469334144
19 32 0.15911830602843297
19 33 -0.0418303142771197
19 34 0.043397804106342926
19 35 -0.03279077950300373
19 36 0.12059608784862286
19 37 0.0024979769812399225
19 38 -0.043526018891518296
19 39 0.002307786306238837
20 20 0.0
20 21 -0.02086298117637502
20 22 0.03039259010908806
20 23 0.040988482865256984
20 24 0.020003430935882853
20 25 0.009523754027757122
20 26 0.06314861171760117
20 27 0.09940688864002598
20 28 0.06606703784994747
20 29 0.012608082570798682
20 30 -0.12402131607808928
20 31 -0.05873304435301698
20 32 0.007188381495551792
20 33 0.029120283159087795
20 34 0.050161532113389105
20 35 0.04834963327632162
20 36 0.016440469883212818
20 37 -0.13332403957064126
20 38 -0.041334041147910935
20 39 0.005665048435406541
21 21 0.0
21 22 -0.105461585953848
21 23 -0.09119356739418277
21 24 -0.04942358781253385
21 25 -0.2107942757401661
21 26 0.056715493995609746
21 27 -0.15781502895761076
21 28 -0.06817183298406296
21 29 -0.16460094972713216
21 30 -0.012805986302726394
21 31 -0.10077861746641219
21 32 0.1661543766737355
21 33 -0.011989536047812537
21 34 0.09813872767646561
21 35 0.02921927229963952
21 36 0.09721080864282436
21 37 0.014317238707765658
21 38 0.033231485481763315
21 39 -0.16491159646716416
22 22 0.0
22 23 -0.0034315822282844103
22 24 0.005789426397587539
22 25 0.04364588226601482
22 26 -0.07332732192480304
22 27 0.10114586063090884
22 28 0.1181961048679157
22 29 0.08040953852848937
22 30 0.07193574559580038
22 31 0.0693653942949576
22 32 -0.0863981031580491
22 33 -0.03756453449260068
22 34 -0.002049768329240964
22 35 0.01249671623217663
22 36 -0.009852279708607638
22 37 -0.07601272989871524
22 38 -0.024258707638135344
22 39 0.04765756811656314
23 23 0.0
23 24 -0.04713710545612797
23 25 0.033271678833035376
23 26 0.019138203799412397
23 27 0.054659758937112335
23 28 -0.01623553696580611
23 29 0.08003671849352292
23 30 -0.11110335386847274
23 31 0.01649358427900773
23 32 -0.13258289158515502
23 33 -0.06951381850484732
23 34 -0.15756015499490317
23 35 0.011704896822643208
23 36 0.002323092107802523
23 37 -0.05894681526925862
23 38 -0.029289313636450803
23 39 0.019535157280352305
24 24 0.0
24 25 0.053432888524125755
24 26 0.08206843867226184
24 27 -0.07888592960557277
24 28 0.05832263771591264
24 29 0.034750675187855615
24 30 0.02194077772487981
24 31 0.008129656782406233
24 32 -0.05390549124940384
24 33 0.07456374963671367
24 34 0.08156463719974474
24 35 0.025633194500625955
24 36 -0.028478088932782898
24 37 -0.031665530159371465
24 38 -0.09363405945179434
24 39 0.09281162937930128
25 25 0.0
25 26 0.010600394030479961
25 27 0.08007744135863613
25 28 0.05231261141638299
25 29 0.07141729963653247
25 30 -0.036540371314389856
25 31 0.014342322389429655
25 32 -0.04435446465287597
25 33 0.1004700337990928
25 34 -0.008014805798731461
25 35 0.00786710913504786
25 36 -0.09325713925378382
25 37 -0.01132997566450376
25 38 -0.005302513805645624
25 39 0.04969694412443189
26 26 0.0
26 27 -0.06705312305293049
26 28 0.03601932561497425
26 29 -0.03364359052131096
26 30 -0.1176815161379692
26 31 -0.09517088052714476
26 32 0.013080966952894974
26 33 0.09026110332865014
26 34 0.054696250184923
26 35 0.05867700010362305
26 36 -0.024257637709418186
26 37 -0.05743049235791066
26 38 -0.03575068868667074
26 39 -0.03349513304340318
27 27 0.0
27 28 0.005684302112011886
27 29 0.12285259093518597
27 30 -0.10081517957447579
27 31 0.019893178783223855
27 32 0.03283820000677482
27 33 0.08725839539685187
27 34 0.03609029977865535
27 35 0.02090969117656842
27 36 -0.04044057187401233
27 37 -0.06777285503436478
27 38 0.03934226402370252
27 39 -0.038626910235821064
28 28 0.0
28 29 -0.07328306233807318
28 30 -0.012862635374768967
28 31 -0.06713859064631371
28 32 -0.037660951717780354
28 33 -0.010897378427553424
28 34 0.02543228010726974
28 35 0.0564907521517949
28 36 -0.058015769632825974
28 37 -0.030876855563348925
28 38 0.04169149786018299
28 39 0.013567884944701977
29 29 0.0
29 30 -0.0702303583457945
29 31 0.13977100486949415
29 32 -0.12680594549452717
29 33 0.07636986861169909
29 34 -0.022059895391582842
29 35 0.06687048025025241
29 36 -0.03316429796488571
29 37 -0.00908047269851249
29 38 -0.06987460428745079
29 39 0.0853319229747056
30 30 0.0
30 31 0.12010302637744193
30 32 -0.07427090587537502
30 33 -0.16670126229456364
30 34 -0.02215201122397115
30 35 -0.12236278526680629
30 36 0.0673331778291632
30 37 0.028010036431861805
30 38 -0.06109397933067725
30 39 0.10026195142323328
31 31 0.0
31 32 -0.12241809760171152
31 33 -0.07884578042674498
31 34 -0.06657198248763498
31 35 -0.052440179800324525
31 36 0.037551760516603125
31 37 0.014915826642681776
31 38 -0.08318932409954684
31 39 0.13419844889396973
32 32 0.0
32 33 0.1729019660634587
32 34 0.1490482948247131
32 35 0.023049952673140073
32 36 -0.026228200712658623
32 37 0.0690438932802648
32 38 0.12743056561564348
32 39 -0.1458178171089659
33 33 0.0
33 34 0.24068907496191488
33 35 0.0940067477637974
33 36 -0.13132675999407614
33 37 0.012386639957502806
33 38 0.045864351758914935
33 39 -0.1253814879467083
34 34 0.0
34 35 0.06845821399150638
34 36 -0.051472895645767326
34 37 -0.0075288440855487485
34 38 0.029110886884211103
34 39 -0.16032055675709128
35 35 0.0
35 36 -0.04695709763444868
35 37 0.005239936343578501
35 38 0.03842412490020264
35 39 -0.05715614526140994
36 36 0.0
36 37 -0.05382843504318473
36 38 -0.07134417172468269
36 39 0.0469122480417629
37 37 0.0
37 38 0.14036034856925264
37 39 -0.007053307356920231
38 38 0.0
38 39 -0.13900474785626732
39 39 0.0
