0 0 0.0
0 1 0.002209751785878768
0 2 0.11222769329484647
0 3 -0.0894709684196037
0 4 0.06338358481003718
0 5 -0.009843297721834194
0 6 0.0877675969177966
0 7 -0.013775160129584792
0 8 0.020937688774838783
0 9 0.09052986021576107
0 10 0.022874870982596326
0 11 0.02310822455103196
0 12 0.10911533817735257
0 13 -0.030938097787526327
0 14 0.0038579740257995965
0 15 -0.01608578467635063
0 16 -0.16063484321755014
0 17 -0.06324581061332285
0 18 0.07883228537456737
0 19 -0.10022112059591562
0 20 0.007045845214233825
0 21 0.0013783043164885943
0 22 0.07697121260919035
0 23 -0.11489930392414416
0 24 -0.04045469903580124
0 25 0.05944389230613145
0 26 -0.06622520110362282
0 27 0.044796074883574816
0 28 -0.09961797127382291
0 29 0.0067025081873002944
0 30 -0.04365539384115528
0 31 -0.017479588413464687
0 32 0.0469226566811166
0 33 -0.04757884564371982
0 34 -0.012387260141236216
0 35 -0.005381720199786917
0 36 -0.003471405823583779
0 37 -0.030057482886030978
0 38 -0.018866040047179698
0 39 0.06179387020405848
1 1 0.0
1 2 0.04625547973502386
1 3 0.23408481517520063
1 4 0.041326455362488954
1 5 -0.01391619525043877
1 6 -0.12058227725780254
1 7 -0.042670411268381045
1 8 0.12281778060559283
1 9 -0.09418361301252773
1 10 0.011381786655337714
1 11 -0.32864635611641413
1 12 -0.10630571528713262
1 13 -0.11961911168431519
1 14 -0.09843409095675161
1 15 -0.10789116580572303
1 16 -0.026826063263183274
1 17 -0.03490354429530931
1 18 0.08001908821991006
1 19 -0.14018361690892833
1 20 -0.1079346417644484
1 21 -0.06502719762697055
1 22 -0.06366212285262338
1 23 0.16841999819655304
1 24 -0.09588366718026567
1 25 0.0567758026281419
1 26 -0.16620263914518835
1 27 0.028379091806835077
1 28 0.15288209806767647
1 29 0.1557558162698586
1 30 -0.122916956395197
1 31 0.014237861940367452
1 32 -0.1150897275307486
1 33 0.12933396932407507
1 34 0.0762410877663119
1 35 0.004609468938742749
1 36 -0.14416946184145862
1 37 0.15368077420315251
1 38 0.04653626111253175
1 39 0.23192930467111164
2 2 0.0
2 3 0.030807165629829138
2 4 -0.14172555478453236
2 5 -0.114151633210311
2 6 -0.10792992612379526
2 7 0.02905606890464487
2 8 0.08503708738064046
2 9 0.0419652460436543
2 10 -0.05253608187442893
2 11 0.24953436062337003
2 12 0.08877769248437806
2 13 -0.004829892054588808
2 14 0.06359105995376854
2 15 -0.0012452500705255568
2 16 0.06697701082724436
2 17 0.019854451983605963
2 18 -0.08051987252462313
2 19 -0.16763941317309863
2 20 -0.04040008584098401
2 21 0.12229418747455482
2 22 0.004571161365658371
2 23 -0.042366754592604555
2 24 0.0004113956553810142
2 25 -0.02026589533501457
2 26 -0.009672074360196362
2 27 0.10555844553435786
2 28 -0.054640651895131884
2 29 0.15565938791415646
2 30 -0.16526630291439998
2 31 0.21546774339614752
2 32 -0.0862760283311005
2 33 -0.07769617611424785
2 34 0.06418296321956442
2 35 0.1180186957643791
2 36 -0.15345952333258334
2 37 0.10149829668064998
2 38 0.0910854304866842
2 39 0.23844835171040524
3 3 0.0
3 4 0.10631271325855012
3 5 0.015383543288163886
3 6 0.05115550499343491
3 7 -0.07422467594575367
3 8 0.036604686632555235
3 9 -0.028340059528118473
3 10 -0.20835952296932292
3 11 -0.17242874694528595
3 12 -0.24857676947256171
3 13 -0.06811084550009658
3 14 -0.000056324152374879585
3 15 -0.051300289999197654
3 16 0.07188868632134529
3 17 0.009634063308314934
3 18 0.00443185287460768
3 19 0.1312734662492222
3 20 -0.15977892409859168
3 21 -0.2684076816285329
3 22 -0.15892258640125156
3 23 0.07563162226570226
3 24 0.11757164936786739
3 25 -0.0468607521734205
3 26 -0.24000368838934585
3 27 -0.062107487479696764
3 28 -0.11256924599774573
3 29 0.10432874557470284
3 30 -0.21324077286026627
3 31 0.13356933727823767
3 32 -0.4343614884370429
3 33 0.23363903420042315
3 34 0.1867408313945514
3 35 0.13529827166334407
3 36 0.04924389447504609
3 37 0.0012574107669635546
3 38 0.13215185364435061
3 39 0.16117231926878473
4 4 0.0
4 5 -0.10199467650965673
4 6 -0.07815796614738994
4 7 0.021891092175721483
4 8 0.04278987494478843
4 9 0.06445054213627845
4 10 0.16920068406862893
4 11 0.05134270718788543
4 12 -0.18482793572715614
4 13 -0.0953334538735873
4 14 0.0586208089035302
4 15 -0.01250843549680585
4 16 -0.05344163042097024
4 17 -0.03587896216763715
4 18 0.0770841275023947
4 19 0.039826995952577576
4 20 0.044598353303592644
4 21 -0.1466285485793576
4 22 -0.17184066108883214
4 23 -0.09516016325287427
4 24 0.11002379245379967
4 25 -0.002375773821604023
4 26 -0.09090118789222193
4 27 -0.0766851445327636
4 28 -0.10951813862783086
4 29 -0.13309154502792847
4 30 -0.15922071572807991
4 31 0.06441978445576285
4 32 0.08881835708716232
4 33 -0.07170917329724441
4 34 -0.11515555081214127
4 35 -0.1354846377491068
4 36 0.028327248168769147
4 37 -0.05375353341708709
4 38 0.02503732293765514
4 39 -0.008557140064028614
5 5 0.0
5 6 0.092908194385442
5 7 -0.04774621751827367
5 8 0.010472163945460838
5 9 0.30881328050685386
5 10 0.21040759153726002
5 11 -0.24787875408328083
5 12 0.000271735145355064
5 13 0.33543451377054373
5 14 0.006541439839885199
5 15 -0.012702056306240675
5 16 -0.0403743965368017
5 17 -0.11651899244901023
5 18 0.14670629696669008
5 19 -0.11311905043103938
5 20 -0.13679569046816406
5 21 -0.11942920297636694
5 22 0.21886342879052917
5 23 0.043881763002924165
5 24 -0.14275115921970202
5 25 0.016900331966964742
5 26 -0.12385841221507174
5 27 0.060653399537668407
5 28 -0.1349151817675231
5 29 -0.0028435550651028495
5 30 0.09167317489058843
5 31 -0.2219703802764542
5 32 -0.026235341730389994
5 33 0.04799723905014327
5 34 0.04766227917063406
5 35 -0.05440948681536353
5 36 -0.21210960326154676
5 37 0.00904118432135806
5 38 0.014358048688622149
5 39 0.013347046153189865
6 6 0.0
6 7 -0.11892493794124304
6 8 0.05298446874018532
6 9 -0.02749062583141751
6 10 -0.02748078822169091
6 11 -0.17338698808061614
6 12 0.06186387149485493
6 13 0.010907433441611157
6 14 -0.07764815352216178
6 15 -0.06410978826523155
6 16 -0.09682466416191159
6 17 0.046751816979861444
6 18 0.06085755715449287
6 19 -0.060529868141181206
6 20 0.03762323555283564
6 21 -0.006588504333676086
6 22 0.13973111559969864
6 23 -0.05883938094523581
6 24 0.006718216858410302
6 25 -0.10558174449166693
6 26 -0.11452039702259545
6 27 -0.004318516964300762
6 28 -0.08152443345500548
6 29 0.04487494760752335
6 30 0.05008735981637966
6 31 -0.10269960529391567
6 32 -0.1597421724290627
6 33 0.12092781797493043
6 34 0.05383385363314179
6 35 0.15891091894161127
6 36 0.16085401003478988
6 37 -0.01819439544007071
6 38 -0.057950820677865
6 39 -0.13437594163726777
7 7 0.0
7 8 0.14152654121187125
7 9 -0.11274520925497337
7 10 -0.027743176873426832
7 11 0.2240644763294052
7 12 0.045308505464504795
7 13 0.11841502357981507
7 14 -0.02971685515369263
7 15 0.09745759380823789
7 16 -0.022999232404122806
7 17 0.10392401335983137
7 18 0.020519706320410253
7 19 0.04842481520072289
7 20 0.08435615452684292
7 21 -0.12624160598605222
7 22 0.029743089180677813
7 23 -0.04430872471845341
7 24 0.01598674933921871
7 25 0.010083461296591514
7 26 -0.05319268115845288
7 27 -0.04257705893726662
7 28 -0.04639405853974562
7 29 0.04934373250029112
7 30 -0.01826598784280164
7 31 0.047729604804459494
7 32 0.096386130674882
7 33 -0.010615736427994557
7 34 -0.06801452611930191
7 35 -0.026786026210008067
7 36 0.0031557050668615263
7 37 0.04747927253531901
7 38 0.05834855469899157
7 39 0.10651160617779196
8 8 0.0
8 9 -0.0369417879664091
8 10 -0.032734655522258974
8 11 0.08102878672428636
8 12 0.09141417287818115
8 13 -0.002316147817249811
8 14 -0.11750381835485409
8 15 0.14244405567748059
8 16 -0.018285689587884648
8 17 0.09847743647469519
8 18 -0.030842123175528518
8 19 -0.11094934590541525
8 20 0.03182880779149992
8 21 -0.1818957748512177
8 22 -0.009718509818940457
8 23 0.04171099937817215
8 24 -0.05449926709044848
8 25 -0.006653931348792923
8 26 -0.25534963556029056
8 27 -0.05815196473294261
8 28 -0.045392152708152625
8 29 0.03174106980174566
8 30 -0.10684983141344309
8 31 0.1084411505021406
8 32 0.017898005679341106
8 33 0.1022342736365075
8 34 -0.09637944894513326
8 35 0.020920937450826096
8 36 -0.09686279630070513
8 37 0.1513749552151309
8 38 -0.04376164676025206
8 39 0.18597888320770448
9 9 0.0
9 10 0.13134120325682525
9 11 -0.17535517270580342
9 12 0.08292434821992085
9 13 0.08783513173396551
9 14 0.03512537412029119
9 15 -0.02603774627925202
9 16 0.0004267387182802592
9 17 -0.188402799287189
9 18 -0.013959391952303706
9 19 -0.0543519010506733
9 20 -0.09956813826089621
9 21 -0.03378258652293608
9 22 0.03091764418477965
9 23 -0.06558052793707295
9 24 -0.09737000287029426
9 25 -0.000224778213879765
9 26 0.031488491179864554
9 27 0.11250381642352277
9 28 -0.21384694451504624
9 29 -0.13921976445792267
9 30 -0.031157558024830716
9 31 0.009688621643300165
9 32 0.08533592486966994
9 33 -0.02062114992561295
9 34 0.03423969306259675
9 35 -0.17486420188141083
9 36 -0.05762220205346073
9 37 -0.0858841290077906
9 38 0.05953132530630919
9 39 0.07770229790691127
10 10 0.0
10 11 -0.14305236569991314
10 12 -0.01839351741830642
10 13 0.19438991796197586
10 14 0.11546060070030048
10 15 -0.10162421474914902
10 16 -0.05035578837174082
10 17 0.12223239459857467
10 18 0.005182038667487847
10 19 -0.21673739617896826
10 20 0.09796031844043417
10 21 -0.17516190992212693
10 22 -0.00402474457686629
10 23 -0.12435696640813365
10 24 0.05325314215387085
10 25 -0.07335748717754927
10 26 0.03679319646239405
10 27 0.08371278305807632
10 28 -0.012855858046323587
10 29 -0.07761712642924228
10 30 -0.07206606159264377
10 31 -0.05214056227944723
10 32 0.22488619730657344
10 33 0.00566947791640589
10 34 -0.0935368230621247
10 35 -0.2691707515805879
10 36 -0.12095163484665424
10 37 -0.07377238718717294
10 38 -0.01951556115297561
10 39 -0.0433909530349687
11 11 0.0
11 12 0.10779221296560389
11 13 0.17450380887309686
11 14 0.14114298541952883
11 15 0.24697353615806078
11 16 -0.009308967713221417
11 17 0.03568033004539601
11 18 -0.055623612954751864
11 19 0.07264772359485232
11 20 0.14573881827442176
11 21 0.021388310746074873
11 22 0.0302833742659125
11 23 -0.018160164357546832
11 24 0.1636530437740888
11 25 -0.007913763431301072
11 26 -0.03566055689185371
11 27 -0.14549127995165517
11 28 -0.04478572825734933
11 29 -0.004914970658968483
11 30 0.09830555593233449
11 31 0.1314638286175457
11 32 0.1470614632442255
11 33 -0.2473902290042936
11 34 -0.06792307578074676
11 35 0.0148673743275255
11 36 -0.06034702047539218
11 37 -0.07764809515362657
11 38 -0.12873745778283466
11 39 0.006463052342777093
12 12 0.0
12 13 -0.061916997131065535
12 14 -0.01498551787853609
12 15 0.20647535195653988
12 16 -0.23341929239900394
12 17 0.01327635140451946
12 18 -0.06943999848356176
12 19 -0.05715491076342204
12 20 0.1579594774600608
12 21 -0.12049005677935196
12 22 0.16201124627889812
12 23 -0.13615958814568777
12 24 0.0876478075802965
12 25 -0.05724398637482002
12 26 0.003678654172660151
12 27 -0.0019055881953985554
12 28 0.016239194401453143
12 29 0.1339471212344464
12 30 0.17849892175630927
12 31 -0.08831804329517548
12 32 0.13928198105556025
12 33 0.1744825655014029
12 34 -0.07931783262553602
12 35 -0.06498240562958113
12 36 0.11160465934959007
12 37 -0.190005298352518
12 38 -0.16831936887271542
12 39 0.05901456397499695
13 13 0.0
13 14 0.03772231068279695
13 15 0.0067480251087345105
13 16 0.025940374252230437
13 17 0.04955900647495718
13 18 0.027222294109374635
13 19 -0.03363710908889246
13 20 0.059563019316636115
13 21 -0.10082911467996776
13 22 0.22833548780157656
13 23 0.13191795124714029
13 24 -0.1368556775579506
13 25 -0.1303435036459762
13 26 -0.23437510385566984
13 27 0.047421157141465456
13 28 -0.15688959421561066
13 29 0.07419945087161547
13 30 -0.026556330631445208
13 31 0.023387061125017577
13 32 0.017571087735091053
13 33 -0.037635202846325086
13 34 0.0986719461246128
13 35 -0.15754629071068557
13 36 -0.056351219878121236
13 37 -0.012929347610739276
13 38 0.06034118565836812
13 39 0.04825886798354219
14 14 0.0
14 15 0.012207861877901415
14 16 0.002860161899949243
14 17 0.05442803480486441
14 18 0.15638390387550055
14 19 -0.19799310391202746
14 20 -0.0938107381223843
14 21 -0.04083264111747978
14 22 0.04846608761442535
14 23 0.003200303673064641
14 24 0.10107363637347835
14 25 0.07528730541783074
14 26 0.0527463333573561
14 27 0.02830558221359588
14 28 0.11497039989802452
14 29 -0.0572456173871556
14 30 0.046228446558566935
14 31 -0.001939742097819923
14 32 0.22725356770717725
14 33 -0.22653119124769092
14 34 -0.0610109964108441
14 35 0.034958515686461064
14 36 -0.0940374347646918
14 37 -0.08154388169513097
14 38 -0.037119120762115806
14 39 -0.06370755169171992
15 15 0.0
15 16 -0.06032945341152442
15 17 0.12528537519280694
15 18 -0.0760315563409765
15 19 0.1848439122595939
15 20 0.16454498473424903
15 21 -0.15942339431807812
15 22 -0.039709233198427764
15 23 -0.06448124987358358
15 24 -0.03690429297114249
15 25 0.04564162599406378
15 26 -0.06746555533309842
15 27 -0.024674048768319027
15 28 0.07097364493551114
15 29 -0.02003426259455229
15 30 -0.07458743260265735
15 31 0.14809068479448492
15 32 -0.06278586357525723
15 33 -0.09988278857233429
15 34 -0.08610990719275681
15 35 0.12168326140006444
15 36 -0.05313608684561568
15 37 0.009278962139514658
15 38 -0.029034942822922582
15 39 0.012223834567675135
16 16 0.0
16 17 0.006927819173008468
16 18 -0.08270322670623799
16 19 0.02355675736456413
16 20 0.003321478800877197
16 21 0.20250739804729934
16 22 -0.09141447881406865
16 23 0.16725149351201146
16 24 -0.07853634714714833
16 25 -0.030581287106556453
16 26 0.0764748165137629
16 27 -0.025394218520446633
16 28 0.008760836156978792
16 29 -0.013458512855410576
16 30 -0.11165628733351204
16 31 0.051781629355696024
16 32 -0.07356888882376278
16 33 -0.03261279098974191
16 34 -0.06744891347515194
16 35 -0.0014469472740597246
16 36 -0.0304187940330713
16 37 0.13083142883450657
16 38 0.15159262998023412
16 39 0.02276401797646421
17 17 0.0
17 18 -0.07574756450529702
17 19 -0.055645983450892146
17 20 0.08474106046537747
17 21 -0.24283942998131813
17 22 -0.04169461562612192
17 23 -0.09046076628606498
17 24 0.014550099201047407
17 25 -0.037315134434452404
17 26 0.0029479216712114138
17 27 0.02761622789034775
17 28 0.11695651652866354
17 29 -0.02052687291901232
17 30 -0.12626605663251206
17 31 0.1901913443335326
17 32 0.03794794514695051
17 33 0.054152196718503354
17 34 -0.014098428702461432
17 35 0.05407054948487553
17 36 0.054899858309894814
17 37 0.018072635604422314
17 38 0.03323009687838922
17 39 0.05796093283431917
18 18 0.0
18 19 -0.30051103970774595
18 20 -0.2022031175879603
18 21 -0.03680102021939348
18 22 0.23975248588969045
18 23 0.00517676243272075
18 24 -0.10113606639568817
18 25 0.11514505029876451
18 26 -0.04544572667577208
18 27 -0.04061946844676659
18 28 0.12239945088550157
18 29 0.08099978361103388
18 30 0.09939889259380835
18 31 -0.22881130253345544
18 32 0.0785557411417808
18 33 -0.19804544252969564
18 34 0.002608608823075279
18 35 0.24628139260541895
18 36 -0.15398184523735975
18 37 0.06339862673013005
18 38 0.1182571049512103
18 39 0.09608740795837559
19 19 0.0
19 20 0.1988937552204127
19 21 0.07561690933996942
19 22 -0.15272792221196038
19 23 -0.0871264684516387
19 24 0.11066527187331474
19 25 -0.12380881261737424
19 26 0.04279678410755246
19 27 -0.06094126830419054
19 28 -0.16965608525545428
19 29 -0.055872142697051465
19 30 -0.02268451595121512
19 31 0.10983533222194404
19 32 -0.37444241000116885
19 33 0.08092833122491917
19 34 0.024878022387482598
19 35 -0.062369752845015114
19 36 0.26990709439946925
19 37 -0.06522444609116139
19 38 0.024879755845111685
19 39 -0.14691049031693396
20 20 0.0
20 21 0.001445822084796207
20 22 -0.08014022249967818
20 23 -0.04786927590612147
20 24 0.12205969338308253
20 25 -0.13139055296033092
20 26 0.027998518382147414
20 27 -0.012144643999804024
20 28 -0.010408769111209214
20 29 0.0811413250151694
20 30 -0.042683621873853224
20 31 0.033902259894575876
20 32 -0.02077373889916418
20 33 -0.0011302504338242254
20 34 -0.11979500433190471
20 35 -0.12376683794331586
20 36 0.14089878001154416
20 37 -0.044404016334370994
20 38 -0.040021891672442717
20 39 -0.14591269187990571
21 21 0.0
21 22 0.02341471648639378
21 23 0.15981980042100002
21 24 -0.04447995771711821
21 25 -0.014454481474522407
21 26 0.12732736063280076
21 27 0.03278737270350574
21 28 0.007880578240621886
21 29 0.05743387059888065
21 30 0.0758737335524581
21 31 -0.10324841455686103
21 32 -0.04179777902231619
21 33 -0.2043773889963889
21 34 -0.07115408433556236
21 35 0.06661688570095646
21 36 0.025078997795720502
21 37 0.11744816855151423
21 38 0.0003939776595846559
21 39 -0.23184952230257694
22 22 0.0
22 23 0.022244594998366625
22 24 -0.06803026727215515
22 25 0.0006931490440268491
22 26 -0.030138144485467783
22 27 0.008132559609005883
22 28 0.06536171754753273
22 29 0.037071952526104
22 30 0.299389084124534
22 31 -0.19488313691739992
22 32 -0.0009139991174758717
22 33 -0.12022507601144727
22 34 0.02222391552727225
22 35 0.07001729188056784
22 36 -0.05076334878472864
22 37 0.006481699629145572
22 38 -0.067794416509918
22 39 0.07721366835483905
23 23 0.0
23 24 -0.06374940371863731
23 25 0.026612217003927345
23 26 -0.15276967363962873
23 27 -0.01914770140663403
23 28 0.12369796739502506
23 29 0.08910742520819412
23 30 0.06483831244614355
23 31 -0.046550103002798035
23 32 0.06706185613276397
23 33 -0.03968877458565387
23 34 0.0072835831893784606
23 35 -0.04944838316031455
23 36 -0.09007130451141274
23 37 0.09542247895344655
23 38 -0.07413716312838958
23 39 -0.038440292450513586
24 24 0.0
24 25 -0.08139519806051779
24 26 0.08624437477975021
24 27 -0.055452657266158466
24 28 0.02672589946522408
24 29 0.001566443642546463
24 30 0.19299859071708797
24 31 -0.04515592249400571
24 32 0.04762598503012895
24 33 -0.014784857746213173
24 34 -0.07807766109944697
24 35 -0.08558278069764869
24 36 0.1108642099206899
24 37 -0.15602509764300812
24 38 -0.1932387783496743
24 39 -0.19666626410655547
25 25 0.0
25 26 0.0510032558027807
25 27 0.0027078252874982666
25 28 0.0977182247979486
25 29 -0.08203341988652157
25 30 0.052732477219634276
25 31 -0.0945829967295237
25 32 0.1887175576215365
25 33 -0.09685409908749512
25 34 -0.05983662981056916
25 35 0.03668223001299535
25 36 -0.162016483685621
25 37 0.024958096003607357
25 38 -0.04975125085201419
25 39 0.030460364451318993
26 26 0.0
26 27 0.04766281100181589
26 28 0.21363624691420666
26 29 -0.12771647831368688
26 30 0.25680546860986136
26 31 -0.09024018619057309
26 32 0.10025309787565531
26 33 -0.12001119442094839
26 34 0.03289584900033081
26 35 0.010019350359945934
26 36 0.026102434610964887
26 37 -0.08390114458077132
26 38 0.015229699128847505
26 39 -0.07383144096586103
27 27 0.0
27 28 0.013366062666971037
27 29 0.013977454679658935
27 30 -0.06335488023560383
27 31 0.07366137756025617
27 32 0.039094068206019
27 33 -0.04085839924262694
27 34 0.06146930906730994
27 35 -0.018754138666029985
27 36 -0.01488126954182803
27 37 0.0093782318489901
27 38 0.04717038877173131
27 39 0.007642636204989053
28 28 0.0
28 29 0.011536487547434738
28 30 0.24684645995187768
28 31 -0.05910855795352439
28 32 0.12217358443979143
28 33 -0.18232760225528938
28 34 0.0031879053930231305
28 35 0.1394612093172245
28 36 -0.11295684183194218
28 37 0.04630271621395692
28 38 -0.1079724121601862
28 39 -0.006895100799721783
29 29 0.0
29 30 -0.07934685595486074
29 31 -0.051629587834686144
29 32 -0.1427931853502299
29 33 0.10903878747101951
29 34 0.09778392028375976
29 35 0.13405735706869248
29 36 -0.005880847706081656
29 37 0.058617745945579135
29 38 0.11843884888752423
29 39 0.06898319237426576
30 30 0.0
30 31 -0.33191227624835384
30 32 0.14906118044432876
30 33 -0.11249431531277028
30 34 0.027584419655381325
30 35 -0.05008817585738858
30 36 -0.012605957698392622
30 37 -0.13312186057993589
30 38 -0.30970775950695606
30 39 -0.10602068666141069
31 31 0.0
31 32 -0.09494253527603135
31 33 -0.0019268726832122596
31 34 0.08118645230260146
31 35 0.00770471955874623
31 36 0.08751219499642507
31 37 0.04494501099572866
31 38 0.11555657454233233
31 39 0.15002894343763568
32 32 0.0
32 33 -0.16275339699704688
32 34 -0.19473802507085222
32 35 -0.2636635810009461
32 36 -0.09776115916978245
32 37 -0.11550829674839858
32 38 -0.18627083329198485
32 39 -0.11988239150912497
33 33 0.0
33 34 0.1621149698450927
33 35 -0.12806580847838028
33 36 0.1587708103995467
33 37 -0.08534510863605695
33 38 0.04319582212105156
33 39 0.155482791547208
34 34 0.0
34 35 0.07106975322449802
34 36 0.04707397192014601
34 37 -0.06840238048323995
34 38 0.1170486727642677
34 39 0.19252068348974563
35 35 0.0
35 36 -0.07407558577183047
35 37 0.16010696759510779
35 38 0.1425362739545411
35 39 0.02201442329892964
36 36 0.0
36 37 -0.13961839777288682
36 38 0.024248949212741188
36 39 -0.1028383547454754
37 37 0.0
37 38 0.10427913253539396
37 39 0.07168838200710757
38 38 0.0
38 39 0.20388385923947266
39 39 0.0
