0 0 0.0
0 1 -0.10130556161888575
0 2 -0.05400996626153272
0 3 -0.05015721933497445
0 4 0.011658718881120486
0 5 0.047489776761379054
0 6 -0.014709800794520125
0 7 0.021340155852892694
0 8 0.0006501456595287053
0 9 -0.06203435642902135
0 10 -0.07159297611526289
0 11 -0.017076429362068622
0 12 0.07197437438881275
0 13 -0.022257806626776337
0 14 -0.060521094103920835
0 15 -0.0294110574036148
0 16 -0.04046590901454032
0 17 -0.01294095940986692
0 18 0.0019637170342026327
0 19 -0.09462182796207717
0 20 0.03538922217463064
0 21 -0.02866104829965737
0 22 -0.018999554430905494
0 23 -0.052949387899897137
0 24 -0.11581817961028888
0 25 -0.08205038834847814
0 26 -0.045894587863802
0 27 0.013897835356362381
0 28 0.0288805003628974
0 29 -0.1025719066718636
0 30 -0.06374149930420225
0 31 -0.037948930295197546
0 32 0.039523835909412025
0 33 -0.01571836781823872
0 34 -0.030789229698378467
0 35 0.027287433617255913
0 36 0.025143083806756145
0 37 0.02687706992656429
0 38 0.0657439875284818
0 39 -0.011394304319138435
1 1 0.0
1 2 -0.03865905542348663
1 3 0.09290448644474056
1 4 -0.08025908173811516
1 5 -0.008742021461184673
1 6 -0.07415032925067064
1 7 -0.1174370109132564
1 8 0.18695424749032932
1 9 0.1386846337555303
1 10 0.09134391012655356
1 11 -0.15034268480505025
1 12 -0.04315701284855748
1 13 0.2306073226895021
1 14 0.0005284881788551227
1 15 0.14015627586681698
1 16 -0.03339305829088206
1 17 -0.09210419069720652
1 18 0.20046883991236836
1 19 -0.0017581403016356547
1 20 -0.12025371901839452
1 21 -0.10716599748362883
1 22 0.026498957431198105
1 23 0.08146930037789615
1 24 0.13979247024975036
1 25 -0.027220666288661006
1 26 0.07658317641372026
1 27 -0.03648666681264335
1 28 -0.039650364216312864
1 29 0.09707603058265368
1 30 0.03301623964436155
1 31 0.015405756846155666
1 32 -0.11335646093342215
1 33 -0.1359410453499069
1 34 0.14919241926812785
1 35 0.08019637032108054
1 36 0.011302233427457484
1 37 0.06310765721581005
1 38 0.029656871005926906
1 39 0.05424073734811673
2 2 0.0
2 3 -0.030066442705427892
2 4 -0.012158722438523673
2 5 -0.026366948048075333
2 6 0.02312757697087215
2 7 -0.00589443543968285
2 8 -0.03519443784673195
2 9 0.03570332232217194
2 10 0.041352220183809164
2 11 0.07551535984051745
2 12 0.0330227706997126
2 13 -0.022349637214517257
2 14 -0.015678461735175862
2 15 -0.019261492563947002
2 16 0.021746444777363098
2 17 -0.007979364373895364
2 18 -0.006380883425077452
2 19 0.0030812182708807234
2 20 -0.00016106605429706223
2 21 0.021378389235717884
2 22 -0.01131990000339296
2 23 0.12254229474800357
2 24 0.029379595000176107
2 25 0.07479196059755416
2 26 0.02133105629993965
2 27 0.08194197302152534
2 28 0.0324525639010132
2 29 0.07362230551169324
2 30 0.005923108078170096
2 31 -0.05899694579600333
2 32 0.014869016951059192
2 33 0.03830598072230664
2 34 -0.0134449069680916
2 35 -0.0024161074954125094
2 36 -0.038140697790511116
2 37 -0.034072775439476614
2 38 -0.07896998540000215
2 39 -0.0014996249478417992
3 3 0.0
3 4 -0.0026285425722199353
3 5 0.016012307034627256
3 6 -0.019056691992239104
3 7 -0.05802460707242972
3 8 -0.06152649696270575
3 9 0.03138187120312464
3 10 -0.041086704490330375
3 11 -0.10136023852257096
3 12 -0.09215303397212947
3 13 0.04903772026931073
3 14 0.11052975106120966
3 15 0.18157977601028769
3 16 0.026927826206511844
3 17 0.013087476389180595
3 18 0.014735036472378952
3 19 0.10469829557050199
3 20 -0.009614041156799254
3 21 -0.023708686276563355
3 22 0.09875510176465029
3 23 -0.08905892884164626
3 24 0.0961535734233141
3 25 0.11167625899478546
3 26 -0.033270111858138204
3 27 -0.10664521729993444
3 28 -0.06667171519919227
3 29 0.013115458878191839
3 30 -0.007550013236924573
3 31 0.11286010450876424
3 32 0.011897775837017484
3 33 -0.0011484399449412344
3 34 0.03259961442158282
3 35 -0.026308018596014827
3 36 0.1081972832262432
3 37 0.04654007468815122
3 38 -0.02383460157248556
3 39 -0.048664407457149866
4 4 0.0
4 5 0.013271985351702755
4 6 0.005976975776230957
4 7 0.022199113797426596
4 8 0.01585335469838752
4 9 0.038524621003778965
4 10 0.0026376220437913872
4 11 0.06631330892965609
4 12 -0.029266689912009248
4 13 -0.09997400259911683
4 14 0.034138375231685045
4 15 -0.07157956772373417
4 16 0.03204677058035198
4 17 -0.029202476345991667
4 18 -0.005639051908281933
4 19 0.029849550275069425
4 20 -0.02019663949642692
4 21 0.01719325894050037
4 22 -0.05947701653352402
4 23 -0.031021830903854287
4 24 0.07571946819695899
4 25 -0.042887966678911565
4 26 -0.005382371718139752
4 27 0.038986011079874816
4 28 -0.0601667560553085
4 29 -0.06032515931877651
4 30 0.03191360403321214
4 31 0.04204899402777594
4 32 -0.021352618586009887
4 33 0.028668160747231226
4 34 -0.10277136588468268
4 35 0.03432793265592453
4 36 0.08126997574137138
4 37 0.03957346048857622
4 38 0.11510959775170433
4 39 -0.08500772360720037
5 5 0.0
5 6 0.026147169038494594
5 7 0.02574493781889421
5 8 -0.16305299967414227
5 9 -0.06396252661418401
5 10 0.07986323352647365
5 11 -0.05528486305146019
5 12 0.06842330369532916
5 13 0.013073040365150525
5 14 -0.0620199127007469
5 15 0.10399222233848204
5 16 -0.007663182265231926
5 17 0.012145461990320842
5 18 0.08227617278296348
5 19 -0.1372701834240677
5 20 0.14425497272038684
5 21 -0.08635388742048279
5 22 -0.05200789310866227
5 23 -0.03800686045904193
5 24 0.07224019855762473
5 25 0.025124819328612907
5 26 -0.036604594554769554
5 27 -0.07588273561004895
5 28 0.04132609962749499
5 29 -0.07303819745718106
5 30 -0.2198841155534379
5 31 -0.04224316055556843
5 32 0.06562140129520094
5 33 0.07721732167573185
5 34 -0.034569647045422446
5 35 0.07579770241742757
5 36 0.028552762723152103
5 37 0.053807604333110506
5 38 0.16515241067396072
5 39 -0.11703659025342439
6 6 0.0
6 7 -0.0043103242060005065
6 8 -0.00965440355990821
6 9 -0.018395369254930755
6 10 0.018455061446377926
6 11 0.014335532852650473
6 12 -0.026602800970682287
6 13 -0.04119970843495126
6 14 0.03567591522762112
6 15 -0.015106461739534852
6 16 -0.015700705787910295
6 17 0.08817429088117915
6 18 -0.07904801633597898
6 19 -0.014499317471004108
6 20 0.08446935566832003
6 21 0.013994024003076791
6 22 -0.029318823102717627
6 23 -0.0019422462003256403
6 24 -0.030993921214644372
6 25 0.011340991926245294
6 26 0.040224052554711856
6 27 -0.038311391457472296
6 28 0.027477313177610763
6 29 0.017711413220138462
6 30 0.016338464262723038
6 31 -0.03452813276138008
6 32 0.059545734355024436
6 33 0.07499392928674783
6 34 -0.012664175244791695
6 35 0.0040982214280451314
6 36 0.004014038781071577
6 37 -0.06082486126343197
6 38 -0.012942660161864386
6 39 -0.008792106328436303
7 7 0.0
7 8 -0.1122886592900316
7 9 -0.1276265925043962
7 10 0.021611344437166488
7 11 0.07605714670394179
7 12 0.046727652170584236
7 13 -0.12519997744612513
7 14 -0.07281438061955943
7 15 -0.14988208789123864
7 16 -0.0515064743499176
7 17 0.0158394802642803
7 18 -0.07903555164630481
7 19 -0.0138710520372872
7 20 -0.02471445511194869
7 21 0.013313083031950756
7 22 -0.0871606265167335
7 23 -0.026018239099905367
7 24 0.02892445821276083
7 25 -0.01951925816764554
7 26 -0.06702143722773325
7 27 0.061889491718533696
7 28 -0.0210657682329569
7 29 -0.05121143418129208
7 30 -0.012866786246467334
7 31 0.06699952709420734
7 32 -0.007814160731218687
7 33 0.040489153196440635
7 34 -0.0028138168322081403
7 35 -0.1147865954737726
7 36 -0.11444130282087497
7 37 -0.01559333151501234
7 38 0.004203935532412967
7 39 0.03902035969598017
8 8 0.0
8 9 0.12081958953798126
8 10 0.024943551892785482
8 11 -0.03665820472989649
8 12 -0.03102468961971635
8 13 0.08647416430259659
8 14 0.002172263133916771
8 15 -0.07506149909263336
8 16 -0.05843365333632947
8 17 0.004143680519736712
8 18 -0.023687038026232017
8 19 -0.05510246814163235
8 20 -0.042522699625669805
8 21 -0.02052717063427118
8 22 -0.051895786095012664
8 23 0.09431918465945319
8 24 -0.07776255304126233
8 25 -0.24182065835792757
8 26 0.16576772177587143
8 27 0.0455582549478788
8 28 -0.0005857935210491858
8 29 0.06133224300306609
8 30 0.2590843390802862
8 31 -0.08235263086761652
8 32 -0.051004667152494555
8 33 -0.14690212802777208
8 34 0.0220399470208358
8 35 0.10520392491407402
8 36 0.04873498746618167
8 37 -0.032650075602234076
8 38 0.031605637790731465
8 39 0.10047267985697653
9 9 0.0
9 10 0.013725779773780053
9 11 0.01656291298500979
9 12 0.03736561069861204
9 13 0.13135024947225638
9 14 0.04112533610193098
9 15 0.07486136631221452
9 16 0.05118216670188134
9 17 -0.15151915966676835
9 18 0.11083421584579875
9 19 0.006958396363180924
9 20 -0.07628956941818701
9 21 -0.07304007534882184
9 22 0.01728617809288644
9 23 0.08064137685269038
9 24 0.04400518475981023
9 25 -0.024443153948547576
9 26 0.09526866169183881
9 27 0.06883930945114568
9 28 -0.07963175741678016
9 29 0.08587774512020757
9 30 0.03804607461656551
9 31 0.0008172816173912056
9 32 -0.11196147215781252
9 33 -0.04010058458745352
9 34 0.0021053282785790366
9 35 0.1671273778017474
9 36 0.048834945680242006
9 37 0.07184223762962276
9 38 0.0008353173754978829
9 39 -0.04342148212627157
10 10 0.0
10 11 0.0399161494197197
10 12 0.02930709151933596
10 13 0.02978187359323345
10 14 -0.08008756685198556
10 15 -0.028816243773003174
10 16 0.046433945945926716
10 17 -0.01578726407838332
10 18 0.049681672860304255
10 19 -0.05013565737198259
10 20 0.02681660529420791
10 21 0.010951495506063487
10 22 -0.061421477256427146
10 23 0.11351284424418015
10 24 0.12489989868602436
10 25 -0.047003871031204784
10 26 0.0628602355419441
10 27 0.03028468576951715
10 28 0.03536056166482477
10 29 0.06319189953534879
10 30 0.01499711262842705
10 31 -0.05949759612256135
10 32 -0.049840321998221776
10 33 -0.03767250408083655
10 34 -0.028753638824878615
10 35 0.034538337416265816
10 36 -0.07390853449797755
10 37 -0.0015902231125561439
10 38 0.07293182976083014
10 39 0.0008780945160551723
11 11 0.0
11 12 0.052463197642053594
11 13 -0.1094215796275064
11 14 -0.05369371576878208
11 15 -0.17789922055955773
11 16 0.05451712586829579
11 17 -0.06159177588643665
11 18 -0.006768894660716061
11 19 0.017007692818363847
11 20 -0.05445844899598419
11 21 0.07234749848138779
11 22 -0.06820752903831503
11 23 0.08754772803657188
11 24 0.021861307031369823
11 25 -0.0037833532048261683
11 26 -0.006047858994781336
11 27 0.1436184930853517
11 28 0.0035075835951797864
11 29 0.005496834765823507
11 30 0.011466595497827557
11 31 -0.030503278075019773
11 32 -0.052580943723931885
11 33 0.036285946670819164
11 34 -0.08373451921470507
11 35 -0.01238327799414549
11 36 -0.08666284309478825
11 37 -0.01602960579602517
11 38 -0.004028121925536774
11 39 -0.011288433890720557
12 12 0.0
12 13 0.06851665271486959
12 14 -0.1712459409199305
12 15 -0.008962117425833176
12 16 -0.01434196669992847
12 17 -0.1432697070710584
12 18 0.0768844897742135
12 19 -0.17399785930136671
12 20 0.00319030025605681
12 21 -0.09341738454272931
12 22 -0.04475757097521856
12 23 0.12171863743607829
12 24 -0.049997378910652576
12 25 -0.07334599433942782
12 26 -0.0018638203293099872
12 27 0.1572059662972644
12 28 0.028796927363537856
12 29 0.005777548109631712
12 30 -0.09540853820694659
12 31 -0.08667658307067982
12 32 -0.03809553827859434
12 33 -0.052035239003059175
12 34 -0.01322729646955519
12 35 0.09499571657749369
12 36 -0.08747892309936872
12 37 0.06609620944856472
12 38 0.010677036817384317
12 39 0.0041659967969182
13 13 0.0
13 14 -0.03466791211678003
13 15 0.17964552571397946
13 16 0.04043517175894282
13 17 -0.11806668295817875
13 18 0.14139021742661556
13 19 -0.05405827555191971
13 20 -0.017228060969165
13 21 -0.0898746074058876
13 22 0.09115630173069968
13 23 0.02411739065766888
13 24 -0.021022298981550964
13 25 -0.05156242503258037
13 26 0.06719017224282157
13 27 -0.04494737972918589
13 28 -0.012194602922201135
13 29 0.07786809462615954
13 30 -0.03502350203618834
13 31 -0.01705515160889017
13 32 -0.10138141997504721
13 33 -0.129717829231852
13 34 0.08205151206039113
13 35 0.12811848987954957
13 36 -0.023797181655876437
13 37 0.07556030472037814
13 38 -0.007733106702578189
13 39 0.029196491735180685
14 14 0.0
14 15 0.07324243059667437
14 16 -0.007712429136221978
14 17 0.1055066766239136
14 18 -0.08768848464538608
14 19 0.1419911563614032
14 20 0.01574932344170244
14 21 0.02085516390196936
14 22 0.05250046334196987
14 23 -0.12179330901170064
14 24 0.007009326223180163
14 25 0.10001155671618753
14 26 0.01902492059730817
14 27 -0.13304373879699397
14 28 -0.06617624249134155
14 29 0.013160210419308016
14 30 0.0631651006430828
14 31 0.09714694254094577
14 32 0.0495967964442953
14 33 0.09903092706082023
14 34 0.02693083324899207
14 35 -0.028789600987907244
14 36 0.11765558521662016
14 37 -0.04370246487735559
14 38 -0.05479998676204558
14 39 -0.03601365885818542
15 15 0.0
15 16 0.038340736887822385
15 17 -0.011221302728332487
15 18 0.0676928875621147
15 19 0.00885916066028122
15 20 0.07724253194776859
15 21 -0.09710511221608734
15 22 0.15586421207572804
15 23 -0.042702606644013395
15 24 0.06046414725514552
15 25 0.12438882475461151
15 26 -0.0047638616680934385
15 27 -0.13237147949867517
15 28 -0.02034146906970229
15 29 0.054594640258365544
15 30 -0.07925083019433864
15 31 0.03713419178849667
15 32 0.048524104375898436
15 33 -0.03781706447126422
15 34 0.05040242976773649
15 35 0.06485789489365283
15 36 0.13982868672847262
15 37 0.0799604037028692
15 38 -0.037614141803991676
15 39 -0.07176440239740516
16 16 0.0
16 17 -0.10240537055425065
16 18 0.09841814966830967
16 19 0.09677989294001496
16 20 -0.03637392944433025
16 21 0.09948651829352298
16 22 0.09355217048740778
16 23 -0.0184739962066983
16 24 0.08225685966684701
16 25 0.02384164587092761
16 26 -0.02291935072196554
16 27 -0.014545396125844875
16 28 -0.011630094635335127
16 29 0.007746744371098844
16 30 -0.03222683867971421
16 31 0.02479298013319863
16 32 -0.10889673596353504
16 33 -0.0780216634533493
16 34 -0.09797291188112318
16 35 0.020588145884535676
16 36 -0.011933080134428719
16 37 0.06838001259948209
16 38 0.05232626447020259
16 39 -0.06146253615393604
17 17 0.0
17 18 -0.22550822244640742
17 19 0.018883808082509237
17 20 0.1579062753701424
17 21 0.04869566021833612
17 22 -0.026951405858935084
17 23 -0.0622266978936936
17 24 -0.06849680874358195
17 25 0.043787269686637806
17 26 0.03179479398983666
17 27 -0.14348346727089184
17 28 0.06801270483741093
17 29 0.00628052073644268
17 30 0.0961341770166651
17 31 -0.024606916207174735
17 32 0.18977643159714036
17 33 0.1201035677211302
17 34 0.03239607917007698
17 35 -0.11475674814897423
17 36 0.049769235381359425
17 37 -0.1579496717532986
17 38 -0.06783180233038953
17 39 0.04327944592841418
18 18 0.0
18 19 -0.026465268639801913
18 20 -0.11596435152816657
18 21 -0.042851088954563035
18 22 0.036074619710301375
18 23 0.05157103707221222
18 24 0.10026505846272868
18 25 0.017515991742868366
18 26 -0.04357775134489782
18 27 0.048892407267671176
18 28 -0.006874125833816686
18 29 -0.02519557347594169
18 30 -0.18878880513833463
18 31 -0.02867307256504053
18 32 -0.14085251250443326
18 33 -0.085958387739683
18 34 -0.007174235613043691
18 35 0.1215871114150288
18 36 -0.017454946996613797
18 37 0.13968802129702249
18 38 0.12346304149060769
18 39 -0.07340430029926068
19 19 0.0
19 20 -0.10265824904451548
19 21 0.12215033858309332
19 22 0.10385721711629917
19 23 -0.10217209888624734
19 24 0.09053074832691063
19 25 0.12861301029344657
19 26 -0.05187129347006005
19 27 -0.07377504059315525
19 28 -0.07482833905023022
19 29 0.014774944106865768
19 30 0.07147598832669778
19 31 0.14780156057531976
19 32 -0.05215171014432587
19 33 0.007427185693479703
19 34 -0.006315579566433409
19 35 -0.12329473416947292
19 36 0.031015416045120352
19 37 -0.007564104748687633
19 38 -0.07206528640480062
19 39 -0.007722150397003855
20 20 0.0
20 21 -0.022068524420653452
20 22 -0.020879816008031054
20 23 -0.02996004166418372
20 24 -0.07425538558788167
20 25 -0.008088013882042352
20 26 0.046787149606350116
20 27 -0.10938908766674645
20 28 0.079040690924777
20 29 -0.0037731482124854173
20 30 -0.030049043095268436
20 31 -0.08486026627742657
20 32 0.14644260828487007
20 33 0.0835396120321609
20 34 -0.02589427612452594
20 35 0.03295576205049894
20 36 0.04721139524757717
20 37 -0.06600912994883114
20 38 0.024342275695473408
20 39 -0.03366938653356684
21 21 0.0
21 22 0.04199602129187087
21 23 -0.025332984062104037
21 24 0.008637357627114763
21 25 0.026688789269013587
21 26 -0.03108507288325325
21 27 -0.022956852564184952
21 28 0.03574097231957206
21 29 -0.00957274917937376
21 30 0.0587615721110273
21 31 0.004550824972914406
21 32 -0.015556602229632985
21 33 -0.01807310503370986
21 34 -0.0684838081481253
21 35 -0.1029021975330912
21 36 -0.03508778057059999
21 37 -0.04918535980894336
21 38 -0.016556092801469875
21 39 0.017108328933358903
22 22 0.0
22 23 -0.06673581352333181
22 24 -0.0066755961699427905
22 25 0.08651979568142609
22 26 -0.04200903733414958
22 27 -0.0827777091671884
22 28 -0.0102203393772166
22 29 0.023441898408235008
22 30 -0.015681316187583623
22 31 0.054050526644397315
22 32 -0.02258580678038444
22 33 -0.07149676095945988
22 34 0.014898703274173721
22 35 -0.03203255986470431
22 36 0.037111274632834895
22 37 0.03804506356069387
22 38 -0.07390546198282888
22 39 -0.003557336194722562
23 23 0.0
23 24 0.06139576027013851
23 25 0.0011980032658346971
23 26 0.07141221568009817
23 27 0.21540269396482814
23 28 0.08011477252349514
23 29 0.12774745934538395
23 30 0.06350791294534638
23 31 -0.16938996042359014
23 32 0.008661834039684676
23 33 -0.05093797211562184
23 34 -0.007312047426944547
23 35 0.05060649725908709
23 36 -0.05035668448603051
23 37 -0.02368504160792494
23 38 -0.07205074145945906
23 39 0.03869544663677309
24 24 0.0
24 25 0.09380950634359579
24 26 -0.033004525468061326
24 27 0.033715884947385595
24 28 -0.06391098110554336
24 29 0.033950261799754015
24 30 -0.0027886691120211334
24 31 0.0838061662653928
24 32 -0.06281691830781225
24 33 -0.02639568707255139
24 34 -0.04748697341577171
24 35 -0.027620547295559773
24 36 0.04450277420813048
24 37 0.08035033636094506
24 38 0.07929547212319668
24 39 -0.0838206638950024
25 25 0.0
25 26 -0.09710977373845389
25 27 -0.039625655661541435
25 28 0.006601506774173861
25 29 0.037078058680937415
25 30 -0.12913238431990356
25 31 0.045389606767114565
25 32 0.08695490696372417
25 33 0.14129480312750006
25 34 0.039161083501016804
25 35 -0.10234043659131713
25 36 0.0356470675459727
25 37 -0.02345952094051455
25 38 -0.14100717563178072
25 39 -0.0644586503364381
26 26 0.0
26 27 -0.0017436479287076922
26 28 0.00539853548573895
26 29 0.08730649683460366
26 30 0.11812256269723949
26 31 -0.06186491317726004
26 32 -0.01354256242291206
26 33 -0.015304588155806542
26 34 0.018934716577555605
26 35 0.09173247503500745
26 36 -0.0032602386929875536
26 37 -0.04511408961266154
26 38 -0.0078216741744165
26 39 0.03717332479737022
27 27 0.0
27 28 0.005518227937234206
27 29 0.03518670944991711
27 30 0.03847385363941854
27 31 -0.07612447106877382
27 32 -0.04883018999201418
27 33 -0.05032881387853109
27 34 -0.04539553971179554
27 35 0.028635073794122973
27 36 -0.05926338907619938
27 37 0.033217433841812985
27 38 -0.03443968997482201
27 39 0.019482848470511342
28 28 0.0
28 29 0.00850135808850294
28 30 -0.033601395609848
28 31 -0.13632689980928536
28 32 0.08085238100349953
28 33 0.0038142826148475084
28 34 -0.00962232851183924
28 35 -0.012695078987822466
28 36 -0.0330255566087157
28 37 -0.061311650470117586
28 38 -0.016195757110101187
28 39 0.02585410472742889
29 29 0.0
29 30 0.09676899262798722
29 31 -0.0339467877719548
29 32 -0.015131590621454066
29 33 -0.024682388425316466
29 34 0.051254877192710754
29 35 0.012583844444276746
29 36 -0.039493147194783786
29 37 -0.04041671628205184
29 38 -0.12309263487250466
29 39 0.05402630570319028
30 30 0.0
30 31 0.02130699172581734
30 32 -0.0029632565114628005
30 33 -0.10100811916754457
30 34 -0.002817290424104277
30 35 -0.055954210856735034
30 36 0.03951019130608816
30 37 -0.07867147153863484
30 38 -0.0857887367162521
30 39 0.11296853725608798
31 31 0.0
31 32 -0.07375308773821876
31 33 0.0033221063924061744
31 34 0.02661449582486804
31 35 -0.08039388856330767
31 36 0.01945817124902522
31 37 0.05460796414318447
31 38 -0.006357585637544588
31 39 -0.013506634251243798
32 32 0.0
32 33 0.11800182250693773
32 34 0.008193568450406518
32 35 -0.056086061623962936
32 36 0.09694920524085412
32 37 -0.0937565341365455
32 38 -0.060764699397488964
32 39 -0.014624211690994196
33 33 0.0
33 34 0.017957506520646403
33 35 -0.022968021461866942
33 36 0.016079134147386438
33 37 -0.08375318435464886
33 38 -0.03615649751759216
33 39 -0.061722535290361626
34 34 0.0
34 35 -0.027592607642399986
34 36 -0.05028121605708029
34 37 -0.03668982268599759
34 38 -0.10585593605802476
34 39 0.08301725604193126
35 35 0.0
35 36 0.0473552103320407
35 37 0.07067604390187614
35 38 0.10944416601232561
35 39 -0.06867742454932092
36 36 0.0
36 37 0.036388430626775534
36 38 0.05591776199600769
36 39 -0.10164700921352854
37 37 0.0
37 38 0.09386772031526594
37 39 -0.0669806758497781
38 38 0.0
38 39 -0.10505351347744714
39 39 0.0
