0 0 0.0
0 1 -0.048619287643318895
0 2 -0.12773425646567074
0 3 0.009172681060707172
0 4 -0.012276793953607004
0 5 0.0733919386861138
0 6 -0.031982156214728066
0 7 -0.16083276616168857
0 8 -0.05774386438549671
0 9 -0.1065604299026062
0 10 -0.1291166245093969
0 11 0.040370372915592756
0 12 0.11546894829943359
0 13 -0.06631218382135975
0 14 -0.07430291049848622
0 15 0.06257021353821272
0 16 -0.05991957047613892
0 17 0.0511859745932424
0 18 0.17724904844629347
0 19 -0.00020984434731967762
0 20 -0.1662728039490135
0 21 0.05114711884846672
0 22 0.28811368207935967
0 23 -0.03645183622251791
0 24 0.07640891120480703
0 25 -0.06038039347848072
0 26 0.05515986054570271
0 27 -0.012939709070975313
0 28 -0.03411073369332006
0 29 0.24204124151075282
0 30 0.18972153618668738
0 31 -0.16206173521020675
0 32 -0.24633262253131338
0 33 -0.00919363982629695
0 34 0.16720572686624743
0 35 -0.11837812102543685
0 36 -0.038476065312593115
0 37 0.048370085623913206
0 38 0.21626045226856414
0 39 0.10201550574381964
1 1 0.0
1 2 0.056002243507515946
1 3 -0.087626411528237
1 4 -0.05927820372556275
1 5 -0.019880606176972966
1 6 -0.02745445456917513
1 7 -0.04057114012968853
1 8 -0.05014017685430995
1 9 0.07730708718224044
1 10 0.16198171796049848
1 11 0.024814774159806183
1 12 -0.004740090413633064
1 13 0.09505817747556614
1 14 -0.21804191777831455
1 15 -0.006105574338427254
1 16 0.1239191034470076
1 17 -0.031056883745267334
1 18 -0.12208661865634045
1 19 -0.004241964876233137
1 20 0.1053608915911521
1 21 0.038313077090504785
1 22 -0.019606640502358202
1 23 -0.031015625021733512
1 24 0.09538375389332333
1 25 -0.023265938312461276
1 26 0.023798364166107602
1 27 0.06965842980400727
1 28 -0.0695264511181576
1 29 -0.07862802275878841
1 30 0.02875021515980756
1 31 0.1555061039846626
1 32 0.012087429578377617
1 33 0.014872163827030488
1 34 -0.09732570246884067
1 35 0.04813144833869177
1 36 -0.038706322364353604
1 37 0.07176782337721041
1 38 -0.04476512957194241
1 39 0.037671190536343664
2 2 0.0
2 3 -0.16155348706288425
2 4 0.04932795047820247
2 5 -0.01816760684135275
2 6 -0.10660506231731977
2 7 0.09321361589078807
2 8 -0.08996918157442554
2 9 0.1353853457395175
2 10 0.09171148617294263
2 11 -0.026517829329996002
2 12 -0.009030407814810465
2 13 0.023772212651949187
2 14 -0.07465005643928826
2 15 -0.019269997308258242
2 16 0.07831069513912774
2 17 -0.0007596610363079873
2 18 -0.013173831284930848
2 19 0.08980838281486656
2 20 -0.039477649276412966
2 21 -0.023207228400512883
2 22 -0.131252770750845
2 23 0.14018534311644743
2 24 0.06763836364744101
2 25 0.16884701518101353
2 26 -0.051321985043099524
2 27 -0.0013055046326872193
2 28 0.09664559392919556
2 29 0.022699837139525537
2 30 0.06188041807037683
2 31 0.15436385733245422
2 32 -0.035169789009703314
2 33 0.09369731374158666
2 34 -0.04140974006734878
2 35 -0.12774665752178763
2 36 0.13478763737837934
2 37 -0.04350047725036202
2 38 -0.12342199339082423
2 39 -0.09584368406949464
3 3 0.0
3 4 -0.18557237707535465
3 5 -0.045704318371595505
3 6 -0.062334101008485285
3 7 -0.07263159596333882
3 8 0.12511108271066568
3 9 -0.13774230521973257
3 10 0.09677685820096224
3 11 0.19534062533252358
3 12 -0.07942698078141783
3 13 -0.09154777494554778
3 14 0.011465880433707814
3 15 -0.013965503366372586
3 16 -0.21765238581656837
3 17 0.0033068497278062937
3 18 0.07661709597213198
3 19 -0.17637524229995596
3 20 -0.15675987013809897
3 21 -0.1039303826607187
3 22 0.02244138234292791
3 23 -0.05206699206910174
3 24 -0.020385521914553402
3 25 -0.049274126054363994
3 26 -0.2115929700626309
3 27 -0.13657845884373143
3 28 -0.015614656588605816
3 29 -0.12749512241459765
3 30 -0.009804599624665473
3 31 -0.020427629021025927
3 32 0.03787418256615667
3 33 -0.10345851497914156
3 34 -0.01983066206052627
3 35 0.04743584892082062
3 36 -0.019684161059116072
3 37 0.10357219620485222
3 38 0.07380225368695129
3 39 0.1720177349064929
4 4 0.0
4 5 -0.028415590583362856
4 6 0.007447528142688777
4 7 0.09488998097404865
4 8 -0.0872052829143478
4 9 0.08828735538703444
4 10 -0.04809455257790267
4 11 -0.07532093108259778
4 12 -0.026235933960886748
4 13 -0.0776952820861502
4 14 0.08175753378223205
4 15 0.1395133645402507
4 16 0.06397724455861466
4 17 0.10455763963696496
4 18 0.02443888366163453
4 19 0.0822885278729377
4 20 -0.02493404211000322
4 21 -0.07716171862896773
4 22 0.01589997053245635
4 23 0.02582483075619129
4 24 -0.030512095383608735
4 25 -0.08244269837671866
4 26 0.12368389726985796
4 27 0.16273908038800136
4 28 0.15512211284095645
4 29 0.13630899403060184
4 30 0.005846224143863149
4 31 0.08483495614111677
4 32 0.020074031208735243
4 33 0.0682466126391606
4 34 0.006529094844177694
4 35 -0.05015372791695799
4 36 0.03359678513776546
4 37 -0.11226989611425223
4 38 0.03522977684814651
4 39 -0.15491964841348624
5 5 0.0
5 6 -0.0807809183463434
5 7 -0.09660352335324764
5 8 -0.008675345227536676
5 9 0.06640425372905588
5 10 0.016430551451314467
5 11 0.02504654447958299
5 12 0.10313819901454982
5 13 -0.030995474540079372
5 14 0.03803075258986342
5 15 -0.09800584249518217
5 16 -0.1290703992613714
5 17 -0.06350564373905751
5 18 0.07054700872621296
5 19 -0.02211428101986352
5 20 -0.09689359183440129
5 21 -0.06169245310868806
5 22 0.047901826211921336
5 23 0.1035298629944948
5 24 -0.061176446531212236
5 25 -0.0464862013062574
5 26 -0.03083102110081507
5 27 -0.018962115387138108
5 28 0.005668383923598711
5 29 0.0461843513999392
5 30 -0.12493165722619497
5 31 -0.16102246917913132
5 32 -0.033282636823298274
5 33 -0.06567590988457064
5 34 0.13621585385892773
5 35 -0.005175754888985551
5 36 -0.009505500795435834
5 37 -0.07321918879851967
5 38 0.009263679925717245
5 39 -0.058663264559613924
6 6 0.0
6 7 0.04747553302541187
6 8 0.044060901062697846
6 9 -0.06660953353854479
6 10 -0.1318993535663324
6 11 -0.09611085300512165
6 12 -0.005972881949746437
6 13 0.043422552292942056
6 14 0.09562631463880335
6 15 0.003264362384868183
6 16 0.06313036307209699
6 17 -0.012010416119402146
6 18 -0.058208207537560244
6 19 0.027931120996023247
6 20 0.17021965195916783
6 21 0.10452964791268689
6 22 0.014801635139266339
6 23 -0.11087174154665458
6 24 -0.036377531905825274
6 25 -0.01482767091040881
6 26 0.10291538655009647
6 27 0.016351856739188673
6 28 -0.08254092623465967
6 29 -0.036105363902525674
6 30 -0.03564269617943569
6 31 -0.09399055393950918
6 32 0.05906344155694039
6 33 -0.02285793488720745
6 34 -0.0012474487379914388
6 35 0.09803206435796105
6 36 -0.08939611222904097
6 37 -0.011820501709693839
6 38 -0.008831256999571432
6 39 0.013313296549843628
7 7 0.0
7 8 -0.03268702791233303
7 9 0.023515789749638742
7 10 0.019423827643072954
7 11 -0.045361864688928666
7 12 -0.030207254178652155
7 13 0.02541152225643612
7 14 0.06345608990660857
7 15 0.050829628317875186
7 16 0.11354489522696705
7 17 0.07040409180473943
7 18 0.10406856647743042
7 19 0.07080214421631167
7 20 0.1823715823572449
7 21 0.015640694568367242
7 22 -0.08251496644708597
7 23 -0.12943171107508034
7 24 0.014496847629648346
7 25 0.13262263652964879
7 26 0.049736135360122266
7 27 0.09273413793503418
7 28 0.0680232464872284
7 29 -0.10530431846468687
7 30 0.03768832803507061
7 31 0.01962806810284061
7 32 0.08293140557550574
7 33 -0.005142251319844937
7 34 -0.035308614274393905
7 35 0.01442643389050235
7 36 0.0406635688270388
7 37 -0.13683164704762435
7 38 -0.09700596310338369
7 39 -0.07453726262902238
8 8 0.0
8 9 -0.10881983481794141
8 10 -0.08353113518022928
8 11 0.01676892762286509
8 12 -0.02668519735941229
8 13 0.06258527664164296
8 14 0.14056055423895428
8 15 -0.05317843454111367
8 16 -0.04926129339560646
8 17 -0.007425689398418436
8 18 -0.033896872451479626
8 19 -0.06364661674515058
8 20 0.014124585203053592
8 21 0.05956190218584294
8 22 -0.09362629478090442
8 23 -0.010424880376667623
8 24 -0.14949709007463277
8 25 0.009009276206959892
8 26 -0.03015426535104147
8 27 -0.11378682160822924
8 28 -0.10267592825038116
8 29 -0.1412017646783905
8 30 -0.057884512922406636
8 31 -0.059341395754315365
8 32 0.0020152999921247737
8 33 0.04125011756249689
8 34 -0.06202495987331641
8 35 0.04388531491818529
8 36 0.03502437032417009
8 37 0.027437939966020248
8 38 0.010498543416567786
8 39 0.04243465612249542
9 9 0.0
9 10 0.12558311062976837
9 11 0.048860022363581314
9 12 0.019784954570599582
9 13 0.017891056396608554
9 14 -0.15170728966338665
9 15 0.020890188994425775
9 16 0.12680476031278073
9 17 -0.0681715735450816
9 18 0.004218224416030433
9 19 0.10379271973223794
9 20 -0.02780444908237027
9 21 -0.08177246349861307
9 22 -0.031607624974896616
9 23 0.05405834795545668
9 24 0.07004995954487042
9 25 0.01617282295689868
9 26 0.09799712620174082
9 27 0.13710548839822168
9 28 0.06672143801567183
9 29 -0.03514568465267322
9 30 0.03827435826807186
9 31 0.11270277572408831
9 32 0.03444453049703839
9 33 0.0356251621096291
9 34 -0.025170740890594075
9 35 0.07018983737436876
9 36 -0.010435104813648542
9 37 -0.07896571614070787
9 38 -0.09049789028631164
9 39 -0.10501563461947308
10 10 0.0
10 11 0.13535537658200963
10 12 -0.1759585625654325
10 13 -0.04195042423613069
10 14 -0.22341721295767294
10 15 0.03682458045187992
10 16 0.010368159525059118
10 17 0.046653244842188385
10 18 -0.09511280692859805
10 19 -0.07960882655203995
10 20 -0.010713311184937766
10 21 -0.16358650983481043
10 22 0.0030606117915548967
10 23 -0.021241110164221443
10 24 0.15486693691836123
10 25 -0.0709821635231508
10 26 -0.045442220517034185
10 27 0.01583303132728716
10 28 -0.0009730569415926617
10 29 -0.15263600843564182
10 30 -0.016989982017555888
10 31 0.24905511755736714
10 32 0.050605401649876466
10 33 -0.10243214640578338
10 34 -0.00348902095823952
10 35 0.04133826939389357
10 36 -0.08019952927257498
10 37 0.0038051270641681284
10 38 0.022555154800326688
10 39 0.049249338046416624
11 11 0.0
11 12 -0.0718349367764043
11 13 -0.021200817600098152
11 14 -0.16976923489145634
11 15 0.03060231565991505
11 16 -0.0466585855398209
11 17 -0.01601218442558811
11 18 0.06252700997816278
11 19 -0.09514006809762662
11 20 -0.1033018123739545
11 21 -0.10352543452922078
11 22 0.09366059519133987
11 23 0.005953735238070372
11 24 0.015044316007021302
11 25 0.00404695602577195
11 26 -0.07304131062581484
11 27 -0.012180869924547585
11 28 0.008387733465742262
11 29 -0.10607441510175883
11 30 0.08855181177621019
11 31 0.09299116844495404
11 32 -0.004585562124845659
11 33 0.05560000201318793
11 34 -0.053619250480467506
11 35 0.02644956483771004
11 36 -0.05877458855497982
11 37 0.11971928577931239
11 38 0.01601810322312123
11 39 0.0814876823540829
12 12 0.0
12 13 0.06933033983670792
12 14 0.015208734805247476
12 15 -0.06971293786239678
12 16 0.037225131234640815
12 17 -0.067061474339613
12 18 0.15007100930700726
12 19 0.09774472763256419
12 20 0.022113827397782563
12 21 0.12000798843012175
12 22 -0.04052555709996204
12 23 -0.0429373163570428
12 24 0.00980226383962278
12 25 0.03709702646876722
12 26 0.02434773370056619
12 27 0.08883200072423386
12 28 -0.005309232380271827
12 29 0.08549774958375239
12 30 0.025093753798260333
12 31 -0.18791003743109186
12 32 -0.06557950119148168
12 33 -0.05316626592649186
12 34 0.026463613689909078
12 35 0.0011514980763894253
12 36 0.10843279041242686
12 37 -0.10435841963916082
12 38 -0.04381511817113877
12 39 -0.03812547921534572
13 13 0.0
13 14 -0.04025377430785039
13 15 -0.05416893465882152
13 16 0.1860582211645416
13 17 -0.055352964081970144
13 18 -0.014397721065700383
13 19 0.05582331937006153
13 20 0.1598482323009327
13 21 0.1392404538693398
13 22 -0.14212269979042344
13 23 -0.08818364490220618
13 24 -0.026617562142426825
13 25 0.09449944960054714
13 26 0.11339990597839263
13 27 0.004037257803814087
13 28 -0.12675210009389956
13 29 -0.16336903519178264
13 30 0.04680365498672055
13 31 -0.0009036595052495785
13 32 -0.008079116730278255
13 33 0.05795482046760051
13 34 -0.11651653639267481
13 35 0.08087951413754216
13 36 0.07228533252839119
13 37 -0.01282071055294495
13 38 -0.06842504526421468
13 39 0.0052847566394783885
14 14 0.0
14 15 -0.04640034466257546
14 16 -0.1276505889510797
14 17 0.06978991603810486
14 18 0.02486518567226801
14 19 0.020261229683164343
14 20 -0.015522005662229596
14 21 0.04934823150115466
14 22 -0.149695816829933
14 23 0.02528950216816911
14 24 -0.22004332735016402
14 25 -0.01719054257320218
14 26 0.009635062759984447
14 27 -0.11291919829845236
14 28 -0.006721579127167624
14 29 0.017541872416452907
14 30 -0.17881792146354009
14 31 -0.21822625459361591
14 32 -0.0016178675549746746
14 33 -0.04627976104577812
14 34 0.09285839516757806
14 35 -0.03134915954572913
14 36 0.11539371318084457
14 37 -0.1928582999029284
14 38 0.04811597303675416
14 39 -0.09655553200238712
15 15 0.0
15 16 0.049293667253926546
15 17 0.11293687295691505
15 18 0.018202956020948274
15 19 0.006409843160434847
15 20 -0.009311220710876264
15 21 -0.03071152689169322
15 22 0.09446035231631622
15 23 -0.0632994756133045
15 24 0.028919332102221047
15 25 -0.07755331546943925
15 26 0.05870892938143872
15 27 0.12311853029362049
15 28 0.052691716463232695
15 29 0.0318252502449137
15 30 0.10311347674615592
15 31 0.12171885169992976
15 32 -0.028086774314133235
15 33 0.0588398869737042
15 34 -0.035445764356877504
15 35 -0.01890488658823351
15 36 -0.041765296949765364
15 37 -0.003396785987017067
15 38 0.07318113136853048
15 39 -0.003078282866180718
16 16 0.0
16 17 -0.03428624504959781
16 18 0.02763513336039016
16 19 0.1610044975929664
16 20 0.1968276648820216
16 21 0.07387826876041016
16 22 -0.12417051334898128
16 23 -0.16386960212231833
16 24 0.09494732778935278
16 25 0.09605064543597874
16 26 0.3148968155989045
16 27 0.103015009276977
16 28 -0.047301771188944526
16 29 -0.09878203628564415
16 30 0.1416568010503556
16 31 0.08682216402483409
16 32 0.03299840865942295
16 33 0.04245828390770957
16 34 -0.09951347750345166
16 35 0.11115536734276883
16 36 0.07189755838018351
16 37 -0.07275944634047676
16 38 -0.04105727783213457
16 39 -0.056837823207333646
17 17 0.0
17 18 0.0047226418353518845
17 19 -0.023746153195895233
17 20 -0.0032528933379534115
17 21 0.029059143144135057
17 22 0.039374294248757116
17 23 -0.049160692654842394
17 24 -0.02575708076896043
17 25 -0.06633919529359741
17 26 -0.033613898592961045
17 27 0.06631917858930453
17 28 0.008354482630013028
17 29 0.00021838438542384748
17 30 0.05359689831268768
17 31 0.08237845097345328
17 32 -0.09338969330146837
17 33 0.03979703512763592
17 34 -0.011746557841093887
17 35 -0.08712401821782913
17 36 0.010939617917944285
17 37 -0.06198282985248469
17 38 0.08806589534006769
17 39 0.006343511235578102
18 18 0.0
18 19 0.07263384857827918
18 20 -0.0671904024303795
18 21 -0.038485324436181294
18 22 0.03601971766446631
18 23 -0.11192327079947928
18 24 0.03656163711027044
18 25 0.1175023457867193
18 26 0.07621805776705265
18 27 0.03184782790537845
18 28 0.09330166165043124
18 29 0.05155080565641875
18 30 0.13496113713307875
18 31 -0.19044844620383022
18 32 -0.055890831035268006
18 33 -0.06639387409197979
18 34 0.10114049841107013
18 35 -0.027095250851935183
18 36 0.1198560472389415
18 37 -0.13645320459853721
18 38 0.037701261846589215
18 39 -0.029604565435209486
19 19 0.0
19 20 0.040098699016539965
19 21 0.05625375423827953
19 22 -0.07928441071298578
19 23 -0.03440486407602048
19 24 0.05325096281258977
19 25 0.08055814435894794
19 26 0.16086304895986905
19 27 0.06354817400241101
19 28 0.021079490298470466
19 29 0.049087725011255974
19 30 0.07028946142533374
19 31 -0.046035351161771564
19 32 -0.032468122862565896
19 33 -0.00473492892742397
19 34 0.028390709225637162
19 35 0.00972807725838665
19 36 0.08772016148618995
19 37 -0.14137735304062155
19 38 -0.03403629010163852
19 39 -0.08983195050977878
20 20 0.0
20 21 0.17502715237145608
20 22 -0.06320217527584575
20 23 -0.23625353009091815
20 24 0.010891478966813861
20 25 0.04287635872136542
20 26 0.1136493156970747
20 27 0.133247061145954
20 28 -0.12223257176123851
20 29 -0.19601362329891905
20 30 -0.0319724390244765
20 31 -0.018008327121893233
20 32 0.12499984753273378
20 33 -0.0371729858864467
20 34 -0.10539650851057272
20 35 0.1573138169170768
20 36 -0.08656468293254567
20 37 -0.04673093172593527
20 38 -0.1196866948124923
20 39 0.006389947827715464
21 21 0.0
21 22 -0.036280128834168666
21 23 -0.10573491596828713
21 24 -0.04478064618713514
21 25 0.059202827951386296
21 26 -0.006608397304869354
21 27 0.05071579251630407
21 28 -0.1839141116015508
21 29 -0.08895365925304412
21 30 0.08213537583028357
21 31 -0.08290208521402233
21 32 -0.13894563612524016
21 33 0.06742914402957347
21 34 -0.0787255465718889
21 35 0.005901513333791184
21 36 0.010305640867839014
21 37 -0.03808630617460365
21 38 -0.042911441327567065
21 39 0.059978293912811106
22 22 0.0
22 23 -0.01627409961719089
22 24 0.0800672854531136
22 25 -0.10832395542627608
22 26 -0.04592494920766997
22 27 0.06978818809804939
22 28 0.012001442126027025
22 29 0.15455177164155687
22 30 0.09437603641703864
22 31 -0.04113597646536572
22 32 -0.07490231228646863
22 33 0.0034104702715902517
22 34 0.11975904911523787
22 35 -0.03516947483298975
22 36 -0.2548861566207311
22 37 0.13749634356142135
22 38 0.10794410302928473
22 39 0.10292429666781462
23 23 0.0
23 24 -0.06828382569030525
23 25 0.019946238576531477
23 26 -0.16809793081011445
23 27 -0.11815719040491417
23 28 0.10654839744676689
23 29 0.15387448626418843
23 30 -0.08455568889323195
23 31 0.07494581841356454
23 32 -0.03195915443553054
23 33 0.1223102834546419
23 34 0.021662645867631454
23 35 -0.15688926498239117
23 36 0.05091653205814245
23 37 0.09946350644775936
23 38 -0.04582656975962493
23 39 -0.07098727163204145
24 24 0.0
24 25 0.027968622783863455
24 26 0.04955524248556802
24 27 0.04021033568847698
24 28 0.03714218113850055
24 29 0.08585510769037555
24 30 0.10708180365703127
24 31 0.05919871834885339
24 32 0.00133488371210684
24 33 -0.11691825888647622
24 34 0.06679889386725509
24 35 -0.0009108552699760252
24 36 -0.04259856806569305
24 37 0.012566958465685387
24 38 0.012264144297540336
24 39 0.047085050119396774
25 25 0.0
25 26 -0.009417437799094467
25 27 -0.10417791618190367
25 28 0.01000820014013871
25 29 -0.06390333248765168
25 30 0.11457156440677374
25 31 -0.04275694386756002
25 32 -0.023148024449427103
25 33 0.07372880290243575
25 34 -0.02240091852315628
25 35 -0.058740630381594695
25 36 0.11829287461334906
25 37 -0.007901367571099552
25 38 -0.13290878882498874
25 39 -0.01659421728108009
26 26 0.0
26 27 0.041169971290273215
26 28 -0.046711308095443285
26 29 -0.007141311090400365
26 30 0.06317248537584605
26 31 -0.06635775304096829
26 32 0.03352537126462142
26 33 -0.049054904905582966
26 34 0.06317813960751062
26 35 0.14791579230969631
26 36 0.027574855634025307
26 37 -0.1426052630521975
26 38 0.09625318074690978
26 39 -0.08743871715451294
27 27 0.0
27 28 0.05996753230790797
27 29 -0.0012066414944554937
27 30 0.06294453016014898
27 31 0.0936422983458807
27 32 0.02180054058637558
27 33 0.03314145018031256
27 34 -0.09919344095038451
27 35 0.059621853604264766
27 36 -0.06229486579934505
27 37 -0.0821010711920284
27 38 -0.05703280864904621
27 39 -0.06180793377045568
28 28 0.0
28 29 0.18252436388664683
28 30 -0.019584166950705053
28 31 0.06270102600521152
28 32 0.09266456197494014
28 33 0.0023343540559132305
28 34 0.028739534036110022
28 35 -0.09306589729843515
28 36 0.06807341917925872
28 37 -0.007933926204086051
28 38 -0.034999320923456465
28 39 -0.11256389596050206
29 29 0.0
29 30 -0.002237896695278004
29 31 -0.07852911342671669
29 32 -0.05352277967585317
29 33 -0.039187327263079046
29 34 0.17414218857372812
29 35 -0.17942696142387987
29 36 0.028991567509421855
29 37 0.031042423101345314
29 38 0.08908127682544698
29 39 -0.06577704165767553
30 30 0.0
30 31 0.07962024210465116
30 32 -0.16876666433130277
30 33 0.12529987387396851
30 34 -0.054422262844969725
30 35 -0.06154962982061231
30 36 0.028234350883220516
30 37 0.03370259789377039
30 38 0.03650820186932481
30 39 0.0691540058164518
31 31 0.0
31 32 0.029477468182428718
31 33 0.1677201408576972
31 34 -0.2087851296755961
31 35 -0.04654105779228481
31 36 -0.006871660857842047
31 37 0.13228854542003057
31 38 -0.04020247185737201
31 39 0.001573500516497407
32 32 0.0
32 33 -0.09142103024059858
32 34 -0.04496702166402603
32 35 0.14058577622529048
32 36 -0.05511697360702208
32 37 0.039895000904984004
32 38 -0.10385813449742995
32 39 -0.05587511081445654
33 33 0.0
33 34 -0.17477416936492965
33 35 -0.09259938897734098
33 36 0.030135077358071638
33 37 0.124205086212079
33 38 -0.05893278718823071
33 39 -0.021834677279589033
34 34 0.0
34 35 -0.03940985777252177
34 36 -0.04268049673982315
34 37 -0.10282876961113303
34 38 0.11233522386430354
34 39 -0.01648640393795578
35 35 0.0
35 36 -0.10216133510492172
35 37 -0.03226533214066284
35 38 -0.03092537715732589
35 39 0.018081056470940014
36 36 0.0
36 37 -0.11982955519036029
36 38 -0.015706735754220255
36 39 -0.0942565091517468
37 37 0.0
37 38 -0.017640789194537394
37 39 0.12471255053503345
38 38 0.0
38 39 0.05228532553398729
39 39 0.0
