0 0 0.0
0 1 0.027445520639179877
0 2 0.03208049404574645
0 3 0.04155368463330021
0 4 0.08842270026786836
0 5 -0.010025701858213418
0 6 -0.1594469468896918
0 7 -0.051023651176351215
0 8 0.0020752578943133817
0 9 -0.011028174628995108
0 10 0.027130129576386757
0 11 -0.04526013531363307
0 12 0.028750986189081045
0 13 0.07996240766809234
0 14 -0.1297149209618989
0 15 -0.04346330011125903
0 16 0.1228213478617555
0 17 -0.01638375609931235
0 18 -0.043861582157070846
0 19 0.06119243846962767
0 20 0.059172916051860945
0 21 -0.008042862807603936
0 22 -0.14467364084370832
0 23 -0.19729765435582697
0 24 -0.11731080582784503
0 25 0.008375568484538637
0 26 -0.03342767662463157
0 27 0.027073794534987667
0 28 0.008968356777610136
0 29 -0.016879378994357257
0 30 -0.013641778119724366
0 31 0.09483263602452481
0 32 -0.001383112108659683
0 33 0.023803991789035174
0 34 0.07417731682385643
0 35 -0.05834360913204255
0 36 0.07267786379593438
0 37 0.214317964979405
0 38 0.09966451482186389
0 39 -0.15202415319210993
1 1 0.0
1 2 -0.11224253645183317
1 3 -0.0020868726428281107
1 4 0.005665343795032076
1 5 -0.07301366687204529
1 6 -0.0568015767635666
1 7 0.06183989847168027
1 8 -0.03623927068796356
1 9 -0.021102920296677864
1 10 0.06854875692593787
1 11 -0.16509724778014015
1 12 0.005819558117966101
1 13 0.026342531829944626
1 14 -0.14359082276775262
1 15 0.007215466082582357
1 16 0.11828764754276108
1 17 0.06337127645077482
1 18 0.06420913749258764
1 19 -0.11808224302935535
1 20 0.22313704522045924
1 21 0.016681582082571852
1 22 -0.003934452300488339
1 23 -0.21284780188923608
1 24 -0.0006269570604927508
1 25 0.061294196480987495
1 26 -0.07667502698037038
1 27 0.018942351102068194
1 28 -0.0060740089683236995
1 29 -0.027624967852338707
1 30 0.07608817829231594
1 31 -0.0991220312354684
1 32 0.11168023059253225
1 33 0.020091910275011584
1 34 0.0021966043405702825
1 35 -0.027626972465695794
1 36 -0.06735222020425305
1 37 0.07754860513360594
1 38 -0.20954724555531268
1 39 -0.13622733289401562
2 2 0.0
2 3 0.07199056140398905
2 4 0.15149917865921186
2 5 0.042689126637681665
2 6 0.17008523763428218
2 7 -0.03440187521127169
2 8 0.013197239733031569
2 9 -0.014059808037336158
2 10 -0.029484556352049728
2 11 0.060393045393875466
2 12 0.03158860747078864
2 13 0.023153031811687035
2 14 0.01979097853432426
2 15 0.0635675403943182
2 16 -0.031810462118229174
2 17 -0.0006541043591877573
2 18 0.03412631142524066
2 19 0.11473040057162431
2 20 -0.14556041785367796
2 21 -0.031009043254570663
2 22 -0.012887341259022583
2 23 0.13753564497277965
2 24 -0.005418822317347741
2 25 0.09935575510503333
2 26 0.02934660430520647
2 27 0.027834617696574183
2 28 0.0955258748840185
2 29 0.07095526229278834
2 30 -0.0011189269100678957
2 31 0.08191035089135183
2 32 -0.10708966011063845
2 33 -0.03961375987650467
2 34 0.11698521342143284
2 35 -0.1014065755352268
2 36 0.07849211581538444
2 37 -0.03611922300071415
2 38 0.009120105104479878
2 39 -0.0220740567591252
3 3 0.0
3 4 0.1059401538517599
3 5 0.037887995896490015
3 6 0.07475364574815442
3 7 0.035308980918627504
3 8 0.06162346803493002
3 9 -0.01156068938789564
3 10 0.003234425097777555
3 11 -0.03322097072018682
3 12 0.06662544792001392
3 13 0.04743302699681046
3 14 0.029179597870947076
3 15 0.06678137535774317
3 16 0.004031825326714275
3 17 0.020715081391576802
3 18 0.07141322546285843
3 19 0.13570480643979937
3 20 -0.0770647506390309
3 21 -0.01695823615290633
3 22 -0.0028024481968348157
3 23 -0.0026466200962414806
3 24 -0.02976049195962962
3 25 0.11845823635511699
3 26 -0.011731300153365324
3 27 0.022278834880555924
3 28 0.08385158806129027
3 29 -0.024816455510424613
3 30 -0.032506189972197806
3 31 0.06503863914363278
3 32 -0.04186429890321786
3 33 0.004289671039571917
3 34 0.07014807588281943
3 35 -0.07857326209438933
3 36 0.049606391144855135
3 37 -0.009314503151513609
3 38 -0.08559282776911324
3 39 0.03460551966881675
4 4 0.0
4 5 0.05458437780852203
4 6 0.21742847690199843
4 7 -0.028880341900624135
4 8 -0.04726410869222478
4 9 -0.019172219871896132
4 10 -0.031907015551421315
4 11 -0.04483715999992434
4 12 0.08925571254305424
4 13 0.03633873606418692
4 14 -0.07469018824593468
4 15 0.020458724600944233
4 16 0.007535474499505411
4 17 0.057441099096832614
4 18 0.059361410176213755
4 19 0.16684060169860715
4 20 0.03128201165744983
4 21 0.036539422531479744
4 22 -0.042457866538582585
4 23 0.016089917988284824
4 24 -0.030699393250448126
4 25 0.14924623475768647
4 26 -0.02255590167195727
4 27 0.03482273984392582
4 28 0.08993953589027094
4 29 0.07493330345288608
4 30 0.07359566738530768
4 31 0.08338081386862162
4 32 -0.09864448984218001
4 33 -0.028043990962890925
4 34 0.2115355392143518
4 35 -0.18443750034064504
4 36 0.1504033410053409
4 37 0.044606339061731407
4 38 -0.12784677196772473
4 39 -0.04748811039093743
5 5 0.0
5 6 0.05102060191034867
5 7 -0.019749123617323013
5 8 -0.0085894879119341
5 9 0.03468751346030977
5 10 -0.0018793650112821838
5 11 0.018829510592673925
5 12 0.002036242377359242
5 13 -0.005376467828864036
5 14 0.0723808697353386
5 15 -0.014615248564288488
5 16 -0.04436721511234489
5 17 0.03586579531523186
5 18 -0.013140743364980246
5 19 0.07028936631610316
5 20 -0.07465281965648533
5 21 0.0034851061537243136
5 22 -0.013997403160883581
5 23 0.020036152271668405
5 24 0.019715106314543825
5 25 -0.008990230199498607
5 26 0.02474923747730038
5 27 -0.011423728291193218
5 28 0.039468984893008416
5 29 -0.002477510610213976
5 30 0.002133551461204642
5 31 0.08306816880908952
5 32 -0.03759933063537528
5 33 0.03298944472755762
5 34 0.03609769555320754
5 35 -0.01299581903220085
5 36 0.04082506126841588
5 37 -0.02782867499009382
5 38 0.01665966929786364
5 39 0.0994226502099107
6 6 0.0
6 7 0.012666230592617029
6 8 -0.00029737010754110485
6 9 -0.02053943003525048
6 10 -0.06309563178159946
6 11 0.012428170668710915
6 12 0.03895867402365122
6 13 -0.08822315533904121
6 14 0.08498885999509746
6 15 0.14627397187310465
6 16 -0.15806299822189834
6 17 0.03943637142696314
6 18 0.1224613378884067
6 19 0.1026904867609925
6 20 -0.07064726193517532
6 21 -0.045542506358373126
6 22 0.14005824695851024
6 23 0.35094116985630464
6 24 0.1273906890210483
6 25 0.19213167802087888
6 26 0.06381209877027469
6 27 -0.05653074832786825
6 28 0.11947991699885674
6 29 0.07958701440154914
6 30 0.0561981124967995
6 31 0.04746012701532514
6 32 -0.1746226652928426
6 33 -0.055775712261331614
6 34 0.11365538673871016
6 35 -0.18634602333203654
6 36 0.06663534840380109
6 37 -0.22715855951223923
6 38 -0.3043170683824873
6 39 0.0798625298328235
7 7 0.0
7 8 0.045305057820267655
7 9 0.0040225544203335815
7 10 0.003724187792795436
7 11 -0.056378560438376066
7 12 0.055612235042723245
7 13 0.01634176074948798
7 14 0.05826539469829972
7 15 0.06839117191392328
7 16 -0.04804343634491577
7 17 -0.020609228849142753
7 18 0.05888294507453564
7 19 0.058174649612192285
7 20 0.048638662264497416
7 21 -0.009766295062043172
7 22 0.07006755577059813
7 23 -0.001588746019290425
7 24 0.0013366061081993938
7 25 0.08433953605061542
7 26 -0.020201744221371422
7 27 0.011330348336376663
7 28 -0.01280677691194563
7 29 -0.02292983684847898
7 30 -0.06146286321032388
7 31 -0.0739043500930537
7 32 0.011979918859378361
7 33 -0.005936865779138104
7 34 -0.03899037820796957
7 35 0.008118604686816104
7 36 -0.004969451278312079
7 37 -0.04097850500829614
7 38 -0.10045636903659802
7 39 0.0731251198381351
8 8 0.0
8 9 -0.01926439996782211
8 10 0.008685936062910614
8 11 0.0017822166587318296
8 12 0.013101890929946212
8 13 0.0009649475740403486
8 14 0.08182939701672931
8 15 0.09498045093692488
8 16 -0.015721550031089316
8 17 -0.041813730515339924
8 18 0.04855743463967404
8 19 0.05308710655547651
8 20 -0.12117072099990263
8 21 -0.08114039837856571
8 22 0.040551405130485704
8 23 0.06598767803701266
8 24 -0.005693710588034205
8 25 0.055635820479696806
8 26 0.02702875242517282
8 27 -0.04029462410536723
8 28 0.04589579285516767
8 29 -0.09497614834622314
8 30 -0.1015437845626409
8 31 0.059185512649308214
8 32 -0.03095743625872905
8 33 0.015332701085458844
8 34 -0.0695881119626193
8 35 -0.008896771175050486
8 36 -0.03749633227387833
8 37 -0.05923398578014587
8 38 -0.0516089785315517
8 39 0.0509884351755646
9 9 0.0
9 10 0.015485286783489715
9 11 -0.002963001889117882
9 12 -0.014333936336020018
9 13 -0.009694801455842486
9 14 0.0636154625732813
9 15 -0.00038852937484619204
9 16 -0.05620845702053949
9 17 -0.005961432823770469
9 18 -0.03392247467248061
9 19 0.01087839711028758
9 20 0.016717194843918225
9 21 -0.024534786576775415
9 22 0.003514294949409133
9 23 -0.006386289036190253
9 24 0.025582375676097384
9 25 -0.01832079881663139
9 26 0.02400227202324712
9 27 -0.015813589772922666
9 28 -0.014545083459246919
9 29 0.010030285060353679
9 30 -0.027717285280064525
9 31 0.010916959917973996
9 32 -0.011001315749271448
9 33 0.029746243042771382
9 34 -0.02817157414420433
9 35 0.027940255983806273
9 36 0.00916515615308178
9 37 -0.0030989451856325363
9 38 0.03305043799919699
9 39 0.060888216649830115
10 10 0.0
10 11 -0.0283424290691196
10 12 -0.05048381676486282
10 13 0.01756481903880713
10 14 -0.008442417986349187
10 15 0.028894248120425802
10 16 0.04970710535194001
10 17 0.024431864352483033
10 18 0.002878355232590428
10 19 -0.08236878426468179
10 20 -0.028585124764720977
10 21 -0.060899662997277594
10 22 -0.026406369559468585
10 23 -0.07491887399389727
10 24 0.02093472511021568
10 25 0.0028549016078155227
10 26 0.007457731374772782
10 27 0.000416856256166532
10 28 0.043437082384759775
10 29 -0.016638912731944542
10 30 0.0010543677541697337
10 31 0.019942616681291166
10 32 0.03796828657365951
10 33 0.037171396281759625
10 34 -0.027987301889930594
10 35 0.015186039552778688
10 36 -0.06722951084637983
10 37 0.01726834370855045
10 38 -0.008992955818373252
10 39 -0.06341986772175828
11 11 0.0
11 12 -0.04742821321403396
11 13 -0.007515263826708298
11 14 0.04964399906120434
11 15 -0.013668914176798505
11 16 -0.024305406104942296
11 17 -0.023822337556939334
11 18 -0.03950214490727302
11 19 -0.02494466625452082
11 20 -0.1951406174599269
11 21 -0.005332508532347381
11 22 -0.0075337125674873285
11 23 0.13492555445836313
11 24 0.012198186883912384
11 25 -0.06869702508010439
11 26 0.04123490152060425
11 27 0.023486596921715862
11 28 0.01781212372333386
11 29 0.05107145461881039
11 30 -0.006769640282379065
11 31 0.019223008365349424
11 32 -0.027000696007934217
11 33 -0.034535630011603945
11 34 -0.0023447537259652447
11 35 0.05119880083750302
11 36 -0.016727045672806258
11 37 -0.063654536515001
11 38 0.18037005563684388
11 39 0.008500702445138085
12 12 0.0
12 13 0.044788175850855635
12 14 -0.0017819198115829622
12 15 0.0057793324049583445
12 16 -0.03363392372978431
12 17 -0.02020662530964636
12 18 0.044669668849541114
12 19 0.18318622628562664
12 20 0.08820368410609088
12 21 0.07155785681859403
12 22 0.018003887761477426
12 23 -0.026028928109634024
12 24 -0.07063279590066991
12 25 0.09409467331773366
12 26 -0.0511648614615303
12 27 0.042825413189557224
12 28 -0.02917429620195956
12 29 0.007261392558001673
12 30 -0.035240165424411975
12 31 -0.04080548370968988
12 32 -0.0273321848647081
12 33 -0.03391532986812262
12 34 0.06925320141958671
12 35 -0.05084183511402336
12 36 0.11298620024424107
12 37 0.03693211392229342
12 38 -0.054212520707606904
12 39 0.07117017290563266
13 13 0.0
13 14 -0.04874165368680707
13 15 -0.0015906993901111072
13 16 0.07153354524237159
13 17 0.007334144233225867
13 18 0.019495830239216326
13 19 0.054558893013263735
13 20 -0.03418069358749829
13 21 0.028936257277066963
13 22 -0.05946552296148794
13 23 -0.11711857979240525
13 24 -0.07522242767820063
13 25 0.04713097144884832
13 26 -0.0499709282715929
13 27 0.09606672029532005
13 28 0.02678388102031672
13 29 0.032618667879086696
13 30 -0.010520647507081
13 31 -0.02684396842292457
13 32 0.03759557482230376
13 33 -0.018926428845043062
13 34 0.06710100290582115
13 35 0.0009626671356480154
13 36 0.02783924617447623
13 37 0.08088251484737682
13 38 0.07920591767762718
13 39 -0.0629075941242711
14 14 0.0
14 15 0.1006003238197128
14 16 -0.19360833131832741
14 17 -0.0501965190612154
14 18 0.0037910101707933656
14 19 0.09749205183642941
14 20 -0.13879216187715931
14 21 -0.0920702852634773
14 22 0.10888638265812738
14 23 0.19119230980845314
14 24 0.08005589011148331
14 25 0.026572338933823852
14 26 0.0849297887595908
14 27 -0.06299787005586374
14 28 0.0151168880557005
14 29 -0.032975379790507235
14 30 -0.13572674140630595
14 31 0.03976350887314789
14 32 -0.08163785230739808
14 33 0.03223057958561816
14 34 -0.1072114667801934
14 35 0.047977180514206116
14 36 -0.005814126783439353
14 37 -0.16635632713039264
14 38 -0.004107884907858101
14 39 0.2437367807636784
15 15 0.0
15 16 -0.07567155458895877
15 17 -0.038574196294012306
15 18 0.08859259766852108
15 19 0.03582984228102871
15 20 -0.1027870211502299
15 21 -0.1451592525569046
15 22 0.08658043062920887
15 23 0.1558151510226357
15 24 0.057767908615926934
15 25 0.16586739126808892
15 26 0.050437090052432174
15 27 -0.022522186335790124
15 28 0.09299162154517704
15 29 0.00440215775935405
15 30 -0.08889814260018211
15 31 0.012659428833031464
15 32 -0.07600406989191397
15 33 -0.01121224944573962
15 34 -0.032473200636327915
15 35 -0.062216039383763466
15 36 -0.03593932483570991
15 37 -0.11528228867228556
15 38 -0.14003843809977518
15 39 0.00077608909856392
16 16 0.0
16 17 0.06824312207637223
16 18 0.007354547698425039
16 19 -0.12110915201973885
16 20 -0.021455610778076683
16 21 0.048977081220569416
16 22 -0.12255631024687721
16 23 -0.2173126308472569
16 24 -0.07478099144452048
16 25 -0.04748780612513299
16 26 -0.07016423923920037
16 27 0.06754820919568623
16 28 0.04279055700439485
16 29 -0.026668598365133595
16 30 0.09765175371565576
16 31 0.013082263135317268
16 32 0.11321051289861639
16 33 0.004227112090020858
16 34 0.06210876876338541
16 35 -0.0006681982673248377
16 36 -0.06248382141327748
16 37 0.13178249765252842
16 38 0.04968869581452763
16 39 -0.21157181866199118
17 17 0.0
17 18 0.026459980162306607
17 19 -0.04864824842048459
17 20 -0.024601100835510727
17 21 0.04271651255525728
17 22 -0.03085016594274992
17 23 -0.06848974720022856
17 24 0.020327987105787447
17 25 -0.009324887629049306
17 26 -0.023744772204030606
17 27 0.02086880667297063
17 28 0.05709660991420101
17 29 0.0001262636790141891
17 30 0.09747530556357556
17 31 0.025914312722857345
17 32 0.04146204423893634
17 33 0.019272891880311237
17 34 0.06561516400856644
17 35 -0.023186545148049097
17 36 -0.02273497380357231
17 37 -0.005754639864384193
17 38 -0.06409653031489114
17 39 -0.024699629215013806
18 18 0.0
18 19 0.040848282538146145
18 20 -0.04087693768470712
18 21 -0.01250826533421669
18 22 0.053051436197577684
18 23 0.045164445449693856
18 24 0.011272248474307325
18 25 0.12601850728852704
18 26 -0.020088761278116617
18 27 0.022594947986137724
18 28 0.07007179617474318
18 29 -0.007420128287747356
18 30 0.0035503556504974582
18 31 -0.022856358409763508
18 32 -0.009408411789442288
18 33 -0.025010758599039108
18 34 0.038962973865088596
18 35 -0.06370852290342267
18 36 -0.012140387964672322
18 37 -0.06928013867970657
18 38 -0.16234910560910867
18 39 -0.003111194886708037
19 19 0.0
19 20 0.01996694959864215
19 21 0.05327370103437923
19 22 0.0196387911738439
19 23 0.0446491920800267
19 24 -0.09112233078641423
19 25 0.1437530720093499
19 26 -0.02116001093547993
19 27 0.028554743183754283
19 28 -0.0051312885929093235
19 29 0.0016002856838778067
19 30 -0.10865390556408619
19 31 0.04850544578333456
19 32 -0.11993877576439071
19 33 -0.023922728844407666
19 34 0.10514461147022125
19 35 -0.09398083363162985
19 36 0.2109650280989351
19 37 0.02412164083248478
19 38 -0.026502931580787575
19 39 0.19112028710277223
20 20 0.0
20 21 0.11006055176588295
20 22 0.014274952029473353
20 23 -0.20330350931096236
20 24 -0.04151351367755698
20 25 -0.005559435967204568
20 26 -0.08089795826276718
20 27 -0.0420860170329843
20 28 -0.20180816393989928
20 29 -0.0012723639843700645
20 30 0.042339936543009465
20 31 -0.1458368837605144
20 32 0.04502896293911814
20 33 0.00860669250345988
20 34 -0.010978556084220905
20 35 -0.027459751684256455
20 36 0.1003042546136906
20 37 0.17308532508692848
20 38 -0.1627562663774737
20 39 -0.010526028282682658
21 21 0.0
21 22 -0.03324202713640309
21 23 -0.11131417064119027
21 24 -0.07265017451750333
21 25 -0.06411564651564462
21 26 -0.08577331223972431
21 27 0.07150509236097595
21 28 -0.07884928605323088
21 29 0.024774388202565896
21 30 0.08588721460446468
21 31 -0.08234249712860467
21 32 0.06524752180519518
21 33 -0.036902163286262925
21 34 0.08553538225340995
21 35 0.024345194294648268
21 36 0.0744036466620713
21 37 0.06837380141349879
21 38 0.04922079042616861
21 39 0.03714475634030332
22 22 0.0
22 23 0.16532103622870264
22 24 0.07155062445836327
22 25 0.061218019061288764
22 26 0.029665047800800225
22 27 -0.046723162054115294
22 28 -0.015442952244799382
22 29 -0.01005941644183191
22 30 -0.04632684507258237
22 31 -0.06253697194323402
22 32 -0.03937990260979827
22 33 -0.01907569189038636
22 34 -0.06998432158923536
22 35 0.0008571631553658558
22 36 -0.022864585314390597
22 37 -0.14439929925895242
22 38 -0.14049289859863737
22 39 0.11736243505045554
23 23 0.0
23 24 0.13341127644239212
23 25 0.07864520384723836
23 26 0.1245248236455718
23 27 -0.08772935084025205
23 28 0.0573198682059724
23 29 0.054976729574252016
23 30 -0.059557645812741075
23 31 0.03478777683595079
23 32 -0.17901475165322794
23 33 -0.06219777676460014
23 34 -0.041007274387980054
23 35 -0.05542703224348063
23 36 -0.0017731894504442434
23 37 -0.27478603524266043
23 38 -0.08483188615004009
23 39 0.12588818940116828
24 24 0.0
24 25 0.000010318816388584009
24 26 0.061204044446499885
24 27 -0.06509910443076597
24 28 0.03460614307033123
24 29 0.006332104314873406
24 30 0.016922064058015152
24 31 0.013022870118230476
24 32 -0.029287541062840643
24 33 0.020617075464166655
24 34 -0.056189952408989906
24 35 0.0013302566834661408
24 36 -0.06839906082932473
24 37 -0.12827793851267189
24 38 -0.09806364341865417
24 39 0.042336970973767554
25 25 0.0
25 26 -0.009200570013319321
25 27 0.03457615275367982
25 28 0.0933277171388282
25 29 0.041639411909439046
25 30 -0.04778290759237307
25 31 -0.014365343253258575
25 32 -0.07916129494365451
25 33 -0.03895551671933202
25 34 0.08329842800293744
25 35 -0.1323175623158859
25 36 0.05801389907775254
25 37 -0.047813521658921755
25 38 -0.199626203451732
25 39 -0.016536628630277862
26 26 0.0
26 27 -0.06256271190646598
26 28 0.027142360603616255
26 29 -0.006385344898771612
26 30 -0.036873230915352335
26 31 0.06537711768085444
26 32 -0.060743447117190874
26 33 0.02055688252108913
26 34 -0.050716923602940354
26 35 -0.002366703442167705
26 36 -0.024393735207170232
26 37 -0.07154180413695885
26 38 0.0031465140178462735
26 39 0.03688816633435389
27 27 0.0
27 28 0.016578904165240625
27 29 0.0850835859640838
27 30 0.028915636555049612
27 31 -0.08532226694410378
27 32 0.05426434799949429
27 33 -0.05138533923702521
27 34 0.09225732482801599
27 35 0.0196731277171667
27 36 0.025297700542911312
27 37 0.05388636704886999
27 38 0.1053863459053912
27 39 -0.06946411194323465
28 28 0.0
28 29 0.007624484480455006
28 30 0.021987863072014502
28 31 0.09813717342223949
28 32 -0.0357471812564261
28 33 0.008128340304737514
28 34 0.06753910380651926
28 35 -0.07545728016150513
28 36 -0.03696808438833392
28 37 -0.06479301872406343
28 38 -0.06973612673747322
28 39 -0.06078709655005067
29 29 0.0
29 30 0.046759472957221083
29 31 -0.0786686147165577
29 32 -0.02269627635555482
29 33 -0.06425103122805403
29 34 0.09499294473545554
29 35 -0.01569218857795148
29 36 0.04876590952854158
29 37 0.0033121453757753204
29 38 0.08165692365342155
29 39 -0.07411570035661695
30 30 0.0
30 31 -0.012843623003294469
30 32 0.050460455860608086
30 33 -0.013522316663415074
30 34 0.09601948176722738
30 35 -0.03186740168522188
30 36 -0.015190060009834703
30 37 0.02265068789916134
30 38 -0.043084261970488646
30 39 -0.10469963171164118
31 31 0.0
31 32 -0.08511948854273434
31 33 0.06963914382650949
31 34 0.0237892378539312
31 35 -0.07664968714073267
31 36 0.020191144495302533
31 37 0.004687397380586081
31 38 -0.006552933701856956
31 39 0.017392826022935706
32 32 0.0
32 33 0.010409368504360503
32 34 -0.029355067475364573
32 35 0.0881050054493023
32 36 -0.0783919519973046
32 37 0.059888394060884566
32 38 0.05143292416242097
32 39 -0.06113176048400676
33 33 0.0
33 34 -0.046190685110893706
33 35 0.014058090442589405
33 36 -0.026478759166665762
33 37 0.01562066211129266
33 38 -0.019736935657619237
33 39 0.03734758615639717
34 34 0.0
34 35 -0.11055701989979969
34 36 0.11213496251969986
34 37 0.0643545413348654
34 38 -0.010293331871749509
34 39 -0.07994414864164229
35 35 0.0
35 36 -0.07579049291888786
35 37 -0.004084823198560757
35 38 0.16860338290380372
35 39 0.05247598488138365
36 36 0.0
36 37 0.07326214071858393
36 38 0.016392182518835622
36 39 0.06943907979799478
37 37 0.0
37 38 0.128838382321215
37 39 -0.13889589134446048
38 38 0.0
38 39 -0.04649095416036657
39 39 0.0
