0 0 0.0
0 1 -0.05383614184729045
0 2 -0.1723018095474772
0 3 -0.29864665938267276
0 4 -0.09531340352121229
0 5 0.006925747426526088
0 6 -0.07329002193760589
0 7 -0.015351406345340848
0 8 0.040273483068361524
0 9 0.0560136786343571
0 10 -0.022047006965044837
0 11 0.046719360721806776
0 12 -0.01744953180179448
0 13 -0.007342275489821175
0 14 0.052939646491557225
0 15 -0.14155258175441848
0 16 0.006608560839333028
0 17 0.11197781411032215
0 18 -0.0841708384336196
0 19 0.08402368121087364
0 20 -0.1508447560774162
0 21 -0.045568982304992664
0 22 0.018345178750595947
0 23 0.041177377629051194
0 24 0.027247448904224935
0 25 0.29682185131739874
0 26 -0.034405365031014934
0 27 -0.1284326971292674
0 28 -0.02292513988748807
0 29 -0.01495166027505877
0 30 -0.0005960447817293932
0 31 -0.12755983066725893
0 32 0.026495664042281986
0 33 -0.10154489739531555
0 34 0.07494789390515548
0 35 0.12591632759629606
0 36 0.09479274971514293
0 37 -0.19442037218442698
0 38 0.05712018312294598
0 39 -0.12104072609422971
1 1 0.0
1 2 0.11572411599007934
1 3 -0.04008315596101715
1 4 -0.07212308559583122
1 5 0.13894001636451153
1 6 0.14952105693463674
1 7 0.030607121884632847
1 8 0.034074659215213424
1 9 -0.05451675112459503
1 10 0.061456723643951695
1 11 0.0962752713425377
1 12 0.08465519550526424
1 13 0.05715702430260984
1 14 0.012997657915426498
1 15 -0.021507461167433812
1 16 0.0764207436965458
1 17 0.03992216690894239
1 18 0.054399158764907043
1 19 -0.04597027149945394
1 20 0.009701299708503915
1 21 0.049539307016720754
1 22 -0.06839726758501105
1 23 0.07821972245757683
1 24 -0.03441830343622044
1 25 -0.11117441395532697
1 26 -0.04154432796752104
1 27 0.08335677255075359
1 28 -0.015954991143494704
1 29 0.09882915118853203
1 30 0.012361825354854661
1 31 -0.06658660157696863
1 32 0.12943526137559974
1 33 -0.03279714890255745
1 34 -0.0434775112824529
1 35 -0.17617486107409325
1 36 -0.0879308998509246
1 37 0.013882576765463653
1 38 -0.009086477624911044
1 39 0.06183268074404154
2 2 0.0
2 3 0.0010581158528562662
2 4 -0.13191756274056016
2 5 0.056922141068127395
2 6 0.1363383842244978
2 7 0.17387068233546876
2 8 0.06349819266306703
2 9 0.02026736660556635
2 10 -0.008051731642689571
2 11 -0.06902783311873026
2 12 -0.06977646449852994
2 13 -0.13617148275777374
2 14 0.0227735048208593
2 15 0.009785748523388172
2 16 0.04352085087814826
2 17 0.03204720491818182
2 18 0.1145407374681772
2 19 0.15669330752111216
2 20 0.22397877944183078
2 21 -0.04377475853799679
2 22 -0.05400234252953616
2 23 0.13231920764877175
2 24 -0.03749544122734634
2 25 -0.20447182773774072
2 26 0.002258539725673201
2 27 -0.0636268922099952
2 28 0.13328625540272912
2 29 0.11648972078240556
2 30 0.16544908064627728
2 31 -0.07261149860969283
2 32 0.0747320468672893
2 33 -0.04001761043779001
2 34 -0.011441607238839005
2 35 -0.044788036304410535
2 36 0.09174201683331121
2 37 0.1490744571252868
2 38 -0.160117581207677
2 39 0.10611024390213512
3 3 0.0
3 4 0.12356132442054198
3 5 -0.08949579449831317
3 6 -0.03486038814519168
3 7 -0.1545728429914591
3 8 -0.08405559667426389
3 9 -0.20247376270449427
3 10 0.13325527582635782
3 11 0.05909911052349095
3 12 0.08517001204441897
3 13 -0.03571364131168207
3 14 -0.00523744968347904
3 15 0.18411095717989315
3 16 -0.04993853127137931
3 17 -0.10840164313206098
3 18 0.014886831243679618
3 19 -0.14527965592253694
3 20 0.057066560492623396
3 21 0.1328098503385628
3 22 0.06250231467507068
3 23 -0.15657604552078294
3 24 0.09680919280688727
3 25 -0.11785656661482449
3 26 0.09337219811127524
3 27 0.19721060759095965
3 28 0.035691274830875364
3 29 0.039609497459608047
3 30 0.03210431555374056
3 31 0.028304075236709903
3 32 -0.15708657040895407
3 33 0.17387235378785793
3 34 0.01870150020740823
3 35 0.0009528071471784658
3 36 -0.04417338103103857
3 37 0.09526569331191245
3 38 -0.16295981580509086
3 39 0.025044911983202488
4 4 0.0
4 5 0.024335043190677155
4 6 0.07851535924648637
4 7 0.11728600383000272
4 8 0.03399680750477308
4 9 -0.18737244605181952
4 10 -0.08350770030636882
4 11 0.09784327605995059
4 12 0.04737657274968317
4 13 -0.061624955790536326
4 14 0.026401073029095067
4 15 0.06320386777246909
4 16 -0.04578106895253138
4 17 -0.09932638501801513
4 18 0.050892494294099776
4 19 -0.016911518901048465
4 20 0.02995048551399802
4 21 0.1282558229950878
4 22 0.0373934928069886
4 23 -0.19129738379243913
4 24 0.09367362179227319
4 25 0.01655590505172929
4 26 -0.0674812332070049
4 27 0.03869265383033786
4 28 0.11596080492492837
4 29 -0.047036291210047446
4 30 -0.09923573707318614
4 31 -0.0013396599783715758
4 32 -0.11495668728379675
4 33 0.017106611104826128
4 34 -0.07949150938125048
4 35 -0.01213656701886034
4 36 -0.05150612049186891
4 37 0.10440105291373569
4 38 -0.09749955846192151
4 39 -0.14441644724529185
5 5 0.0
5 6 0.11230549575478414
5 7 0.06930977803155403
5 8 -0.042997040089704903
5 9 0.00007431677839148232
5 10 0.006269663653853228
5 11 0.07210429366316673
5 12 0.06637156961869303
5 13 0.030299234462918313
5 14 -0.07037045988342042
5 15 -0.055742477673170476
5 16 0.03653315968281189
5 17 -0.01367341211056367
5 18 0.14873354551188006
5 19 0.034173266638094786
5 20 0.047077366458850786
5 21 0.06997405145424125
5 22 0.03342478679998284
5 23 -0.05096336026329975
5 24 -0.1103658510224251
5 25 -0.11931760414341515
5 26 -0.061840053719284825
5 27 -0.02104847407016256
5 28 -0.03435201271337105
5 29 0.13246321151567095
5 30 -0.011630345083809246
5 31 -0.07423685134404553
5 32 0.010432485234685483
5 33 0.03428411203736122
5 34 0.03135632680429582
5 35 -0.07013790395842026
5 36 -0.1320585402985412
5 37 0.030606444593660152
5 38 0.03296017399801819
5 39 0.08117668301043987
6 6 0.0
6 7 0.22740394137651682
6 8 -0.08971798600188988
6 9 -0.00905864467694549
6 10 -0.1943985055370688
6 11 0.2921082361151312
6 12 -0.05674609402307621
6 13 -0.23451127669145966
6 14 -0.15713717892773363
6 15 0.07568679961715719
6 16 0.05439177384021526
6 17 -0.10694835663257836
6 18 0.044907357195685685
6 19 0.047927378641175786
6 20 -0.0934022696803812
6 21 0.040511361678721824
6 22 -0.012765294172276712
6 23 0.08948382631015414
6 24 0.08864413617835036
6 25 -0.10032595813707726
6 26 -0.08932880486909961
6 27 -0.030102367203311282
6 28 0.15278339899786944
6 29 0.20586597042302474
6 30 0.07438891105669351
6 31 -0.12668454438146187
6 32 0.007608899384086254
6 33 -0.05151187541779564
6 34 -0.03798234013353264
6 35 -0.13636622150674177
6 36 -0.03515829836813238
6 37 0.10168588267967611
6 38 -0.05051260312694629
6 39 0.03704836970790204
7 7 0.0
7 8 0.015325508548048764
7 9 0.08360123213341891
7 10 -0.2356754186177442
7 11 0.12530788518186303
7 12 -0.01608723174109257
7 13 -0.20864083188403426
7 14 -0.15537740340624923
7 15 -0.050491523815343844
7 16 -0.035227373175282364
7 17 -0.028878660500286153
7 18 0.16794741374530997
7 19 0.21346060057096056
7 20 -0.013065131264241522
7 21 -0.042081671713791555
7 22 -0.0029961947345283338
7 23 0.03425910462731484
7 24 -0.016736917846008757
7 25 -0.054791277876929514
7 26 -0.1700289994223086
7 27 -0.14176806671988423
7 28 0.15266122449816874
7 29 -0.0770185124817123
7 30 0.06979284275715751
7 31 -0.08981952660437181
7 32 0.15533555911074956
7 33 -0.118789251578226
7 34 -0.07537050685939631
7 35 0.034224947645642684
7 36 0.03582607408035256
7 37 0.04484528872744648
7 38 0.06904148016983973
7 39 -0.07807179477083835
8 8 0.0
8 9 -0.022956090184426844
8 10 0.053628769390077304
8 11 -0.15638585089124976
8 12 0.006334636782388568
8 13 0.08337197294658431
8 14 0.09683778472610381
8 15 -0.2299372673509946
8 16 0.07996875422135295
8 17 0.1703523417615408
8 18 -0.07176855316015171
8 19 0.09328094441756982
8 20 0.02699589250146761
8 21 -0.08830723632097072
8 22 -0.06265119081359076
8 23 0.022563969053922772
8 24 -0.10363714164769182
8 25 0.04601788346361048
8 26 0.026030468322719075
8 27 -0.12621057295293814
8 28 -0.019089079485921045
8 29 -0.08119847981459402
8 30 -0.06420658824957431
8 31 0.05650322009337373
8 32 0.06107399059155203
8 33 -0.07399852285359478
8 34 -0.10756097304218937
8 35 -0.024043312264565096
8 36 0.0707439708661998
8 37 0.023459221358097488
8 38 -0.06114251819869777
8 39 -0.009273670361306444
9 9 0.0
9 10 -0.09647144966780162
9 11 -0.16172805078810543
9 12 -0.07048229980244622
9 13 0.017313723810729844
9 14 -0.11743905389711043
9 15 -0.14913966412114663
9 16 0.01966006245815257
9 17 0.105764220227089
9 18 0.050654725657808576
9 19 0.09647814072819552
9 20 -0.046073724627970304
9 21 -0.1755843319467183
9 22 -0.03463206985441848
9 23 0.15939339717513312
9 24 -0.14608998024687886
9 25 -0.058558894172315815
9 26 -0.0035515045946601168
9 27 -0.09288561254881729
9 28 -0.08131651295305617
9 29 -0.05851494028103993
9 30 -0.018279527414546626
9 31 0.07003324637513435
9 32 0.008560860117905158
9 33 -0.10503134876318856
9 34 -0.031109570554381
9 35 0.053223014243359235
9 36 0.01765868546557315
9 37 -0.057724228565540894
9 38 0.15400448097139924
9 39 0.05910537083744362
10 10 0.0
10 11 -0.060196051956040594
10 12 0.26605853931615736
10 13 0.16625408054634838
10 14 0.1171501525909753
10 15 0.021710776458895374
10 16 0.09979940509240061
10 17 0.10754380618382911
10 18 -0.09898939274318483
10 19 -0.05018902827889328
10 20 -0.052678190444930315
10 21 0.07183922292887704
10 22 0.10370829060874051
10 23 -0.011514574587135399
10 24 0.03595313599391546
10 25 -0.08419178142604088
10 26 0.10909379426431956
10 27 0.08836032768629488
10 28 -0.07419986988720513
10 29 0.02653891802647692
10 30 -0.0381037653898965
10 31 -0.06083186537573406
10 32 -0.023388101123146862
10 33 0.13462070049946656
10 34 0.0760695354867968
10 35 0.05447021657726472
10 36 -0.052638089377948526
10 37 0.04445345292971451
10 38 -0.06358941438729176
10 39 -0.017131796925305975
11 11 0.0
11 12 0.04757827197237716
11 13 -0.23002623946770004
11 14 -0.14787098295675918
11 15 0.16747888956749193
11 16 0.0005137063210535306
11 17 -0.3487947123653195
11 18 0.02743292599149414
11 19 -0.019120734304307895
11 20 -0.28166214573045506
11 21 0.20870127561563975
11 22 0.23015241533483627
11 23 -0.08257069813946316
11 24 0.20815026352542207
11 25 -0.07244897859588494
11 26 0.0334067490455275
11 27 0.11104885197197693
11 28 0.010715215596451054
11 29 0.1556831310189657
11 30 0.0692289376395166
11 31 -0.2103244159837702
11 32 0.0360900982973865
11 33 0.03989154671248084
11 34 -0.0026860398833941073
11 35 -0.12222242704762094
11 36 -0.0808565279946657
11 37 -0.0515959739191726
11 38 0.062410530352300056
11 39 -0.0510768284992046
12 12 0.0
12 13 0.10733152062454783
12 14 0.0024724249774592194
12 15 0.01193605257230715
12 16 -0.025851077543949302
12 17 0.14385873297486212
12 18 0.0176619537341593
12 19 0.022708327020131275
12 20 -0.10078838491451966
12 21 0.05500664334517411
12 22 0.11325397735128698
12 23 -0.002020850585224971
12 24 0.0796531622404787
12 25 -0.09590207566420453
12 26 -0.04094937487144119
12 27 0.09301924785554158
12 28 0.007521012934747544
12 29 -0.0215538194403099
12 30 0.0384645650244663
12 31 -0.252494735547018
12 32 0.03889838599567414
12 33 0.05480905295559876
12 34 0.11956420656014195
12 35 0.07944474248271231
12 36 -0.06201779153366057
12 37 0.02289979806938892
12 38 -0.06571092290164775
12 39 -0.06283853608125839
13 13 0.0
13 14 0.11407586175335119
13 15 -0.07445572402813909
13 16 0.016008885499855425
13 17 0.14205354591273237
13 18 -0.0636371512187775
13 19 -0.10466235266760585
13 20 0.0543542205591269
13 21 -0.0507510996885396
13 22 -0.0752904014981943
13 23 0.007736381432089841
13 24 -0.10430438755165046
13 25 0.024305534639977113
13 26 0.011408185680654907
13 27 0.024569896070436876
13 28 -0.14761062970264288
13 29 -0.0998833379596358
13 30 -0.11984962958173676
13 31 0.11746697828985522
13 32 0.07455119533236673
13 33 0.025635999259041725
13 34 0.021829871393504154
13 35 -0.03525986210502734
13 36 -0.08462031249368249
13 37 -0.03837351468389474
13 38 0.07432169035504607
13 39 0.028204547057026887
14 14 0.0
14 15 0.04537384950209258
14 16 0.020280442419248312
14 17 0.039186850404803866
14 18 -0.07575890252444709
14 19 -0.028982139569637723
14 20 0.16056093133516564
14 21 0.07627722407832037
14 22 -0.03072757388253668
14 23 0.0014270873720829184
14 24 0.052436828647444166
14 25 0.07186083870061226
14 26 0.013999602387660967
14 27 0.09095625090185168
14 28 0.01361994394632988
14 29 -0.050673555654228396
14 30 -0.03789602274664734
14 31 -0.029361416208719616
14 32 -0.0035730350582171013
14 33 -0.046119685156435775
14 34 -0.02951181011997389
14 35 -0.017843628933540183
14 36 0.08284048422724295
14 37 0.02987489556179675
14 38 -0.0833380875908308
14 39 -0.06993258333936882
15 15 0.0
15 16 -0.056425488705301965
15 17 -0.20775100194816276
15 18 -0.04765881635526302
15 19 -0.10508325742994214
15 20 0.017480319341554994
15 21 0.12501635406699835
15 22 0.05701346468226668
15 23 -0.02294435501832285
15 24 0.22256754782342783
15 25 -0.03673482668769054
15 26 0.001975612951298466
15 27 0.1273612399656509
15 28 0.09471861081381039
15 29 0.06697984637346527
15 30 0.06614901337784942
15 31 -0.06329590951302709
15 32 -0.0022834076475543924
15 33 0.08809015188955477
15 34 0.08421165670694605
15 35 -0.03494037484016519
15 36 -0.02088924310175053
15 37 0.07456958203989814
15 38 -0.05020015523010195
15 39 -0.03979867725883529
16 16 0.0
16 17 0.03407707611017425
16 18 -0.10484814494410806
16 19 0.012183175286539252
16 20 -0.07549217071527663
16 21 0.028089319046956607
16 22 0.006326643046188555
16 23 0.03961551029819665
16 24 -0.06417428975006004
16 25 -0.016834793471986166
16 26 0.009858252411424741
16 27 -0.049093677193377205
16 28 -0.02778990496176924
16 29 0.07415851985131504
16 30 -0.06819562391992756
16 31 0.03891911074090616
16 32 -0.0037289700651875306
16 33 0.024634061091602166
16 34 -0.06567295691758454
16 35 -0.04070595422571498
16 36 -0.014646732225315406
16 37 0.06800662900841685
16 38 0.06105708211098689
16 39 0.05017635946740255
17 17 0.0
17 18 -0.07941231997379133
17 19 0.06775144360553005
17 20 0.06152134398021889
17 21 -0.19961329671534034
17 22 -0.20611716333385638
17 23 0.14266303067845598
17 24 -0.11681375149024771
17 25 0.1447404946093103
17 26 -0.12022935315285688
17 27 -0.15879749123557846
17 28 0.07691563053224645
17 29 -0.05308786098111753
17 30 0.01539812065134429
17 31 -0.026116671698802264
17 32 0.02485666949126133
17 33 -0.047325260414238304
17 34 0.08509506903409411
17 35 0.15364830519819495
17 36 0.08018943471759937
17 37 0.023291529568334576
17 38 -0.11988613854825518
17 39 0.012425330996174091
18 18 0.0
18 19 0.047731842315447595
18 20 0.16107717645822242
18 21 0.04086940769873755
18 22 0.03938125652574746
18 23 -0.07212014365020875
18 24 -0.07183560036633177
18 25 -0.23015925999742254
18 26 0.03141969524559225
18 27 0.13474568564429917
18 28 -0.023143533806388054
18 29 -0.009610028638462473
18 30 0.024871115093545424
18 31 -0.02685085092038115
18 32 -0.07411948143968036
18 33 -0.06495080453007865
18 34 -0.06783887021910155
18 35 -0.040532370405604305
18 36 -0.07698479777937925
18 37 -0.04049922422021962
18 38 -0.06088876730192714
18 39 -0.015448729660420171
19 19 0.0
19 20 -0.0008810686513536609
19 21 -0.05214163214224186
19 22 0.05645278302229271
19 23 0.06032265336503308
19 24 -0.040618700936181064
19 25 -0.024621546274597308
19 26 -0.0578676628708798
19 27 -0.13810220639634505
19 28 0.06737021408189783
19 29 -0.016031573644411476
19 30 0.07853690297399499
19 31 -0.14136161534126745
19 32 0.04940779635574265
19 33 -0.07757146208665364
19 34 0.0028522605531320147
19 35 0.09336636090180557
19 36 0.10292342916727859
19 37 0.03266089450999761
19 38 0.004470160589409303
19 39 -0.00945122552383482
20 20 0.0
20 21 -0.008698282200972681
20 22 -0.1479945505508232
20 23 -0.03226370277346379
20 24 -0.0867361090520101
20 25 -0.06275698200521301
20 26 -0.025878835123650336
20 27 0.04367843840244603
20 28 0.0717258405134033
20 29 -0.0194848350000874
20 30 0.03333182009942043
20 31 0.07906166300346584
20 32 -0.04426292640504498
20 33 -0.027328223737545333
20 34 -0.01485079846815609
20 35 -0.020385395863447224
20 36 0.041104706022649255
20 37 0.08505966364481723
20 38 -0.17273839519820325
20 39 0.04421512928491035
21 21 0.0
21 22 0.1659722117429084
21 23 -0.18092672468121113
21 24 0.03159867485420757
21 25 -0.05181646489777862
21 26 -0.016810611460893573
21 27 0.2029423679253704
21 28 -0.025637965874008305
21 29 0.06285324938488127
21 30 -0.003225084922055842
21 31 -0.13380377564828838
21 32 -0.07546391222888249
21 33 0.08351998539001523
21 34 -0.044908195353695425
21 35 -0.0365938042743517
21 36 -0.03297138522869939
21 37 0.033282492661036445
21 38 0.05603428918714829
21 39 0.006853782982711998
22 22 0.0
22 23 -0.10795254077510934
22 24 0.05831201109734528
22 25 -0.12657207628106362
22 26 0.08608266560743164
22 27 0.10808064523203664
22 28 -0.08664378727089991
22 29 0.02721676877494609
22 30 0.01969966537016273
22 31 -0.1648592253899849
22 32 -0.05911982126953326
22 33 0.06074345551254714
22 34 0.0026176710443705275
22 35 0.03132640341713358
22 36 -0.020286437813265903
22 37 -0.021758927478795306
22 38 0.09259770001629389
22 39 -0.017643648247719117
23 23 0.0
23 24 0.0544261359783912
23 25 -0.031835736587783894
23 26 -0.0005141753872166253
23 27 -0.09062122295596566
23 28 0.05304382256460053
23 29 0.03473084094327734
23 30 0.053161001988533
23 31 -0.034382235727605175
23 32 0.10654091282619782
23 33 -0.12232844820848203
23 34 0.033302252544839886
23 35 -0.037402978230805475
23 36 0.05221559284342383
23 37 0.011786360266071907
23 38 -0.04503711483991886
23 39 0.004431830323693559
24 24 0.0
24 25 0.011562812302144237
24 26 0.06285684653592374
24 27 0.06348879787229345
24 28 0.1351131117795065
24 29 0.04879648362133893
24 30 0.05243591178970194
24 31 -0.12451749104971696
24 32 -0.013269601186963811
24 33 -0.011605797530258859
24 34 0.08093752336302322
24 35 -0.018147079898171915
24 36 0.014995331960056835
24 37 0.017588612167240232
24 38 -0.1809303532872099
24 39 -0.17660889232719057
25 25 0.0
25 26 -0.14607284397225678
25 27 -0.1703422579178106
25 28 0.06774538944719793
25 29 -0.08076411407613374
25 30 -0.0018705949403352688
25 31 0.019941802693256565
25 32 0.059676994424760044
25 33 0.0010040253216024718
25 34 0.08498896589915933
25 35 0.14741676524736996
25 36 0.1296345642906069
25 37 -0.08800496627235364
25 38 0.056314702291085636
25 39 -0.05950041641519187
26 26 0.0
26 27 0.08949859839620138
26 28 -0.11196146524881909
26 29 0.032326889834744195
26 30 -0.053893018243072154
26 31 0.11240074574756902
26 32 -0.11089851805612734
26 33 0.012675581994697455
26 34 -0.04728839787676671
26 35 -0.07584904547153595
26 36 -0.048564273584145064
26 37 -0.052135630146839376
26 38 -0.09123549369695093
26 39 -0.030101244287415656
27 27 0.0
27 28 -0.08658525181773652
27 29 0.0009653982138141716
27 30 -0.012042775782265513
27 31 -0.07298823433125759
27 32 -0.12141563025854545
27 33 0.007824700962002098
27 34 -0.07694369858196277
27 35 -0.09116073290863744
27 36 -0.06210720642965738
27 37 -0.039650817820844196
27 38 -0.024138020384081683
27 39 -0.019578132587881884
28 28 0.0
28 29 0.051142603391684846
28 30 0.09434840365096435
28 31 -0.10276434969592049
28 32 -0.0081108169053956
28 33 -0.022031129794873094
28 34 0.05939126210580683
28 35 0.06461572286137496
28 36 0.08575252764110086
28 37 0.12172163503676312
28 38 -0.1944455916887699
28 39 -0.07483471927016655
29 29 0.0
29 30 0.06764052710094809
29 31 -0.0996700078528187
29 32 -0.08643545843057929
29 33 0.061561711570785674
29 34 0.06564303815763309
29 35 -0.08197471228998601
29 36 -0.040476519785191
29 37 0.07361613730972646
29 38 -0.11609965748964897
29 39 0.10058433132565439
30 30 0.0
30 31 -0.19747279518251873
30 32 0.060275207420744936
30 33 0.004746900809880047
30 34 0.11628755135701858
30 35 0.060679271089172294
30 36 0.10060791406022271
30 37 0.005665861191697887
30 38 -0.07253729131297625
30 39 0.0645321775158266
31 31 0.0
31 32 -0.034806769736753305
31 33 0.02968779874578496
31 34 -0.13135293368944806
31 35 -0.08282415747918373
31 36 -0.09560104327283389
31 37 -0.012186720606674825
31 38 0.06264954098866783
31 39 0.011935263167419092
32 32 0.0
32 33 -0.04069273705692049
32 34 0.04111927643923182
32 35 -0.053491655882314346
32 36 0.012545682565084305
32 37 -0.03644315773178078
32 38 0.16019558618559276
32 39 0.021727377821242188
33 33 0.0
33 34 0.08392069611536655
33 35 0.04490267273389957
33 36 -0.060086500513494276
33 37 0.053995400382343475
33 38 0.019268803048828505
33 39 0.07424840141963235
34 34 0.0
34 35 0.10794491398469422
34 36 0.015838015563665257
34 37 -0.006098625759981435
34 38 -0.066328993896418
34 39 0.0231663541456272
35 35 0.0
35 36 0.10952137600287278
35 37 -0.0115810074898842
35 38 0.0017935225814173165
35 39 -0.043616462584471584
36 36 0.0
36 37 0.0034325904705720424
36 38 -0.038970807241921986
36 39 -0.0044164388183068875
37 37 0.0
37 38 -0.09366702460679703
37 39 0.0373119084302663
38 38 0.0
38 39 0.09583772801011131
39 39 0.0
