0 0 0.0
0 1 0.04215512248147105
0 2 0.10761767357586816
0 3 -0.11134920852550707
0 4 0.011735031642437636
0 5 -0.03768079031647374
0 6 0.027116175005303934
0 7 0.053480157422704656
0 8 -0.04332218337568054
0 9 0.0017519883127045895
0 10 0.005994754625377857
0 11 -0.041361197820732755
0 12 0.012196179332418285
0 13 0.02737501174174068
0 14 -0.014629926291620507
0 15 -0.025415008598172334
0 16 0.006846812746595853
0 17 0.114960146235136
0 18 0.05632188487583171
0 19 -0.03671647781839244
0 20 0.005253765883833884
0 21 0.1026183730414036
0 22 -0.025860699255072367
0 23 -0.026623658926273767
0 24 -0.056438529629966074
0 25 -0.04970724630596568
0 26 -0.019636125170655556
0 27 -0.06465394952487828
0 28 0.036714610700780706
0 29 0.05716288210495801
0 30 -0.015761369483935597
0 31 0.12499366378852808
0 32 -0.00806327209147124
0 33 -0.012135662219337614
0 34 0.028024417737243977
0 35 0.035379759007392354
0 36 -0.001193945565128006
0 37 -0.01136170154140807
0 38 -0.06327601324000384
0 39 0.0036087465113190304
1 1 0.0
1 2 0.0352286044152625
1 3 -0.040369115981115054
1 4 0.026164524207127244
1 5 0.011678760366323345
1 6 0.14671666378544715
1 7 -0.011310916354993962
1 8 0.037031457993006875
1 9 0.06892832319940229
1 10 -0.06004340930134855
1 11 -0.056971493896130584
1 12 0.011726235791417306
1 13 -0.10682286324666615
1 14 -0.0070829215815437305
1 15 -0.04310755753470061
1 16 -0.008259781007523066
1 17 -0.042716908829118654
1 18 -0.06624688431477974
1 19 -0.030627190593035397
1 20 0.029795883393244384
1 21 0.19909547835879648
1 22 0.086262843026064
1 23 -0.011597825607139825
1 24 0.05278586877863707
1 25 0.01957001426354307
1 26 -0.009621357061972953
1 27 0.01371922431647713
1 28 -0.03120260965854637
1 29 -0.039699503296547214
1 30 0.014082664854400701
1 31 0.0373585224639956
1 32 -0.04045931716847389
1 33 -0.0019224759155048905
1 34 0.020307721253224217
1 35 0.06259696675152476
1 36 -0.04887830826823217
1 37 0.10057512535114228
1 38 -0.041871941923627545
1 39 -0.05155105690463192
2 2 0.0
2 3 -0.05107705561823365
2 4 -0.00418724047436113
2 5 -0.1320153788484598
2 6 0.05114747539829184
2 7 0.016858559285835663
2 8 -0.02217636430495421
2 9 -0.029508765130547603
2 10 0.005847482682488968
2 11 -0.027737835638413207
2 12 0.1592762593314378
2 13 -0.0945417568905498
2 14 0.0454006830465946
2 15 0.04944935472963925
2 16 -0.0216735980902145
2 17 0.06612902930288574
2 18 0.053415296518832624
2 19 0.047427263226374514
2 20 -0.07730059224241422
2 21 0.029938179795021676
2 22 0.006507852932361331
2 23 -0.13017747954691322
2 24 0.025843371150968464
2 25 0.05487999876168076
2 26 -0.11850273664861284
2 27 0.06734318421047517
2 28 0.04925938226205579
2 29 0.005057121570592517
2 30 -0.12135903006921778
2 31 -0.0024864384462756693
2 32 -0.04101389153751435
2 33 0.015521216645794885
2 34 0.14538228055331956
2 35 0.054858426675309505
2 36 -0.20173674522200596
2 37 0.03614670556083703
2 38 0.009313486748864607
2 39 0.03863855472157911
3 3 0.0
3 4 -0.006566620333666009
3 5 -0.008781003729856329
3 6 0.12751615365972724
3 7 0.06881921636378037
3 8 0.022203380795380638
3 9 -0.11877648685380296
3 10 -0.08085553310466323
3 11 0.00851754122723369
3 12 0.026464374197801278
3 13 -0.06370073630837984
3 14 0.06829136982081123
3 15 0.006005384489865143
3 16 -0.05120463715303984
3 17 0.07902166193791269
3 18 -0.0631463390369672
3 19 -0.07206734979005498
3 20 0.029700719566443302
3 21 -0.07709239959516487
3 22 0.11331018175462568
3 23 -0.058733210733329655
3 24 0.06080611298563884
3 25 0.09808174630078602
3 26 -0.10083022165290201
3 27 0.036512731992635536
3 28 -0.029818350885505475
3 29 -0.0033563736276954388
3 30 -0.08757845644196358
3 31 -0.024613580376926153
3 32 -0.016378781362243144
3 33 0.11515433152514634
3 34 0.0012144219229616984
3 35 -0.02635767280597027
3 36 -0.06856077601150631
3 37 -0.04819878309080654
3 38 0.018372443525258332
3 39 0.05815744386626816
4 4 0.0
4 5 0.036494546768670574
4 6 0.004703873953164603
4 7 0.020536816356896158
4 8 -0.024072049616927653
4 9 0.03965405537425219
4 10 0.06796391316077176
4 11 -0.028432646705150822
4 12 -0.060176376248233146
4 13 -0.025328249706862017
4 14 -0.06144900062964653
4 15 -0.03246836044441033
4 16 -0.016819340144688364
4 17 0.033870050090585475
4 18 0.012207948177623558
4 19 0.02282246930432321
4 20 0.016810791055850767
4 21 0.0052344354082854
4 22 0.02206296276837113
4 23 0.05515484962775302
4 24 0.023324318860991993
4 25 -0.009478951030511886
4 26 0.03534874408446837
4 27 -0.011651548822010024
4 28 0.0024946867488317053
4 29 -0.027211686310528206
4 30 -0.015471754554706618
4 31 0.041412476759105046
4 32 0.008605890938170048
4 33 0.003608715002637152
4 34 0.031954469899487734
4 35 0.04848263329544915
4 36 0.04690439418004242
4 37 0.023735707847837042
4 38 0.01793304423444401
4 39 0.022510827552395397
5 5 0.0
5 6 -0.0322505111976341
5 7 -0.0018234165628218048
5 8 -0.0009056784541320685
5 9 0.05852309013292343
5 10 0.04555462886960136
5 11 -0.003949901318727061
5 12 -0.12792264233963277
5 13 0.03882890185177589
5 14 -0.06647537889433294
5 15 -0.04948163987137315
5 16 0.003919503601636329
5 17 -0.03282878529404725
5 18 -0.02020871930328967
5 19 -0.016447749948838526
5 20 0.051734601607634725
5 21 0.005490895199098339
5 22 0.003263059687957765
5 23 0.11245832017303445
5 24 -0.00031205076795964186
5 25 -0.047684506652358634
5 26 0.10409760710998436
5 27 -0.038607326163929624
5 28 -0.02997240053154514
5 29 -0.017398703338194606
5 30 0.06623974467767997
5 31 0.03770672674191885
5 32 0.019656650558922517
5 33 -0.019687662048591223
5 34 -0.06059810675392864
5 35 0.007780594931101489
5 36 0.15156689547590543
5 37 -0.00447420460237424
5 38 0.008701245414063403
5 39 -0.015365740190140503
6 6 0.0
6 7 0.030430391373551115
6 8 0.0466047958761925
6 9 -0.0679271082689409
6 10 -0.13394236841720883
6 11 -0.05909205383118919
6 12 0.03135587234530589
6 13 -0.1338555344272514
6 14 0.06780155627596055
6 15 -0.06536665117526139
6 16 -0.016516102087333555
6 17 0.11671274429794407
6 18 -0.10520980696594598
6 19 -0.08930104069412126
6 20 0.07534641760525415
6 21 0.2415310183093521
6 22 0.15765584118870285
6 23 -0.11315856049871328
6 24 0.045729396984410815
6 25 0.07151910586356743
6 26 -0.13241044746790542
6 27 -0.012620414926970653
6 28 -0.026294628161044543
6 29 -0.03880361011114861
6 30 -0.043516834752037575
6 31 0.08178557814940562
6 32 -0.041617559474959306
6 33 0.06780877065041534
6 34 0.0267699403300889
6 35 0.055492512450541875
6 36 -0.12288547364986739
6 37 0.08349725959365045
6 38 -0.11084376786703823
6 39 -0.022547981880743452
7 7 0.0
7 8 -0.06279137008258709
7 9 0.023370620144342973
7 10 -0.074187562159877
7 11 -0.08365112425278962
7 12 0.03669109416897059
7 13 0.005146440679820485
7 14 -0.04881271613449079
7 15 -0.03302741982029549
7 16 -0.06271899823442541
7 17 0.08986605390326001
7 18 0.04200748202883215
7 19 -0.13216271898911963
7 20 -0.025022287386101783
7 21 0.003071557175334428
7 22 0.03503990519767821
7 23 0.002512688147063126
7 24 -0.032957466138136465
7 25 -0.02086829668282309
7 26 -0.024988708388955578
7 27 -0.066984459703016
7 28 0.006527544128305776
7 29 0.2016201841421097
7 30 -0.039894765806052945
7 31 0.09084015908219441
7 32 -0.06877013627269873
7 33 0.09159279107044398
7 34 -0.020830707611250283
7 35 0.023312659100132565
7 36 0.04033783644864984
7 37 -0.10843428184466056
7 38 -0.01477497427370511
7 39 0.06489043600513242
8 8 0.0
8 9 -0.01199139075207669
8 10 -0.051299733854523674
8 11 0.0314803402613059
8 12 0.03193282277719857
8 13 -0.034666791672474176
8 14 0.06655042902770063
8 15 0.02188497763262049
8 16 0.006878640315871903
8 17 -0.09142691909288862
8 18 -0.062219878302929944
8 19 -0.021115397465393374
8 20 0.008784400171320237
8 21 0.03561200024650727
8 22 0.029181142091424684
8 23 -0.03420893333245394
8 24 0.04143260462828855
8 25 0.03373318991558089
8 26 -0.007383434262882157
8 27 0.06951756565345171
8 28 -0.04038071178748155
8 29 -0.048648498102272585
8 30 0.012534181144472686
8 31 -0.045426914351475084
8 32 -0.023305394060908792
8 33 -0.011648308131735072
8 34 -0.014132790503929852
8 35 -0.01821505527053629
8 36 -0.04698738000953455
8 37 0.01970785368270812
8 38 0.013295034386990423
8 39 -0.03938973834323895
9 9 0.0
9 10 0.0029572035383650195
9 11 -0.07321825441742572
9 12 -0.004906439288562964
9 13 -0.05364483915141973
9 14 -0.1336033172131079
9 15 -0.022021072741418297
9 16 -0.017451136274267105
9 17 -0.17747568048624032
9 18 0.0032157443804554224
9 19 0.04897556746670247
9 20 -0.052051296133196936
9 21 0.04108658750141002
9 22 -0.000021944737345080143
9 23 0.11241643742471241
9 24 0.02846360205221245
9 25 -0.028476058453728054
9 26 0.09748576552208296
9 27 -0.01281958970468707
9 28 -0.010198887839521237
9 29 0.04431369971392059
9 30 0.07299303244553995
9 31 -0.06759478406105787
9 32 -0.026377187366142845
9 33 -0.023203979196153406
9 34 -0.01476883802444293
9 35 0.045039708838325795
9 36 0.05333881561495093
9 37 0.077434935279365
9 38 0.03447414048333764
9 39 -0.03398294392654662
10 10 0.0
10 11 0.028747957723852614
10 12 -0.16778769515954578
10 13 0.01975641666033612
10 14 -0.08202447994878578
10 15 -0.0714978839626921
10 16 0.0271660295550873
10 17 0.09272017482482074
10 18 0.0680838231303501
10 19 0.18151465415100837
10 20 -0.020165931500418236
10 21 -0.04950930253381751
10 22 -0.08553347912388833
10 23 0.026869920171860212
10 24 -0.01917541690992524
10 25 -0.07201087958392853
10 26 0.10201622763502957
10 27 0.05908664606661711
10 28 0.03167194109853429
10 29 -0.07467047379685313
10 30 -0.012024390754670426
10 31 0.04258344440691045
10 32 -0.015180183728532462
10 33 -0.1021332033063628
10 34 0.11915409420136795
10 35 0.16596447367397663
10 36 0.1583546263758507
10 37 0.0020968982921124335
10 38 0.06964922665671014
10 39 0.08960335999678373
11 11 0.0
11 12 -0.003418980633961211
11 13 0.058484433744688834
11 14 0.0813633773517827
11 15 0.058343396639527575
11 16 0.01992703671794851
11 17 -0.03392358852938252
11 18 -0.003354150159445117
11 19 -0.001403388571461823
11 20 0.014570840400360904
11 21 -0.10110827398323015
11 22 -0.0412931696214163
11 23 -0.00941376489736686
11 24 0.009867785586016984
11 25 0.008293447832729619
11 26 0.018150947207976133
11 27 0.06447188434209691
11 28 -0.017715650064935223
11 29 -0.07089031066348879
11 30 -0.010824452207450378
11 31 -0.022844429697774248
11 32 0.02904928888043698
11 33 -0.03049517899809238
11 34 -0.012199260378104596
11 35 -0.06465898511166737
11 36 -0.0015729386805256775
11 37 -0.05011989820290932
11 38 0.04856045314398334
11 39 -0.009456244150472701
12 12 0.0
12 13 -0.09330296620218889
12 14 0.1033641904009261
12 15 0.12169668825793052
12 16 -0.044554863000969065
12 17 -0.12602078728702454
12 18 -0.0014241092325720734
12 19 -0.0443804721638396
12 20 -0.11030115799269047
12 21 -0.04763397961276804
12 22 0.028167952413525005
12 23 -0.1257844310358128
12 24 0.059995198049396424
12 25 0.1004095685004246
12 26 -0.12095145824063472
12 27 0.11467517866541026
12 28 -0.0034714462351789323
12 29 0.07131748466752258
12 30 -0.08917333876944485
12 31 -0.12428430697507413
12 32 -0.07068940831562495
12 33 0.0590411847413734
12 34 0.048829382353302114
12 35 -0.056557542925264034
12 36 -0.24987380352993172
12 37 -0.015412497407055234
12 38 0.05314507888468954
12 39 -0.004327686260348434
13 13 0.0
13 14 0.0013773992162381227
13 15 0.010118766328049138
13 16 0.041897821833259095
13 17 0.0693428335360777
13 18 0.0626727999552717
13 19 -0.06187500929319536
13 20 0.05226019313478766
13 21 -0.095483600857824
13 22 -0.11145172435100559
13 23 0.07608516736957648
13 24 -0.11079491822410643
13 25 -0.09684069570742092
13 26 0.07335549043646616
13 27 -0.11049724733622586
13 28 0.01792434567595276
13 29 0.04403044375705166
13 30 0.06406239726490788
13 31 0.08857531339392918
13 32 0.08094120825938728
13 33 -0.034658548662896735
13 34 -0.11082020368953871
13 35 -0.1062744550919144
13 36 0.15529172274912825
13 37 -0.11944742170957337
13 38 -0.03283974798981464
13 39 -0.013937255586473532
14 14 0.0
14 15 0.07241493583297823
14 16 0.0016707866816489032
14 17 -0.017525262025107048
14 18 -0.045282753049599805
14 19 -0.09532055553105484
14 20 0.006141712265610516
14 21 -0.009686360469195937
14 22 0.015447283134145586
14 23 -0.13094595814308127
14 24 0.028935934821561465
14 25 0.053659981365328416
14 26 -0.07384487130892434
14 27 0.11871688106251548
14 28 -0.04072056673931758
14 29 -0.025356932854701364
14 30 -0.05894948437057479
14 31 -0.0003906349432160297
14 32 -0.04527224773423928
14 33 0.0079698884100347
14 34 0.004863583676652686
14 35 -0.057566708907855826
14 36 -0.11449759660655504
14 37 -0.07654928036545881
14 38 0.02235318065661843
14 39 -0.012384613868418437
15 15 0.0
15 16 -0.020495527571869215
15 17 -0.1056004591433272
15 18 0.01970385623633661
15 19 -0.01763946887965203
15 20 -0.03453155122007475
15 21 -0.16834384062580973
15 22 -0.01644230682477247
15 23 0.005113455279377602
15 24 0.055209214767061886
15 25 0.06228836348368485
15 26 -0.02372204221242043
15 27 0.0725976087428322
15 28 -0.00595779436848962
15 29 -0.043448117271679416
15 30 -0.06043106509539076
15 31 -0.08654979234638249
15 32 0.04217454872291554
15 33 0.02409928530696189
15 34 0.004478073801368311
15 35 -0.12335354033872525
15 36 -0.12406703326301342
15 37 -0.03207042185629569
15 38 0.0846915250281203
15 39 -0.016568686565198595
16 16 0.0
16 17 0.01867417719294604
16 18 -0.0027984483051652275
16 19 0.042143772833089954
16 20 0.020784147055098404
16 21 0.04200203049696315
16 22 -0.03938018097554115
16 23 -0.005295460515265306
16 24 -0.043918137318534896
16 25 -0.031112891029896544
16 26 0.01082370413475608
16 27 -0.03654602161113188
16 28 0.014086885238263677
16 29 -0.0333408338847596
16 30 0.05115955610220727
16 31 0.0021797412887611463
16 32 0.031427470106767434
16 33 -0.046379091142807256
16 34 -0.021596965999771563
16 35 -0.0035237465828844177
16 36 0.03134808464340284
16 37 0.02972188963222777
16 38 -0.04723732020072687
16 39 -0.028481417626741855
17 17 0.0
17 18 0.06747854622741004
17 19 -0.013241066710600024
17 20 0.09927508740207584
17 21 0.07364628015038906
17 22 0.006919887214185684
17 23 -0.05932051865282799
17 24 -0.1105400041358415
17 25 -0.04518847574610515
17 26 -0.1016546386293824
17 27 -0.1738343022596515
17 28 0.0833122277396777
17 29 0.006628327081455253
17 30 -0.07148753675281752
17 31 0.23392578221047128
17 32 0.06835547390897546
17 33 0.04134729434174579
17 34 0.04918209694686436
17 35 0.06028127377973948
17 36 0.055255880396049305
17 37 -0.03348895830996441
17 38 -0.1471898905750641
17 39 0.08652137632136075
18 18 0.0
18 19 0.031605945835591835
18 20 -0.030665295935168237
18 21 -0.0952306875063579
18 22 -0.06843541440541863
18 23 0.031127966868045708
18 24 -0.04437750973409008
18 25 -0.036709045801359114
18 26 0.015100251738853243
18 27 -0.042999613173135394
18 28 0.04813325680120851
18 29 0.04348638873504523
18 30 -0.027267352562012025
18 31 0.03050379723409254
18 32 0.03276449428254919
18 33 -0.004908701487368849
18 34 0.025065554049706222
18 35 -0.009291408520558929
18 36 0.02826958626845934
18 37 -0.044921562315632
18 38 0.01760222793078471
18 39 0.040503377284940044
19 19 0.0
19 20 -0.05483414093259544
19 21 -0.0389245953784149
19 22 -0.05117128268066581
19 23 0.012465419381560814
19 24 0.007991210558700937
19 25 0.013352928702476435
19 26 0.005148917249906534
19 27 0.010261649658424767
19 28 0.0653299170457156
19 29 -0.13178118399134123
19 30 0.016028164974886773
19 31 -0.14011131631198087
19 32 0.06134636550568814
19 33 -0.07087709124802274
19 34 0.10397355558654493
19 35 0.08131371382437808
19 36 -0.0334769060376085
19 37 0.16516721302892887
19 38 0.015286970276222656
19 39 0.015137298968785146
20 20 0.0
20 21 0.04853817704912242
20 22 0.032749924111110065
20 23 0.058579243911881795
20 24 -0.012217807381189811
20 25 -0.01692389009136925
20 26 0.014140591904297423
20 27 -0.08784076604519687
20 28 -0.010317081626510773
20 29 -0.08731834816313475
20 30 0.024522410156607118
20 31 0.10391934354495935
20 32 0.08463632660527357
20 33 0.006230548988904049
20 34 -0.05680508861577922
20 35 -0.04813600051765181
20 36 0.06335737041779968
20 37 0.015976269622613237
20 38 -0.06565808386810534
20 39 -0.03622173943781397
21 21 0.0
21 22 0.07501952162408133
21 23 -0.1139364130697311
21 24 -0.05189339911954462
21 25 -0.051658185702769775
21 26 -0.03943622654998144
21 27 -0.05895047865097428
21 28 -0.018012465432536116
21 29 0.04968679399301382
21 30 0.09518918099497677
21 31 0.12342199918434171
21 32 -0.11425036304319255
21 33 -0.04624149817860421
21 34 -0.0005650659395720495
21 35 0.1751071044249046
21 36 0.023663520460825333
21 37 0.11769770120994498
21 38 -0.18406462641581173
21 39 -0.059801151868981585
22 22 0.0
22 23 -0.019012757408239003
22 24 0.07697193251793705
22 25 0.07062939781095076
22 26 -0.05748886710651968
22 27 0.021186762635206427
22 28 -0.031187160894102766
22 29 -0.035707894966934106
22 30 -0.044767656437915956
22 31 0.00636970463181707
22 32 -0.021478420618910372
22 33 0.06677329593958599
22 34 0.01993851316137261
22 35 0.019590667975542403
22 36 -0.07944024816295603
22 37 0.05302752074705528
22 38 -0.010196852949118828
22 39 -0.004195842272210461
23 23 0.0
23 24 0.010860083620039384
23 25 -0.04303044417569845
23 26 0.1330895694494921
23 27 -0.10771260608175386
23 28 0.00003801665819555148
23 29 -0.05978376204965706
23 30 0.061424780373712504
23 31 0.011951916437023561
23 32 0.1271774023242844
23 33 -0.0014751971391851323
23 34 -0.08020591610707707
23 35 -0.08383289274142974
23 36 0.13940277866681022
23 37 0.025609581515976126
23 38 0.03169218911380258
23 39 -0.035630366086860925
24 24 0.0
24 25 0.08686320332147686
24 26 -0.008763977446984818
24 27 0.11859073174545927
24 28 -0.03987623222163236
24 29 -0.09452152177458503
24 30 -0.0681312813036721
24 31 -0.07092378072971008
24 32 -0.013268180212003275
24 33 0.03146884981588407
24 34 0.05646045195337631
24 35 -0.0038540587325259475
24 36 -0.10254351157724877
24 37 0.04511913447056805
24 38 0.09394128975540776
24 39 -0.0019390179341545574
25 25 0.0
25 26 -0.08063370304454971
25 27 0.07225005669188077
25 28 -0.010080418230562277
25 29 -0.07055286954424903
25 30 -0.07519556126202095
25 31 -0.08766366509917774
25 32 0.009098552930230958
25 33 0.05397622287015212
25 34 0.0476373965127664
25 35 -0.0353834154749829
25 36 -0.1599785915694461
25 37 0.048527868114347686
25 38 0.04065848330218109
25 39 -0.000049639631868772485
26 26 0.0
26 27 0.0016249465531180973
26 28 -0.030679922204992292
26 29 -0.0007476463032256822
26 30 0.07965056479320776
26 31 0.023882571146399467
26 32 0.002696168534493174
26 33 -0.06471989923427413
26 34 -0.05255595773639652
26 35 0.011969013645993173
26 36 0.1861977374938654
26 37 -0.03559429125268442
26 38 0.05781514674212107
26 39 -0.015406666406542546
27 27 0.0
27 28 -0.06672120486923028
27 29 -0.03505322972173402
27 30 -0.08571823106989339
27 31 -0.09886955173827024
27 32 -0.1405151693178252
27 33 -0.024459416462646818
27 34 0.10451258982933002
27 35 0.06655091297914814
27 36 -0.10081551679749282
27 37 -0.046270016801232494
27 38 0.16223641463451655
27 39 0.03594701565522973
28 28 0.0
28 29 -0.0009381832584083409
28 30 -0.008314092916410448
28 31 0.0010073413386181677
28 32 0.04865740667999581
28 33 -0.0005013460074488129
28 34 0.024678027213197486
28 35 0.0009991067624006633
28 36 -0.018494706629936554
28 37 0.03208774504637807
28 38 -0.036999513661087134
28 39 0.015264093157175848
29 29 0.0
29 30 0.02880239860563826
29 31 0.04857439847913729
29 32 -0.1511475154577241
29 33 0.03657478178603769
29 34 -0.053999236841095255
29 35 0.05209063665023361
29 36 0.08076752539904399
29 37 -0.15587116481780344
29 38 -0.02445175475638289
29 39 0.053281920280449625
30 30 0.0
30 31 -0.01271315612673063
30 32 0.014589993097782228
30 33 -0.060607952000429365
30 34 -0.10226416456385368
30 35 -0.0036866095601558375
30 36 0.1280287000425922
30 37 0.03647029313613559
30 38 -0.06927872441269574
30 39 -0.06572586391808291
31 31 0.0
31 32 -0.004481235352266836
31 33 0.0034430228027244867
31 34 -0.01971042471922564
31 35 0.04450876687838335
31 36 0.14109909318506825
31 37 -0.09365005486564984
31 38 -0.08174355927008506
31 39 0.026746031751307842
32 32 0.0
32 33 0.009473310469174441
32 34 -0.04728542801461919
32 35 -0.1431333086016388
32 36 -0.008437244273003137
32 37 0.07760061477664495
32 38 -0.04278078133860005
32 39 -0.048589862927000724
33 33 0.0
33 34 -0.005883906413805147
33 35 -0.0454927956667856
33 36 -0.06977991702516617
33 37 -0.022452243547887434
33 38 0.0008618856271474283
33 39 0.022282856854305602
34 34 0.0
34 35 0.1122078113119783
34 36 -0.10171902652512739
34 37 0.04854028058673225
34 38 0.054759785188784306
34 39 0.06450496135283776
35 35 0.0
35 36 0.06242487753369967
35 37 0.03757117709409938
35 38 -0.006014940165347487
35 39 0.06838185774945527
36 36 0.0
36 37 -0.09974270289391785
36 38 -0.019650209939562863
36 39 0.02015780418819494
37 37 0.0
37 38 -0.0628683148048451
37 39 -0.06198148783030779
38 38 0.0
38 39 0.041999386823660764
39 39 0.0
