0 0 0.0
0 1 -0.06128153554098662
0 2 -0.02284477345845624
0 3 0.015436028203615657
0 4 0.04899681123281304
0 5 -0.01284069674356296
0 6 -0.006969741619425847
0 7 -0.017367058843131663
0 8 -0.0009584817957871145
0 9 0.0545140414016327
0 10 -0.13327239629997303
0 11 -0.014707935904241725
0 12 0.009810774068390813
0 13 -0.058454620038631645
0 14 -0.0032677076926266153
0 15 -0.05146381833040249
0 16 -0.06168135611181029
0 17 0.09164586977140571
0 18 0.024735220844567044
0 19 -0.10896590989192179
0 20 0.027371264907319188
0 21 -0.13953877120286115
0 22 0.05876800102432672
0 23 -0.007136104829879966
0 24 0.022831484961027028
0 25 -0.05103330932571256
0 26 -0.04133450031142304
0 27 0.13488904189659803
0 28 -0.0709855022403166
0 29 0.04251413121099121
0 30 -0.13895538177801386
0 31 0.02049550288716214
0 32 0.015353824089458911
0 33 -0.0434490356058292
0 34 0.009408598379363206
0 35 -0.021124310543911413
0 36 -0.06464172988869257
0 37 -0.04416705847295347
0 38 -0.05042194568759768
0 39 -0.017623317047488738
1 1 0.0
1 2 -0.01370466128532533
1 3 -0.04628338285818458
1 4 -0.04176684653505519
1 5 0.04988699542321359
1 6 -0.025219443652485657
1 7 -0.04382709368446475
1 8 0.04983320927946674
1 9 0.010499858878903767
1 10 0.14019479387440598
1 11 0.02197771422962034
1 12 -0.08053996313082436
1 13 -0.02821846329355456
1 14 -0.06335874388168314
1 15 -0.01826648506375852
1 16 0.02979666851770803
1 17 -0.07598953699914153
1 18 -0.05025609524547997
1 19 0.07982658294824163
1 20 -0.05679229716179176
1 21 0.13119258989408517
1 22 -0.15581723220961421
1 23 0.008319884269124821
1 24 -0.0690006912401369
1 25 -0.0209678923279839
1 26 0.0933603301459807
1 27 0.01830896591478047
1 28 0.05241973858859246
1 29 -0.19795779433210153
1 30 -0.019509046389318378
1 31 0.007801269421509697
1 32 -0.00115144361765224
1 33 -0.05609351094954126
1 34 0.04591587756965382
1 35 0.15173934343040485
1 36 0.2962739777919944
1 37 0.023160334404112172
1 38 0.09826638005533085
1 39 0.06909516490139186
2 2 0.0
2 3 0.014256205457083166
2 4 -0.04551307820782095
2 5 -0.1594276917949598
2 6 0.06665004469425574
2 7 0.12172762545444822
2 8 0.041002587898279055
2 9 -0.026347190534292388
2 10 0.020716593312646407
2 11 0.13599295727929597
2 12 0.060748670891297804
2 13 -0.08255855100455906
2 14 0.11634707826953086
2 15 -0.05627154089850378
2 16 -0.041281309333963366
2 17 -0.06264286887985164
2 18 0.08560245208482566
2 19 0.11432427300354538
2 20 -0.022764406968131666
2 21 0.10150785303585164
2 22 -0.048180388651920536
2 23 -0.006216262793128606
2 24 0.10290051135747587
2 25 0.09201883460137725
2 26 0.017781411929317505
2 27 -0.15855404911445128
2 28 0.07955055634846916
2 29 -0.05666772882992309
2 30 0.004935559464445448
2 31 0.03566454351132261
2 32 -0.1001019941472546
2 33 0.027615023681261796
2 34 0.045204335918288416
2 35 0.08752314983577512
2 36 -0.10300180554718097
2 37 -0.11132860350550214
2 38 0.12086636520209289
2 39 -0.01118283175146791
3 3 0.0
3 4 0.01341379639928727
3 5 0.014189292848773159
3 6 -0.018679019678733512
3 7 -0.0719643064666835
3 8 0.03210268357622085
3 9 -0.051083182829195904
3 10 0.01756244048152064
3 11 -0.03595559639105069
3 12 0.016457441907016493
3 13 -0.071939723926022
3 14 -0.022031221223354124
3 15 -0.07081308025589919
3 16 0.0774112225754598
3 17 -0.09082985942578073
3 18 -0.017392652744032178
3 19 -0.07915931020162828
3 20 0.028263754814011437
3 21 0.05109751027695688
3 22 0.06478138234934698
3 23 0.002725823118160666
3 24 0.16456757552701123
3 25 -0.011958114124082606
3 26 0.06338286080639036
3 27 0.02913379761844806
3 28 -0.02585007557560105
3 29 0.15604046310202085
3 30 -0.11514099022657183
3 31 -0.10374503048420673
3 32 0.036859861212138634
3 33 -0.07774339577883685
3 34 0.05886223336062091
3 35 -0.03622023011758348
3 36 -0.043605760976701664
3 37 0.05978305627209588
3 38 0.010488748489919365
3 39 0.0005929682598129529
4 4 0.0
4 5 -0.007156792790706588
4 6 -0.06576053573198966
4 7 -0.0065861544362764615
4 8 -0.08948474991542191
4 9 0.0444662109989865
4 10 -0.016525995220225253
4 11 -0.06003332691784199
4 12 0.05421886968529053
4 13 -0.0679833864525249
4 14 -0.08729275369374465
4 15 0.042303235492686664
4 16 -0.030063592110864505
4 17 -0.03756860054071715
4 18 -0.007355516489479502
4 19 -0.024033965954113938
4 20 -0.03236130925655867
4 21 0.024454271972360227
4 22 -0.030360843253149312
4 23 -0.0402181618922267
4 24 0.01175452846354939
4 25 0.005865983903467193
4 26 0.10590470552200722
4 27 0.14223713090711337
4 28 -0.021167703137107724
4 29 -0.03738740818771856
4 30 -0.05024287545363414
4 31 -0.04964051812799547
4 32 -0.03877828726134435
4 33 0.14272065861658584
4 34 -0.1163746231155504
4 35 -0.08271405875501117
4 36 -0.028613704117363924
4 37 -0.06874408918825592
4 38 0.06554958921537958
4 39 -0.051571032127281334
5 5 0.0
5 6 -0.011425328921533893
5 7 -0.10315454645572023
5 8 -0.010506048290222492
5 9 0.00833630448703435
5 10 0.015183277080522103
5 11 -0.09407038072884544
5 12 -0.04069379740688597
5 13 0.06330197826690566
5 14 -0.10825696193852223
5 15 0.0328483634300685
5 16 0.08811877476516754
5 17 0.06094084230162232
5 18 -0.09923147159835773
5 19 -0.060607062302001455
5 20 0.05440147285969184
5 21 0.0031155435313378927
5 22 0.047395648641521536
5 23 0.011195250335552364
5 24 -0.0683359859715395
5 25 -0.0716526643104546
5 26 -0.05536913092208482
5 27 0.10218857955071123
5 28 -0.04816537874725846
5 29 0.04543990003771724
5 30 0.015307670156021103
5 31 -0.035547181639734006
5 32 0.10332697405726607
5 33 -0.06624182316233651
5 34 0.054426526755647256
5 35 0.016259980386740293
5 36 0.0941020216514846
5 37 0.16513105149937066
5 38 -0.08583316479001811
5 39 0.06018102589379811
6 6 0.0
6 7 0.05234420085751472
6 8 0.004446492226061592
6 9 0.007774388273580082
6 10 -0.06763987306547178
6 11 0.051919628839785945
6 12 0.008992858922086594
6 13 0.017255015033363533
6 14 0.05674282183092002
6 15 -0.006528144631548144
6 16 0.02788524484376989
6 17 0.07941524393473186
6 18 0.05151889669058736
6 19 0.029758917280979662
6 20 0.03548224415656249
6 21 0.0035317772130061876
6 22 0.025539738902676058
6 23 -0.002740031301125972
6 24 -0.01476626802789693
6 25 0.030047894445697193
6 26 -0.08336061819426636
6 27 -0.04614568208155419
6 28 0.02852240426380719
6 29 -0.01382589195670569
6 30 0.05468058174303436
6 31 0.05155685280320584
6 32 0.009683461340496292
6 33 -0.05220559565866737
6 34 0.05226525804928163
6 35 0.08230947985946571
6 36 -0.09367496894314772
6 37 0.005811969016358015
6 38 -0.013120585036372012
6 39 0.009362913035651883
7 7 0.0
7 8 0.01323792079449477
7 9 0.06337072200260899
7 10 -0.007091410692072024
7 11 0.034016514507910316
7 12 0.0025401069216722328
7 13 -0.022695197774798292
7 14 0.024206068669512658
7 15 -0.010735077507586486
7 16 -0.08753222843593686
7 17 0.06216479551410918
7 18 0.06522205110842969
7 19 0.08587733056939598
7 20 -0.002016938904007478
7 21 -0.011673995678467351
7 22 -0.07367974651609543
7 23 0.07600582053547775
7 24 0.002723241673159152
7 25 0.1433137853046004
7 26 -0.05262084619736469
7 27 -0.07074331145589474
7 28 0.05613956549957764
7 29 -0.06110969231640452
7 30 0.13737577536428
7 31 0.06548949331175088
7 32 -0.01945523999758251
7 33 0.12711313152855452
7 34 -0.06670928759157556
7 35 0.042480183892815035
7 36 -0.15016149427230602
7 37 -0.049121211874465456
7 38 -0.023906334942372712
7 39 -0.042740374459955585
8 8 0.0
8 9 -0.007105597627143761
8 10 0.06991321661379726
8 11 0.012903117394599702
8 12 -0.03137215132935897
8 13 -0.0323640291706291
8 14 -0.004707983478818226
8 15 -0.09165514864384014
8 16 -0.044778055969634994
8 17 0.0035302003823757615
8 18 -0.05936387488891207
8 19 -0.011323669046659292
8 20 0.034408976973325414
8 21 -0.016693267132113925
8 22 0.005095327903648864
8 23 0.07760074204279335
8 24 0.06655265435522904
8 25 -0.011226250139423473
8 26 -0.06834679960173881
8 27 -0.04836302402288334
8 28 -0.025337840896648776
8 29 0.05983891202458382
8 30 -0.05594228937686675
8 31 0.0010953294860280918
8 32 0.03337930012201832
8 33 -0.062324197769880164
8 34 0.11780251889671671
8 35 0.058040912832164095
8 36 0.05625540432691408
8 37 0.07824125163333465
8 38 -0.05734273789850612
8 39 0.06214389319479052
9 9 0.0
9 10 -0.07057975776169173
9 11 -0.03294701623182881
9 12 -0.023570084227922262
9 13 -0.03144146739993024
9 14 -0.05508481740204489
9 15 -0.015494467357602765
9 16 -0.05932021889324306
9 17 0.11369121624759748
9 18 0.010918858543556963
9 19 -0.031839516415713164
9 20 0.01850913078502432
9 21 -0.08185211092592241
9 22 -0.026966235046983957
9 23 0.03934410690887441
9 24 -0.04406805307228185
9 25 0.019660874894339184
9 26 -0.0495826471470159
9 27 0.11785360476948396
9 28 -0.023791834109656414
9 29 -0.04964262688279804
9 30 -0.0028109059737825306
9 31 0.04293729236570686
9 32 0.03529939224830868
9 33 0.03258093219849009
9 34 -0.03362089973212963
9 35 0.03463225148329316
9 36 -0.035781719326899615
9 37 -0.004913006935462166
9 38 -0.05858833509049759
9 39 -0.011729660304685216
10 10 0.0
10 11 -0.007774940124098161
10 12 0.016835250098938163
10 13 0.0031276115262122775
10 14 -0.09136496983126229
10 15 0.018450282430590784
10 16 -0.018846448087351017
10 17 -0.18563672654635624
10 18 -0.18342041344130075
10 19 0.14604915391242754
10 20 -0.02825099140576251
10 21 0.22998833716196493
10 22 -0.10139885122733963
10 23 0.056731895464903856
10 24 0.034458118653866755
10 25 0.014379654922271926
10 26 0.052530224797439275
10 27 -0.15730471892400397
10 28 0.033540154843519174
10 29 -0.03354854559289431
10 30 0.06832811857642283
10 31 -0.0759519560788455
10 32 -0.042990281440043646
10 33 0.13657803356620474
10 34 0.07144737053683965
10 35 0.024707352297004912
10 36 0.2270153987721324
10 37 0.11967304439822242
10 38 0.0778709962066073
10 39 0.1011630483904347
11 11 0.0
11 12 0.0443358397738627
11 13 -0.010691604350509861
11 14 0.11989170329464367
11 15 -0.005964222271570659
11 16 -0.03017514210640302
11 17 -0.022334110181030938
11 18 0.058891095283299874
11 19 0.09216199666729395
11 20 -0.027506535430935862
11 21 0.050148332827246636
11 22 -0.021176446373772646
11 23 -0.052236777581533465
11 24 -0.005489597007476844
11 25 0.0039986476476082545
11 26 -0.010683008404135707
11 27 -0.1272430742872309
11 28 0.051057780042514635
11 29 -0.09216093740380499
11 30 -0.00637368345923485
11 31 0.06336156051509695
11 32 -0.09633737699777681
11 33 -0.02009362074968154
11 34 0.05409354750207551
11 35 0.0756603578749842
11 36 -0.0018721150318776354
11 37 -0.10626172379967938
11 38 0.10291594053396365
11 39 0.013516639263124066
12 12 0.0
12 13 -0.022900364041222143
12 14 0.01701620919728602
12 15 0.028960812984146635
12 16 -0.036641277024267296
12 17 -0.016994821777099132
12 18 -0.03572302223851822
12 19 0.04870625376838743
12 20 0.015022868381758097
12 21 0.07044238777738329
12 22 0.04033573732168571
12 23 -0.05020794552297479
12 24 0.028442136992252686
12 25 -0.020609281937080393
12 26 -0.03127176604680994
12 27 -0.04492932824359251
12 28 -0.010702836429104037
12 29 0.003579005116414475
12 30 -0.023697721915879443
12 31 -0.005647740934166093
12 32 -0.07860867301118188
12 33 0.0876450226095392
12 34 0.04838695219789462
12 35 -0.008119937077005849
12 36 -0.054676775176160854
12 37 -0.029154060629562484
12 38 0.06964307214388363
12 39 0.026316786181393416
13 13 0.0
13 14 0.03103471789411925
13 15 0.09171964243403129
13 16 0.03813138048710022
13 17 0.047460651857639743
13 18 -0.016202021176012778
13 19 0.027742236937220822
13 20 0.007758695330241897
13 21 -0.03574040725107024
13 22 0.03671670201364681
13 23 -0.01143473646404547
13 24 -0.12479062875031255
13 25 -0.020753222826999897
13 26 -0.07367501163724442
13 27 -0.08235444793535106
13 28 0.008210486669366964
13 29 0.00747062096302986
13 30 0.14519816819861114
13 31 0.03433510088399917
13 32 0.021941607821430557
13 33 -0.0031744481425187085
13 34 -0.022631390772013846
13 35 -0.038410643760834424
13 36 0.018892593617366994
13 37 0.0505592418319914
13 38 -0.06775700767197712
13 39 0.009111907733854984
14 14 0.0
14 15 -0.002029242703649911
14 16 0.0025277496304189546
14 17 -0.018334835947368445
14 18 0.1370604330015161
14 19 0.03422259135816665
14 20 -0.036316150073067224
14 21 -0.043047729544890265
14 22 0.027478169487796265
14 23 -0.06238877123170794
14 24 0.005770234421931958
14 25 0.016023394125137033
14 26 0.0071752298122349945
14 27 -0.14330842270784389
14 28 0.05174011159239413
14 29 -0.014397948833494326
14 30 0.01089793902526348
14 31 0.06261117263245904
14 32 -0.07452882809653273
14 33 -0.07523760389732034
14 34 -0.01251646742551164
14 35 -0.0068905693769289525
14 36 -0.09195517633609399
14 37 -0.1437648700374234
14 38 0.055073008405249715
14 39 -0.05100877990829607
15 15 0.0
15 16 0.029350985106573635
15 17 -0.008707545200929936
15 18 -0.0058069604002159575
15 19 0.06839380598308223
15 20 -0.029494145964443313
15 21 0.04999662128849176
15 22 -0.01590258437501811
15 23 -0.05723786708065912
15 24 -0.11581031355658267
15 25 0.0006131597391546477
15 26 0.017532245352895253
15 27 -0.03550614461064018
15 28 0.030889931545466275
15 29 -0.07451105571540093
15 30 0.1277399621623485
15 31 0.011813724135846122
15 32 -0.03907077288867518
15 33 0.09647782619739706
15 34 -0.08204764322832198
15 35 -0.045253474618199556
15 36 0.016794739094781318
15 37 -0.02221183496502615
15 38 0.03929875626991096
15 39 -0.015536566812758413
16 16 0.0
16 17 -0.07034673175925266
16 18 0.053761875233806156
16 19 -0.019699522146066246
16 20 -0.003094602873437992
16 21 0.10583382549068047
16 22 0.019403286918796954
16 23 -0.0499423895100371
16 24 0.019231447851896948
16 25 0.01580272008479484
16 26 0.10045161166844026
16 27 0.009073385967491002
16 28 0.05401739506843782
16 29 0.036811469995833734
16 30 0.04962534967421904
16 31 -0.06850355241553334
16 32 0.06060313585106573
16 33 -0.12620032222786995
16 34 -0.01640811247700471
16 35 0.009966070870934377
16 36 -0.008111289422679961
16 37 0.056157643426226235
16 38 0.04066362109752829
16 39 -0.026194977660338976
17 17 0.0
17 18 -0.003430905493573745
17 19 -0.0770156297772048
17 20 0.10575380550117697
17 21 -0.2049289011793436
17 22 0.0905775676317958
17 23 0.04809192323013982
17 24 -0.11608269274098906
17 25 -0.03543401446203655
17 26 -0.25659462312209985
17 27 0.1176644957799372
17 28 -0.07718267314567992
17 29 0.016950366388365133
17 30 0.024539271858214983
17 31 0.11551585235660522
17 32 0.08881098251924091
17 33 -0.047272384982418245
17 34 0.06470818355624289
17 35 0.07199132857312006
17 36 -0.12127558143275126
17 37 0.06936176066645171
17 38 -0.1904117514166898
17 39 0.03385404720868709
18 18 0.0
18 19 -0.017160540446082555
18 20 -0.0641695968809537
18 21 -0.07066548086168509
18 22 -0.030243897391069953
18 23 -0.05466805329236635
18 24 0.009956137211578332
18 25 0.09103459471119457
18 26 0.11354746742375407
18 27 0.0002918817955010837
18 28 0.08073306494483773
18 29 -0.05507018380034493
18 30 0.028044865722954594
18 31 0.04524477010127388
18 32 -0.025522596287097372
18 33 -0.07328425564581567
18 34 -0.153061198418947
18 35 -0.02083909808399176
18 36 -0.16769196688619875
18 37 -0.19268693492194935
18 38 0.05626901671698884
18 39 -0.1421684451696811
19 19 0.0
19 20 -0.04661319410079114
19 21 0.18691401381017786
19 22 -0.10822035595784334
19 23 -0.018439237660348114
19 24 -0.05642863671695782
19 25 0.06674330016092031
19 26 0.017260477955430713
19 27 -0.18100588402863516
19 28 0.09744070435220745
19 29 -0.16398875338584545
19 30 0.1496906017096297
19 31 0.0371061663081363
19 32 -0.10378423764404635
19 33 0.13273937339676975
19 34 0.004875546770991607
19 35 0.08284945516794887
19 36 0.06463619234879102
19 37 -0.03945572954096479
19 38 0.13177246717512286
19 39 0.03467453373567851
20 20 0.0
20 21 -0.03977488153112514
20 22 0.0854277884334003
20 23 0.04073750750361284
20 24 0.017316120897932934
20 25 -0.03061311418547478
20 26 -0.1420558263419497
20 27 0.030034561026341434
20 28 -0.05575990937705324
20 29 0.09694731419648424
20 30 -0.014627474470613456
20 31 0.0036791785671906095
20 32 0.0629347557996507
20 33 -0.03796844103459845
20 34 0.10888501548321965
20 35 0.03574096635014836
20 36 -0.05837255509261756
20 37 0.11788460701715955
20 38 -0.1009410356450801
20 39 0.056865663677707366
21 21 0.0
21 22 -0.1049218275615303
21 23 -0.04635679447021866
21 24 0.04984908240109415
21 25 0.05228211145090814
21 26 0.13117477530499938
21 27 -0.13304510693052027
21 28 0.10547173723485699
21 29 -0.11284876828985584
21 30 0.07901552237328767
21 31 -0.08009577757726206
21 32 -0.08132659381068129
21 33 0.09318230744522168
21 34 0.05758670476111229
21 35 0.09837838922188394
21 36 0.12179897583084247
21 37 0.040546561662619426
21 38 0.2172863405663345
21 39 0.06246853147080047
22 22 0.0
22 23 -0.015354726934901206
22 24 0.03711320496682989
22 25 -0.08252541236064447
22 26 -0.1313114208838505
22 27 0.021926911823796403
22 28 -0.0846404233769246
22 29 0.18315515798354617
22 30 -0.06956971833511286
22 31 -0.01138762252823278
22 32 0.04717670515110797
22 33 -0.08964140727789457
22 34 0.09667357469945942
22 35 -0.05437603329809574
22 36 -0.11243447656161251
22 37 0.07515692011526227
22 38 -0.10700265303904137
22 39 0.026134588010992728
23 23 0.0
23 24 0.03577346438538258
23 25 0.04787523805117465
23 26 -0.07508312166752212
23 27 0.000293124916226914
23 28 -0.022584382101307067
23 29 0.06529317051013375
23 30 0.03834248835638382
23 31 -0.002852598694070797
23 32 0.07357127542090525
23 33 0.02242663211042559
23 34 0.025702545360326345
23 35 0.017382248051319094
23 36 -0.013355512770383613
23 37 0.10468912194142677
23 38 -0.11711704884158787
23 39 0.023309769492090952
24 24 0.0
24 25 0.04061359307086455
24 26 0.07380731376054993
24 27 -0.016633521704155635
24 28 -0.010481038641338683
24 29 0.16166035290442488
24 30 -0.12699945110258473
24 31 -0.09696724546599828
24 32 0.007080786147104587
24 33 -0.036845235201691875
24 34 0.05085164836968685
24 35 -0.03366463838251365
24 36 -0.0991072359349621
24 37 0.014205040073495179
24 38 0.025587797033981223
24 39 -0.018523431947876975
25 25 0.0
25 26 0.06372533022995183
25 27 -0.06099728760875365
25 28 0.08440092351777043
25 29 -0.03314572961101153
25 30 0.13693417088132898
25 31 0.00008832394643226952
25 32 -0.0011606976686457035
25 33 0.08194027428739295
25 34 -0.11162096186728084
25 35 0.0042384751022866525
25 36 -0.1262108392743228
25 37 -0.0426056730109539
25 38 0.020737430147579033
25 39 -0.0750664578316398
26 26 0.0
26 27 0.02885031459800031
26 28 0.09259833051401758
26 29 -0.0871299308401037
26 30 -0.039112240559270615
26 31 -0.09905244475540533
26 32 -0.06315309769807767
26 33 0.019584979626202204
26 34 -0.19557364560220172
26 35 -0.08671024247333435
26 36 0.07594546692750534
26 37 -0.15991280669610203
26 38 0.19813350758336543
26 39 -0.11970720517817915
27 27 0.0
27 28 -0.09161417911218586
27 29 0.010203827799595213
27 30 -0.15808934798937302
27 31 -0.027669182517607676
27 32 0.100532421156129
27 33 -0.054593314337559554
27 34 -0.05523962405626013
27 35 -0.01664612552466756
27 36 -0.001486050261504816
27 37 0.019245048864036548
27 38 -0.07387595873826171
27 39 -0.031330141639726986
28 28 0.0
28 29 -0.09888053160847293
28 30 0.10316365748738295
28 31 0.009498869622513565
28 32 -0.04224009584140251
28 33 0.02276565941903694
28 34 -0.06669677978524124
28 35 0.03686945660935202
28 36 -0.008169334361331736
28 37 -0.06833637655456462
28 38 0.09686302006190281
28 39 -0.04081268423741625
29 29 0.0
29 30 -0.0764768083312173
29 31 -0.09259133581117315
29 32 0.10811389208791466
29 33 -0.08800958393684456
29 34 0.0757500463231101
29 35 -0.13000953515614497
29 36 -0.1531370396040419
29 37 0.15102516489586215
29 38 -0.17378655008512672
29 39 0.0022952716376018695
30 30 0.0
30 31 0.042601186924765035
30 32 0.010592324281814437
30 33 0.1368286203815907
30 34 -0.11516900359841258
30 35 0.0034405580732261147
30 36 -0.07324682117927286
30 37 0.04334537816822166
30 38 -0.030797167324445145
30 39 -0.031784869805553125
31 31 0.0
31 32 -0.024450159177644468
31 33 -0.005589005483547352
31 34 0.00963559595505679
31 35 0.06390722779213849
31 36 -0.022122435215127238
31 37 -0.05868273606169251
31 38 -0.02469027090595821
31 39 0.006008757860720736
32 32 0.0
32 33 -0.09603153802856754
32 34 0.022359866834583998
32 35 0.006442682394483789
32 36 -0.025508313619446964
32 37 0.14147366118500757
32 38 -0.14778856227668946
32 39 0.00905003996016184
33 33 0.0
33 34 -0.11765940524041034
33 35 -0.07231612015907181
33 36 -0.02756637349043268
33 37 -0.041091685939004065
33 38 0.056392321275738885
33 39 -0.015340268192455379
34 34 0.0
34 35 0.1521321291213023
34 36 0.08908411789697321
34 37 0.1667186589699859
34 38 -0.03676697130121182
34 39 0.17344677214940893
35 35 0.0
35 36 0.0759852535879458
35 37 0.05078975456027973
35 38 0.041463559587525435
35 39 0.09281605666886952
36 36 0.0
36 37 0.06668456952429151
36 38 0.08731112276711388
36 39 0.1238106748191865
37 37 0.0
37 38 -0.15983404869858125
37 39 0.12620247086372618
38 38 0.0
38 39 -0.019789860315623423
39 39 0.0
