0 0 0.0
0 1 -0.1779105966773582
0 2 0.12464590348808031
0 3 -0.10377420774698203
0 4 -0.14463082503685715
0 5 -0.08053463998030161
0 6 -0.11524154349469204
0 7 0.14508864063737587
0 8 0.04377740916310406
0 9 -0.017722200492494875
0 10 0.12206889977609303
0 11 -0.06303662396759993
0 12 -0.008391474868781192
0 13 -0.07857234767216435
0 14 0.06072640265983836
0 15 0.03767896903279036
0 16 0.09496488611073932
0 17 -0.15943877807457515
0 18 0.025544732966883622
0 19 0.005099936917472197
0 20 -0.21597841350320035
0 21 0.19645264160053563
0 22 -0.07767847221065789
0 23 -0.04381010324689098
0 24 -0.057030389275440865
0 25 0.09385902388731829
0 26 -0.0400095363720801
0 27 -0.06764215141867895
0 28 0.0778362478417267
0 29 0.19186366093865742
0 30 -0.022234590287674022
0 31 -0.0926673433665681
0 32 0.0347149476563378
0 33 0.07276622789195838
0 34 0.01776099645070906
0 35 0.02050365150348584
0 36 0.09363524220335981
0 37 -0.1356649386890365
0 38 0.051542560420988495
0 39 0.03546049027368979
1 1 0.0
1 2 0.034920891229143144
1 3 0.23297093542510092
1 4 -0.051094151837191695
1 5 0.17312571903048207
1 6 -0.07290670461035355
1 7 -0.24495764869705586
1 8 -0.1670375638075316
1 9 0.01677004926991295
1 10 0.1477132147854318
1 11 -0.06766562816827873
1 12 0.06827675474788772
1 13 -0.12252215873302949
1 14 0.10456219848807743
1 15 -0.044634699379696476
1 16 -0.0015724078352170503
1 17 -0.04681853073744236
1 18 -0.07049498736244846
1 19 0.2375000834734482
1 20 0.024155164549814707
1 21 0.1522338631805406
1 22 0.058369176628720564
1 23 0.18036150528646203
1 24 0.07437260076815905
1 25 -0.07507504738738306
1 26 0.04846525869283074
1 27 0.03972646032522458
1 28 -0.01905544544025718
1 29 -0.017884779395763935
1 30 -0.03147678844446823
1 31 0.06997283544176919
1 32 0.034333230252283214
1 33 -0.009783303490596437
1 34 0.007241015191170335
1 35 0.0762462225571354
1 36 0.057850468159134506
1 37 0.24781029987522274
1 38 -0.2539834061582741
1 39 -0.12201471054731691
2 2 0.0
2 3 0.016824287009805153
2 4 0.09109944432348933
2 5 0.10671202085739931
2 6 0.010291426961902179
2 7 -0.1306316929754236
2 8 -0.054824750844071665
2 9 -0.13982915201217133
2 10 0.1955752719841192
2 11 0.03327093596757106
2 12 0.0696294865223724
2 13 -0.035122560821544975
2 14 0.24556650126670063
2 15 0.0804680976251548
2 16 -0.1514341708464421
2 17 -0.24062713125409868
2 18 0.19513149018616185
2 19 0.05430964351398099
2 20 -0.3143492129571116
2 21 0.2144029728465818
2 22 0.2280522081765494
2 23 -0.13992907228586277
2 24 0.10412369905634869
2 25 -0.08332343549518961
2 26 -0.08805934977085626
2 27 -0.18911708880306455
2 28 0.044011013777412525
2 29 0.17556409745221319
2 30 -0.14294631297066443
2 31 -0.04814101533542521
2 32 0.05276549025681172
2 33 -0.060998126623354354
2 34 -0.023834970059510983
2 35 0.14361823256696876
2 36 -0.08011654519558178
2 37 -0.05255095967632799
2 38 0.06765935224676145
2 39 -0.0033062316234002153
3 3 0.0
3 4 0.002067855599707454
3 5 0.22918797771054478
3 6 -0.1751217609218561
3 7 -0.09657949111385135
3 8 -0.018303650427503964
3 9 -0.009912933135637158
3 10 0.016853900079986942
3 11 0.005008623449379141
3 12 -0.0887914671943106
3 13 -0.11430092037939459
3 14 -0.006497072437000222
3 15 -0.09730374544611035
3 16 0.002807198574996038
3 17 0.0034258356935560155
3 18 -0.06213714785778033
3 19 0.11498825238897088
3 20 0.003041789826593809
3 21 0.13728376169041337
3 22 -0.0015147409688559422
3 23 0.03385432007339374
3 24 -0.014210992632803593
3 25 -0.17165881636537902
3 26 0.10971854948819101
3 27 0.02483460867450493
3 28 0.0665122529803816
3 29 -0.1244107613934577
3 30 -0.06395770591271517
3 31 0.11176410642819853
3 32 -0.017228564536694257
3 33 -0.07060623924087919
3 34 0.08621441624254159
3 35 0.048954270870253794
3 36 0.33220747846615123
3 37 -0.04119177584104698
3 38 -0.11438926719034812
3 39 -0.1212057865893295
4 4 0.0
4 5 -0.09120875178931986
4 6 0.027017247181207987
4 7 -0.11797069656434389
4 8 -0.21579115136298999
4 9 -0.17354411542999798
4 10 0.02369815478176742
4 11 0.1645293568220684
4 12 -0.22705049889367798
4 13 0.1434281329543713
4 14 0.11605927384436854
4 15 -0.09327964341697412
4 16 -0.04414751660921306
4 17 0.039553890266779974
4 18 -0.021255266497705236
4 19 -0.05615390776384658
4 20 -0.06360158020571871
4 21 -0.17501320282183655
4 22 0.015286375731416724
4 23 0.09837790164077333
4 24 0.10300334838758837
4 25 -0.003287003125430684
4 26 0.05708064618997405
4 27 0.07099189707546191
4 28 0.11380547420542424
4 29 0.042567915764734635
4 30 0.1003286538377218
4 31 -0.10134865384241727
4 32 0.061753401580113644
4 33 -0.027696048140568162
4 34 0.04610601708001341
4 35 0.09847770110991472
4 36 -0.09463995988821325
4 37 0.05167800581515898
4 38 0.25182921047408413
4 39 -0.04240851408399824
5 5 0.0
5 6 -0.1845452363087891
5 7 -0.1667131705957172
5 8 0.15426275785817173
5 9 0.07490326219507039
5 10 0.04898840807650219
5 11 -0.06360814927171943
5 12 -0.00276053432788493
5 13 -0.09918759966807067
5 14 -0.08084762411633688
5 15 -0.1214564457383573
5 16 -0.04797723979382694
5 17 -0.02241655204768254
5 18 0.05961789707660438
5 19 0.11861058630672558
5 20 -0.031180812122063528
5 21 0.05477401814142964
5 22 0.07303163221635679
5 23 -0.13246987848900532
5 24 -0.005745400051645416
5 25 -0.13716940111015735
5 26 0.027775371858939402
5 27 0.05792824084482597
5 28 -0.052022928599082564
5 29 -0.06177428056303724
5 30 -0.09943027550075594
5 31 0.13715090087536677
5 32 -0.025041094336707287
5 33 -0.026530996274139372
5 34 -0.03264029474520612
5 35 0.08721723829189365
5 36 0.3200286379236459
5 37 0.0012867359034701381
5 38 -0.11988254393832727
5 39 -0.14448762455263703
6 6 0.0
6 7 0.12546962630791275
6 8 0.019668247813956697
6 9 0.04926589182919783
6 10 0.07229919669995417
6 11 0.1668137410206293
6 12 0.25293733481992187
6 13 -0.05206205736309699
6 14 -0.027466405721870108
6 15 0.04781457114778613
6 16 -0.04694662935289413
6 17 0.02091223879925383
6 18 0.128056744899533
6 19 -0.31247775395592503
6 20 0.18791689401264947
6 21 -0.19865913760214332
6 22 0.019372352197823222
6 23 -0.09891112877075317
6 24 0.0424907648003902
6 25 0.05841171028338645
6 26 0.0723184788902685
6 27 -0.03861951570010823
6 28 0.05730040160374903
6 29 0.020291887312246078
6 30 0.02188389782445261
6 31 -0.15310979794290597
6 32 0.108922742459642
6 33 0.07928765797196796
6 34 -0.04075174001629008
6 35 -0.08613233165182087
6 36 -0.24359805766944578
6 37 0.09039225601623203
6 38 0.13640995337740316
6 39 0.06484282472356413
7 7 0.0
7 8 -0.016386721418209065
7 9 0.14940749890316335
7 10 -0.05319523066822872
7 11 0.06033242842490925
7 12 0.061317329664809586
7 13 -0.16318905324984423
7 14 -0.03423523119071563
7 15 0.032430619008836405
7 16 0.21401090926513416
7 17 -0.031170127339857506
7 18 -0.1500704302700322
7 19 -0.2849005669626129
7 20 0.023196316872296462
7 21 0.09610019273221398
7 22 -0.19143170472920873
7 23 0.024153134001525346
7 24 0.03112662883038273
7 25 0.1481282668784903
7 26 0.03577965943406714
7 27 0.05398897416464301
7 28 0.06872729597475614
7 29 0.04983411367342825
7 30 0.13308660288164198
7 31 -0.15066999668609768
7 32 -0.028977919282219062
7 33 0.05090365942992192
7 34 0.04151347037298118
7 35 -0.004740274486786031
7 36 0.21501508456782265
7 37 -0.2843171428046388
7 38 0.10744656043132576
7 39 0.12883925552969971
8 8 0.0
8 9 0.06627788414564902
8 10 -0.015671462583111348
8 11 -0.04510349946087845
8 12 0.057642749591761945
8 13 -0.15018993911911271
8 14 -0.09861175332535285
8 15 0.04295028751024754
8 16 -0.11849870796516263
8 17 0.033715798881317205
8 18 0.2546947379981829
8 19 -0.0728779260744018
8 20 0.05667026777226891
8 21 0.15190598234395988
8 22 0.04017000270962614
8 23 -0.19566531672477494
8 24 -0.1764556422406107
8 25 -0.15441824962504197
8 26 0.009386140133582403
8 27 -0.06523876096825466
8 28 -0.20003523910193724
8 29 -0.10739662282120359
8 30 -0.2864007763464809
8 31 -0.06824784060259367
8 32 -0.031012883833429906
8 33 0.07266602310293727
8 34 0.019903494490437306
8 35 -0.20088891619769975
8 36 0.1279120629688142
8 37 0.057589109589741075
8 38 -0.018655252893701117
8 39 0.14073759717497472
9 9 0.0
9 10 0.026021067318144415
9 11 -0.04515078733838923
9 12 0.22244232207467268
9 13 -0.15232420394563298
9 14 -0.20350653126996812
9 15 0.16187338414817085
9 16 0.12380927508471969
9 17 0.04783510058916141
9 18 0.027831726001193567
9 19 -0.013376133856804478
9 20 0.1960081269690349
9 21 -0.013346532916088985
9 22 -0.0705111850549959
9 23 -0.0176028157215402
9 24 0.045495925608421896
9 25 0.017110084334820662
9 26 -0.05695448278353772
9 27 -0.005240552026052191
9 28 0.0036152507699248613
9 29 -0.08960416489904859
9 30 0.01888036345499039
9 31 0.05522222432627198
9 32 0.1370605650109464
9 33 0.06500279840609256
9 34 -0.13972599133527847
9 35 -0.03931242982110221
9 36 0.15165511491310768
9 37 -0.0705046334092902
9 38 -0.02430842750943731
9 39 0.013372620134541055
10 10 0.0
10 11 -0.05111540651149231
10 12 0.22273200885979066
10 13 0.026957411949282917
10 14 0.06534906769665465
10 15 0.0025650958233493734
10 16 -0.051823462273002094
10 17 -0.17448805771064793
10 18 0.03684715764418632
10 19 -0.02617263334392018
10 20 -0.08906670047479213
10 21 0.14894995796783106
10 22 -0.07572237198263436
10 23 0.04211379930435883
10 24 -0.044224873221627437
10 25 0.020420343599501317
10 26 0.00564394914442354
10 27 -0.02777763606812266
10 28 0.12111810941130988
10 29 -0.04333434363242336
10 30 0.06793794751274057
10 31 -0.2925336655336933
10 32 -0.023132323423068805
10 33 -0.037521084107706236
10 34 -0.12082286937601253
10 35 0.02663377939133329
10 36 0.09550623003798266
10 37 -0.014112396923671073
10 38 0.07482266335560274
10 39 -0.19844882807904712
11 11 0.0
11 12 -0.1270131706310882
11 13 -0.043030964629322224
11 14 0.0067449952964535684
11 15 -0.04870717884725202
11 16 0.05401681696813798
11 17 0.003811912879877518
11 18 0.03760003972767963
11 19 -0.15313047013887046
11 20 0.11478897123744944
11 21 -0.09123876730348814
11 22 0.019552188848968626
11 23 -0.02720986488249603
11 24 0.11431685018048299
11 25 -0.020671719396918885
11 26 0.13513966239420155
11 27 0.012197136709159732
11 28 0.05826780719938908
11 29 -0.06436774478869416
11 30 -0.04422771937786972
11 31 -0.0914551533763103
11 32 0.04510553187801113
11 33 0.10138107841473214
11 34 0.06959007584200136
11 35 0.02295577454200357
11 36 0.019092400232171146
11 37 -0.028270357573800402
11 38 0.21409229747155015
11 39 0.06300680408545818
12 12 0.0
12 13 -0.03318557904676385
12 14 -0.11259537450086746
12 15 0.0649830408452278
12 16 -0.07929642173374932
12 17 0.10537563067480712
12 18 0.047723158784720734
12 19 0.013653947562191727
12 20 0.1380199392060925
12 21 0.09701800583195731
12 22 0.04515512047080632
12 23 -0.2656610410316796
12 24 0.03762118718899131
12 25 -0.05506308623617869
12 26 -0.14771270495911687
12 27 -0.056214924391848206
12 28 0.11923091006640278
12 29 -0.06410918187531608
12 30 0.09966538589078748
12 31 -0.05735042977849101
12 32 0.20675140582173265
12 33 -0.16051106164839832
12 34 -0.12350306048557957
12 35 -0.07001265373446044
12 36 -0.18391728958351172
12 37 0.025754359462963162
12 38 -0.137516002062324
12 39 -0.1669530614482351
13 13 0.0
13 14 -0.06755170737256114
13 15 -0.08962442503771442
13 16 -0.0623237760179378
13 17 -0.011056283237524844
13 18 -0.19263378854384403
13 19 0.03366446078969853
13 20 0.013879658669551067
13 21 -0.3407752343399527
13 22 0.053729674494482835
13 23 0.006158499358853863
13 24 -0.07396829086300319
13 25 0.06056237782746027
13 26 -0.12162718035924111
13 27 0.03927875226264642
13 28 -0.017348388369250976
13 29 -0.0968274533208273
13 30 0.2583183925786468
13 31 0.05169721968136672
13 32 -0.13177848787118296
13 33 -0.18436560359751755
13 34 -0.11137105516589044
13 35 0.012378127314639538
13 36 -0.20630682482217316
13 37 0.04998783447380264
13 38 0.09740143320379327
13 39 -0.12028069422184473
14 14 0.0
14 15 0.049236133251351906
14 16 -0.08958100783079145
14 17 -0.2316456427359892
14 18 -0.017041936590877337
14 19 0.012011269809703158
14 20 -0.2963258221665739
14 21 0.30559302431975255
14 22 0.07689392596568279
14 23 0.1726514553999496
14 24 0.0841210965585881
14 25 -0.05629649413432723
14 26 -0.026614447863427516
14 27 -0.09668344974194745
14 28 -0.10687769558499552
14 29 0.23622749526051212
14 30 -0.08673295580446298
14 31 -0.13576830016408267
14 32 -0.026145428692077404
14 33 0.013605675592719088
14 34 0.07600045314339568
14 35 0.04438916014183416
14 36 -0.037380191775421914
14 37 0.09954001470508869
14 38 -0.005031199483553386
14 39 0.12101843743424812
15 15 0.0
15 16 -0.0713059188673224
15 17 -0.11405483959533931
15 18 0.30851816962855977
15 19 -0.020387027760680135
15 20 -0.07627407740525438
15 21 0.06658270587670592
15 22 0.08871901558968659
15 23 0.12712448943742083
15 24 0.09595089547913804
15 25 -0.0009755183875068086
15 26 -0.050553703947305004
15 27 -0.23552899155375892
15 28 -0.03351284574680878
15 29 -0.02960876201709628
15 30 -0.19495995799715918
15 31 -0.03879910302427199
15 32 -0.01739940277141717
15 33 -0.04219858569962315
15 34 -0.17646225626175152
15 35 -0.18023358232283151
15 36 -0.2537580680705973
15 37 -0.04025119658828165
15 38 0.06293554553072003
15 39 0.16358089347603227
16 16 0.0
16 17 0.013583438531801897
16 18 -0.16932462403969778
16 19 -0.05473779331083343
16 20 0.08420713677365324
16 21 -0.059752898740314954
16 22 -0.1389955307952524
16 23 0.07609865040866179
16 24 0.020711965533683426
16 25 0.14808474608233285
16 26 0.05446424647095168
16 27 0.11476325868365109
16 28 0.07972914818896987
16 29 0.007536960054893656
16 30 0.13231377448455367
16 31 0.005990835222629002
16 32 0.018574967215072912
16 33 0.09983805238547191
16 34 0.029965128365430783
16 35 0.08326677191071817
16 36 0.19817939386643518
16 37 -0.1085231178590107
16 38 0.05382838728540331
16 39 0.027789723267475835
17 17 0.0
17 18 0.0648054153812235
17 19 0.07807147320661864
17 20 0.2794909790626796
17 21 -0.24543499045865708
17 22 -0.05570462597854803
17 23 -0.20178002233789796
17 24 -0.027511052938260904
17 25 0.02753746300197781
17 26 0.0444637394595433
17 27 0.12503722388821276
17 28 0.13773340646999993
17 29 -0.18741594820852983
17 30 0.06513379146150144
17 31 0.09695686817914592
17 32 0.10141397287016918
17 33 -0.0551671505350386
17 34 0.057392571546359517
17 35 -0.042322530506317346
17 36 -0.19421543611937714
17 37 -0.008025452001201796
17 38 -0.07269919933968023
17 39 -0.12637288215202697
18 18 0.0
18 19 0.012886076085279401
18 20 0.03410904978559871
18 21 -0.09400749903439494
18 22 0.14205833706653884
18 23 -0.22999121562648933
18 24 0.0191219657936362
18 25 -0.01157268205883641
18 26 0.05499856909909208
18 27 -0.1705223381800285
18 28 -0.033804366497157165
18 29 -0.07488758716584287
18 30 -0.35335782043598946
18 31 -0.07261908779305988
18 32 0.020987998237810758
18 33 0.04326668041617175
18 34 -0.06494233198832322
18 35 -0.16723430427297342
18 36 -0.29091353397181935
18 37 -0.014267530495356822
18 38 0.08221840097204632
18 39 0.1070909739588124
19 19 0.0
19 20 -0.010117277591829203
19 21 0.10115393842000908
19 22 0.08520048252397476
19 23 -0.037067756670258425
19 24 0.024755786087969085
19 25 -0.07498469826298736
19 26 -0.12028563732132569
19 27 -0.029827211646697965
19 28 -0.0457791816057749
19 29 -0.03401522966419615
19 30 -0.06319854178840671
19 31 0.20563815248212722
19 32 0.04546146362232857
19 33 -0.06167401963862795
19 34 0.004448069718023856
19 35 0.05332823943135897
19 36 -0.08861491397204205
19 37 0.054219366937520705
19 38 -0.2415354959182694
19 39 -0.1124452518547688
20 20 0.0
20 21 -0.29194235946029756
20 22 -0.058130025458512105
20 23 -0.16509507651921923
20 24 0.02676169128253995
20 25 0.014944542564964677
20 26 0.07230648766034833
20 27 0.0982666431976136
20 28 -0.005042345322639331
20 29 -0.33622500028885083
20 30 0.029611560620879367
20 31 0.03827315769627232
20 32 0.056095430769169966
20 33 0.06345939338292698
20 34 -0.004879107475125155
20 35 -0.11031310559907256
20 36 -0.049173584297458835
20 37 -0.020840258345295213
20 38 0.011850723356993793
20 39 -0.0319156945253533
21 21 0.0
21 22 0.08155392640223535
21 23 0.11840525891603762
21 24 0.12353926433488313
21 25 -0.2631263412943681
21 26 -0.14520563227978073
21 27 -0.0829821874096426
21 28 -0.06199410805731224
21 29 0.11133120513936937
21 30 -0.26582717141471374
21 31 -0.14073922023869
21 32 0.03748223797121421
21 33 -0.019298205646698055
21 34 0.12795827809257249
21 35 0.013195449045808017
21 36 0.24427755783906732
21 37 -0.08393906472301788
21 38 -0.10231327630430213
21 39 0.1370965928680463
22 22 0.0
22 23 -0.11639700488323317
22 24 0.11681077830815809
22 25 -0.11685760675279373
22 26 -0.11993521564079494
22 27 -0.07305858063819089
22 28 -0.05678942950962691
22 29 0.007766147288648696
22 30 -0.16589962421861182
22 31 0.09847532618503343
22 32 0.03638892781088747
22 33 -0.0820104186637293
22 34 -0.022946814427749686
22 35 0.007318948267698461
22 36 -0.22145340203304537
22 37 0.06535919486444915
22 38 0.02688787684352848
22 39 0.0788637775619929
23 23 0.0
23 24 -0.0007339735871885188
23 25 0.05698822803349433
23 26 0.04734648087562131
23 27 0.0034347653244770964
23 28 -0.05778178544635966
23 29 0.11496484027268765
23 30 0.06234924072258574
23 31 -0.043778531918498134
23 32 -0.11717922558744195
23 33 0.08641031454796282
23 34 -0.03578424493465145
23 35 0.028741967868112867
23 36 0.09221687182310685
23 37 0.12911383505874716
23 38 -0.004902157178113092
23 39 0.07939521123189393
24 24 0.0
24 25 -0.019110323232406832
24 26 -0.048092374986878225
24 27 0.05119099634425178
24 28 0.06567840450877263
24 29 0.0025375958168648793
24 30 -0.02941773731885184
24 31 -0.047150735662902996
24 32 0.08056644860657211
24 33 -0.02302298850084114
24 34 -0.03457528343222082
24 35 0.06559634099362652
24 36 -0.17199276301220912
24 37 -0.09408061281386647
24 38 0.13322613781928855
24 39 0.005813603651059579
25 25 0.0
25 26 -0.02792278544291213
25 27 0.12850348591717065
25 28 0.06558339475748591
25 29 0.09037201579054584
25 30 0.1619409796903057
25 31 -0.015938871556255865
25 32 -0.13596933470892797
25 33 0.08075948559113073
25 34 -0.07008890932217635
25 35 0.09543317564005667
25 36 -0.18023074670232464
25 37 -0.16696835408235128
25 38 0.06802249350888825
25 39 0.03281234516318187
26 26 0.0
26 27 -0.0024596491480123896
26 28 0.0676179065509942
26 29 -0.07809782256686282
26 30 -0.018433046280104993
26 31 -0.10393876167665102
26 32 -0.011975929374937959
26 33 0.08300478262644731
26 34 0.07905988628780883
26 35 -0.049510079869048235
26 36 0.1747252796250633
26 37 0.08119374739142912
26 38 0.03239030811056115
26 39 -0.06758489436047997
27 27 0.0
27 28 0.0887420186368918
27 29 -0.033106477573314363
27 30 0.15213574915737044
27 31 0.00905543546733516
27 32 -0.051595641588724414
27 33 -0.013081992799634855
27 34 0.03958529736855719
27 35 0.09818524290370674
27 36 0.05538680248211193
27 37 -0.08370902453766428
27 38 0.0588622081900424
27 39 -0.06803090914940199
28 28 0.0
28 29 -0.05169544728339952
28 30 0.1536415463872043
28 31 0.01652570797319654
28 32 0.1256220413134322
28 33 -0.1356170817629878
28 34 -0.004421045287873288
28 35 0.11135409303403479
28 36 -0.0806504155275399
28 37 -0.1900605840535124
28 38 0.12132173395852197
28 39 -0.24910345577830678
29 29 0.0
29 30 0.04346170792930453
29 31 0.022566519007291057
29 32 0.10771338871382333
29 33 0.11146343459917567
29 34 0.03438992849817611
29 35 0.13041819714335418
29 36 -0.02441765321755705
29 37 0.1383175177207327
29 38 -0.0584430546040024
29 39 0.10627706904846279
30 30 0.0
30 31 -0.009658461756034697
30 32 0.017470190548238868
30 33 -0.10829585512043309
30 34 -0.05122201223668103
30 35 0.1165401382642997
30 36 0.04101813891035548
30 37 -0.013662163990405086
30 38 0.004490597127181483
30 39 -0.21122342542049513
31 31 0.0
31 32 0.028679513277577347
31 33 -0.03501270253644158
31 34 -0.010865362335929009
31 35 0.10277196169986533
31 36 -0.028617859547129133
31 37 -0.03640776053673558
31 38 -0.20984228939192553
31 39 -0.036224473753702156
32 32 0.0
32 33 0.03540094592966107
32 34 0.030680657161721726
32 35 0.010332516257916822
32 36 -0.017628889852221174
32 37 0.19501549594085263
32 38 -0.009423549083893997
32 39 -0.05316513531836155
33 33 0.0
33 34 0.03421457069044457
33 35 0.035780814874808234
33 36 0.09176000254610008
33 37 0.08583376194251736
33 38 0.020917354407078478
33 39 0.14802509186980556
34 34 0.0
34 35 0.012989664452762084
34 36 0.13228482603146904
34 37 0.008121202286678458
34 38 -0.03441442434549867
34 39 0.06318940011740319
35 35 0.0
35 36 0.06588536511026995
35 37 -0.096333584395504
35 38 0.00040642733463614085
35 39 -0.08761268148668211
36 36 0.0
36 37 -0.09685644913649898
36 38 -0.048625684307170285
36 39 -0.025769224463865065
37 37 0.0
37 38 -0.14988357813803183
37 39 -0.006570002937422763
38 38 0.0
38 39 0.09775348281508431
39 39 0.0
