0 0 0.0
0 1 0.0480797260009325
0 2 0.034562648838452545
0 3 -0.0031671251615263845
0 4 -0.04130404246794457
0 5 -0.10225844368235917
0 6 0.0483580627415629
0 7 0.12990029538268966
0 8 -0.15559471349407458
0 9 -0.1782497730440858
0 10 0.108106238269612
0 11 -0.09616321259509437
0 12 0.04720000144655554
0 13 0.26072993913674763
0 14 -0.0023248329975297834
0 15 -0.10298419036876316
0 16 -0.009840639425170853
0 17 0.14620792991812642
0 18 0.05975811019612015
0 19 0.0566387324052513
0 20 -0.02838213773604716
0 21 -0.11013785295312287
0 22 0.09258198658226187
0 23 -0.12558763022918784
0 24 -0.083971421212661
0 25 -0.0048271614072703485
0 26 0.013265680130900145
0 27 -0.11674905454884518
0 28 0.007271098886537554
0 29 -0.22419715273729818
0 30 0.15458935547181366
0 31 0.17639203712219903
0 32 0.08780766698394894
0 33 -0.11034818726989037
0 34 -0.06953243632172393
0 35 -0.10408791413385418
0 36 0.08255836820846475
0 37 -0.10095684875367614
0 38 0.08295758128749643
0 39 -0.014868340792310994
1 1 0.0
1 2 -0.02366945800278873
1 3 -0.019220243401554035
1 4 0.13095587981706602
1 5 -0.02497340851823852
1 6 -0.06504776284292482
1 7 0.061230762396093166
1 8 -0.06378506742046451
1 9 0.005689436201489849
1 10 -0.0638906389912344
1 11 0.17277903551321033
1 12 0.1418783214668426
1 13 0.07881343845881061
1 14 0.024176208794567042
1 15 -0.048385162451008226
1 16 0.05753717469205877
1 17 -0.04462815585401566
1 18 0.12181885025310664
1 19 -0.07775355611259456
1 20 -0.03306218225398099
1 21 -0.00724328134865139
1 22 0.14095378495745042
1 23 -0.013040266956443483
1 24 -0.05981345186078768
1 25 0.05792790635175341
1 26 0.010286191068430138
1 27 -0.05989812424222011
1 28 0.015596738047531724
1 29 0.01662725371310831
1 30 -0.06629285019996926
1 31 -0.01393540846855231
1 32 -0.12450459889094075
1 33 -0.015465290053657257
1 34 -0.00522344627263371
1 35 0.035297448226376114
1 36 0.17807243987510474
1 37 -0.0953165383250139
1 38 -0.0035914423386472355
1 39 0.012505479500867275
2 2 0.0
2 3 0.0022696044118537826
2 4 -0.07937621850034157
2 5 0.15884506401960996
2 6 -0.0010895750470179349
2 7 -0.12233583318177974
2 8 0.03898180234371499
2 9 -0.021290194242511412
2 10 -0.011303392272364581
2 11 -0.021085792012544007
2 12 -0.03654413917756348
2 13 0.04606885016743005
2 14 -0.004122333657132898
2 15 -0.04166461673868889
2 16 -0.0012226975525817148
2 17 0.011697150079737827
2 18 0.06845186994346272
2 19 0.03406858136809216
2 20 -0.012952052600220091
2 21 -0.010920773505713787
2 22 -0.11236883935356665
2 23 0.019493823934408513
2 24 0.1145395588145326
2 25 -0.06976238671388783
2 26 -0.029839958990358767
2 27 -0.14059038314716285
2 28 0.017096385266180257
2 29 0.11017446639701434
2 30 -0.06388913596813559
2 31 -0.0645916370801385
2 32 0.10332879689239252
2 33 -0.18976679252951317
2 34 0.21561106802979818
2 35 -0.13917092427807415
2 36 0.0711854769131694
2 37 -0.06575901883396855
2 38 -0.0008343044782663986
2 39 -0.09601964854753757
3 3 0.0
3 4 -0.037503195501656095
3 5 0.07913195794562901
3 6 0.07992698857514957
3 7 0.004606092851551174
3 8 0.08990434413468382
3 9 -0.08962808361764162
3 10 0.01735530582771671
3 11 -0.1172141013642937
3 12 -0.1909979107616407
3 13 0.04794199274709911
3 14 -0.010061265761958727
3 15 0.03638774254873593
3 16 0.022727294795045188
3 17 0.04195109914329384
3 18 0.009063860215079456
3 19 -0.012336027898118782
3 20 -0.000968032836014054
3 21 0.08948643904529785
3 22 -0.009762210164899632
3 23 -0.04147564784843745
3 24 -0.03717654097216395
3 25 0.011179561410297785
3 26 -0.008154021411613364
3 27 -0.04099327123956806
3 28 0.11803997712871236
3 29 0.05295351105059146
3 30 -0.06901864978863895
3 31 -0.16002574664198144
3 32 -0.04842793540234852
3 33 -0.12454346214438969
3 34 -0.047357255028966844
3 35 -0.10190583280266167
3 36 0.12666498309814864
3 37 -0.04310737910313411
3 38 0.017759237376076115
3 39 -0.015871635123869823
4 4 0.0
4 5 0.017211828213993245
4 6 -0.055895478519097375
4 7 0.01463140937677176
4 8 0.005721350525978481
4 9 0.06386922533060967
4 10 -0.026684257440324165
4 11 0.20330585537409468
4 12 0.1297575146914554
4 13 0.08664630593527409
4 14 0.04106226017853705
4 15 -0.08495374364741079
4 16 0.03380573785644934
4 17 -0.036511178318829135
4 18 0.0020760752754058493
4 19 -0.19364756358500432
4 20 -0.03839369664404713
4 21 -0.008277192762401525
4 22 0.11772329828007592
4 23 -0.08672828581638088
4 24 -0.02878220791081581
4 25 -0.04904548283643364
4 26 -0.050609627100142884
4 27 0.02182708125353503
4 28 0.014858832226437293
4 29 -0.009624101922628792
4 30 0.07947135390741383
4 31 0.07131938177427057
4 32 -0.0736028179463969
4 33 -0.01231145031609215
4 34 -0.11211753769007149
4 35 0.22011515240622487
4 36 0.02279244326261274
4 37 -0.043569876876203055
4 38 0.05136864865124389
4 39 -0.031817714479016185
5 5 0.0
5 6 -0.02855035728625424
5 7 -0.19329398048680818
5 8 0.06323409028847086
5 9 0.0020909080175447146
5 10 0.02586305554464769
5 11 0.019879417169911193
5 12 -0.05989083476063648
5 13 -0.05990765632305277
5 14 -0.004121247696808099
5 15 -0.06021044209432371
5 16 0.04455723505361605
5 17 -0.09169010543502153
5 18 0.007086324956134792
5 19 0.005075683808565058
5 20 0.09506850152798774
5 21 0.03644851252257198
5 22 -0.11462024064001555
5 23 0.01899204957871057
5 24 0.14017704490315477
5 25 -0.09446125936698882
5 26 -0.01859451402076446
5 27 -0.016957867509871147
5 28 -0.008347750538893452
5 29 0.16503569405035598
5 30 -0.1268041289037175
5 31 -0.10970653745710957
5 32 0.033022646461423326
5 33 -0.17149639071038728
5 34 0.120986281706004
5 35 -0.042219484351352476
5 36 0.07955006988617185
5 37 0.05418285634334691
5 38 -0.05561976396765701
5 39 -0.07031139666363455
6 6 0.0
6 7 -0.001331819836651232
6 8 0.050567158682539026
6 9 -0.0006480848783564068
6 10 0.007183327500777455
6 11 -0.06433058431971925
6 12 -0.08938950627750589
6 13 0.06322453931150948
6 14 0.07370968365877781
6 15 0.04912175893883759
6 16 -0.10977216347667644
6 17 0.05810854176336024
6 18 -0.09017923071035344
6 19 -0.043733029057821685
6 20 -0.08207998311414819
6 21 0.0927460021554395
6 22 -0.05415045104489881
6 23 -0.1095954130128299
6 24 -0.06202130687977679
6 25 -0.016420071732386
6 26 -0.04476813415901429
6 27 0.015647898071821695
6 28 0.0898153980398009
6 29 -0.041687976579739945
6 30 0.09212850717891208
6 31 -0.0018520704973745074
6 32 0.0396478010415033
6 33 0.07440987150971426
6 34 -0.0625779888321194
6 35 -0.06667573915463922
6 36 -0.01021054820919368
6 37 -0.039931643018281233
6 38 0.04946239660043723
6 39 0.025368713497011447
7 7 0.0
7 8 0.02153266110784128
7 9 -0.08564254932610309
7 10 -0.09551066639259725
7 11 -0.12258283843918312
7 12 0.06349066044301642
7 13 0.1799606248136165
7 14 -0.18795414441591465
7 15 0.03468275544930373
7 16 0.07159448996690286
7 17 0.19091419392690173
7 18 0.1436500523310268
7 19 -0.024910585892740488
7 20 -0.12945709229742883
7 21 -0.05932280132675692
7 22 0.11863335261656165
7 23 -0.009743347423713276
7 24 -0.08846935707496503
7 25 0.09263832204962652
7 26 -0.013761768689998139
7 27 0.019594914753439416
7 28 0.012169999952242948
7 29 -0.22879579567869723
7 30 -0.05900356461476934
7 31 0.1142212940377461
7 32 -0.11919327310250952
7 33 0.05369190511051367
7 34 -0.13126124149198268
7 35 0.06492841635133871
7 36 0.07177143228743676
7 37 -0.1686804426333266
7 38 0.1492858000090481
7 39 0.07261238847126152
8 8 0.0
8 9 0.11563213310941922
8 10 -0.07657947197152101
8 11 -0.030528012262924877
8 12 -0.08134577499390475
8 13 -0.07312754478697632
8 14 -0.040694123472256906
8 15 0.11413341364553142
8 16 0.13433759602327844
8 17 0.14150723938679383
8 18 0.08805889297272622
8 19 -0.09607217956910816
8 20 0.012718968265697406
8 21 0.10412787198459617
8 22 -0.24537973207858926
8 23 0.05252924882570218
8 24 0.042026150035594914
8 25 -0.03025647280811757
8 26 -0.05743794085774594
8 27 0.12395990522346272
8 28 0.08164721257029536
8 29 0.06940594132404893
8 30 -0.13029827494670995
8 31 -0.06457699738943273
8 32 -0.06663364653976632
8 33 0.008390694375137989
8 34 0.0294109056121608
8 35 0.05109961965788188
8 36 0.0001605645553982577
8 37 -0.04827740537578455
8 38 0.027865698508680054
8 39 0.044211648160508446
9 9 0.0
9 10 -0.08707094980686084
9 11 0.2618970021275098
9 12 0.09268612764246462
9 13 -0.12529515108499029
9 14 0.14828925460244985
9 15 0.06449306825965023
9 16 -0.020169489464353468
9 17 -0.10933621107410667
9 18 0.020985419849375832
9 19 -0.12851082507088646
9 20 0.045284427693079096
9 21 0.12911344162006638
9 22 -0.13248335342418688
9 23 0.04002972126629578
9 24 -0.0008483904756492295
9 25 -0.00659714920367743
9 26 -0.05499821088492485
9 27 0.16378128337998463
9 28 0.026851939902066628
9 29 0.10621749029296779
9 30 -0.009569131818637413
9 31 -0.0008582174730395227
9 32 -0.04489537806780965
9 33 0.20651747715578156
9 34 0.058059866873291434
9 35 0.10003643132150175
9 36 -0.031617528020654435
9 37 0.007013783715136189
9 38 -0.06132717862401345
9 39 0.05118143303752354
10 10 0.0
10 11 -0.07781952084071792
10 12 -0.1247958328724998
10 13 -0.05789993989580898
10 14 0.05895968728543256
10 15 -0.08001320023898281
10 16 0.09234483556281037
10 17 0.061409785646313685
10 18 -0.06686146983656491
10 19 0.11061833681993001
10 20 0.20597779221010049
10 21 -0.10187259956440711
10 22 -0.030164419660547122
10 23 0.02483156734182868
10 24 -0.022065876128149337
10 25 -0.10490623059496273
10 26 0.03478536360512773
10 27 -0.01539432364558109
10 28 -0.02657528675324274
10 29 0.00030667567060434957
10 30 0.15455449428526627
10 31 0.052481415982123227
10 32 0.1380001811061901
10 33 -0.16535404081916114
10 34 -0.03604462816972323
10 35 -0.053481792404669534
10 36 -0.16404060469128476
10 37 0.08812856685990078
10 38 -0.07282313331443255
10 39 -0.01703780425855922
11 11 0.0
11 12 0.20746129600947802
11 13 -0.0015090162689951722
11 14 0.27015734086578724
11 15 -0.06860206262921466
11 16 -0.025651973992844558
11 17 -0.29784317322989473
11 18 0.09811970956434271
11 19 -0.22716500633679018
11 20 0.11392064787840613
11 21 0.14064765755529882
11 22 0.04157402131524046
11 23 0.03255568433654453
11 24 -0.04907475553652117
11 25 -0.00015953806396435435
11 26 -0.12088080637747275
11 27 0.11374664210104027
11 28 0.09748290204207534
11 29 0.19318660230127527
11 30 0.05610149537804069
11 31 0.022452658186835586
11 32 -0.10353748203063343
11 33 0.2082701463993502
11 34 0.08687733346823187
11 35 0.10984107712592876
11 36 0.10803290503924357
11 37 -0.07017062953122068
11 38 -0.0852357339354945
11 39 -0.006954141591480348
12 12 0.0
12 13 0.06252705675250164
12 14 -0.0009599870131673446
12 15 -0.05104815409392584
12 16 -0.02163270484660483
12 17 -0.0695393927836868
12 18 0.09856399712924638
12 19 -0.07613956921066818
12 20 -0.08668580599325892
12 21 -0.026191613954850847
12 22 0.057037854628129825
12 23 -0.0595430518265991
12 24 0.018503633657990726
12 25 0.04975329916047344
12 26 0.02293302481642306
12 27 0.04612966822195212
12 28 -0.11534606525373377
12 29 -0.10972864068497142
12 30 -0.0710030059769614
12 31 0.14809630356550257
12 32 -0.08194153991793432
12 33 0.14100434638349268
12 34 0.006567481864452421
12 35 0.1303623693101073
12 36 0.14607188871390922
12 37 -0.02695496154929421
12 38 0.014707868005791769
12 39 0.05136476950494251
13 13 0.0
13 14 -0.042251749881989605
13 15 -0.1042915902873868
13 16 -0.15625985846923213
13 17 0.027974495723230373
13 18 0.03094137298024932
13 19 -0.14361034354250812
13 20 -0.20244333181014204
13 21 0.0004024808458615864
13 22 0.17293889627478978
13 23 -0.19800417989869173
13 24 -0.03628743047525012
13 25 0.007854746083997968
13 26 -0.13426347910122455
13 27 -0.0976155466095452
13 28 0.12711938501414033
13 29 -0.19691769726216524
13 30 0.184372865402072
13 31 0.16471145672679932
13 32 0.017667184930090007
13 33 -0.003224236298851455
13 34 -0.09519991120939966
13 35 0.019656608103344554
13 36 0.1485232314731583
13 37 -0.18483432875501532
13 38 0.22898121306232816
13 39 -0.11900289213549062
14 14 0.0
14 15 0.007884294748785771
14 16 -0.1422960940045936
14 17 -0.156313600928754
14 18 -0.09401412191803983
14 19 -0.09362222138779162
14 20 0.05796939217287278
14 21 0.1301441129984513
14 22 -0.013352917286673172
14 23 -0.08272467632537081
14 24 -0.11442573454552071
14 25 -0.014313933761869091
14 26 -0.014976872303227149
14 27 0.011614238798418336
14 28 0.09213602116748346
14 29 0.10850446021368414
14 30 0.2139029203271164
14 31 -0.04173173634771524
14 32 0.06098899980767751
14 33 0.10525936448594408
14 34 0.007119852802634917
14 35 -0.03942690253033623
14 36 -0.01690623737833429
14 37 0.02766399385266346
14 38 -0.10271672105595464
14 39 -0.010973370251064613
15 15 0.0
15 16 -0.0134594664944584
15 17 0.06918298819460497
15 18 -0.016456540966333214
15 19 0.0002862165865447644
15 20 -0.08258072395568469
15 21 0.07246479380800978
15 22 -0.08747294741757325
15 23 0.027717057060848604
15 24 -0.03370108869261916
15 25 0.08590907242942508
15 26 0.04317539619303866
15 27 0.022446044790204643
15 28 0.03385553779927082
15 29 0.022440080316240316
15 30 -0.050610720837200675
15 31 -0.0989858740378485
15 32 -0.052859756942557935
15 33 0.10400705696463211
15 34 0.00020463541564981247
15 35 -0.019006101415723894
15 36 -0.024033063287403546
15 37 0.02521697469113345
15 38 -0.012655453659058308
15 39 0.05159603327553384
16 16 0.0
16 17 0.2457475401830344
16 18 0.2759433144232316
16 19 0.0595433535879911
16 20 0.27768345757116364
16 21 -0.12435201750312189
16 22 -0.17222546908960354
16 23 0.2549930712406165
16 24 0.031061086866473415
16 25 -0.043227117927216965
16 26 0.029351595644023416
16 27 0.057205475445090005
16 28 -0.010091543742124133
16 29 0.11528503678466853
16 30 -0.2391657901173147
16 31 -0.013612992744673346
16 32 -0.1273670205087775
16 33 -0.21077106582188715
16 34 0.07362196550734404
16 35 0.014532444644166472
16 36 -0.0011442329252888165
16 37 -0.03939949728294419
16 38 -0.08444495697117418
16 39 0.09665406860932839
17 17 0.0
17 18 0.09217722712856186
17 19 0.05213491484058659
17 20 -0.04367871833350548
17 21 -0.12396809160857913
17 22 -0.1422832077159385
17 23 0.006365471526124394
17 24 -0.04356142959606776
17 25 -0.02168956803381565
17 26 0.05543463532446765
17 27 -0.0402411369509849
17 28 -0.0017141448652029784
17 29 -0.15806951541494313
17 30 -0.023568437660050835
17 31 0.07523007196644822
17 32 0.002696329875190986
17 33 -0.15915936588034366
17 34 -0.08026525706105278
17 35 -0.00912647248162803
17 36 -0.07818050379067622
17 37 -0.07397385870303294
17 38 0.0832816993944122
17 39 0.08236328402501279
18 18 0.0
18 19 0.0017527783049670034
18 20 0.13104443344475897
18 21 -0.01818783220838178
18 22 -0.06397533385274923
18 23 0.1397808084930316
18 24 -0.005000052491622573
18 25 0.03325322642197655
18 26 -0.002605351144870042
18 27 0.04551848150787257
18 28 -0.0011193061135367026
18 29 0.013800250268899906
18 30 -0.28881055425443963
18 31 -0.00487022002142256
18 32 -0.1468339811626776
18 33 -0.10609431151875925
18 34 0.10810517134591298
18 35 -0.0326457608426053
18 36 0.2377113958933525
18 37 -0.18499094143909986
18 38 -0.025311636438892487
18 39 0.08569712409795137
19 19 0.0
19 20 0.10850867620557725
19 21 -0.12378265303856203
19 22 -0.009054184859496037
19 23 0.08675495581636244
19 24 0.02668257702774373
19 25 0.0042035180165457525
19 26 0.15026561491686122
19 27 -0.05938927366592998
19 28 -0.16312050507802517
19 29 -0.04330034340906801
19 30 -0.11992061235689762
19 31 -0.04730576350591736
19 32 0.08591986543888631
19 33 -0.15648511103861523
19 34 0.05170807448633332
19 35 -0.14740162246965222
19 36 -0.04465704235563404
19 37 0.08937843870964383
19 38 -0.10422470214983992
19 39 0.050805787838599535
20 20 0.0
20 21 -0.045296764478619696
20 22 -0.15271997151231434
20 23 0.2201360957263913
20 24 0.02863245859190554
20 25 -0.114576932740068
20 26 -0.006035050644941175
20 27 0.15457313623682253
20 28 -0.032208845507136444
20 29 0.15294509081300003
20 30 -0.07023551494506489
20 31 0.010323204287725138
20 32 0.03467967353752942
20 33 -0.12707788483853472
20 34 0.09263326570800898
20 35 -0.041174120193102494
20 36 -0.08824340463262817
20 37 0.061042145489225264
20 38 -0.1818944943105198
20 39 0.052265301958265994
21 21 0.0
21 22 -0.06626519663368954
21 23 -0.05934291822382537
21 24 -0.034269389825179665
21 25 0.026334728735279932
21 26 -0.07283744059185135
21 27 0.09308226727246917
21 28 0.11477614088253899
21 29 0.08740090899333883
21 30 -0.03857748466187777
21 31 -0.09684599287362136
21 32 -0.06398185900760597
21 33 0.16553693844913323
21 34 0.008947579166904501
21 35 -0.026573868418462036
21 36 0.11584500049967597
21 37 -0.045004782302043446
21 38 -0.005959645364223842
21 39 0.02817534335438408
22 22 0.0
22 23 -0.09976754855319067
22 24 -0.12771939231607382
22 25 0.08316756261501845
22 26 0.033161792139546786
22 27 -0.15993054698709933
22 28 -0.024172890817875128
22 29 -0.10265507360835109
22 30 0.09278220575373257
22 31 -0.009419790536865145
22 32 -0.04780868445558549
22 33 -0.01517397858209899
22 34 -0.1380996706436745
22 35 0.03201581347841019
22 36 0.07739324861531605
22 37 -0.08188950106231349
22 38 0.056436028361456156
22 39 -0.04729149446932512
23 23 0.0
23 24 0.06775366539947744
23 25 0.01491214651554428
23 26 -0.015032557572222657
23 27 0.04800784996776071
23 28 0.013145622570551222
23 29 0.2016820443392744
23 30 -0.14234489609662546
23 31 -0.06594329093392172
23 32 -0.06554199865238329
23 33 -0.020013049211390747
23 34 0.1624188675643121
23 35 -0.0275072016859526
23 36 -0.10545649092844392
23 37 0.030057765221233546
23 38 -0.09945427443123823
23 39 0.016311613410317137
24 24 0.0
24 25 -0.04762695603429275
24 26 -0.03546606401809681
24 27 0.012550626011018992
24 28 -0.043448980284332125
24 29 0.0738484102006711
24 30 -0.07107099926830125
24 31 0.01833358557983911
24 32 0.0427817229564245
24 33 -0.04181592173420883
24 34 0.1247531537820703
24 35 0.028762565648179757
24 36 -0.034163101714222974
24 37 0.10125871821795543
24 38 0.014323386338558772
24 39 -0.08840820549532682
25 25 0.0
25 26 0.05515575962843704
25 27 -0.05809500436907474
25 28 0.025782706610241752
25 29 -0.010057585197568992
25 30 -0.044671793124339824
25 31 -0.07241986670322337
25 32 -0.10135772982051969
25 33 0.09983308739737945
25 34 -0.0020978355272850955
25 35 -0.02410551158956604
25 36 0.09352895020851529
25 37 0.0029593679274663586
25 38 0.005199638069070765
25 39 0.007208962064008252
26 26 0.0
26 27 -0.07598267169467131
26 28 -0.15748601677181417
26 29 -0.06575760298645811
26 30 -0.10863178928398091
26 31 -0.0839947963017356
26 32 0.007573672015654368
26 33 -0.12180977916746401
26 34 -0.023814008327145527
26 35 -0.04849498583414477
26 36 0.04323484628881371
26 37 0.08537824100664752
26 38 -0.09988608188286502
26 39 0.0665317153045987
27 27 0.0
27 28 -0.027715643483378804
27 29 -0.033943151713624234
27 30 -0.07886534673632543
27 31 0.11012197766871654
27 32 -0.0452510660848544
27 33 0.2004850150533494
27 34 -0.04996330460437884
27 35 0.11872188377890114
27 36 -0.049652014763012425
27 37 0.006524011620222944
27 38 -0.02422814113212878
27 39 0.12760208060597905
28 28 0.0
28 29 0.13939189772333818
28 30 0.15896177344467885
28 31 -0.045460188352204375
28 32 -0.050554856830320204
28 33 0.08799390867066609
28 34 0.017035920514319867
28 35 -0.033384859619244464
28 36 -0.002904189265946053
28 37 -0.0801217868029774
28 38 0.07803436370816158
28 39 -0.09116491393735228
29 29 0.0
29 30 -0.07051400718606171
29 31 -0.22391436793415656
29 32 -0.06400019890439902
29 33 -0.01322190248402734
29 34 0.21108753571676786
29 35 -0.07364358569217967
29 36 -0.026504195648556973
29 37 0.05931143715948708
29 38 -0.13316302168425076
29 39 -0.0702484513600143
30 30 0.0
30 31 0.200179995769111
30 32 0.21821685136818808
30 33 0.11696907522737579
30 34 -0.12873166033661856
30 35 0.09310716425799297
30 36 -0.3447269921580402
30 37 0.1086400197785796
30 38 0.11017571204161702
30 39 -0.20599056164159615
31 31 0.0
31 32 0.08671674649604738
31 33 0.10728283414592647
31 34 -0.09080693955348827
31 35 0.13961199860057344
31 36 -0.12591128978968785
31 37 -0.015511042112181
31 38 0.11462577061608
31 39 -0.003981021333860698
32 32 0.0
32 33 -0.08694637466249681
32 34 0.01458391195082053
32 35 -0.04557134659618971
32 36 -0.1810416284719528
32 37 0.0879715323162973
32 38 -0.0001272630394048357
32 39 -0.0852106845593992
33 33 0.0
33 34 -0.04607732789162731
33 35 0.10749184048169773
33 36 -0.07403608892774437
33 37 0.024039645071669984
33 38 0.052018843315041294
33 39 0.06359085878603499
34 34 0.0
34 35 -0.1141361379768239
34 36 0.04086135637469125
34 37 0.009126226166668073
34 38 -0.08105884332035375
34 39 -0.05484260013216698
35 35 0.0
35 36 -0.11175299411469866
35 37 0.04060683878706893
35 38 0.07375942030047647
35 39 -0.021369890914122086
36 36 0.0
36 37 -0.18277535738395512
36 38 -0.0036375905396385
36 39 0.0712345970635587
37 37 0.0
37 38 -0.08438804875788905
37 39 -0.06767881793413275
38 38 0.0
38 39 -0.06890920919443266
39 39 0.0
