0 0 0.0
0 1 -0.05195203602463407
0 2 -0.046542375748857584
0 3 -0.024423361024759276
0 4 0.1065609311141126
0 5 -0.054976350610537385
0 6 -0.055953846644428075
0 7 -0.01368092365403514
0 8 0.015660317520256792
0 9 0.08113535007488164
0 10 0.10017921403426311
0 11 -0.010843753618785914
0 12 0.020718962519609096
0 13 0.029020808146072847
0 14 0.044119634943416794
0 15 -0.12412372454587992
0 16 -0.013325531361782267
0 17 0.12681380620947566
0 18 0.20516177254514703
0 19 0.14506201409664565
0 20 0.07397403948417204
0 21 0.03387338747294379
0 22 -0.0036034276649209935
0 23 -0.06222798495586433
0 24 0.07537265692224406
0 25 -0.01763549223429347
0 26 0.1033626279808855
0 27 0.06473372327951167
0 28 -0.019919565856425125
0 29 -0.006908751915847201
0 30 -0.04677095803503979
0 31 0.03922113806322846
0 32 0.015166373494463706
0 33 -0.21270310750455904
0 34 -0.009076841605855215
0 35 0.08208413856129863
0 36 0.08105559892438166
0 37 -0.06983152607552875
0 38 -0.06504645619869467
0 39 0.03553598003324941
1 1 0.0
1 2 -0.14366221325531095
1 3 0.21114745078790423
1 4 -0.13200602763111158
1 5 -0.09408263161675215
1 6 -0.10414373140355795
1 7 0.12195552427516614
1 8 -0.10600617927552354
1 9 -0.09804632657848686
1 10 -0.15208130236437914
1 11 0.08187412738549686
1 12 0.052863821086484256
1 13 -0.03753172637059271
1 14 0.12575077736933582
1 15 0.02793499412354235
1 16 -0.042513108569710994
1 17 0.041890116407596906
1 18 -0.047627104543595124
1 19 0.08546877985106555
1 20 0.041339710977413895
1 21 0.010864659564507002
1 22 -0.02437680867288243
1 23 -0.01138607968072811
1 24 -0.01477611382883219
1 25 0.0390837186271705
1 26 0.0005342720293037806
1 27 -0.06394776742337811
1 28 -0.000023271511014461643
1 29 -0.1076289101266229
1 30 -0.18908598374102373
1 31 0.0006191928607790415
1 32 -0.02595520271524924
1 33 0.08142035657193217
1 34 0.08504406930584917
1 35 -0.08828456029870843
1 36 0.07782066932356499
1 37 0.037826754670977694
1 38 -0.029259484022079278
1 39 -0.02106295258555107
2 2 0.0
2 3 -0.20414343973875507
2 4 0.004863544514523576
2 5 0.053756993707390524
2 6 0.07495197028049458
2 7 -0.24469355636272253
2 8 0.054433655207328534
2 9 0.05410946591937521
2 10 0.13613351919616162
2 11 0.03211291341326307
2 12 -0.06420239952410084
2 13 -0.07975294679778766
2 14 -0.18996282039761808
2 15 0.14923086617404288
2 16 0.19210328096866205
2 17 -0.05595951887993437
2 18 0.07219138390870768
2 19 -0.19016967933134454
2 20 -0.19383815053544662
2 21 -0.04384745384861281
2 22 -0.03051352916519965
2 23 -0.1051291321529694
2 24 0.07987980341900747
2 25 0.00034047563631755623
2 26 0.07028847490117271
2 27 -0.0535595937284155
2 28 -0.027511124077424048
2 29 0.11379966702786182
2 30 0.025599601076366617
2 31 -0.1360336407597643
2 32 -0.013446861829187941
2 33 -0.016735317124199695
2 34 -0.2074238665458572
2 35 0.0036410418633447397
2 36 -0.15881101770833267
2 37 -0.028046553394099207
2 38 0.053944395078055686
2 39 -0.034284507357778285
3 3 0.0
3 4 0.19680552502517465
3 5 -0.049028912006853206
3 6 -0.02013376421021515
3 7 0.030070351254276994
3 8 -0.04981358397341482
3 9 -0.04664619678169576
3 10 -0.1447212105634126
3 11 -0.11435405886955588
3 12 0.07278136526490231
3 13 0.10655443441392924
3 14 0.23208098177668607
3 15 0.13376284374523745
3 16 -0.18601079705103485
3 17 0.04572259879316996
3 18 -0.14160342700049564
3 19 0.19924120566034068
3 20 0.07227276994305905
3 21 0.056580593320180214
3 22 -0.21189168338342085
3 23 0.03928557445070203
3 24 0.020017670789262205
3 25 0.052315316609573705
3 26 -0.07197212930202865
3 27 -0.1530846067035424
3 28 0.20301019653221553
3 29 -0.16482948736531672
3 30 -0.1862021522090047
3 31 0.11684730634704021
3 32 -0.11772512569154585
3 33 0.1592511400266851
3 34 0.08350779822168278
3 35 0.1621464859261465
3 36 0.11138443237116646
3 37 -0.012878066349889406
3 38 -0.14106540751466262
3 39 -0.029592534051542795
4 4 0.0
4 5 -0.09314907927040245
4 6 -0.009560989983282267
4 7 -0.05754339536128572
4 8 -0.10651504697106653
4 9 0.12997601960350744
4 10 0.13891897433849448
4 11 -0.15330907883890138
4 12 0.08027556209814042
4 13 0.20430680218688585
4 14 0.13865927905879222
4 15 -0.02260290026893371
4 16 -0.1313309422124709
4 17 0.1278885480017797
4 18 0.17941584054507248
4 19 0.11903717580642574
4 20 -0.1262183732518287
4 21 0.09719734902041288
4 22 -0.11490431217745745
4 23 0.015755638265113107
4 24 0.06727340103002137
4 25 -0.010989045605546529
4 26 -0.034927942890767234
4 27 -0.020698585683966063
4 28 0.06883938307891466
4 29 -0.015383170332660415
4 30 0.11775821437066654
4 31 0.2152742675458509
4 32 0.046058152872869906
4 33 0.01643172246169177
4 34 -0.03399309776548043
4 35 0.09572426171869113
4 36 0.0990958951055561
4 37 0.0022341274049729846
4 38 -0.08679198325957065
4 39 -0.09753307324722871
5 5 0.0
5 6 0.05470633481538526
5 7 -0.11718894735066991
5 8 0.03432493706538573
5 9 0.03069957585728943
5 10 -0.015328820624243936
5 11 -0.11707103115150932
5 12 -0.11894826190334051
5 13 -0.03872565735290957
5 14 -0.061894979407849125
5 15 0.043432235106428775
5 16 0.0548616402720102
5 17 -0.20109526436888459
5 18 -0.054976411372299985
5 19 -0.10130973374895029
5 20 0.11896519110673606
5 21 -0.04696208552717525
5 22 -0.037488500106504875
5 23 0.0593425377555671
5 24 -0.005536604442417826
5 25 0.07018107216360357
5 26 0.0035710663455345445
5 27 -0.05423033651822932
5 28 0.031167993052672198
5 29 0.025129594385676784
5 30 0.046508206808121594
5 31 -0.24080870037477195
5 32 -0.13597517430423336
5 33 0.01786536132387783
5 34 0.1038617623028559
5 35 0.08381824814859892
5 36 0.07559062836531755
5 37 0.028828465055332198
5 38 0.053187939470263325
5 39 0.10431139726340895
6 6 0.0
6 7 -0.02279507098098435
6 8 0.11789976570568414
6 9 -0.07299121490643631
6 10 0.15136142864323937
6 11 -0.09188929662778433
6 12 -0.04942068061257808
6 13 0.002677899440674207
6 14 -0.15049235750504358
6 15 0.2134135418221396
6 16 -0.026448127544550688
6 17 -0.08615382526617006
6 18 -0.11515137364184391
6 19 0.0044497571512197
6 20 -0.017808954026977786
6 21 0.034899222496563825
6 22 -0.1000093303788105
6 23 -0.11423178952055117
6 24 -0.19572007095115235
6 25 -0.16727209103202745
6 26 0.05615051397696671
6 27 0.012017104296807976
6 28 0.0565246747460552
6 29 0.17063029630320609
6 30 -0.16748440472822126
6 31 0.089517810005747
6 32 0.1012773584288108
6 33 0.15909083816526567
6 34 -0.06071859264361571
6 35 0.12650696864867883
6 36 0.006000584987718062
6 37 -0.01534937535633676
6 38 0.0798573439971704
6 39 0.1645959211909565
7 7 0.0
7 8 0.01492185164969682
7 9 -0.09669916206398349
7 10 -0.0627939472091336
7 11 0.08179460169247782
7 12 0.02913722278030248
7 13 -0.0045901307392321395
7 14 0.0888917737721958
7 15 -0.1315634896319949
7 16 -0.10950207512179944
7 17 0.08652280224915458
7 18 -0.11422065880596599
7 19 0.13698395737666796
7 20 0.07834842465689171
7 21 0.06823274534684193
7 22 0.05153761365981563
7 23 0.13791361480842473
7 24 -0.1556299786746071
7 25 -0.0271016774646497
7 26 -0.004104280572367798
7 27 0.07136745410809553
7 28 -0.05366549201851804
7 29 0.023588343041698146
7 30 -0.0735376969675132
7 31 0.16405248215134496
7 32 0.11398301539082452
7 33 0.0692290049935262
7 34 -0.019026121264244248
7 35 -0.09077832479266987
7 36 -0.006509134553680121
7 37 0.04855466598776463
7 38 -0.021598394588645296
7 39 0.013591315241672827
8 8 0.0
8 9 -0.007867567043739972
8 10 -0.0312897236371577
8 11 0.010809178251698994
8 12 -0.07786675547758387
8 13 -0.060067184662922636
8 14 -0.11510673304620589
8 15 -0.01865639272786896
8 16 -0.010831441939549512
8 17 -0.036685299364218334
8 18 -0.218358257056208
8 19 0.016001800716436
8 20 0.06143120887826736
8 21 -0.01713824952605402
8 22 0.0571062567447523
8 23 0.0656428392250428
8 24 -0.08596754875362987
8 25 -0.10287677805897066
8 26 0.00579430866091434
8 27 0.03648444867731095
8 28 0.040201004520197606
8 29 0.05088683378985005
8 30 -0.006919833565284394
8 31 0.09319427747077776
8 32 0.007699080452204521
8 33 -0.06082827068441079
8 34 -0.19950484416948977
8 35 0.15465959846637994
8 36 -0.18584043325465377
8 37 -0.12113166509735233
8 38 -0.04719667471037574
8 39 0.04468268402934974
9 9 0.0
9 10 0.041473088000511846
9 11 -0.020402687454269944
9 12 -0.07278554158399747
9 13 -0.007496476950812789
9 14 -0.01868355973423009
9 15 -0.004888668448372252
9 16 -0.06617459225134424
9 17 0.07082472328092877
9 18 0.16947467193292987
9 19 0.048680050506330584
9 20 0.014588007421797838
9 21 0.09093015291243292
9 22 0.04303089632593
9 23 -0.11319143498937023
9 24 0.11919247162471683
9 25 0.018040153228889654
9 26 -0.04060051493963403
9 27 -0.00318139707981544
9 28 0.002380490061252318
9 29 -0.0018640290246937443
9 30 0.1462162723163632
9 31 -0.07408850222533067
9 32 0.08439216364871627
9 33 -0.13987774211993836
9 34 -0.0009738791773666874
9 35 0.08079515624575315
9 36 0.13279143671326601
9 37 -0.009111292457388316
9 38 -0.01440132587903838
9 39 -0.011354561614471657
10 10 0.0
10 11 -0.021866417905128804
10 12 -0.02857385225317551
10 13 0.024387800640207995
10 14 -0.09425813595630642
10 15 0.018055174650566705
10 16 0.06772603999049655
10 17 0.11526482463648768
10 18 0.15074564678349225
10 19 0.043682755799797614
10 20 -0.03285846044548357
10 21 0.04391800269741305
10 22 -0.11536770583870051
10 23 -0.06471862344503462
10 24 -0.006247416216120382
10 25 -0.034364691089524675
10 26 0.0889458467007966
10 27 0.10022892947733626
10 28 -0.04756253410158427
10 29 0.19311212259051702
10 30 -0.016124875296230516
10 31 -0.0005661976404889341
10 32 0.1703663325363115
10 33 -0.023699195167831442
10 34 -0.08551260622306898
10 35 0.015726969605200918
10 36 -0.010741696344189118
10 37 0.07952308827959317
10 38 0.07416808889561229
10 39 0.037112900685178946
11 11 0.0
11 12 0.00946510730670527
11 13 -0.08353359428743025
11 14 -0.016996503748258302
11 15 -0.027591820203296907
11 16 0.03538534089739721
11 17 0.0984634622932284
11 18 -0.01736412731318977
11 19 0.005311278764024355
11 20 -0.05558346104149766
11 21 0.030524920602198247
11 22 0.0841541209706411
11 23 -0.030614426700506146
11 24 0.01256660072696728
11 25 0.022154188642272067
11 26 0.024956397681583486
11 27 0.04053412851805187
11 28 -0.07080136399502987
11 29 0.030144740713224
11 30 -0.040210693810758806
11 31 0.025356433502245052
11 32 0.09831782566885666
11 33 -0.02739690940927489
11 34 -0.12760992397106494
11 35 -0.12553241696827663
11 36 -0.11002078769872699
11 37 -0.018475706217534534
11 38 -0.0059195024863671
11 39 -0.0387943323954564
12 12 0.0
12 13 0.04318239110006019
12 14 0.03472579904394237
12 15 -0.00017786670304949196
12 16 -0.04477900606511036
12 17 0.05543921257885278
12 18 0.1077519425471942
12 19 -0.05905306995005273
12 20 -0.11043269296365203
12 21 0.0021933889801739135
12 22 0.03720273169376894
12 23 -0.0034165786572414583
12 24 0.01360023123685818
12 25 -0.0036977701218849105
12 26 -0.03792079216544812
12 27 -0.040843278149543534
12 28 0.03554461000583848
12 29 -0.06816102180569779
12 30 0.026942049507662037
12 31 0.0929878916154179
12 32 -0.10428960991680747
12 33 -0.010703981864129556
12 34 0.048066063534855215
12 35 -0.05565701794834642
12 36 -0.10262155930868488
12 37 -0.029535545679956025
12 38 -0.05356878192743468
12 39 -0.06352406985009643
13 13 0.0
13 14 0.10710940148119337
13 15 -0.04133590736093325
13 16 -0.023313646254097393
13 17 0.012939205589820918
13 18 -0.01405752884801013
13 19 0.05992967700632229
13 20 -0.03733514714468857
13 21 -0.04721952564023728
13 22 -0.05133743422000455
13 23 0.004801782468589095
13 24 0.034716975843666766
13 25 -0.0387208063461742
13 26 -0.02818887614823639
13 27 0.04178243954335971
13 28 0.026217087150961577
13 29 -0.07118436620323926
13 30 0.042500404962641875
13 31 0.16388583689689926
13 32 0.021306830214693234
13 33 0.03513989930602303
13 34 0.051908275386533975
13 35 0.01960398637452164
13 36 0.07349979255793448
13 37 -0.020558759576012352
13 38 -0.018851617873227994
13 39 -0.06037121387841797
14 14 0.0
14 15 -0.07566510686113315
14 16 -0.07979305942509639
14 17 0.022899808504237642
14 18 -0.03255296615779528
14 19 0.15381202518958223
14 20 0.03593340081411191
14 21 0.018296352308292872
14 22 -0.047489054857319614
14 23 0.057944639926409844
14 24 0.041041728795623664
14 25 0.07174213655749875
14 26 0.014044554311624227
14 27 -0.02674337161966204
14 28 0.024528899004486522
14 29 -0.13452875763175384
14 30 -0.08523956169591618
14 31 0.11751498976595147
14 32 -0.0396177819830111
14 33 0.05458207691706859
14 34 0.06816893291865495
14 35 -0.02092701348576128
14 36 0.1685469538387234
14 37 -0.03552706918063327
14 38 -0.09112171013375528
14 39 -0.030920029546228144
15 15 0.0
15 16 -0.04176494868830057
15 17 -0.09523387808420467
15 18 -0.03603624952064777
15 19 -0.07674205669081736
15 20 -0.1168551523878483
15 21 0.0759490665758947
15 22 -0.09068754846822792
15 23 -0.20508401803226567
15 24 -0.028297875638028873
15 25 -0.007973569169714277
15 26 0.0018419765499918521
15 27 -0.15621800986885853
15 28 0.12280046369875472
15 29 0.044894310991465
15 30 -0.15722179976803577
15 31 -0.05902819857584736
15 32 -0.042939932318772224
15 33 0.17308131699293222
15 34 -0.024187977540335224
15 35 0.07921635943229542
15 36 0.028071334300501082
15 37 -0.05422233458879411
15 38 0.013695405952362072
15 39 0.09664308311594358
16 16 0.0
16 17 -0.05000170532672431
16 18 -0.010411152720764986
16 19 -0.11744575158447601
16 20 -0.03083344876045092
16 21 -0.16760310542062065
16 22 -0.03040597395729807
16 23 0.009293744436784419
16 24 0.07482418123576183
16 25 0.014355476425611118
16 26 0.06433400294120238
16 27 0.06788359001007624
16 28 -0.08720479482749109
16 29 0.025673189732406804
16 30 0.0134611461997667
16 31 -0.11635075298565563
16 32 -0.014838009788659012
16 33 -0.04053676832121179
16 34 -0.02760714779995363
16 35 -0.08512082694039422
16 36 -0.09839729900509298
16 37 0.03797906022769892
16 38 0.08779502603006359
16 39 -0.054429165393362275
17 17 0.0
17 18 0.13844237374242277
17 19 0.17645634024982998
17 20 0.0023341983767932195
17 21 0.08755318567814864
17 22 -0.04093815599814317
17 23 -0.02666214132034734
17 24 0.0638244759507381
17 25 -0.01778238089355131
17 26 -0.021406207042015468
17 27 0.11236949216265739
17 28 -0.040974630766143674
17 29 0.05293079042725446
17 30 0.02747821892113079
17 31 0.11454538058791879
17 32 0.22785641610544763
17 33 -0.10898074597823289
17 34 -0.09095922146828586
17 35 -0.03004243104792072
17 36 -0.06421221282348721
17 37 0.08995717141961639
17 38 -0.022916678465417294
17 39 -0.11033225963330869
18 18 0.0
18 19 -0.03339892447607311
18 20 -0.06960825617165214
18 21 0.09501170049870615
18 22 0.045370305641487176
18 23 -0.17719488377960474
18 24 0.14241384942958596
18 25 0.04200013300518025
18 26 0.05051145884011771
18 27 -0.029263184407178854
18 28 -0.05872185396961841
18 29 0.01015539016255074
18 30 0.09640599347483628
18 31 -0.15820337427200193
18 32 -0.029478528410091742
18 33 -0.22865085938428012
18 34 0.1339925672341707
18 35 -0.04284432383254418
18 36 0.1376078304009951
18 37 0.04900370144698965
18 38 0.005970074886855117
18 39 -0.00406533808663421
19 19 0.0
19 20 0.14930368051742945
19 21 0.09503211821587809
19 22 -0.10505634449652242
19 23 -0.017806962596242388
19 24 -0.023608593180758336
19 25 -0.04085772200291063
19 26 0.061303891256409726
19 27 0.08317663774161924
19 28 0.0007241605497393326
19 29 0.0034920515733260103
19 30 -0.1775620984362661
19 31 0.17041514506411498
19 32 0.19879425395738798
19 33 -0.013969979476867397
19 34 -0.0393855577866077
19 35 0.08804637748114182
19 36 0.1909132976685194
19 37 0.007270588543020484
19 38 -0.05774131665408835
19 39 0.03458991100932734
20 20 0.0
20 21 -0.001799321145895799
20 22 -0.059064102239339264
20 23 0.1127092008649792
20 24 -0.03845550968234287
20 25 0.03522260940617981
20 26 0.017616676025055587
20 27 0.05555390725769068
20 28 -0.0038769009991532536
20 29 0.007087836799165963
20 30 -0.05472324635748745
20 31 -0.12628728687073992
20 32 0.009030333654815054
20 33 -0.06569695570870983
20 34 0.11750766490556226
20 35 0.09363095013254466
20 36 0.12673917094315096
20 37 0.08287626491825806
20 38 0.012851622491401232
20 39 0.09409770488849911
21 21 0.0
21 22 -0.0029641432588484186
21 23 -0.0364695081660142
21 24 -0.06184058899636048
21 25 0.04546942416625128
21 26 0.017554989513471966
21 27 -0.06555609923842468
21 28 0.037354199432331384
21 29 0.09463217904420751
21 30 -0.06179411394837884
21 31 0.006879066570824055
21 32 0.06584663766709871
21 33 0.03228831274712356
21 34 -0.06830305478743315
21 35 0.03806304170011192
21 36 0.06430673050365322
21 37 -0.0003783335579250126
21 38 -0.05510178573974781
21 39 0.08953909922574513
22 22 0.0
22 23 -0.02916965396697675
22 24 -0.0006408693892866423
22 25 -0.043080550099180034
22 26 -0.046286269757711364
22 27 0.011787016576867555
22 28 -0.05591051589219577
22 29 -0.0655649788619005
22 30 0.14560290179869434
22 31 0.03371711886010584
22 32 -0.031741283323556906
22 33 -0.11833036475483472
22 34 -0.0017152787617073693
22 35 -0.07475552705793564
22 36 -0.050807286256955894
22 37 -0.10025385240323945
22 38 -0.02063259583205724
22 39 -0.020958867247912686
23 23 0.0
23 24 -0.09437041752918275
23 25 0.10945971621622677
23 26 -0.04134702358571875
23 27 0.02010561005739955
23 28 -0.016112052865500402
23 29 0.0333601193690046
23 30 0.10752120372796581
23 31 -0.019285938258822084
23 32 -0.10386694255731847
23 33 0.06041057450040097
23 34 -0.03388852920909247
23 35 -0.041762357812975034
23 36 -0.1843419769153292
23 37 0.11544956995864053
23 38 -0.0302846067672626
23 39 -0.05365248896484846
24 24 0.0
24 25 0.0745128297598549
24 26 -0.034336138081798834
24 27 -0.00148343754951015
24 28 0.005354185342098334
24 29 -0.113699937816237
24 30 0.12296792713662145
24 31 -0.08771538361558492
24 32 -0.039875494627115135
24 33 -0.14859868803118317
24 34 0.044463239824459724
24 35 -0.001156003774787103
24 36 0.028123013356206643
24 37 -0.02697855748595928
24 38 -0.02463524448474253
24 39 -0.11629605291766594
25 25 0.0
25 26 0.00546010462204928
25 27 -0.08178061234866599
25 28 0.018799574392884745
25 29 -0.0005947631390047744
25 30 0.02395733365649553
25 31 -0.19277241442175502
25 32 -0.128070845747116
25 33 0.01779416995390489
25 34 0.03156343495871304
25 35 -0.050363415780437536
25 36 -0.005812107599205296
25 37 0.04817311842360993
25 38 -0.034872818300964815
25 39 0.00444660170733728
26 26 0.0
26 27 0.005617440731081334
26 28 -0.04259016647039389
26 29 0.06820529463512466
26 30 -0.20429961250569337
26 31 -0.015009297779733293
26 32 -0.006408571311246632
26 33 -0.013410312126939574
26 34 -0.07153609633443347
26 35 0.004815279188775334
26 36 0.06602233519441002
26 37 -0.056114588119776945
26 38 -0.008141831593554699
26 39 0.10737071105516527
27 27 0.0
27 28 -0.09700542044743118
27 29 0.054258310400800924
27 30 0.06594205895161126
27 31 0.10313306963047246
27 32 0.20628613972269286
27 33 -0.07489884502533056
27 34 -0.03088540604413766
27 35 -0.046876375651578546
27 36 -0.027282709355182382
27 37 0.057741403540536085
27 38 0.06681546214165654
27 39 -0.04984762814602048
28 28 0.0
28 29 -0.04242439759337942
28 30 -0.031799311785487616
28 31 0.018266853151264927
28 32 -0.11087872714091893
28 33 0.05202460338548763
28 34 0.010499927640875603
28 35 0.12177273230519496
28 36 -0.015291333873852017
28 37 -0.06693074829249876
28 38 -0.0672474210730151
28 39 0.030586867034985754
29 29 0.0
29 30 -0.0408140245928872
29 31 -0.05372601053536726
29 32 0.14544311043006047
29 33 0.05473543533526186
29 34 -0.13949399301251472
29 35 -0.004753659409768995
29 36 -0.08951766748542458
29 37 0.0938105584462658
29 38 0.07160572427667586
29 39 0.08988753476524428
30 30 0.0
30 31 -0.05867888498271791
30 32 -0.00003473431105751079
30 33 -0.14344646223553872
30 34 0.06472860681937839
30 35 -0.047531603510168614
30 36 -0.13824514223586928
30 37 0.07994094385237208
30 38 0.038187458708342066
30 39 -0.17903212580862965
31 31 0.0
31 32 0.1719601854881286
31 33 0.07076469125494114
31 34 -0.15766583092347441
31 35 0.015843594078610242
31 36 -0.04683175939318392
31 37 -0.13975534919041546
31 38 -0.08564370474654251
31 39 -0.08182726508640234
32 32 0.0
32 33 0.01735034712706128
32 34 -0.12599723755275732
32 35 -0.05249586674323246
32 36 0.06493999085684939
32 37 0.11545937904033929
32 38 0.09962722341992127
32 39 -0.04425961304044694
33 33 0.0
33 34 -0.01769579780395464
33 35 -0.04818724756045373
33 36 0.017976016431293085
33 37 0.054929727554069066
33 38 0.034313220496063127
33 39 0.043386720415079585
34 34 0.0
34 35 -0.02636451611572358
34 36 0.23877652322050227
34 37 0.09675754985792766
34 38 0.059920665652587676
34 39 0.022463320712146042
35 35 0.0
35 36 0.05174139599369848
35 37 -0.08926353511086141
35 38 -0.06418226095757454
35 39 0.0832663084969745
36 36 0.0
36 37 0.0048285040321043955
36 38 0.02339302297917818
36 39 0.125864612426827
37 37 0.0
37 38 0.11353746564305807
37 39 -0.05341253715779125
38 38 0.0
38 39 0.003626465970204705
39 39 0.0
