0 0 0.0
0 1 -0.006658764685378041
0 2 -0.004526776899151834
0 3 -0.004312807023519221
0 4 0.013838610333848584
0 5 -0.019656495313629622
0 6 -0.06905667090994924
0 7 -0.12011035024106557
0 8 -0.0010650224354240593
0 9 -0.036783127069241126
0 10 0.09256581088383273
0 11 0.08529698433224978
0 12 -0.03152403446715748
0 13 -0.0564726199353728
0 14 0.10526070634982676
0 15 -0.11307123726108348
0 16 -0.0502791396646494
0 17 -0.0067732650389583345
0 18 -0.06666128583787204
0 19 -0.0610464574312478
0 20 0.0024024916150289497
0 21 0.027990291786175726
0 22 -0.056435853968547986
0 23 -0.017973102999389985
0 24 0.04821933602236709
0 25 0.005335214835074093
0 26 0.005062582671987047
0 27 0.01554382037307496
0 28 -0.09501668360921908
0 29 -0.04275065278621897
0 30 -0.08422921655152707
0 31 0.009749860161957086
0 32 0.09858039034930009
0 33 -0.12874301275610806
0 34 0.01674842491574976
0 35 -0.03027116934669109
0 36 0.04137254832441238
0 37 0.10268103449976976
0 38 0.039250717103716436
0 39 0.10343583189897938
1 1 0.0
1 2 -0.11537689828154414
1 3 -0.03050793717968748
1 4 0.094598010420263
1 5 0.06398635663024146
1 6 -0.0023129512024598698
1 7 -0.018021620758753236
1 8 -0.06466875938914887
1 9 0.09390819913419851
1 10 -0.06762798350100829
1 11 0.06029058138588948
1 12 0.011900610450014323
1 13 0.06827262971980061
1 14 0.07718036058080083
1 15 -0.04732320713766327
1 16 -0.07116206306125956
1 17 -0.038295876753702524
1 18 0.012592548986836616
1 19 0.03563478889226348
1 20 -0.05126726187880012
1 21 0.080706672352182
1 22 0.0205120718120713
1 23 0.06312443293138151
1 24 0.0653416451808512
1 25 -0.02977142920641391
1 26 -0.0028284194143351833
1 27 -0.05494755121095381
1 28 0.06906900960664815
1 29 -0.0929057523405791
1 30 0.008141118983424603
1 31 -0.09644300071925745
1 32 -0.11349330994376303
1 33 0.049271880699446914
1 34 -0.006398190586708904
1 35 -0.028086228811784252
1 36 -0.028412600748054257
1 37 0.09113491686494343
1 38 -0.015706924360983296
1 39 0.059722102540273825
2 2 0.0
2 3 -0.005004871268953521
2 4 0.0011718954854256398
2 5 -0.10563518147048304
2 6 -0.031105406877062237
2 7 0.012384403928640151
2 8 0.0747093056664849
2 9 -0.03593151683216829
2 10 -0.09495138813203222
2 11 -0.15786005264275188
2 12 0.1269686422497105
2 13 -0.10692214003893005
2 14 -0.08818343754435816
2 15 -0.03485104753499536
2 16 0.029634494623464874
2 17 -0.003999440254166973
2 18 0.11321332910293772
2 19 -0.06642820246480209
2 20 -0.04469568453958582
2 21 -0.017386863167845056
2 22 -0.05016245454185394
2 23 -0.045368129510251674
2 24 -0.16305706630915817
2 25 0.1263817418388614
2 26 -0.02581097732517501
2 27 -0.02555958158061593
2 28 -0.10867912739641084
2 29 0.14936628031849317
2 30 -0.01609261286964781
2 31 0.03673319996227188
2 32 0.07683549401605545
2 33 0.048691502007740264
2 34 0.03762041078997087
2 35 0.02979964482997771
2 36 0.03245916162943881
2 37 -0.045017556747323585
2 38 -0.12888707886923773
2 39 0.006914605897919086
3 3 0.0
3 4 -0.04246995464985889
3 5 -0.038036639266239555
3 6 0.00958503129312824
3 7 0.0585573637191805
3 8 0.008796426478965317
3 9 -0.08597090914694648
3 10 -0.11978925158353468
3 11 -0.0570743955632636
3 12 -0.10533016307087142
3 13 -0.1166366738557224
3 14 -0.007407265026608524
3 15 -0.004698275765357945
3 16 -0.1243342780904714
3 17 0.03654304827865976
3 18 -0.030289736398589305
3 19 0.029368167887132462
3 20 -0.030581557464069004
3 21 0.011837640878882009
3 22 0.003281375851316992
3 23 0.08361148886002293
3 24 0.12277661426932343
3 25 0.0924682252080954
3 26 0.012845781663622675
3 27 -0.030504036167493774
3 28 0.06606488768871013
3 29 -0.029867756074847134
3 30 -0.08922272886155898
3 31 -0.03730833768997856
3 32 0.13982326617091007
3 33 -0.0363150435237775
3 34 -0.04386464044988521
3 35 0.05609150831811026
3 36 -0.08419339874428115
3 37 -0.07469105293407477
3 38 0.06631899826658853
3 39 -0.014422913391028377
4 4 0.0
4 5 0.01530060159174077
4 6 -0.05189495984666098
4 7 0.015197981063513648
4 8 -0.060917538173622124
4 9 0.11148558430457396
4 10 -0.10585122799002152
4 11 0.014247704716664025
4 12 0.039947046646519366
4 13 0.001340784091753745
4 14 -0.02239238458195881
4 15 -0.059994220493228376
4 16 -0.01583796116582955
4 17 -0.0037015165325553884
4 18 -0.024762131395068627
4 19 0.005294970801514502
4 20 -0.0693004297311246
4 21 0.05729748780264855
4 22 0.010296911023445644
4 23 -0.013082476490378914
4 24 0.061943446766243394
4 25 0.030115896574306487
4 26 0.0032471670773898493
4 27 -0.09686283553295635
4 28 -0.017587930376911982
4 29 -0.06729515452526005
4 30 -0.11146954940503599
4 31 -0.08056722120394265
4 32 -0.05462776840132401
4 33 0.07023399141450466
4 34 -0.024537500371792167
4 35 0.01535991606759557
4 36 0.038076678700369966
4 37 0.07978021668804039
4 38 -0.14619831305596775
4 39 0.009275674330872868
5 5 0.0
5 6 0.04038353479733382
5 7 -0.0767604549006686
5 8 -0.04789970202237684
5 9 0.057085584981647786
5 10 0.04306983331160179
5 11 0.10344942588492387
5 12 -0.005666557154373827
5 13 0.04702050076090983
5 14 0.02531688221146163
5 15 0.06828811895728487
5 16 -0.006055632699139193
5 17 0.019070217263954685
5 18 -0.06516340685718776
5 19 0.05916564650062632
5 20 0.039737090345084554
5 21 -0.056463784926528315
5 22 -0.023289980593716383
5 23 0.002115930552241018
5 24 0.1028398650549163
5 25 -0.11161232351667334
5 26 0.016875839719266383
5 27 -0.024852394730199786
5 28 0.08773114882164082
5 29 -0.021351571537192606
5 30 0.040435974407901386
5 31 -0.020331324196716703
5 32 -0.11786517407592863
5 33 0.01864600616803726
5 34 0.0032419435760620502
5 35 -0.014906205561144322
5 36 0.0004667744333936379
5 37 -0.08667853406134848
5 38 0.03018454511827131
5 39 -0.010697571504418784
6 6 0.0
6 7 0.09030450206240996
6 8 0.033976624530898496
6 9 -0.03592791962552795
6 10 0.05161762492663957
6 11 -0.12521196410821478
6 12 0.025187268578573962
6 13 -0.022675809852360486
6 14 0.0036881078711785364
6 15 0.1456996822133303
6 16 -0.005876822158888872
6 17 -0.018608729490091437
6 18 0.016240206900454638
6 19 0.035209366542801455
6 20 -0.01768301964171321
6 21 -0.031178417586748674
6 22 -0.02790363330328466
6 23 0.010100585623114241
6 24 0.03688468290354386
6 25 -0.03676225092203732
6 26 -0.05304627043060459
6 27 0.026328331411150173
6 28 0.07211533088115171
6 29 0.01100295047016336
6 30 0.12405480201611625
6 31 -0.058196420713286914
6 32 -0.12401712584641204
6 33 0.054230040487572316
6 34 -0.0017253853123801494
6 35 0.12222386462183839
6 36 -0.03081763723357165
6 37 -0.10669349770986336
6 38 0.09427530481983062
6 39 0.014503831395319916
7 7 0.0
7 8 0.08214599995383318
7 9 -0.00835447458243017
7 10 -0.031007781248270704
7 11 -0.26483948222726966
7 12 -0.0885856381611415
7 13 0.11116714144830378
7 14 -0.12078668242287909
7 15 0.07047907241138193
7 16 0.04636591448386754
7 17 0.01409560753652816
7 18 0.1021831882847821
7 19 0.0334073088312618
7 20 -0.08950447456679575
7 21 0.08031156408188798
7 22 0.1322214541815218
7 23 -0.04269343335909892
7 24 -0.03476736040756928
7 25 0.09882257995929256
7 26 -0.061898009490400106
7 27 0.01865808971785224
7 28 0.01758436115859912
7 29 -0.15510871781077398
7 30 0.026312596403896375
7 31 -0.07252369239438415
7 32 -0.0672592973055508
7 33 0.09190393286214066
7 34 -0.04898135217666598
7 35 0.17414371581445515
7 36 -0.08915823171198675
7 37 0.10119303450238704
7 38 -0.006321050877420719
7 39 -0.10512476465185923
8 8 0.0
8 9 -0.05167074370502693
8 10 0.06718268153614936
8 11 -0.08763053445654086
8 12 -0.01407965724553124
8 13 -0.0168946308368152
8 14 -0.015929613952690273
8 15 -0.030992746045810295
8 16 0.0057219685084051
8 17 0.013954169526508986
8 18 0.11775314810187446
8 19 0.01360254755152752
8 20 0.018983066369294588
8 21 -0.03171854780577038
8 22 -0.039548038874734945
8 23 -0.05977358924734368
8 24 0.014822596220798245
8 25 0.0512375801518122
8 26 -0.06229179409640341
8 27 0.04042688949714145
8 28 -0.04295989092102874
8 29 0.03206331359925587
8 30 0.02855988330611637
8 31 0.09116823453596064
8 32 -0.034375694134626794
8 33 -0.03288656043804808
8 34 0.08264108321981187
8 35 -0.0007144601593834513
8 36 -0.03845582450728797
8 37 -0.04666164879391515
8 38 0.005143675935054938
8 39 -0.029549043272394847
9 9 0.0
9 10 -0.05392175749557092
9 11 0.07747832032396428
9 12 0.04800748182876734
9 13 0.11358162694089728
9 14 -0.030597412986213695
9 15 -0.00951440102421577
9 16 0.01345195012232624
9 17 0.036353619559020875
9 18 0.010202056183415301
9 19 0.05636341913454074
9 20 -0.03409067784044325
9 21 -0.015692180586635678
9 22 -0.004949629437217478
9 23 -0.04380043615834941
9 24 0.021053063363495376
9 25 -0.06268587183279936
9 26 0.019424551312429286
9 27 -0.09257779972095263
9 28 0.046184929477093885
9 29 -0.05209668376884703
9 30 0.014733357235324138
9 31 -0.04008345193002489
9 32 -0.14640268428413597
9 33 0.0820594504762436
9 34 0.01591750928685861
9 35 -0.03578184115365159
9 36 0.009547805828846592
9 37 -0.02219377782050173
9 38 -0.10282348566432506
9 39 -0.04654840455931503
10 10 0.0
10 11 0.10122036729043504
10 12 -0.09109220235648754
10 13 0.10156139076873072
10 14 0.10040896488765841
10 15 0.05088737459470647
10 16 0.059072940331924374
10 17 0.036508335093319605
10 18 -0.0893011064249436
10 19 -0.013666285799236969
10 20 0.10657661202809916
10 21 -0.09275059319802909
10 22 -0.061602042271039124
10 23 -0.13054375488790304
10 24 0.05889982403803634
10 25 -0.15984161830071478
10 26 -0.018558594135508432
10 27 0.11121712747157175
10 28 -0.053664065985883844
10 29 -0.08400935950240511
10 30 0.09091032611452324
10 31 0.0707253189444949
10 32 -0.07142567110982517
10 33 -0.16266221451486013
10 34 0.05794344218134299
10 35 0.016024510923467745
10 36 0.027840941400568798
10 37 0.015188919326011744
10 38 0.17930429283671606
10 39 0.044031877055062105
11 11 0.0
11 12 -0.07380408552043113
11 13 0.09042512794586274
11 14 0.08612331523798035
11 15 -0.10389159653784977
11 16 0.003513491686670354
11 17 0.05870989692496607
11 18 -0.1201999753408077
11 19 0.05989976723864911
11 20 0.08189210615704699
11 21 -0.05390990773022843
11 22 -0.0350749045174797
11 23 -0.022425838926132438
11 24 0.13413589092928596
11 25 -0.16031683114364595
11 26 0.07611655730872066
11 27 -0.0031588184975347953
11 28 0.026347399873424743
11 29 -0.05446644376563433
11 30 -0.035502995150539604
11 31 0.11257119656791045
11 32 -0.0021099317247006513
11 33 -0.12672009983673183
11 34 0.034118469338983506
11 35 -0.22532388155397726
11 36 0.04752931304814522
11 37 -0.03219893924047876
11 38 0.042517071471584164
11 39 -0.06709390591811967
12 12 0.0
12 13 -0.03263554400725072
12 14 -0.0020257984648364355
12 15 -0.00990546324156466
12 16 0.013584920078186527
12 17 -0.03890189478433654
12 18 0.1135732348226823
12 19 -0.03029726347296986
12 20 -0.11437686892898664
12 21 0.008824500346759025
12 22 -0.08937544125294672
12 23 -0.012694729843189714
12 24 -0.186621360251095
12 25 0.007991891255956316
12 26 -0.02730184924976347
12 27 -0.049716832191900054
12 28 -0.0382884620104185
12 29 0.12427180338401358
12 30 0.13493617023877974
12 31 -0.04105671261832453
12 32 -0.07971465415859101
12 33 0.10243190510018671
12 34 0.04382405196682407
12 35 -0.005285228231386925
12 36 0.05685717271007721
12 37 -0.06441542287220839
12 38 -0.07352127266871492
12 39 0.04636174249596164
13 13 0.0
13 14 0.00017150610918449617
13 15 0.0231895640627654
13 16 0.050240202986786095
13 17 0.07139561480693418
13 18 0.03977549435261393
13 19 0.0645722566102218
13 20 -0.01883295798273657
13 21 -0.026492679258426695
13 22 0.03634441610872027
13 23 -0.09447260504831154
13 24 -0.08055322691598232
13 25 -0.14172057078394013
13 26 0.027461011123350153
13 27 -0.023439580027611664
13 28 0.06311805255837363
13 29 -0.15496191733608694
13 30 0.16126110816724823
13 31 -0.026113734735369442
13 32 -0.17679245481601555
13 33 0.02289888458657133
13 34 0.03030345735159069
13 35 -0.03299684600603885
13 36 -0.046307710767374485
13 37 0.03401475544576598
13 38 0.039805455335287294
13 39 -0.06874333301507728
14 14 0.0
14 15 -0.10164777387125279
14 16 -0.10456722517634003
14 17 -0.035709469669420804
14 18 -0.011024537935816574
14 19 -0.02705628642896577
14 20 -0.06279158243431106
14 21 0.06784213143535033
14 22 -0.07795047680808402
14 23 0.032254662719535164
14 24 0.026011303757595288
14 25 -0.047424373112890814
14 26 -0.017859330418169072
14 27 0.026831042642716962
14 28 -0.02407495376617958
14 29 -0.08203078535717008
14 30 0.06709092722046087
14 31 -0.04717464633459327
14 32 0.004148847892557101
14 33 -0.11461399983151759
14 34 0.033297077154315305
14 35 -0.036911798837081525
14 36 -0.0016296259301988923
14 37 0.0931805643082524
14 38 0.15287766971365185
14 39 0.14268497261716534
15 15 0.0
15 16 0.05361771049139891
15 17 0.026047175472717017
15 18 -0.12556689197725032
15 19 0.018749316618579263
15 20 0.13217780148414324
15 21 -0.1536109164923469
15 22 0.03621283269828277
15 23 0.002074072404145618
15 24 0.021086571815890916
15 25 -0.09875273620267666
15 26 0.03166960301758579
15 27 -0.01637434656004549
15 28 0.1406291056740709
15 29 0.05908455407213803
15 30 0.05836175056840531
15 31 -0.1013209986148759
15 32 -0.10450519071689972
15 33 0.11842485161535657
15 34 -0.0716978020340894
15 35 0.20254779994090438
15 36 -0.031373918636531606
15 37 -0.1669623976815127
15 38 0.02267499068971258
15 39 0.021445544067514265
16 16 0.0
16 17 -0.022441384898347957
16 18 0.002929060737595272
16 19 -0.014755634359947794
16 20 0.08230696105922355
16 21 -0.020479461379026394
16 22 0.0877493972295735
16 23 -0.04874584052059598
16 24 -0.09995353013698938
16 25 -0.021064718661527784
16 26 0.002843088820448652
16 27 0.08298557585709317
16 28 -0.05197362964378891
16 29 0.07197528479143481
16 30 0.006476729213217301
16 31 0.11513147504504137
16 32 -0.006399362317458161
16 33 0.03518923650441088
16 34 -0.016190516391245212
16 35 -0.04910773385674545
16 36 0.0690201375957454
16 37 0.0293214628849452
16 38 -0.06911487413172203
16 39 -0.11912851011830028
17 17 0.0
17 18 -0.029288786515107485
17 19 0.06351312058267393
17 20 -0.007409444713614155
17 21 -0.10485185167280767
17 22 -0.06456106911434371
17 23 -0.09051580285712503
17 24 0.0679254613395591
17 25 -0.0649634918112068
17 26 0.02844698341665148
17 27 -0.07084174870114007
17 28 0.04465985417078795
17 29 -0.05863814082457527
17 30 0.022292650037787735
17 31 0.0013828123660125369
17 32 -0.05162879734148564
17 33 -0.019997781738185515
17 34 0.03216161861110063
17 35 0.015166194593152844
17 36 -0.029967542529372903
17 37 -0.1474355105687489
17 38 0.013002658845655499
17 39 -0.07048766386377635
18 18 0.0
18 19 0.02991258886308552
18 20 -0.12811924411370948
18 21 0.07123540752802363
18 22 -0.030221885520633603
18 23 -0.01710791141391241
18 24 -0.157271453554044
18 25 0.09113396846236836
18 26 -0.08299653493319095
18 27 0.01594158836538356
18 28 -0.04002297673604529
18 29 0.055195301125476506
18 30 0.1553931426817457
18 31 0.07604430664077373
18 32 -0.08536515743777287
18 33 0.054306398586013035
18 34 0.10683814836479626
18 35 -0.09009667797467538
18 36 -0.04304782190033173
18 37 -0.01141953031135241
18 38 -0.03588789567959903
18 39 -0.06976466654168499
19 19 0.0
19 20 -0.015109695554273658
19 21 -0.052632380726456506
19 22 -0.02569911123522508
19 23 -0.0266615641724647
19 24 0.11702468782294795
19 25 -0.05939242553468458
19 26 -0.006148395112303531
19 27 -0.03847662816593576
19 28 0.09542180828330651
19 29 -0.043379936075269236
19 30 0.05464452277772162
19 31 0.030248591269941956
19 32 -0.12624756769104387
19 33 0.02507113693460527
19 34 0.03652780387134674
19 35 -0.041169217669409015
19 36 -0.04392441263654449
19 37 -0.14808495059612675
19 38 0.016233301063330437
19 39 -0.12109714006637085
20 20 0.0
20 21 -0.12974433447778183
20 22 0.08522682003017137
20 23 0.018757443971759026
20 24 0.10877787872161986
20 25 -0.04658062774528867
20 26 0.047951874375602305
20 27 0.06329474037886489
20 28 0.03895582852005687
20 29 0.10859199338235581
20 30 -0.14019902578376553
20 31 0.10765850429257644
20 32 0.03664071471800063
20 33 -0.02177381807352382
20 34 -0.020567775855201354
20 35 -0.018181040676175673
20 36 -0.0033358090082500147
20 37 -0.024911229108014014
20 38 -0.05402593179218329
20 39 0.006868195916189666
21 21 0.0
21 22 0.08146910884825728
21 23 0.0885580677003921
21 24 -0.08041653785506603
21 25 0.11227450595879021
21 26 -0.036665809003163366
21 27 0.05153849418234837
21 28 -0.07681336448625851
21 29 -0.0721751245645528
21 30 -0.030720108898757165
21 31 -0.035111495342842254
21 32 0.09095276522905515
21 33 -0.010684927641395805
21 34 -0.04360162166423066
21 35 -0.04180906297216747
21 36 0.017190512355683082
21 37 0.2550146380916552
21 38 0.009624196312271608
21 39 0.03462959810876228
22 22 0.0
22 23 0.07912010358331248
22 24 -0.03648793074926526
22 25 0.058983557542945576
22 26 0.0235154091337527
22 27 0.06714521140444649
22 28 0.011020248406656684
22 29 -0.012727971013997244
22 30 -0.10479363443755045
22 31 0.017058156552665633
22 32 0.08019571005217221
22 33 0.049034485307701124
22 34 -0.09573658012218622
22 35 -0.005406731101455612
22 36 -0.00844740278038068
22 37 0.1757237064515967
22 38 -0.060601104608018874
22 39 -0.05228317011088666
23 23 0.0
23 24 0.0017056531960101002
23 25 0.06577231630538156
23 26 0.012248929136273033
23 27 0.028560515598177138
23 28 0.04862636982777963
23 29 0.05077022146180762
23 30 -0.054935412633497605
23 31 -0.039021610927642655
23 32 0.09931787411761525
23 33 0.02793326447364562
23 34 -0.06855565552042223
23 35 -0.01438018778556589
23 36 -0.022474416536746256
23 37 0.07673727148952882
23 38 0.01566270012777827
23 39 0.06000995898877225
24 24 0.0
24 25 -0.04687138584260732
24 26 -0.0042553155413987635
24 27 -0.04955356562401041
24 28 0.10688170892134471
24 29 -0.10978031510619665
24 30 -0.198648468481044
24 31 0.015986276402504458
24 32 -0.07491630743092072
24 33 -0.0702063401931069
24 34 0.00511401454488427
24 35 0.0170822716885385
24 36 -0.04561630286084167
24 37 -0.12279283220643222
24 38 0.016546908733812905
24 39 -0.03990577588379672
25 25 0.0
25 26 -0.03727085555739744
25 27 0.015049873587671713
25 28 -0.08348385655669151
25 29 0.055694391317854974
25 30 -0.13244577796774035
25 31 0.015489966635833524
25 32 0.15008097517857286
25 33 0.022893495592731322
25 34 -0.024125759151241277
25 35 0.01561734225077203
25 36 -0.009227699746439893
25 37 0.11739077372955234
25 38 -0.09950676485146207
25 39 0.011928672632778704
26 26 0.0
26 27 -0.029292562996373294
26 28 0.03061724957934735
26 29 -0.0009617903819795914
26 30 -0.041265503177939575
26 31 -0.018201125117518983
26 32 0.04913592615094619
26 33 -0.0020839881707457797
26 34 -0.03677125281226164
26 35 -0.010162112669230774
26 36 0.004594800190436818
26 37 -0.010348139883640979
26 38 -0.014649810775090824
26 39 0.0022995335994065672
27 27 0.0
27 28 -0.06335717424346628
27 29 0.037630835426321216
27 30 0.020208611065936195
27 31 0.11610632123187481
27 32 0.07973611515854913
27 33 -0.07554542348797741
27 34 -0.006758417934812013
27 35 -0.060769545807199774
27 36 0.027744618214793543
27 37 0.09983839223959003
27 38 0.08675213820313207
27 39 -0.027833078680179164
28 28 0.0
28 29 -0.024009697943614933
28 30 0.059228107377616704
28 31 -0.0735336618151132
28 32 -0.12132252124583824
28 33 0.07853182783638718
28 34 -0.022127992742217148
28 35 0.04569748975653895
28 36 -0.08236164102682582
28 37 -0.15708736733138076
28 38 0.03883622012924624
28 39 -0.030688148251151643
29 29 0.0
29 30 -0.005544783822017505
29 31 0.11404197719833839
29 32 0.06355976359456941
29 33 0.06544164571422247
29 34 0.02229849023301839
29 35 -0.056220164145999695
29 36 0.04655355386578281
29 37 -0.13041481765028415
29 38 -0.10449666425110689
29 39 -0.006662659566973782
30 30 0.0
30 31 -0.029391160370675788
30 32 -0.1977144107858057
30 33 0.033632762269987404
30 34 0.08338309873159364
30 35 -0.005838972995370736
30 36 -0.032004616920255836
30 37 -0.14359424805170862
30 38 0.17816134081232102
30 39 -0.021571675699993156
31 31 0.0
31 32 0.05862337045225859
31 33 -0.0873444606108303
31 34 0.0760431117525808
31 35 -0.213172984038717
31 36 0.039903595597384746
31 37 -0.052409097720424715
31 38 -0.026206078935150985
31 39 -0.1771603007535588
32 32 0.0
32 33 -0.11961621543742522
32 34 -0.08948864788765046
32 35 -0.039766256850176984
32 36 0.04162216212214769
32 37 0.16313090814847955
32 38 0.011972515054127194
32 39 0.04197140521095101
33 33 0.0
33 34 -0.0335715452738137
33 35 0.07939367383521388
33 36 -0.015586996572875784
33 37 -0.05981796158304361
33 38 -0.1373648464684599
33 39 -0.02552418558721629
34 34 0.0
34 35 -0.07427873722646652
34 36 -0.012109704308436078
34 37 -0.08535111345063472
34 38 0.00745907302847063
34 39 -0.02212265086064017
35 35 0.0
35 36 -0.0421918854725209
35 37 -0.015970048018818808
35 38 0.022582288698818093
35 39 0.13625919890152677
36 36 0.0
36 37 0.042563321564125164
36 38 -0.04098858547682076
36 39 -0.006275322111790073
37 37 0.0
37 38 -0.026242202418979843
37 39 0.14277255674549394
38 38 0.0
38 39 0.04590464114452131
39 39 0.0
