0 0 0.0
0 1 0.041829592137477646
0 2 -0.012503123017397127
0 3 0.2314669771412532
0 4 0.04030559266664391
0 5 -0.05292980656558934
0 6 0.007463710667861935
0 7 -0.06074029933617957
0 8 -0.0014743376633412806
0 9 -0.038006908689458975
0 10 0.20230364695122124
0 11 -0.05365023912175639
0 12 0.007402648444010743
0 13 -0.044191664384515494
0 14 0.06821514907787876
0 15 -0.0016060189020831888
0 16 -0.08735922510739069
0 17 -0.06090589397903899
0 18 0.01930693760771258
0 19 0.04399352090721526
0 20 -0.05470172716706796
0 21 0.1305116594696872
0 22 -0.0679327882939458
0 23 -0.009691474549579977
0 24 0.10425372337716188
0 25 0.16412676272307924
0 26 0.0990997679171898
0 27 -0.03376593956533111
0 28 -0.024203786887989152
0 29 0.09930623920331164
0 30 -0.021985006631873798
0 31 -0.002463914561843853
0 32 0.0003326402426480575
0 33 -0.10217019710946315
0 34 0.00039241143959099024
0 35 -0.04666701477200827
0 36 -0.022224273251043827
0 37 0.02571605918454258
0 38 0.10915684087966042
0 39 -0.01925178540107806
1 1 0.0
1 2 -0.05205453398900704
1 3 -0.06273533605777479
1 4 -0.09098811786879624
1 5 0.049802428831831266
1 6 0.054841124717016
1 7 -0.09094185284529266
1 8 0.1355304468070477
1 9 -0.07749397796057263
1 10 -0.02847344526272657
1 11 -0.024127801051516382
1 12 -0.01571422009336245
1 13 -0.020006057457974177
1 14 -0.07562819414692716
1 15 0.12358753550691559
1 16 0.033232668310313115
1 17 -0.09673626627431764
1 18 0.037471783380303984
1 19 0.1441264427814405
1 20 0.07008150429144591
1 21 0.17491600072994365
1 22 -0.03543204225252941
1 23 -0.11031315189540995
1 24 0.028804186755435363
1 25 -0.0092708978660858
1 26 0.021700830385420988
1 27 -0.24416735131427786
1 28 -0.09476138825696499
1 29 0.012186060524976335
1 30 0.1470758727721079
1 31 0.12343610036243824
1 32 0.07089809194714305
1 33 -0.051852709896375124
1 34 -0.05396944019582993
1 35 0.04013682763550373
1 36 0.024669608030660723
1 37 0.08899414829141981
1 38 0.09458657885752125
1 39 0.026473535831101347
2 2 0.0
2 3 -0.10850464646278064
2 4 0.07960336808981204
2 5 -0.04841660288750385
2 6 -0.05586571155161457
2 7 -0.05912626021036316
2 8 -0.11172740431082588
2 9 0.07254541171374891
2 10 0.03872645103638287
2 11 -0.01480567374894004
2 12 0.012571453997400422
2 13 -0.043798064697533785
2 14 -0.047053257006599625
2 15 -0.11167305278404822
2 16 -0.005195693970786415
2 17 -0.09847271924600445
2 18 -0.07346274063028815
2 19 -0.030423497329455363
2 20 -0.05886554049732338
2 21 -0.09738370162790112
2 22 -0.025665674493930056
2 23 0.04003020632994847
2 24 0.008410125723100062
2 25 0.13553574890940073
2 26 -0.05314823262024746
2 27 0.13141022280439554
2 28 0.08876746160035609
2 29 -0.000024875656436599673
2 30 -0.0712948982479905
2 31 0.04131898830610701
2 32 0.06322408632677005
2 33 -0.040867397272049064
2 34 -0.0025283263641374424
2 35 0.11584586160163424
2 36 0.0672825675409639
2 37 -0.1063143169463094
2 38 -0.11797186723373691
2 39 0.02715017882367159
3 3 0.0
3 4 0.0805510426022549
3 5 0.03863747719181369
3 6 -0.018683301929804174
3 7 0.0921914550501386
3 8 0.024914121929490614
3 9 -0.1581173449409869
3 10 0.1429877620489331
3 11 -0.04921293713545967
3 12 0.1530180786839675
3 13 -0.1143627316571538
3 14 -0.06489622576948585
3 15 -0.09058688397432323
3 16 0.02056061621771617
3 17 -0.02210073399894185
3 18 0.031693089338041235
3 19 -0.0357520347856621
3 20 -0.060587743813910834
3 21 0.10671978672252
3 22 -0.2120362498718546
3 23 0.03877159915350113
3 24 -0.011186596592870685
3 25 0.06878631425400085
3 26 0.1233950778831451
3 27 -0.00753826483573952
3 28 -0.06042681795124137
3 29 0.06576211427307568
3 30 -0.029857949687895475
3 31 0.0001941210304720219
3 32 -0.06456367052910375
3 33 -0.048147030376651474
3 34 0.021216082198503794
3 35 -0.038397609922779755
3 36 -0.18329398389475376
3 37 -0.1332121140431517
3 38 -0.018108570792295033
3 39 -0.021901263835946393
4 4 0.0
4 5 -0.00967395844740369
4 6 0.14646100478584206
4 7 0.09329026629195063
4 8 -0.14778935159849593
4 9 -0.11270023317684194
4 10 -0.09739145673187975
4 11 -0.018065047513139535
4 12 0.00960407503811743
4 13 0.08659723443434855
4 14 -0.143496280169343
4 15 -0.08384603351704731
4 16 0.02961919486966063
4 17 0.029998130278362328
4 18 -0.07053301432654316
4 19 -0.14768307353160448
4 20 -0.09778265242910097
4 21 -0.05943553952649479
4 22 -0.25189838683424676
4 23 0.17190390772323833
4 24 -0.09475894951681611
4 25 0.12015677269294975
4 26 -0.10101547250281746
4 27 -0.001739133964412324
4 28 -0.037122546732337336
4 29 0.003828963710004533
4 30 -0.147537419914803
4 31 -0.0026605438500842985
4 32 -0.17112247478884218
4 33 0.03650454245099612
4 34 -0.149596441002445
4 35 0.1132634978445652
4 36 -0.11551683416886065
4 37 -0.02339251359988669
4 38 -0.009686255691391987
4 39 0.04937677507052824
5 5 0.0
5 6 -0.1259202368372182
5 7 -0.08598113436115816
5 8 0.016774223093911363
5 9 -0.14952960221070044
5 10 -0.0775690367196453
5 11 -0.010910914470428927
5 12 0.023075201541912636
5 13 -0.12283594847394597
5 14 0.028903812418364143
5 15 -0.016732067867765116
5 16 -0.03278271030330222
5 17 -0.10023231231758241
5 18 0.025813082601382827
5 19 -0.03366879964969004
5 20 -0.004097964603715556
5 21 0.020934186381421548
5 22 -0.16243369347058007
5 23 0.028824402284691648
5 24 -0.0321354410036166
5 25 -0.05970325248780016
5 26 0.029104045896947407
5 27 -0.025556198970216
5 28 -0.06622073337320052
5 29 -0.008205256792633394
5 30 0.04064246414581203
5 31 0.06691770872596683
5 32 -0.10348120570860357
5 33 0.09435531948770252
5 34 -0.10512349495965816
5 35 -0.033130236004053557
5 36 -0.06874651952985218
5 37 0.006231340734005645
5 38 -0.066588341488865
5 39 0.2114286974593377
6 6 0.0
6 7 0.17545446374651213
6 8 -0.030844110706049775
6 9 0.042254974385977535
6 10 -0.06054645192464706
6 11 0.16344112223752877
6 12 -0.03586152618145946
6 13 0.1298252641991094
6 14 -0.07335017727297968
6 15 0.05629008941229156
6 16 0.03305580806383575
6 17 0.2921699756868544
6 18 -0.00529060267225295
6 19 -0.023942715614501293
6 20 0.07760663665164913
6 21 -0.12003438630456612
6 22 -0.16749607724672932
6 23 0.11244632088274123
6 24 -0.06059738149718709
6 25 -0.011605484774406979
6 26 -0.028715454495536197
6 27 -0.13687309765838282
6 28 -0.043312053486225244
6 29 0.06234734560158102
6 30 -0.01708128752925421
6 31 -0.07619782627354195
6 32 -0.1592647808300911
6 33 -0.08150222298999446
6 34 0.054218810297149
6 35 0.01684433186592519
6 36 0.09259539135094709
6 37 0.0005017967238306767
6 38 0.11246895836337925
6 39 -0.030279489899543426
7 7 0.0
7 8 -0.05583649806056137
7 9 0.024841112906573686
7 10 -0.058109906004579284
7 11 0.038020156900728734
7 12 0.047551532283742155
7 13 0.09476452618050384
7 14 -0.15553144993653462
7 15 -0.05522009627245335
7 16 0.13014939601587655
7 17 0.22410815137494255
7 18 -0.010242967665244438
7 19 -0.04943210611097632
7 20 0.04466986835513127
7 21 -0.03707113256195087
7 22 -0.10371969030677397
7 23 0.1009569930022433
7 24 -0.13700377696292693
7 25 -0.05868444324595764
7 26 -0.01615655693375995
7 27 0.01638167725381624
7 28 -0.022264254801657904
7 29 0.016124637887171316
7 30 0.012025720451532884
7 31 -0.028156711299256565
7 32 -0.10237791260751808
7 33 -0.009164243797832735
7 34 0.046889138708206685
7 35 -0.022950684386257844
7 36 -0.04683994216867799
7 37 -0.10008601681873301
7 38 -0.025711315209527928
7 39 -0.06315829868371411
8 8 0.0
8 9 -0.09148890268244333
8 10 -0.03268069125657944
8 11 0.000015355164689769344
8 12 -0.029656748807235078
8 13 -0.11124780522416891
8 14 0.08119415555818373
8 15 0.06334358638260303
8 16 -0.051205000247963206
8 17 -0.033291648581064766
8 18 0.0717104611276421
8 19 0.050759101327274445
8 20 0.025091579928182405
8 21 0.052661669322669524
8 22 0.07214852031151618
8 23 -0.10709797945394124
8 24 0.11796429207361281
8 25 0.009440187246778097
8 26 0.04266164458554783
8 27 -0.0817964852966409
8 28 -0.11326426611036886
8 29 0.01647116922789372
8 30 -0.011476559096425112
8 31 -0.04325192072098633
8 32 0.048493157580395525
8 33 0.06424894546697806
8 34 0.06775338146398127
8 35 0.030001034886138755
8 36 0.02986388595963732
8 37 0.090125892865724
8 38 -0.01198990962172925
8 39 -0.10304078751800101
9 9 0.0
9 10 0.0852800992645757
9 11 0.14012755155702972
9 12 -0.015892867807936036
9 13 0.1417368181774283
9 14 0.20370929962229187
9 15 0.019175345811625562
9 16 -0.012823413182779922
9 17 0.05963072963671456
9 18 -0.16311931411485708
9 19 0.19752442845982232
9 20 0.04412836986892846
9 21 -0.05817352002550792
9 22 0.1844394733296393
9 23 -0.05589457420426395
9 24 0.0653707525093383
9 25 -0.045330317219557006
9 26 0.024863048950499008
9 27 0.1756266234196328
9 28 0.07782677521018397
9 29 -0.0839059286489198
9 30 0.08280941900720418
9 31 -0.016737788331998366
9 32 0.08952560453619646
9 33 -0.1499650492876833
9 34 0.0649437811763412
9 35 0.02902057561600061
9 36 0.17635076877124636
9 37 -0.029985119028205526
9 38 0.09520812859804464
9 39 0.05129972521437948
10 10 0.0
10 11 -0.02826555329667265
10 12 -0.008559007168578818
10 13 -0.10941142347029038
10 14 0.1238869769290986
10 15 0.014571929046601784
10 16 -0.07468798378030915
10 17 0.01804947957535807
10 18 0.06481417421555942
10 19 0.05425515868768044
10 20 -0.019876315299047494
10 21 0.07099848005514194
10 22 0.11267413503454418
10 23 -0.07466732564245777
10 24 0.11575061731847995
10 25 0.04988042671779791
10 26 0.12024029727883274
10 27 0.00798603174191242
10 28 0.11195963619496682
10 29 0.029472217779851862
10 30 -0.004714640623139447
10 31 0.0615028995175271
10 32 0.09168764134436548
10 33 -0.17722512573241295
10 34 0.07580955321940194
10 35 -0.12726673683685424
10 36 0.1018139918256085
10 37 -0.19358995718444288
10 38 -0.05888651146891073
10 39 -0.08330276645676207
11 11 0.0
11 12 0.05804148724669973
11 13 0.08974362016786461
11 14 0.06687034576022524
11 15 0.002064433800537791
11 16 -0.055116513696762306
11 17 0.12034407518936938
11 18 -0.10449821275370859
11 19 -0.017252308661766073
11 20 0.06270739943090049
11 21 -0.1756656296631307
11 22 -0.06696612960178645
11 23 0.1194469224779465
11 24 0.002478266701310462
11 25 0.007807119946519987
11 26 0.10837903598258995
11 27 0.013008939029971458
11 28 -0.04642584656341053
11 29 0.03786878917852436
11 30 -0.06314797519799416
11 31 -0.15329623783803087
11 32 -0.1552174017328814
11 33 -0.1317551201787189
11 34 0.1745378637139327
11 35 0.11192326535205326
11 36 0.10857326626754096
11 37 0.04951216653602055
11 38 0.07044997687090365
11 39 0.06895675078409638
12 12 0.0
12 13 -0.028267971374508268
12 14 -0.12727125191418104
12 15 -0.06334989285579776
12 16 0.1539679271241417
12 17 -0.12170046978940578
12 18 -0.06835462958657199
12 19 0.005179067104478242
12 20 -0.030901069723580154
12 21 -0.031314037515712566
12 22 -0.11969682488055688
12 23 0.04821898094845527
12 24 -0.09079251026231694
12 25 0.03423476365814671
12 26 0.01878184574573072
12 27 0.05874366756310247
12 28 0.02647212161824186
12 29 -0.03086658739473349
12 30 0.03738780212632214
12 31 -0.058270319661748005
12 32 0.03845940623009801
12 33 -0.010696511088504283
12 34 0.020617434606703507
12 35 0.11688141370685476
12 36 -0.1746507846625844
12 37 0.009351127368249152
12 38 -0.02762246020691242
12 39 0.10759383141227882
13 13 0.0
13 14 -0.13035759450972728
13 15 0.01741399216924319
13 16 0.000495415609877976
13 17 0.0603999906159887
13 18 -0.195495577238364
13 19 0.02000884406095848
13 20 0.01875611143625542
13 21 0.10338306679899043
13 22 0.09048260579961118
13 23 0.08890376434802794
13 24 -0.0873839244131153
13 25 0.01473953140144384
13 26 0.016717329752705255
13 27 -0.01816559568088459
13 28 -0.10252393753250247
13 29 -0.026905717442473796
13 30 0.02199162744054709
13 31 -0.009214554445190516
13 32 -0.12483191462099015
13 33 -0.06670127812210319
13 34 -0.0017222054335773369
13 35 0.09597626238049053
13 36 -0.06983276348283304
13 37 0.18362224305142222
13 38 0.20114240596928507
13 39 -0.07223797974851391
14 14 0.0
14 15 0.11281260651264288
14 16 -0.149428501945493
14 17 -0.005875867033006089
14 18 0.07915304824241123
14 19 0.15180957738358497
14 20 -0.015253258727058728
14 21 -0.08780311623589213
14 22 0.16921732468755363
14 23 -0.16673594338580364
14 24 0.2656562411585498
14 25 -0.0819114575881111
14 26 -0.002388463027708472
14 27 0.14005941379220405
14 28 0.07977823360629707
14 29 -0.06742456578923592
14 30 -0.07763171357902289
14 31 -0.09939930923568623
14 32 0.12120533020943178
14 33 -0.020340434250997706
14 34 -0.06621823010694683
14 35 -0.1120545391698059
14 36 0.26290032298697974
14 37 -0.003507226864223207
14 38 0.07935551664831161
14 39 0.13770687838687592
15 15 0.0
15 16 -0.009166746124405155
15 17 0.00943322553739159
15 18 0.059472823074560185
15 19 0.08662300870846294
15 20 0.02824174042132389
15 21 0.016120531332990844
15 22 0.1371002089181677
15 23 -0.12548193941857633
15 24 0.06165208409212357
15 25 -0.11250257721459767
15 26 -0.04461168584181655
15 27 -0.16517064326457714
15 28 0.04882859883933913
15 29 -0.08584912400732517
15 30 0.06550998914407254
15 31 0.008522553252450849
15 32 0.0897199809226212
15 33 -0.007529863056580299
15 34 -0.061060674219185165
15 35 -0.050395842569165586
15 36 0.04119869892419667
15 37 0.07714569351621656
15 38 0.09434073132862267
15 39 -0.004153009101225091
16 16 0.0
16 17 -0.012787225347663378
16 18 0.05537495427731086
16 19 0.009788016270634577
16 20 -0.023924605925053535
16 21 0.053348862505599295
16 22 -0.06302985946988716
16 23 0.04060366116267808
16 24 -0.1779417233421479
16 25 -0.028958077484828194
16 26 -0.1170226481135707
16 27 0.0551944965072063
16 28 0.08136353303630123
16 29 -0.10231312151347824
16 30 0.043755300018966714
16 31 -0.02912383948330847
16 32 0.09849300027634228
16 33 0.05801454472002428
16 34 -0.15553376881245728
16 35 0.046973402022794805
16 36 -0.1804624556622595
16 37 -0.01957146453448498
16 38 -0.13676802765230062
16 39 0.1258556360871197
17 17 0.0
17 18 0.12235605659703705
17 19 -0.0972351391408324
17 20 0.13393062766772607
17 21 -0.11235685569684832
17 22 -0.04836883322230326
17 23 0.1164467707381009
17 24 -0.06509778759973342
17 25 -0.11922796969832153
17 26 0.04018220789756355
17 27 -0.05564566332030546
17 28 -0.008465746679794271
17 29 0.11696460287664319
17 30 -0.03158326216033488
17 31 -0.050077828066791265
17 32 -0.20466494563420823
17 33 -0.06875218833508052
17 34 0.1559810221486941
17 35 -0.20580992522345784
17 36 0.2034578362250623
17 37 -0.1723349013831214
17 38 -0.036486764363282964
17 39 -0.14073776570958904
18 18 0.0
18 19 -0.07939240822614888
18 20 0.046832074034239245
18 21 -0.009280448841241889
18 22 0.03042598109391371
18 23 -0.0732140685560899
18 24 0.025148934448496717
18 25 -0.10643160019705081
18 26 -0.03522798493235909
18 27 -0.08893548009858607
18 28 0.09147004557664169
18 29 0.07497574209875903
18 30 -0.04955691187200155
18 31 -0.02435719109297883
18 32 0.08846171047837961
18 33 0.04503220711371464
18 34 0.008396221578989173
18 35 -0.22198469081910205
18 36 0.1039293169227696
18 37 -0.12222329053975241
18 38 -0.09420661967766304
18 39 -0.08392652639592482
19 19 0.0
19 20 0.040151149439824736
19 21 0.09698809481940278
19 22 0.09608675519579188
19 23 -0.16899372988022152
19 24 0.089601564366219
19 25 -0.06230969378045931
19 26 0.009065063330154884
19 27 0.009571132052117492
19 28 0.001132677244419424
19 29 -0.08214766779620221
19 30 0.1890649800582071
19 31 0.07295473330813465
19 32 0.16630545074393716
19 33 -0.06408506525284373
19 34 -0.04418234037419395
19 35 0.009950665256849558
19 36 0.060693317297676644
19 37 0.043323527006254484
19 38 0.14318453583992344
19 39 0.08690942735365005
20 20 0.0
20 21 -0.027785046378539846
20 22 0.006260152852133695
20 23 -0.02294827197280632
20 24 -0.018897122554049205
20 25 -0.11324033155309847
20 26 0.04371736044494612
20 27 -0.061179323714051694
20 28 -0.01949909631162243
20 29 0.072600764598974
20 30 0.09857906076847825
20 31 0.0006678156797937482
20 32 -0.01088919712802368
20 33 -0.041413434259396385
20 34 0.12711520709067978
20 35 -0.09126202852825352
20 36 0.11852025554666683
20 37 -0.016628323633253905
20 38 0.07542643082341013
20 39 -0.041202430371926856
21 21 0.0
21 22 0.10518658155666619
21 23 -0.055738913084223594
21 24 -0.0011774483690657517
21 25 0.06646266110463286
21 26 0.11431022363361512
21 27 -0.08044075646469284
21 28 -0.15666376760029713
21 29 -0.010922705198330562
21 30 0.07520221204155872
21 31 0.1946494776701541
21 32 -0.007913667002603582
21 33 -0.05553378534044438
21 34 -0.14125178345155792
21 35 -0.042940423688742
21 36 -0.13781283464955435
21 37 0.04556768532406635
21 38 0.01431356999721225
21 39 -0.07875579341658819
22 22 0.0
22 23 -0.22555623854045642
22 24 0.13747149989372626
22 25 -0.10532288491998638
22 26 0.0016997703935806544
22 27 0.011871867128669963
22 28 0.11531577540673758
22 29 -0.12756684653876216
22 30 -0.0008108135289763253
22 31 0.027857957812984047
22 32 0.2536430803415995
22 33 -0.05263197013719471
22 34 0.06057911954557845
22 35 -0.06665060319073411
22 36 0.11342117204277288
22 37 0.018117209449417405
22 38 0.011258953191426082
22 39 -0.2613114402240074
23 23 0.0
23 24 -0.13670326158825183
23 25 0.13898053667432606
23 26 0.04550100209716419
23 27 0.06452826020799692
23 28 -0.08376217256305413
23 29 0.09479880874543559
23 30 -0.09649363392872254
23 31 -0.0847157850975797
23 32 -0.2766190544436429
23 33 0.011231646705947862
23 34 0.02553859431953421
23 35 0.061230666896068583
23 36 -0.0934747579593471
23 37 0.052605160132836615
23 38 -0.06485420543524431
23 39 0.08015281980290291
24 24 0.0
24 25 0.034018167016997065
24 26 0.037262826490950515
24 27 0.005698600039414804
24 28 0.005995848449429474
24 29 0.00016333594730527553
24 30 -0.05548417603734403
24 31 -0.011873024029722882
24 32 0.10088472800777137
24 33 -0.04769570902232169
24 34 0.032806211870485484
24 35 -0.012939125113778597
24 36 0.15769766545525657
24 37 0.002551147738774483
24 38 0.05869593417996436
24 39 -0.05906905944366123
25 25 0.0
25 26 0.0563100196787254
25 27 0.08345271040115988
25 28 -0.0893759082369331
25 29 0.08303992559820864
25 30 -0.13061244498660035
25 31 -0.05462115040452555
25 32 -0.09953397250373688
25 33 -0.017981897220761017
25 34 -0.004261039419254693
25 35 0.16564915792470197
25 36 -0.09352262574662593
25 37 0.12560892956371794
25 38 -0.04456768751991903
25 39 0.005697126274299622
26 26 0.0
26 27 -0.012602219351633687
26 28 -0.10685163767036683
26 29 0.10711686636144706
26 30 0.011697787843451154
26 31 0.016098940581444676
26 32 -0.12087893751780188
26 33 -0.13496295902880517
26 34 0.16226594778947853
26 35 -0.03959236807714593
26 36 0.0354176219826142
26 37 -0.02067699933464572
26 38 0.020678154944187826
26 39 -0.05987927180338557
27 27 0.0
27 28 0.04753691414329591
27 29 -0.011549415097586488
27 30 -0.06668773045627194
27 31 -0.10217653764808707
27 32 0.030284132759643582
27 33 0.04597353360351138
27 34 0.0036820546250009843
27 35 0.04399910135475467
27 36 0.0041406308845769344
27 37 -0.014116117010772533
27 38 -0.08172362085703919
27 39 0.11842567626823139
28 28 0.0
28 29 -0.08178595415474378
28 30 0.005510402217360733
28 31 -0.020176116418223054
28 32 0.2062007039782067
28 33 -0.017444632970780825
28 34 -0.014536950462406
28 35 -0.07504870952522638
28 36 0.05934226981380593
28 37 -0.14074428168314512
28 38 -0.0782117815480983
28 39 0.020993998427954304
29 29 0.0
29 30 -0.022988139493130968
29 31 -0.06966020575577772
29 32 -0.11842897182862255
29 33 -0.03237717859178231
29 34 0.18686362508670679
29 35 -0.0922950976264468
29 36 0.08645870992611163
29 37 0.034747288556650505
29 38 0.07246454154622325
29 39 -0.08138173905250466
30 30 0.0
30 31 0.1080169865760962
30 32 0.08617460612704866
30 33 0.006024888922635705
30 34 0.008935815487485083
30 35 -0.08154376761848012
30 36 -0.03743514162868612
30 37 0.06047631398666895
30 38 0.12258364177438208
30 39 0.0989217467907086
31 31 0.0
31 32 0.02494892158106316
31 33 -0.061829700552439595
31 34 -0.11829976640364386
31 35 -0.04385377024814317
31 36 0.0052527581228452
31 37 -0.20068823458771384
31 38 -0.09036243141088683
31 39 -0.035789816120772436
32 32 0.0
32 33 0.0014582506258922886
32 34 -0.028666193171138298
32 35 -0.01000973728009227
32 36 0.05114471975141566
32 37 -0.05544806356136921
32 38 0.02083822437004642
32 39 -0.05571188148932389
33 33 0.0
33 34 -0.11499664178337883
33 35 -0.0018039445296262329
33 36 -0.13730187112602346
33 37 0.15658577605186044
33 38 -0.044574822919502224
33 39 0.08390036090861505
34 34 0.0
34 35 -0.045015833670973525
34 36 0.15974951389228356
34 37 -0.027543837771111086
34 38 0.0675001022021098
34 39 -0.2224106969797217
35 35 0.0
35 36 -0.129599738329435
35 37 0.12846876993269665
35 38 0.002014470535311883
35 39 0.059763974029241794
36 36 0.0
36 37 -0.17775205349623568
36 38 0.03107914806936308
36 39 -0.09615338842004187
37 37 0.0
37 38 0.2884348250467536
37 39 0.11895173839177606
38 38 0.0
38 39 0.008131158725221094
39 39 0.0
