0 0 0.0
0 1 -0.016747579916123495
0 2 0.06142020414879863
0 3 -0.1404421268317822
0 4 0.2283189848970013
0 5 0.04451114866700086
0 6 -0.14166733445652785
0 7 -0.059249738799712334
0 8 0.027333021362255343
0 9 -0.11576984124265692
0 10 -0.016356908994565992
0 11 0.12393121187708075
0 12 0.04829541045417298
0 13 -0.0682859771942036
0 14 -0.08054841985728856
0 15 -0.007878619711222242
0 16 -0.07629796030580102
0 17 -0.04114368864137104
0 18 -0.16235277341093352
0 19 -0.08898211141753194
0 20 0.08238067710813451
0 21 0.0492618241040493
0 22 -0.09717947364050195
0 23 -0.030138464392157432
0 24 -0.005358857809328517
0 25 0.02931709745201399
0 26 -0.008949188119052442
0 27 0.00041072876481308533
0 28 -0.04786390581699262
0 29 0.08947104060654995
0 30 0.17673281332215526
0 31 -0.032762336465239364
0 32 -0.07097226155263461
0 33 0.07080249756068377
0 34 -0.09166990414270376
0 35 0.0776728982476541
0 36 0.02640262320739879
0 37 -0.12140516656081246
0 38 0.22483051768431647
0 39 0.20670706235715874
1 1 0.0
1 2 0.11546157533245538
1 3 0.06615337335686272
1 4 -0.01709530483302369
1 5 0.02979207655388761
1 6 -0.09059179848260691
1 7 -0.04207586953722503
1 8 -0.033878890888448185
1 9 -0.0023095582406911794
1 10 0.06326470709911498
1 11 -0.05816750890251132
1 12 -0.010938025068864425
1 13 0.03321052739678591
1 14 -0.03427020014222277
1 15 -0.018815808925341435
1 16 0.025537669243589977
1 17 0.04896951756524021
1 18 0.0008669250731491175
1 19 -0.035513813961669916
1 20 0.012496369841467552
1 21 0.06779606531516037
1 22 -0.026691377419023877
1 23 -0.05376698315239168
1 24 0.1096548346997833
1 25 -0.0004738903821581075
1 26 0.0004270361666602387
1 27 0.012377188714663711
1 28 -0.002449231429812509
1 29 0.03278413813632121
1 30 -0.0019807196215522733
1 31 0.04964989383212722
1 32 0.010740891351932215
1 33 0.03802038374761186
1 34 0.031175523256321287
1 35 -0.05221780989160642
1 36 -0.08331214739835033
1 37 0.027079178047436564
1 38 0.025977635044073234
1 39 0.05389794375132732
2 2 0.0
2 3 0.1519743061203483
2 4 0.18350554415595635
2 5 -0.01983044324415403
2 6 -0.07565694327513967
2 7 0.0242423021373354
2 8 -0.06601862511511414
2 9 -0.013439809317894121
2 10 0.027495848016965564
2 11 -0.007307346239790677
2 12 0.08012580762858382
2 13 0.1284554198188807
2 14 -0.0309549218264187
2 15 0.06566068625341545
2 16 -0.06715826967637145
2 17 0.06230607661371802
2 18 -0.028396356603965937
2 19 0.05207135088170286
2 20 0.0527712714370039
2 21 0.0856453282943669
2 22 -0.004667955668402755
2 23 -0.07152521830512756
2 24 0.21513777083602034
2 25 -0.07226024994273525
2 26 -0.0951726032862219
2 27 0.07034542530836771
2 28 -0.09106926638429837
2 29 0.09541487183751014
2 30 -0.06013292045478262
2 31 0.22426216068312516
2 32 0.06158641434151389
2 33 0.11435574568756961
2 34 0.1573785169964306
2 35 0.03318023555844566
2 36 -0.08845759645180146
2 37 0.07023498331295401
2 38 0.02666091401986872
2 39 0.09080260761398803
3 3 0.0
3 4 0.09916973961939415
3 5 0.05280084669494496
3 6 0.017458425799333925
3 7 -0.008339933085395549
3 8 -0.0806345707637865
3 9 0.08374366404903355
3 10 0.03790445111810702
3 11 0.010248299698738556
3 12 0.022840850190726354
3 13 0.09059570056197884
3 14 0.047632054584785644
3 15 0.04361351113331873
3 16 -0.0073044168647047256
3 17 0.03766537326904462
3 18 0.033407959988196914
3 19 0.05958664119042771
3 20 -0.04834309292804333
3 21 -0.0476847773232999
3 22 0.04452508717752836
3 23 -0.003662159800608853
3 24 -0.0007419751755308689
3 25 -0.06974539651115108
3 26 -0.06486798649376739
3 27 0.06696596797545865
3 28 0.01645310371642444
3 29 -0.041603165712627566
3 30 -0.043367481497218224
3 31 0.12076151045808214
3 32 0.024414244070551067
3 33 0.11772154837369893
3 34 0.11418016732215726
3 35 -0.06635972664907888
3 36 -0.016861226660612218
3 37 0.055503912199779334
3 38 -0.05151785779192346
3 39 -0.012412521480339337
4 4 0.0
4 5 0.0885224574459616
4 6 0.023103033392548367
4 7 -0.0011918306852350185
4 8 -0.03739407883279168
4 9 0.03452851176122719
4 10 -0.06258570260633803
4 11 0.1830184719948959
4 12 0.057055930931937525
4 13 0.04944243455822327
4 14 0.018397544535926923
4 15 0.0757125317926973
4 16 -0.04548642428869182
4 17 -0.03192538169185694
4 18 -0.06348997629561622
4 19 0.04667159442519241
4 20 -0.027195240750194822
4 21 -0.09150559863303451
4 22 0.020990229751205534
4 23 0.05017214954583861
4 24 -0.11292775298980744
4 25 -0.05673517978915704
4 26 -0.08642708871224322
4 27 0.06659815233105834
4 28 0.013657474495593852
4 29 0.0044388064028687965
4 30 0.06993553954244912
4 31 0.07007679169055356
4 32 0.02183607498883411
4 33 0.20217899232630035
4 34 0.03770819849816302
4 35 0.06924816336597943
4 36 0.046669375046650696
4 37 -0.010740962034556746
4 38 0.04838360827219486
4 39 0.11266173278062663
5 5 0.0
5 6 -0.052790577309683485
5 7 -0.04308198530030068
5 8 -0.012820745550525347
5 9 0.020505040239566574
5 10 -0.01571640253138955
5 11 0.057841001459410214
5 12 -0.023319183158655804
5 13 0.00913052719998069
5 14 -0.01824780223533045
5 15 -0.06562303289679658
5 16 0.03197493293087561
5 17 0.016787907798101704
5 18 0.003582075628503518
5 19 -0.03433258383864675
5 20 0.0004885198008120247
5 21 0.027127154309702785
5 22 0.0031199577890986016
5 23 -0.015427974086804333
5 24 -0.041134459437422236
5 25 0.02564413386509045
5 26 0.016218214763088875
5 27 0.01925885884787145
5 28 -0.007549497655224587
5 29 -0.016985209930790605
5 30 0.08736019259655907
5 31 -0.004862979167764072
5 32 -0.05770366852713682
5 33 0.12431900051789277
5 34 0.022103910819269677
5 35 -0.05103707462912521
5 36 -0.025264432865196484
5 37 -0.034496508695940335
5 38 0.09596978464590708
5 39 0.056013987637007844
6 6 0.0
6 7 0.18545020333376433
6 8 0.009188175103777303
6 9 0.10124399321978891
6 10 -0.11497731197065544
6 11 0.045482987688771646
6 12 -0.005390797858669494
6 13 -0.017858595662364286
6 14 0.1256510299140588
6 15 0.019150990922324466
6 16 0.03870277616104403
6 17 -0.04122866748313045
6 18 -0.025189631904592714
6 19 0.16751004397553004
6 20 -0.024187659491588763
6 21 -0.13864291659899874
6 22 0.0899386670022004
6 23 0.09713987660724804
6 24 -0.16334795528700824
6 25 0.012803287102126151
6 26 -0.022811665023504075
6 27 -0.0015448841421540338
6 28 0.11101241743879837
6 29 -0.07030063851733119
6 30 -0.07641647373301808
6 31 -0.02404767514912093
6 32 0.09167354495232985
6 33 -0.01976402049879112
6 34 -0.06642462289152444
6 35 0.053928116329939026
6 36 0.09828943566896012
6 37 0.045695532638195785
6 38 -0.17762258386894958
6 39 -0.03741486940572229
7 7 0.0
7 8 0.020111586208004652
7 9 0.036341375630393614
7 10 -0.15274634773087334
7 11 0.014060708649444104
7 12 0.025352425117594713
7 13 0.0026682234851661863
7 14 0.0764050606919644
7 15 -0.05738099783101356
7 16 0.009180780868503864
7 17 0.008051615457672034
7 18 -0.07813023450244586
7 19 0.18119510928050123
7 20 0.10278836492012193
7 21 0.024142604452457243
7 22 0.059579268738506955
7 23 0.003349087866065848
7 24 0.026802143286058438
7 25 0.05676671212216272
7 26 -0.017175838392989997
7 27 0.0010387189924824037
7 28 0.005374057380394296
7 29 0.02201323068039917
7 30 -0.07290782007959305
7 31 0.0628535966568148
7 32 0.08699660426484304
7 33 -0.006802190364302777
7 34 -0.029234073579947
7 35 0.08591669789327497
7 36 0.03148810878445448
7 37 0.04474274165756803
7 38 -0.08387867137721944
7 39 0.04799260965946112
8 8 0.0
8 9 -0.023489493307190773
8 10 -0.05231247126451942
8 11 -0.01845041572356484
8 12 -0.057388402279402076
8 13 -0.007773049674320143
8 14 -0.04838140045510728
8 15 0.00036249353047443036
8 16 0.07763718660818361
8 17 -0.03031281903214374
8 18 0.03453709187076403
8 19 -0.005752384726525657
8 20 0.016640067992298183
8 21 0.05218724623289918
8 22 0.045535044689863614
8 23 0.0507921742812016
8 24 0.02854635345976248
8 25 0.06055247268904233
8 26 0.042207966229504214
8 27 -0.05638975115316318
8 28 -0.028352954775760254
8 29 0.05086501451678793
8 30 -0.016892300016743127
8 31 -0.047868233035731
8 32 -0.01068155455349366
8 33 -0.058297040467053064
8 34 0.0033927151224737626
8 35 0.06820332284390636
8 36 -0.05168391015904443
8 37 -0.017927452615159725
8 38 0.019155909090710455
8 39 0.0087085596494722
9 9 0.0
9 10 0.02027372499361029
9 11 0.01655875157824569
9 12 -0.031874436581283895
9 13 0.015899265107007003
9 14 0.09247552828308397
9 15 0.0643995429897496
9 16 0.05999011804742679
9 17 -0.03223129204809037
9 18 -0.026588440875886667
9 19 0.10691158310579454
9 20 -0.05863743147695403
9 21 -0.1274276965542863
9 22 0.10121309910330974
9 23 0.09176291326736971
9 24 -0.14066422673316697
9 25 -0.012608880653124646
9 26 -0.04438706502995629
9 27 0.022553700593548352
9 28 0.10102830734340504
9 29 -0.07377240426928991
9 30 -0.025398216145459895
9 31 0.028242914371203614
9 32 -0.015313722145228225
9 33 0.043923721194734436
9 34 0.01916646493481869
9 35 -0.0621566333098366
9 36 0.0377181368023723
9 37 -0.015504755463889913
9 38 -0.0675312602478647
9 39 0.03040794620444277
10 10 0.0
10 11 -0.05530504499572947
10 12 -0.0042667531341223745
10 13 0.004499936533174269
10 14 0.007285375007712269
10 15 0.08653930496629729
10 16 -0.020632547298949262
10 17 -0.00672849045209419
10 18 -0.02009353474263839
10 19 -0.04985364805870619
10 20 -0.059129479351877436
10 21 -0.05626122824824682
10 22 -0.0058033096906248026
10 23 0.0029728378229512942
10 24 -0.017939117552291307
10 25 -0.05849430453623047
10 26 -0.03692021569423008
10 27 0.025034082659532712
10 28 0.028756009312659942
10 29 -0.03869366838669482
10 30 0.023026582389255784
10 31 0.034107470633253575
10 32 -0.09539196141218699
10 33 -0.010210636058143712
10 34 0.043649138086995325
10 35 -0.13329824470627322
10 36 -0.0011073209059438913
10 37 -0.05987635943411087
10 38 0.04797577610769512
10 39 0.01919084433376113
11 11 0.0
11 12 0.039173926100433715
11 13 -0.014730813947715683
11 14 0.03583320727520599
11 15 0.00767581103121755
11 16 -0.04983128830146551
11 17 -0.03021056313670718
11 18 -0.04951125368309227
11 19 0.024793266586121895
11 20 -0.011630922566370305
11 21 -0.0787831778875282
11 22 -0.00179599518328612
11 23 0.026044687833209717
11 24 -0.13224784387452626
11 25 -0.020960464495309493
11 26 -0.032232846716487386
11 27 0.03319936208084086
11 28 0.017990818253096782
11 29 -0.03557145112185343
11 30 0.06812935523485439
11 31 -0.008641669464014982
11 32 -0.011632791385709159
11 33 0.09218806721148726
11 34 -0.02711151267944172
11 35 0.027150103174977007
11 36 0.0842987053432373
11 37 -0.03231256839866041
11 38 0.029975760294767728
11 39 0.03176209457202013
12 12 0.0
12 13 0.011250986319348608
12 14 0.02259243296145997
12 15 -0.0077635783983906765
12 16 -0.12927839910874594
12 17 0.02605158297144359
12 18 -0.04156962083610702
12 19 0.015258695746400328
12 20 0.03683544267321455
12 21 0.0015040735860075449
12 22 -0.057373888020876986
12 23 -0.07200442135703053
12 24 0.03316986269342803
12 25 -0.05568027615192491
12 26 -0.04455877616400268
12 27 0.04983279983475002
12 28 -0.05228952008039828
12 29 -0.004623870314925162
12 30 0.00843933516631067
12 31 0.0708647571546546
12 32 0.013398878979922141
12 33 0.032269119727245194
12 34 0.016406195582561737
12 35 0.007440661210581489
12 36 0.06036030478677288
12 37 0.013256788135393697
12 38 0.013508575052075181
12 39 -0.019530025522038426
13 13 0.0
13 14 -0.016061352320597556
13 15 0.04503918771683886
13 16 -0.0015456723686242608
13 17 0.021867963403883965
13 18 0.050644096854626675
13 19 0.039203679477451125
13 20 0.002690878923887961
13 21 0.042486542954710035
13 22 0.05337106653818946
13 23 -0.0022158858670015954
13 24 0.09470909610471126
13 25 -0.03311643572347025
13 26 -0.03872290667553978
13 27 0.02547610807548195
13 28 -0.0726327182353921
13 29 0.03131252568003153
13 30 -0.05795467146554465
13 31 0.11602001606099677
13 32 -0.002565875597991635
13 33 0.04543881313457371
13 34 0.14356367708132406
13 35 0.006740223454564298
13 36 -0.05936186482157916
13 37 0.0294891636797834
13 38 0.006550067740334753
13 39 -0.012042508440908794
14 14 0.0
14 15 0.041159236486640674
14 16 -0.02098408795034659
14 17 -0.027611914540919928
14 18 -0.07588475928506708
14 19 0.11963595811355712
14 20 -0.026760645452072372
14 21 -0.1413321505572013
14 22 0.05380985142135884
14 23 0.05098011399299844
14 24 -0.15204685018776262
14 25 -0.02838632076804737
14 26 -0.05604109031365715
14 27 0.038236554188539176
14 28 0.09322103528478154
14 29 -0.08876948339297899
14 30 -0.013041610281083795
14 31 0.029275182221335065
14 32 -0.004681047720854913
14 33 0.022286869315331415
14 34 -0.028460786888670937
14 35 -0.05393105031908564
14 36 0.10535185627822408
14 37 -0.01906646753867071
14 38 -0.07409567632568317
14 39 0.013872484989484605
15 15 0.0
15 16 0.009385485863984857
15 17 -0.06721642758423782
15 18 -0.012352512403196413
15 19 0.06854602967765472
15 20 -0.07750946979031631
15 21 -0.1270171847319172
15 22 0.10534122376795034
15 23 0.1179135339454604
15 24 -0.08328320942908239
15 25 -0.06623692918316264
15 26 -0.08231138665945759
15 27 0.01909762101676086
15 28 0.028661945225612162
15 29 -0.02371573002273284
15 30 -0.04375692403285034
15 31 0.07176277048286189
15 32 -0.05948313203971094
15 33 -0.005427225785533309
15 34 0.0986194244957617
15 35 -0.021333373160046954
15 36 0.02380870668387435
15 37 -0.051062231664754064
15 38 -0.01615058191963514
15 39 0.02096191863849984
16 16 0.0
16 17 -0.030364188165429046
16 18 0.04779064027520202
16 19 0.01349868597502942
16 20 -0.04089156424882641
16 21 0.00037763235358924277
16 22 0.09433215529439155
16 23 0.10509682536100858
16 24 -0.03440871410655046
16 25 0.08335003416652961
16 26 0.05295318950120905
16 27 -0.06489685354669468
16 28 0.08407205484082705
16 29 0.01684420480540793
16 30 -0.030400992451268614
16 31 -0.07702549831628847
16 32 0.014695463547314071
16 33 -0.025312641497628335
16 34 -0.02082851872665304
16 35 0.009022308966274107
16 36 -0.09420166976846454
16 37 0.004414925663656401
16 38 -0.04356007463160615
16 39 0.04948428152069252
17 17 0.0
17 18 0.028966384928607446
17 19 -0.03359054508812791
17 20 0.03392004077141733
17 21 0.08215660385534264
17 22 -0.05705515796333508
17 23 -0.08668763076072004
17 24 0.11054752043492788
17 25 -0.0047410289571411
17 26 0.015596117954545352
17 27 0.0129764061188275
17 28 -0.04341368327982895
17 29 0.02330878023979437
17 30 -0.012199497375443766
17 31 0.02987904406558013
17 32 0.04306801947484813
17 33 0.01766017257432803
17 34 0.013872557552844564
17 35 -0.005296846620243095
17 36 -0.03922989780562066
17 37 0.05625046631920495
17 38 -0.0027587727692888
17 39 -0.028592329358214742
18 18 0.0
18 19 -0.09339642637357759
18 20 -0.06558830533114066
18 21 0.05801474218501233
18 22 -0.006031369756498444
18 23 -0.004654317246045787
18 24 0.07830066668364977
18 25 -0.013951463655083282
18 26 0.0584712110293801
18 27 -0.035115885958721164
18 28 -0.05403176252391525
18 29 0.015204196419525293
18 30 -0.06997193446530989
18 31 -0.051166289445433756
18 32 0.058306616711160365
18 33 -0.042419671781143316
18 34 0.06793295375898997
18 35 0.04042121024006134
18 36 -0.08374881813769564
18 37 0.09371459475228097
18 38 -0.071738625776722
18 39 -0.17518394765211612
19 19 0.0
19 20 0.034180698228337233
19 21 -0.08088220126740606
19 22 0.14315888596359017
19 23 0.08053340855634507
19 24 -0.06488499475804699
19 25 0.0005916314624570396
19 26 -0.08422349799704305
19 27 0.03479777076011084
19 28 0.030634216210300262
19 29 -0.027975409919222427
19 30 -0.07143612521373145
19 31 0.13076748298410917
19 32 -0.010665934484618843
19 33 0.030828387405616314
19 34 0.06733179050566424
19 35 0.001240981008533097
19 36 0.05428978391411428
19 37 -0.023207283932695322
19 38 -0.05501078510189193
19 39 0.07547703376769885
20 20 0.0
20 21 0.13374974538415102
20 22 -0.0228384313208174
20 23 -0.07870480566064401
20 24 0.14359905118904465
20 25 0.046549015893600616
20 26 0.004452533307688142
20 27 0.001050370104626935
20 28 -0.0955071698136458
20 29 0.07361012735045362
20 30 0.007164457869208028
20 31 0.06954132427092673
20 32 -0.008749366332176819
20 33 0.0006156446087888951
20 34 0.015643180132248434
20 35 0.04114773676731716
20 36 -0.02915142900332727
20 37 -0.012535905804640288
20 38 0.08151965816635443
20 39 0.07237354284038185
21 21 0.0
21 22 -0.06291690592023595
21 23 -0.13586641256773044
21 24 0.3139100667821838
21 25 0.06690865264762028
21 26 0.0661891468911029
21 27 -0.03377883865157313
21 28 -0.18418416411981625
21 29 0.14582088281529076
21 30 -0.01441745479192332
21 31 0.052449085973374956
21 32 0.012587326887894249
21 33 -0.02173282986762175
21 34 0.07457543349411459
21 35 0.06846970763447588
21 36 -0.15655227419359985
21 37 0.0409043563590666
21 38 0.11407599379565955
21 39 0.01259626222775059
22 22 0.0
22 23 0.13268560874837093
22 24 -0.06694110841740938
22 25 0.015230368232118712
22 26 -0.04849922901445708
22 27 -0.0024243698024762356
22 28 0.014536004869703181
22 29 -0.014199900026779072
22 30 -0.05993983440702157
22 31 0.07991409642963716
22 32 -0.06985787497086221
22 33 0.01261134606510246
22 34 0.1183339708501651
22 35 -0.013419508285649357
22 36 -0.016317066493105256
22 37 -0.05360300045342862
22 38 -0.008786475777986028
22 39 0.05263300411258287
23 23 0.0
23 24 -0.16842280716525926
23 25 0.011467928901363002
23 26 -0.023996641234877027
23 27 -0.023869332265965174
23 28 0.09268541919547318
23 29 -0.04040318870467699
23 30 -0.023446722335310664
23 31 -0.033253969027625334
23 32 -0.03688854450738581
23 33 -0.01407218441560899
23 34 0.009669312289515557
23 35 0.004589701088909968
23 36 0.023985316465983706
23 37 -0.05182487946766249
23 38 -0.047253828878812326
23 39 0.0335636190610677
24 24 0.0
24 25 0.024600561729718702
24 26 0.033620230757946415
24 27 -0.017012519562220194
24 28 -0.22722879164272425
24 29 0.17991793171469606
24 30 -0.08390022676907927
24 31 0.13918553533775785
24 32 0.047788333621480716
24 33 -0.04357393299309864
24 34 0.14601851741016422
24 35 0.07582765312907197
24 36 -0.19360850287161094
24 37 0.08772959618476639
24 38 0.08128392657445863
24 39 -0.011535917180573882
25 25 0.0
25 26 0.05454811597550013
25 27 -0.047487287298586554
25 28 0.008891590558519648
25 29 0.0384150714987997
25 30 0.013938244259405461
25 31 -0.05742486530604276
25 32 0.0028460666140550954
25 33 -0.02846871498898983
25 34 -0.05444948580939678
25 35 0.032548642837088346
25 36 -0.04629466530407625
25 37 -0.013818045546281743
25 38 0.024102812219798923
25 39 0.05649304487343385
26 26 0.0
26 27 -0.05064323591206708
26 28 0.0039831527014722295
26 29 0.02210475112913316
26 30 0.012649215514391379
26 31 -0.10889954804416908
26 32 0.03691607625128129
26 33 -0.05130208727189724
26 34 -0.07418770308749612
26 35 0.030023692845356376
26 36 -0.04369956945449691
26 37 0.029901155031851485
26 38 -0.011214938034268094
26 39 -0.04246087761472904
27 27 0.0
27 28 -0.009701185510469086
27 29 -0.02792119798184307
27 30 0.01122691878566653
27 31 0.07504988244732999
27 32 -0.018017193275324094
27 33 0.06414969277694009
27 34 0.04268039844301322
27 35 -0.039467078314698124
27 36 0.03846995950360303
27 37 -0.006511733807545862
27 38 0.014852684994019575
27 39 0.01289936927338324
28 28 0.0
28 29 -0.09734376988027545
28 30 0.018680730459097857
28 31 -0.12119372113411168
28 32 0.05639772859975349
28 33 -0.0022198086897275474
28 34 -0.16547361766571092
28 35 -0.05285836627062266
28 36 0.07398647152804153
28 37 0.006588934826762085
28 38 -0.13041046392592584
28 39 0.03375238180960241
29 29 0.0
29 30 -0.020651124412477496
29 31 0.03831396825731471
29 32 0.020462823316269956
29 33 -0.018778483209071353
29 34 0.04534137449346107
29 35 0.08103090957825615
29 36 -0.09920841392648141
29 37 0.018466133335066796
29 38 0.06162786670821548
29 39 0.04562961089359174
30 30 0.0
30 31 -0.05794004447380067
30 32 -0.07171002379192958
30 33 0.06224586772312446
30 34 -0.072759188733271
30 35 -0.04284119389402394
30 36 0.04162338353603461
30 37 -0.07800880047723409
30 38 0.11591272513583215
30 39 0.07628025906940256
31 31 0.0
31 32 -0.06265657549976779
31 33 0.0828993494646106
31 34 0.21428853687205635
31 35 -0.03257293415655395
31 36 -0.029353778106822142
31 37 -0.019140926125045653
31 38 0.07103390652904853
31 39 0.06949506817627221
32 32 0.0
32 33 -0.024649960298193656
32 34 -0.1024401912580436
32 35 0.10243313372417973
32 36 -0.014841931892712518
32 37 0.15608156405309648
32 38 -0.17332121326112016
32 39 -0.07907677773615715
33 33 0.0
33 34 0.057396920046610365
33 35 -0.036902062933854105
33 36 0.008181100058457454
33 37 -0.014181343036234834
33 38 0.06656591750854599
33 39 0.08499014795579914
34 34 0.0
34 35 -0.024458127265542865
34 36 -0.08495214147467484
34 37 -0.024430415530428136
34 38 0.08820585287102077
34 39 -0.010287708882364667
35 35 0.0
35 36 -0.029258618678476345
35 37 0.06351249517110588
35 38 -0.04113794590620422
35 39 -0.027537011229562043
36 36 0.0
36 37 -0.03968757469203506
36 38 -0.04158327887004623
36 39 -0.024080940595412773
37 37 0.0
37 38 -0.1356594671249667
37 39 -0.10486911507822065
38 38 0.0
38 39 0.1339062360508204
39 39 0.0
