0 0 0.0
0 1 -0.12042400393646717
0 2 0.06421299674642625
0 3 -0.16277759074478082
0 4 0.052574605665867545
0 5 -0.10727672538791985
0 6 -0.05246333865451429
0 7 -0.08219118511182608
0 8 -0.07634228025140036
0 9 0.037059149077025386
0 10 -0.06495996283382985
0 11 -0.04916793717154941
0 12 0.05786856272933212
0 13 0.028379867043394607
0 14 0.024169060800455913
0 15 0.034683340489254935
0 16 -0.08242104580940118
0 17 -0.07728877448925318
0 18 -0.06820263377421168
0 19 0.03883197606855614
0 20 0.01376448530794416
0 21 0.37466263087972707
0 22 -0.02230266685960233
0 23 0.04913246534514709
0 24 0.14114358708121136
0 25 0.10389260108527751
0 26 -0.10130542374059177
0 27 0.14732890459420372
0 28 0.15312078701627369
0 29 -0.13626629172697363
0 30 0.1397688885209111
0 31 -0.2532933485577254
0 32 0.03696453086038005
0 33 0.03234809865304373
0 34 -0.07233912455424361
0 35 -0.01276479730889767
0 36 0.10468195384393923
0 37 0.043380218716854956
0 38 0.06743080737196552
0 39 0.06720493019660016
1 1 0.0
1 2 -0.016776512232475074
1 3 0.0901497125775041
1 4 0.07730818129599352
1 5 -0.01786311000517759
1 6 -0.02383666461461313
1 7 0.04765746497777532
1 8 -0.14431192757992878
1 9 0.08539443378159889
1 10 0.1092914416088582
1 11 0.005691291341399442
1 12 -0.08639992211773556
1 13 0.1689821908347155
1 14 -0.09189751251361114
1 15 -0.12385688749474773
1 16 -0.13161896251262933
1 17 0.09722656368171105
1 18 0.007538600171466167
1 19 -0.02867368816130898
1 20 -0.05895559656239572
1 21 0.0952538687928649
1 22 -0.0459506008947054
1 23 -0.14317401736927532
1 24 0.016425326066819946
1 25 -0.0490293792707122
1 26 -0.02898187658878324
1 27 0.030531075214464305
1 28 -0.13401610408318215
1 29 0.10844981309770152
1 30 -0.07171597178288949
1 31 0.056541069240289454
1 32 0.0823247894796694
1 33 0.0792639362962346
1 34 0.12686083482319035
1 35 0.06902901608201586
1 36 0.19471201434968016
1 37 0.03595811361635938
1 38 0.028022834727322442
1 39 0.003162773902798909
2 2 0.0
2 3 0.08029326342598107
2 4 -0.094186079468178
2 5 -0.06290630701024372
2 6 0.13969468907932972
2 7 -0.10048365948654629
2 8 -0.03680234673640665
2 9 0.04829529919082924
2 10 -0.09101663166974137
2 11 -0.005772665174673021
2 12 0.0022494277242126335
2 13 0.025684344211135753
2 14 -0.06291678715065539
2 15 -0.02475116713239756
2 16 -0.03972241908056155
2 17 -0.12321053908658015
2 18 0.04848105871473667
2 19 0.04902243375290002
2 20 -0.008262094673788689
2 21 0.1363262642316872
2 22 -0.11274402657037333
2 23 -0.016232035413096983
2 24 0.03455202305886998
2 25 0.02435827293971758
2 26 0.05741591190102764
2 27 0.01853889255203444
2 28 0.05956389564918598
2 29 -0.12044967035341055
2 30 -0.023184059729994315
2 31 0.016498353339247544
2 32 -0.08344085644208765
2 33 -0.02568504161316148
2 34 -0.002245734685666215
2 35 -0.05856241401759106
2 36 0.028262096530092075
2 37 -0.04532135878230492
2 38 -0.012814754350854187
2 39 0.021161128530517756
3 3 0.0
3 4 -0.06594616182961412
3 5 -0.05106239544051346
3 6 0.08858345581088509
3 7 0.06659704573606426
3 8 0.08789416407825704
3 9 0.06846248690044696
3 10 -0.12447987862735013
3 11 0.053626149659493874
3 12 -0.12630166689971814
3 13 0.09844490030239236
3 14 0.053096742604062074
3 15 -0.012763509481273532
3 16 -0.0992625836286595
3 17 0.06071023615943314
3 18 0.1797218956719981
3 19 0.09049112200554252
3 20 -0.09172328349753664
3 21 0.026170555629421055
3 22 0.019241446097236076
3 23 0.002646641189900492
3 24 -0.018122386471125455
3 25 0.06244173219246518
3 26 0.030466552825001637
3 27 0.03864704402262447
3 28 -0.0615817214781635
3 29 -0.1190469068640009
3 30 -0.07157723218477603
3 31 0.09991814191383809
3 32 -0.14004356062903733
3 33 -0.033729749149179734
3 34 -0.048806798456627526
3 35 -0.0077345864108506164
3 36 0.16381903438113668
3 37 -0.04712707047443482
3 38 -0.03271683699284175
3 39 -0.043772092784937724
4 4 0.0
4 5 -0.2932802526150268
4 6 -0.13537871576017918
4 7 0.1517610172782191
4 8 -0.08242783802791397
4 9 -0.02268793876760335
4 10 0.16620397209862908
4 11 -0.1036101982179461
4 12 0.155364521003036
4 13 0.13978369621146017
4 14 0.20196255372332006
4 15 -0.025671387271975016
4 16 -0.2145017606518252
4 17 0.3239612455132336
4 18 -0.058744198602984764
4 19 -0.05011846573204017
4 20 0.05785860361343235
4 21 0.10848610548248636
4 22 0.03042235903251621
4 23 0.026049215117586778
4 24 -0.14041643816678834
4 25 0.06637961753232266
4 26 -0.07503769234613102
4 27 0.06999883011391704
4 28 0.08649875045100923
4 29 0.23984972874620575
4 30 -0.03237517253431929
4 31 -0.22052657544074994
4 32 0.20357944003610862
4 33 0.0014819009503262844
4 34 -0.02432218499427617
4 35 0.164521800169611
4 36 -0.004960097907359767
4 37 -0.12705603983563016
4 38 0.056531055268394394
4 39 0.1323261222748647
5 5 0.0
5 6 0.15327606865965612
5 7 -0.0017839522297945502
5 8 -0.07944939740307347
5 9 0.020065584656872245
5 10 0.03273199641559525
5 11 -0.013625606299872944
5 12 -0.16589817288812542
5 13 0.013714989085806765
5 14 -0.15602115767626962
5 15 0.06842558302830624
5 16 0.1855819900882679
5 17 -0.11910310050009035
5 18 -0.09090710028298105
5 19 -0.08869350399491296
5 20 -0.017048250736746793
5 21 -0.13828047415506087
5 22 0.01717163409522101
5 23 -0.08744239701306006
5 24 0.08741870446936531
5 25 -0.14069566478899534
5 26 -0.030005646109602817
5 27 -0.0064785766429221086
5 28 -0.08174676400272105
5 29 -0.003950277203521232
5 30 -0.03824330739303215
5 31 0.0852043082216319
5 32 -0.05926739654535905
5 33 0.07435293879072771
5 34 -0.0035047592745776485
5 35 -0.009263481582488749
5 36 -0.08793762550700418
5 37 0.1119790585290508
5 38 -0.005440343735122777
5 39 -0.14003341175449233
6 6 0.0
6 7 0.028381068040450774
6 8 -0.09893836635870765
6 9 0.036145024084597036
6 10 0.030999075992745307
6 11 -0.104055180015919
6 12 -0.20695544006983405
6 13 0.07517483745850154
6 14 -0.172762642062882
6 15 0.11452632103959222
6 16 0.027370497363967423
6 17 -0.13058788023761422
6 18 -0.011602134228773545
6 19 0.0076265258832918185
6 20 -0.03254386382463593
6 21 0.023339125201356888
6 22 -0.14700846909736912
6 23 -0.06145582065030562
6 24 0.013113359987723661
6 25 -0.05727326933193948
6 26 0.05863928177170845
6 27 -0.0431643902040876
6 28 0.06466625909583247
6 29 -0.07894636662698794
6 30 -0.13281471804162973
6 31 -0.022084006444772743
6 32 -0.11606834526555812
6 33 -0.09361782998837717
6 34 0.021515993420524536
6 35 -0.0723839325272023
6 36 -0.11353899616709488
6 37 -0.0805855008668587
6 38 0.013085602522833426
6 39 -0.026369728148151233
7 7 0.0
7 8 0.01732584958110509
7 9 -0.04642891464703604
7 10 0.16201196047596408
7 11 -0.14900683818505575
7 12 -0.2160436577750114
7 13 0.05482253979565112
7 14 0.06331956677394826
7 15 0.1554653529545466
7 16 -0.09004795278521244
7 17 0.1572097954220128
7 18 0.006993657331748307
7 19 0.07199463054535324
7 20 -0.15894904545877803
7 21 -0.038870938431044076
7 22 0.03234774495582556
7 23 0.035621594271785594
7 24 -0.05840669526879365
7 25 0.07649521558876182
7 26 -0.11358248508626945
7 27 -0.06084663559982238
7 28 -0.13829604945886043
7 29 0.032692043217556636
7 30 -0.11731639927698492
7 31 0.004245372147498842
7 32 0.08075707850278227
7 33 -0.06611256343385362
7 34 0.00022925754712708004
7 35 0.05434529403908382
7 36 0.04193634005541917
7 37 -0.163635204514778
7 38 0.10082470877748109
7 39 0.07887834543301964
8 8 0.0
8 9 -0.08438127236588447
8 10 -0.18484324598151597
8 11 0.10578333811987314
8 12 0.01974195161729659
8 13 -0.1097394293504419
8 14 0.2242094546301802
8 15 0.052660895468783775
8 16 0.052591690576002624
8 17 0.08312720748147184
8 18 0.15908879741561482
8 19 0.06766522044364211
8 20 -0.05874688952536742
8 21 -0.2044477865579341
8 22 0.14322129021067617
8 23 0.1587121657814008
8 24 -0.061132004923754604
8 25 0.11676364013806032
8 26 0.14612802497709196
8 27 -0.07513926583997271
8 28 0.010669566241158532
8 29 -0.19023474011765268
8 30 0.10486052581958513
8 31 0.011659028718075563
8 32 -0.14589647904173825
8 33 -0.09870161599520481
8 34 -0.13240031023605298
8 35 0.01858500270419058
8 36 0.03369910673392175
8 37 0.059253480659309334
8 38 -0.10718244945190483
8 39 -0.07536499312838986
9 9 0.0
9 10 -0.08432493427664166
9 11 -0.009591226908359436
9 12 0.007777068442952673
9 13 0.08583350577682322
9 14 -0.07052604513329243
9 15 0.0378461670310364
9 16 -0.02735350465430102
9 17 0.05817538756610865
9 18 0.06488048626648932
9 19 0.08768093716297956
9 20 -0.037020599161893084
9 21 0.09842655189240813
9 22 -0.013470084521347774
9 23 -0.057618778491409825
9 24 0.024555348001419678
9 25 -0.010260149617859775
9 26 0.013607057934200589
9 27 0.04019918436641723
9 28 -0.024388609229137815
9 29 -0.009995884985921803
9 30 -0.08927657975430907
9 31 0.02781595564200644
9 32 -0.005768383454674178
9 33 0.05208421123842599
9 34 0.01261618507811763
9 35 0.009821812811281474
9 36 0.142890267894308
9 37 0.003395875064416844
9 38 0.041715795782174825
9 39 -0.06505808863176459
10 10 0.0
10 11 -0.09272198094143373
10 12 -0.15036671961889397
10 13 0.07983469641379552
10 14 -0.04770496343258794
10 15 -0.08946416349464406
10 16 0.03295512139409794
10 17 -0.0265894573386538
10 18 -0.2248069048623537
10 19 -0.0247968891932577
10 20 0.06331178333378752
10 21 -0.07978004481961523
10 22 -0.10736496075427562
10 23 -0.10681087375030485
10 24 -0.06956244938741657
10 25 -0.04896670756256747
10 26 -0.021022459728853117
10 27 -0.12078422214729471
10 28 0.03856342276147886
10 29 0.2848015439342501
10 30 -0.11266874227299953
10 31 -0.018928886250421818
10 32 0.22153952909490632
10 33 0.005640781554754811
10 34 0.13032173752323864
10 35 -0.052645892273093006
10 36 -0.09581669387233002
10 37 -0.10312120884444864
10 38 0.0923329448458428
10 39 0.08926663413245425
11 11 0.0
11 12 -0.0018228184102962244
11 13 -0.005243611975482183
11 14 0.18190438935577216
11 15 -0.16264645537460393
11 16 0.09881880969009822
11 17 -0.013718691599815227
11 18 0.03934072838467375
11 19 -0.028661896328249937
11 20 0.08230772295032504
11 21 0.009690844841245355
11 22 0.012279175103331607
11 23 -0.10581599207385484
11 24 -0.0006450409726413646
11 25 -0.06011188390996889
11 26 -0.00931121836596618
11 27 0.08505208861367097
11 28 0.09403398144641655
11 29 -0.09584656105226971
11 30 0.07770518014075871
11 31 0.0757310180029234
11 32 -0.02821350011038052
11 33 0.08804378475023679
11 34 -0.03020511133513352
11 35 -0.04327760742189453
11 36 0.1899478398642282
11 37 0.102530435746447
11 38 -0.13199328124059792
11 39 -0.00235485262503655
12 12 0.0
12 13 -0.18171787273246523
12 14 -0.014020935945493185
12 15 -0.000029967707680506636
12 16 -0.003130424258878038
12 17 0.041495173155529974
12 18 0.03358947012964368
12 19 -0.052566812597128976
12 20 0.11413150513505521
12 21 -0.003680116964102983
12 22 0.0721233794534659
12 23 0.05984758697141375
12 24 -0.025802232156997645
12 25 0.01997705767615556
12 26 -0.01585859526747855
12 27 0.02145624088619288
12 28 -0.0027800558177479544
12 29 0.06518869997718471
12 30 0.06316549543284374
12 31 -0.02391988357256613
12 32 0.027166992216516844
12 33 -0.009829784001673043
12 34 -0.01260951127719597
12 35 0.08286904254248359
12 36 -0.10613477352129408
12 37 0.0532036307395101
12 38 -0.05678640323893354
12 39 0.049239061586749996
13 13 0.0
13 14 0.10437898661156393
13 15 -0.21592914775487942
13 16 -0.15353210572871054
13 17 0.05496662114357531
13 18 -0.03341876031324077
13 19 0.024443412805694432
13 20 -0.016180768299260063
13 21 0.1512787607230899
13 22 -0.010964446253919643
13 23 -0.018355530752146527
13 24 -0.004702534045152795
13 25 0.06996854531343552
13 26 0.04972224531847696
13 27 0.11658919138793514
13 28 0.07885011148596582
13 29 0.0817343292359611
13 30 0.0016617433631561356
13 31 -0.03310858498585241
13 32 0.0075533661794969465
13 33 0.14601518523037144
13 34 -0.0772184531274594
13 35 0.03166480253731775
13 36 0.17879192222971754
13 37 0.016940459534621654
13 38 0.05828940561391553
13 39 -0.11196856788639878
14 14 0.0
14 15 -0.1609763090272382
14 16 -0.004593308596997309
14 17 0.1660447728311242
14 18 0.01717238531810471
14 19 0.06841852428402208
14 20 0.026018980563867
14 21 -0.03300740169119305
14 22 0.09845135458729457
14 23 0.08288295765787564
14 24 -0.04591883358002852
14 25 0.1159655518631146
14 26 0.07305101070242101
14 27 0.10348190061282206
14 28 0.1341754711818528
14 29 -0.056875893055707616
14 30 0.08758153565890421
14 31 -0.02675320450586437
14 32 0.036891367062348364
14 33 0.11749744548768574
14 34 -0.23624734989807056
14 35 0.01879327545651769
14 36 0.16527525834514914
14 37 -0.0765975768825217
14 38 -0.04396015792697408
14 39 -0.007456024819131128
15 15 0.0
15 16 0.04834256164213741
15 17 0.13955376802762853
15 18 0.09184708616177187
15 19 0.019469683902803316
15 20 -0.15613474963917723
15 21 -0.03762939547653703
15 22 -0.0017395278024953068
15 23 0.004285323073151025
15 24 0.028518938527860915
15 25 -0.0754470284353835
15 26 -0.08497806531116273
15 27 -0.08325743056770682
15 28 -0.14409785221887667
15 29 -0.16891425214878591
15 30 -0.12674618642160093
15 31 -0.10572724035563696
15 32 -0.02617848670679827
15 33 -0.19190403819163357
15 34 0.05810437731726448
15 35 0.07464741357536075
15 36 -0.10558715929823718
15 37 -0.09015279656975837
15 38 0.02920337706804827
15 39 0.0805301275243539
16 16 0.0
16 17 -0.11773253358287028
16 18 -0.08196303150753054
16 19 0.020083799609783258
16 20 0.08974851447356227
16 21 -0.22591403361844303
16 22 -0.0344504991491456
16 23 -0.09594075543128014
16 24 -0.025364994079001453
16 25 -0.10832238020519724
16 26 0.058882588175193054
16 27 -0.12577154025536494
16 28 0.07474750514527914
16 29 0.0027581249054658146
16 30 -0.06617630935142463
16 31 0.09702634188503434
16 32 0.025140178182496233
16 33 -0.006064921049693773
16 34 0.02076070980585879
16 35 -0.1065124657300806
16 36 -0.08463800584869616
16 37 0.019402282675721187
16 38 -0.05775480495149018
16 39 -0.022870519802768163
17 17 0.0
17 18 0.09098251543356989
17 19 -0.015909043297013647
17 20 -0.12318619227918252
17 21 -0.022330133472369097
17 22 0.0813363050093025
17 23 0.010330876095952698
17 24 -0.04305643317015303
17 25 -0.03290075028951996
17 26 0.010973924689540315
17 27 0.03863779435920715
17 28 -0.12169036835494847
17 29 0.012437476924448779
17 30 -0.03374298316897602
17 31 -0.09903189612090083
17 32 0.09824093415015571
17 33 0.02668856318783951
17 34 -0.012236375827224803
17 35 0.19702918548239617
17 36 0.11820825682423375
17 37 -0.04985294527116727
17 38 0.021390604828744365
17 39 0.009458038230306725
18 18 0.0
18 19 0.0715442059503427
18 20 -0.08703119931980687
18 21 0.021937880998484607
18 22 0.08685865878012715
18 23 0.06303160180086372
18 24 -0.024403749847314835
18 25 0.07810080046433968
18 26 -0.004778629219902361
18 27 0.02560460128209981
18 28 -0.07336563572180577
18 29 -0.16469031659192762
18 30 -0.00020899655837332197
18 31 0.04536771839598205
18 32 -0.15657915616707346
18 33 -0.0854709189272144
18 34 -0.04255393237019877
18 35 0.03945973730816119
18 36 0.12592954594874003
18 37 0.031131822760186046
18 38 -0.05832740707260474
18 39 -0.0346043466188154
19 19 0.0
19 20 0.000956372400555584
19 21 -0.04068322797122595
19 22 0.047150874133461626
19 23 0.04476534209312633
19 24 -0.0240145451884109
19 25 0.1867928763232773
19 26 0.07076237519287074
19 27 -0.07185605997033001
19 28 0.04192324615775737
19 29 0.016667130208567634
19 30 -0.1671414961607243
19 31 0.05488313445908584
19 32 -0.03082921754495958
19 33 -0.07813751654942322
19 34 -0.09336805607350449
19 35 -0.13431555495452618
19 36 0.11146003440702719
19 37 -0.13473580821018188
19 38 0.06370485100324809
19 39 -0.034241550051872724
20 20 0.0
20 21 -0.04822027002372507
20 22 0.06838263798468787
20 23 -0.045477630177925506
20 24 -0.03543371350171909
20 25 0.047936612669311804
20 26 -0.0513568637310875
20 27 0.04397008626591541
20 28 0.20974313583330345
20 29 0.2011843327218942
20 30 -0.04705541898358385
20 31 -0.05499361661919226
20 32 -0.023629469959403137
20 33 -0.052589156161620874
20 34 -0.06960168570590666
20 35 -0.13266750244514955
20 36 -0.10741735081896238
20 37 0.028236452562104098
20 38 -0.06040285245041127
20 39 0.0012425003280530722
21 21 0.0
21 22 -0.11114837556377011
21 23 -0.13412365237975035
21 24 0.13278682350663754
21 25 0.033642201352189705
21 26 -0.2681662016586452
21 27 0.2641541620963501
21 28 0.04013160757301485
21 29 -0.18833161034394486
21 30 0.06038390290318853
21 31 -0.13863743888250163
21 32 0.023175665538682413
21 33 0.0779934335574996
21 34 0.018101466098319575
21 35 0.07141194789502567
21 36 0.3216423093578282
21 37 0.037286893613375005
21 38 0.008796094557412922
21 39 0.16973489152018714
22 22 0.0
22 23 0.13326089722229315
22 24 0.01731831825295987
22 25 0.169633530715186
22 26 -0.07204185773542425
22 27 0.08297858817058018
22 28 -0.03772063296990386
22 29 0.07189706327410308
22 30 0.017298599167069124
22 31 -0.04913135697276879
22 32 -0.1319015685710758
22 33 -0.06550816610177486
22 34 -0.18799681341427327
22 35 0.013548833457889606
22 36 -0.008404413392291865
22 37 0.08408101809054819
22 38 -0.03080266392335706
22 39 -0.11342410146906759
23 23 0.0
23 24 -0.06994539999629465
23 25 0.13673006929738635
23 26 0.15807572957115076
23 27 -0.03918814390260725
23 28 0.028384079914388644
23 29 0.015423036304092757
23 30 0.20096242274624623
23 31 -0.02124873839699693
23 32 -0.09731325628794588
23 33 -0.009065591838185724
23 34 -0.11605371920573038
23 35 -0.004138805907944622
23 36 -0.23135965808760856
23 37 -0.01677075815752427
23 38 0.08542546368837474
23 39 -0.15440842921736017
24 24 0.0
24 25 -0.017464530487927312
24 26 -0.03983250294594742
24 27 0.1457589610651779
24 28 -0.13388373266405004
24 29 -0.11146792957771919
24 30 -0.027943476996423973
24 31 -0.08915116738986875
24 32 -0.04303488289541969
24 33 0.03800769310307119
24 34 -0.07987533396320463
24 35 0.0031658217278633023
24 36 0.05588244139634434
24 37 -0.0016007012516680561
24 38 0.007064912230677395
24 39 0.011085534278022259
25 25 0.0
25 26 -0.024696087394507772
25 27 0.023897109634723895
25 28 0.06066405158290378
25 29 0.028750966286049735
25 30 -0.04177401128909464
25 31 -0.04599357951525567
25 32 -0.11648966692206149
25 33 -0.11781821257695842
25 34 -0.1931631845205172
25 35 -0.05913428300494855
25 36 0.08401235883683615
25 37 -0.02500615999396883
25 38 0.009920775559152308
25 39 -0.03111698565468604
26 26 0.0
26 27 -0.17923158897981836
26 28 0.060929439981841915
26 29 0.01153229075829521
26 30 0.06309847077908366
26 31 0.029532847656907817
26 32 -0.01676061075428701
26 33 0.05620525439174071
26 34 -0.01821857347584128
26 35 -0.03953762671284964
26 36 -0.15650757472309032
26 37 -0.0393466902044617
26 38 0.043297932073352426
26 39 -0.20675124832759098
27 27 0.0
27 28 0.006924545650272278
27 29 -0.06913647979682853
27 30 0.06038612741284877
27 31 -0.10146358683952277
27 32 -0.06451901719833403
27 33 0.09783594295162393
27 34 -0.1400526389687891
27 35 0.049173362842522696
27 36 0.14533757974067604
27 37 0.04705496694755764
27 38 -0.032763696886658325
27 39 0.014329766550924463
28 28 0.0
28 29 0.06029839825144281
28 30 0.06348827941341162
28 31 -0.10707708840941485
28 32 -0.026275253523107795
28 33 -0.024310994205154705
28 34 -0.06957040622315916
28 35 -0.14077662492771373
28 36 -0.05044152531395783
28 37 0.023179535863985256
28 38 -0.03877030112455761
28 39 -0.02729733472969026
29 29 0.0
29 30 -0.11826183736899967
29 31 0.004485209485129565
29 32 0.14655516716143885
29 33 0.012232186840147777
29 34 0.035655546573927936
29 35 -0.0723405214651788
29 36 -0.20847048589489042
29 37 -0.06457240932722814
29 38 0.10186904412152924
29 39 -0.0509889953301514
30 30 0.0
30 31 -0.02104823814791807
30 32 -0.024786471137406833
30 33 0.14942526856024807
30 34 0.008906306109165754
30 35 0.0845090412952971
30 36 -0.0551551641837215
30 37 0.19339262492072498
30 38 -0.01939849567537878
30 39 -0.08430810812883084
31 31 0.0
31 32 0.014007112550473997
31 33 0.10778212009081592
31 34 0.07886332959453383
31 35 -0.04733943687552716
31 36 0.06467156127425638
31 37 -0.010663677334470984
31 38 -0.0032965758160086282
31 39 -0.0401394487573206
32 32 0.0
32 33 0.12953868055364592
32 34 0.1461412342380806
32 35 0.050259136746184485
32 36 0.03077564631980744
32 37 -0.09395633324256022
32 38 0.0926401946615916
32 39 0.1218817585552866
33 33 0.0
33 34 0.007084102490500672
33 35 0.06879842988460563
33 36 0.10612602726764513
33 37 0.04440046911014118
33 38 0.055572328277103754
33 39 -0.0767963237951307
34 34 0.0
34 35 0.03283617930897517
34 36 -0.018327209997499132
34 37 0.031323492304787745
34 38 0.026303189814005635
34 39 0.09537835266529991
35 35 0.0
35 36 0.07453822436278003
35 37 0.08041750444363718
35 38 -0.01937297221945889
35 39 0.019246685377709086
36 36 0.0
36 37 0.09213151548554258
36 38 -0.07246498884790514
36 39 0.07681317561749826
37 37 0.0
37 38 -0.11022290628597228
37 39 -0.10848246058049424
38 38 0.0
38 39 -0.02965129798553759
39 39 0.0
