0 0 0.0
0 1 -0.2342969292762501
0 2 0.12474612907446817
0 3 -0.12311307232948507
0 4 0.0654555694024977
0 5 0.1418731818995447
0 6 0.12387406499196618
0 7 -0.055671989716959226
0 8 0.1269844285835393
0 9 -0.07273935656021904
0 10 0.09555117585344203
0 11 0.11685111635576687
0 12 0.11158258224510231
0 13 0.0923894864771142
0 14 0.05696616043230814
0 15 -0.11227680960684279
0 16 0.06030088680177591
0 17 -0.0711978176690176
0 18 -0.2575723565118887
0 19 -0.11976049612980486
0 20 0.19340584772310573
0 21 0.2424340030692583
0 22 -0.01612967551643066
0 23 0.002045021727943403
0 24 0.20138529583053857
0 25 0.00540784560989937
0 26 -0.08851472609322913
0 27 -0.12600559453402227
0 28 0.007787683427988167
0 29 -0.11153429177429805
0 30 0.09487829030929289
0 31 0.07324813795489026
0 32 0.08525246226597907
0 33 0.10683700578998272
0 34 -0.04650474550972083
0 35 -0.10920829931336624
0 36 -0.3038392255570274
0 37 0.05992885840519866
0 38 0.007637416777180578
0 39 -0.09525154538675489
1 1 0.0
1 2 -0.07947201565363049
1 3 0.134424538551542
1 4 -0.08390977683905243
1 5 -0.07509808936521738
1 6 -0.18289998834377102
1 7 -0.13142821820832273
1 8 -0.1398233598605803
1 9 -0.08184903581163427
1 10 -0.07747053607393792
1 11 -0.1146421819651526
1 12 -0.07429281438703551
1 13 -0.09542362806212448
1 14 -0.09154774915739974
1 15 0.08823578236512104
1 16 -0.018252988419696244
1 17 0.25002515690243954
1 18 0.23979668930978218
1 19 0.10982357006890968
1 20 0.03206657509107248
1 21 -0.14868236034385368
1 22 0.004604528869683482
1 23 -0.02796678478322915
1 24 -0.10314886083779377
1 25 0.042748259839770854
1 26 -0.145026252848346
1 27 0.0856113018816832
1 28 -0.05722613712446058
1 29 0.12643390142601632
1 30 0.08445790547663708
1 31 0.010345020905262693
1 32 -0.09072247240348244
1 33 -0.07927442009427649
1 34 -0.03640146279528508
1 35 0.0492179480572835
1 36 0.08187386300841619
1 37 0.0007865386236216487
1 38 -0.03422786723372054
1 39 0.011738961533502052
2 2 0.0
2 3 0.015591279696373167
2 4 0.07995233819181866
2 5 0.01810011697355868
2 6 0.20684996751314255
2 7 -0.15426973683332662
2 8 -0.004939871634164601
2 9 -0.1334251050012814
2 10 0.026023187711407214
2 11 -0.08749982163143746
2 12 -0.015767991507085934
2 13 0.10850363986788736
2 14 0.030650409713811506
2 15 -0.031146135591232034
2 16 -0.16607495968370395
2 17 0.025110070659055617
2 18 -0.30745365399711994
2 19 0.06508631917508068
2 20 -0.03564197091871278
2 21 0.08770264990535755
2 22 0.09523527119450408
2 23 0.06529902693410179
2 24 0.029374699255294446
2 25 -0.09352423516087147
2 26 -0.19060544534121657
2 27 -0.08150293683759285
2 28 -0.025366769942204485
2 29 -0.12326513868290623
2 30 0.060930723117658944
2 31 0.043505826117374455
2 32 0.07513683065413443
2 33 0.00689716612058801
2 34 -0.050547474728689326
2 35 -0.1064092329552706
2 36 -0.18419328046596525
2 37 0.0512637619763042
2 38 0.09627446606937576
2 39 -0.0915300541994167
3 3 0.0
3 4 0.0232555280013446
3 5 -0.008993831003460701
3 6 -0.1370528903836625
3 7 -0.09728575072802872
3 8 -0.08082653951098279
3 9 -0.026373948128257448
3 10 0.05978169370418335
3 11 -0.2244209935976476
3 12 0.00827771082413226
3 13 -0.12825995095979031
3 14 -0.06706999697618546
3 15 0.15102762129218444
3 16 -0.09468841912435536
3 17 0.04523741331494593
3 18 0.15645346362599247
3 19 -0.03570792891541608
3 20 0.038520487259862145
3 21 -0.1947745250644672
3 22 0.10876023793514751
3 23 -0.007929463351781966
3 24 0.16680382630602617
3 25 -0.1085530313618055
3 26 0.1057056657109682
3 27 0.12767786045312207
3 28 0.21054382075559513
3 29 -0.06410790644792182
3 30 -0.058645892179511605
3 31 -0.051235945096613555
3 32 -0.040367568156035635
3 33 -0.05080973187129575
3 34 -0.01292402653841931
3 35 -0.07102900749863693
3 36 0.09539468093192313
3 37 -0.1963817191801119
3 38 0.09497579561589452
3 39 -0.005524385235273709
4 4 0.0
4 5 -0.03651895230780456
4 6 0.01718972630526865
4 7 -0.04541347434687021
4 8 -0.12196289357883108
4 9 -0.12414759554452404
4 10 0.07072885736379458
4 11 -0.11724594784739657
4 12 -0.00413402032877602
4 13 0.11259614694988618
4 14 -0.025204920064694363
4 15 -0.06432782580685384
4 16 -0.09095431837042225
4 17 -0.11348382706550926
4 18 -0.051189901165081486
4 19 0.07504547007088073
4 20 0.06745890842829211
4 21 -0.002914393307818554
4 22 -0.0019335732563967836
4 23 -0.030213213867463857
4 24 0.20189261186148624
4 25 0.03024184611036711
4 26 0.00794395904161117
4 27 -0.05976005719466765
4 28 0.14948511907096587
4 29 0.11756160893320522
4 30 0.018137858888492654
4 31 0.0710858227283447
4 32 -0.030122206338057022
4 33 -0.09755547618645048
4 34 -0.07340181029404488
4 35 0.14743723698194516
4 36 0.17714355446887908
4 37 -0.005303753874209435
4 38 -0.041906479108205615
4 39 0.02508520591541727
5 5 0.0
5 6 -0.21410631348593676
5 7 -0.045008460370924146
5 8 0.1913413737382603
5 9 -0.11252523957235228
5 10 0.007439809140343317
5 11 0.2245570835284194
5 12 0.12334140789817016
5 13 -0.10798982384765969
5 14 0.11677653745421752
5 15 -0.004702504753763973
5 16 0.15769748415399137
5 17 0.031241556061442577
5 18 0.21188628631637774
5 19 -0.04616314512754979
5 20 0.2428201073837232
5 21 0.10117103540349101
5 22 -0.19434246052214582
5 23 0.017832493799129275
5 24 0.14099860011732296
5 25 -0.20747116588580425
5 26 -0.2166460299951712
5 27 -0.0631491693086931
5 28 0.0002608016154737573
5 29 -0.10495664552023995
5 30 0.09411999628192314
5 31 0.019117872430350916
5 32 0.15494015788299603
5 33 -0.052860500538626065
5 34 -0.004828338496911165
5 35 -0.1944535616844101
5 36 -0.2561412395355154
5 37 0.19695049303604656
5 38 0.09345452351466067
5 39 0.08248466217742748
6 6 0.0
6 7 0.0003330163243600587
6 8 0.1231955523487647
6 9 0.13203076735779656
6 10 0.07573189436650397
6 11 -0.20004646717625735
6 12 -0.1527723428963183
6 13 0.12722378879516166
6 14 -0.1320149093653804
6 15 -0.10821900729656422
6 16 -0.06360748086383662
6 17 -0.055401845086738656
6 18 -0.27022494593664026
6 19 -0.05328266949735951
6 20 0.010357041714860142
6 21 0.04469461622589528
6 22 0.15211592903222593
6 23 -0.017322914956003105
6 24 -0.17384827566422867
6 25 -0.12294076755581104
6 26 0.1152705800092317
6 27 -0.17194276889902407
6 28 -0.235654453581185
6 29 -0.12758912853711554
6 30 -0.10623176279594393
6 31 0.05732109223364188
6 32 -0.015371833875919168
6 33 0.15103537060613764
6 34 0.0010051268958911211
6 35 -0.05357632264558454
6 36 -0.13590733723198226
6 37 0.062062864278596586
6 38 0.07667529597407094
6 39 0.02244069161904235
7 7 0.0
7 8 0.15162488516859143
7 9 0.19486656255217277
7 10 0.07473056343405189
7 11 -0.0212059036213917
7 12 -0.12274047552528992
7 13 -0.0831032898054376
7 14 0.061967067184129476
7 15 0.04843158505092741
7 16 0.1111811381329024
7 17 -0.1278861808275435
7 18 -0.01971704596767363
7 19 -0.11617275085572151
7 20 -0.0418060345338049
7 21 -0.001397773536200608
7 22 -0.04877819556617159
7 23 -0.07215153938201371
7 24 -0.2147135947928464
7 25 -0.05721654472247635
7 26 0.23862623109003875
7 27 0.1024261067329389
7 28 -0.05275740551893461
7 29 0.10347022837457472
7 30 -0.0765360046431112
7 31 -0.14894768799590838
7 32 0.15297797458659151
7 33 0.010457493643898853
7 34 -0.03949351727052157
7 35 0.10754883979542566
7 36 0.14657794751541592
7 37 -0.0680496029033368
7 38 -0.0866288534876769
7 39 0.04451733521418035
8 8 0.0
8 9 0.22043504590712154
8 10 0.11947699231957529
8 11 0.008296840759123862
8 12 0.11678368565030113
8 13 -0.056183743818205824
8 14 0.15500870429701963
8 15 -0.062137415405090116
8 16 0.04676616250395258
8 17 -0.0003111618735594441
8 18 -0.07136477703562508
8 19 -0.23744139919754295
8 20 0.1450967303111282
8 21 0.10337704728235879
8 22 -0.16212715617216664
8 23 0.04701407777098698
8 24 -0.18178971493829205
8 25 -0.09633116528111185
8 26 -0.03834274499391459
8 27 -0.04319607555156135
8 28 -0.2514263743540851
8 29 -0.15992446476738204
8 30 0.045081417053100904
8 31 -0.09299934269254675
8 32 0.15592732415835112
8 33 0.02614890955917002
8 34 -0.07534948586140991
8 35 -0.13914019823686308
8 36 -0.26281435533717706
8 37 0.07807348708131588
8 38 0.052749758769450615
8 39 0.1674147400422817
9 9 0.0
9 10 0.04024689219885349
9 11 -0.06966145758850857
9 12 -0.00657197193839836
9 13 -0.09844205117592539
9 14 -0.13596174058961924
9 15 -0.04993706527613469
9 16 0.007944372703346003
9 17 0.009811553756497268
9 18 -0.01955016471963015
9 19 -0.19540844061990287
9 20 -0.1019043835432478
9 21 -0.0030452543998931245
9 22 0.07955563345599968
9 23 0.05405375913821221
9 24 -0.28886919035529257
9 25 0.01100393358773463
9 26 0.28086282426901293
9 27 0.0695440797861966
9 28 -0.15361625709608054
9 29 -0.0671593029995724
9 30 -0.08706499443780216
9 31 -0.1871053595825609
9 32 -0.021990321056463487
9 33 0.15452470268514326
9 34 0.03366932284793585
9 35 0.015008385260820854
9 36 -0.06458530262286064
9 37 -0.030497134463306756
9 38 0.012407771228554012
9 39 0.20942983467275722
10 10 0.0
10 11 -0.10859562711041684
10 12 0.04841723294319543
10 13 0.07177977303016328
10 14 0.00019772339992809844
10 15 -0.02194860374797143
10 16 -0.09010103546447894
10 17 -0.093674398626063
10 18 -0.01636636850189266
10 19 -0.18829042678579172
10 20 -0.04738731383091942
10 21 0.10775728482535922
10 22 -0.10235448174762303
10 23 -0.12393814776533733
10 24 0.10669737336479682
10 25 -0.11205370125049159
10 26 0.23706612351791084
10 27 -0.08444813393085551
10 28 -0.017687813162825035
10 29 0.004781558937326501
10 30 0.12323963242046307
10 31 -0.21595322280461984
10 32 0.06785153494209092
10 33 -0.08020459642872284
10 34 -0.10314141047947614
10 35 0.039217601562943606
10 36 -0.1784200936138884
10 37 -0.06301104999714953
10 38 -0.07856749387947692
10 39 0.03457574243558191
11 11 0.0
11 12 0.28259369496921916
11 13 0.015942002866031455
11 14 0.11721284873727597
11 15 -0.02676519290001586
11 16 0.1651585837463366
11 17 -0.1362812278292152
11 18 0.19189902332622336
11 19 0.08539586634267378
11 20 -0.050066347775579355
11 21 0.18647767330928397
11 22 -0.21166376603563603
11 23 0.008900191864553415
11 24 0.20682042701281406
11 25 0.15229549619334276
11 26 -0.25409441743092476
11 27 -0.015983741904271726
11 28 0.018624559747447846
11 29 -0.06640654116000436
11 30 0.0006405159622823809
11 31 0.11648869850582659
11 32 -0.06854477046497195
11 33 0.019178667487581263
11 34 0.19042635248808637
11 35 -0.09797664090432079
11 36 -0.09949559844709426
11 37 0.06275760918886604
11 38 -0.016122306251140923
11 39 -0.11742216377625532
12 12 0.0
12 13 0.05088989453802294
12 14 0.20968952001728414
12 15 -0.11482135897947851
12 16 -0.058047097091388146
12 17 -0.13078808848141998
12 18 0.12254900006702285
12 19 -0.019306320577630057
12 20 0.08047935422251357
12 21 0.1605761271425023
12 22 -0.173950238047778
12 23 -0.014428479403661399
12 24 0.2850695158714422
12 25 0.2495882189489418
12 26 -0.229146160016304
12 27 0.0596403332948278
12 28 0.12176876013365742
12 29 -0.16913543487430036
12 30 0.15568847505143138
12 31 0.10519552824730716
12 32 -0.09094039945980494
12 33 0.0043165866742366395
12 34 0.17512383573662466
12 35 -0.07308073333233046
12 36 -0.1705746603653949
12 37 -0.1467482666964514
12 38 -0.07039720651673839
12 39 0.04121193715102937
13 13 0.0
13 14 0.1306573990198476
13 15 -0.04660511737553517
13 16 -0.0789840101423605
13 17 -0.07907953542974515
13 18 -0.2556255834158263
13 19 -0.013416500731496823
13 20 -0.15015221298027653
13 21 0.10138409839663627
13 22 -0.07494752015906903
13 23 0.023641552752351722
13 24 0.14322968994572458
13 25 0.13484528517949385
13 26 -0.0015863504151966423
13 27 -0.1749406805863682
13 28 0.07520240354307864
13 29 0.00048088659688621876
13 30 -0.05148563454082966
13 31 0.0872434116334784
13 32 -0.0654233273238978
13 33 -0.09334177959658971
13 34 0.0038679360057412987
13 35 0.047508466217553814
13 36 -0.006284060647967464
13 37 0.0018664352587859038
13 38 0.005402822001987876
13 39 -0.058116731414253234
14 14 0.0
14 15 -0.035342030090906404
14 16 0.14660848109841396
14 17 -0.23394011505738227
14 18 -0.2224353953269483
14 19 -0.003706922379561018
14 20 0.060953737703588154
14 21 0.09280741422772701
14 22 -0.22588120312663174
14 23 -0.030726883942053813
14 24 0.08932539507828037
14 25 0.07046360316074118
14 26 -0.1479906002956442
14 27 -0.04833236543937861
14 28 0.004171388774726762
14 29 -0.15621273582884898
14 30 0.0803604077493645
14 31 0.049320863046459676
14 32 0.18759046044434707
14 33 -0.08778971650616214
14 34 -0.09058582538499849
14 35 -0.057071491565023155
14 36 0.012881860119786903
14 37 -0.19475075622742
14 38 0.06493552784982373
14 39 -0.13572748060532142
15 15 0.0
15 16 0.03605233547869284
15 17 0.09925724668488939
15 18 0.025997947164391015
15 19 -0.03068013848457286
15 20 -0.05522482529178731
15 21 -0.09636606290814216
15 22 -0.045203514030983896
15 23 -0.05065328849288693
15 24 0.0002731667692137243
15 25 -0.01348906247575416
15 26 0.01814237835465534
15 27 0.1260201269821079
15 28 0.2147028868725696
15 29 0.07982684062226218
15 30 -0.1827054682986031
15 31 0.007978173496092386
15 32 0.020891209677581388
15 33 -0.10820808904947035
15 34 0.011710305507985876
15 35 -0.08544368977680153
15 36 0.17146619081439765
15 37 -0.10706808226933036
15 38 0.0678377723384583
15 39 -0.17182250596759238
16 16 0.0
16 17 -0.11897186067425973
16 18 0.26153699269830516
16 19 -0.03400945710081362
16 20 0.36592522588937365
16 21 0.141209007923322
16 22 -0.1792260164866951
16 23 -0.1772231857101379
16 24 -0.04179851288409968
16 25 0.024316290345401868
16 26 -0.1406359022906321
16 27 -0.013525486983134443
16 28 0.0053866959945125855
16 29 0.0945931102856405
16 30 -0.16516091094942015
16 31 0.17692182989223695
16 32 0.07318656805474658
16 33 0.054601559401431944
16 34 -0.044479156402487466
16 35 -0.003415378499358547
16 36 0.05045632956060223
16 37 -0.037197485001881254
16 38 0.09099335899591773
16 39 0.021785432675379492
17 17 0.0
17 18 -0.07354343406485148
17 19 -0.058799215817442886
17 20 -0.016094099467703158
17 21 -0.05414782900780507
17 22 0.10986198230359959
17 23 0.08051084847824336
17 24 -0.13548946808843604
17 25 -0.06199233627971225
17 26 -0.05203672477837884
17 27 0.06561697638379344
17 28 -0.08373005218809515
17 29 0.026667218303767854
17 30 0.09864987611095379
17 31 -0.0948057712896362
17 32 -0.052897219868441356
17 33 0.037479926665474034
17 34 -0.009505145727867911
17 35 -0.07609798294120296
17 36 -0.17657248680516216
17 37 0.13464825434925703
17 38 0.059161483619348885
17 39 0.03192153360579005
18 18 0.0
18 19 0.12875733312748877
18 20 0.2995701312394764
18 21 -0.18272070576175584
18 22 -0.21269965389139886
18 23 -0.2303571805318798
18 24 0.18219125072604814
18 25 -0.041488182180773894
18 26 -0.11230604410786509
18 27 0.08700548946615748
18 28 -0.05768215726850088
18 29 0.2515617364034161
18 30 -0.0415378657586566
18 31 0.12488168073382958
18 32 -0.2407947086046927
18 33 -0.08655731290139554
18 34 0.15694536624117555
18 35 0.12952850860239756
18 36 0.23743288317773986
18 37 0.06213651359907883
18 38 -0.05282006420078844
18 39 0.2810514277590831
19 19 0.0
19 20 0.013976119362814033
19 21 -0.065839833535747
19 22 0.0006094400923179561
19 23 0.007102023252519065
19 24 0.058517348854111584
19 25 0.026760459658585745
19 26 -0.3122484132766571
19 27 0.022422403367745845
19 28 -0.011006248530452295
19 29 0.05456816122836189
19 30 0.05055539832816097
19 31 0.16335551828134895
19 32 -0.061338135162887074
19 33 -0.07973326077339869
19 34 0.007510490470802588
19 35 0.08201284335765088
19 36 0.25312832375297084
19 37 0.024527886422951124
19 38 -0.034070393705719064
19 39 -0.10765735349950005
20 20 0.0
20 21 0.07550258373751267
20 22 -0.13892800883649953
20 23 -0.21565030444576014
20 24 0.09898497141425905
20 25 -0.02448017812613755
20 26 -0.3391245737373062
20 27 0.03516293457355448
20 28 -0.024390697399298993
20 29 0.10003806098452687
20 30 0.08446685899878453
20 31 0.2578514764812574
20 32 0.07325926871542957
20 33 0.05315617001292329
20 34 -0.14260078551199956
20 35 -0.016072169013777036
20 36 0.019551367514074217
20 37 -0.008426835300164975
20 38 0.04574240050681867
20 39 0.07671493250840601
21 21 0.0
21 22 -0.11325077069389211
21 23 -0.020329331962904824
21 24 0.05685893854688604
21 25 0.06234533201159616
21 26 -0.2086373773410652
21 27 -0.07975261532709814
21 28 -0.02235225450234112
21 29 -0.07368679142255814
21 30 0.0820078374137183
21 31 0.049796778676638793
21 32 0.09259214578836272
21 33 0.04672058473561662
21 34 -0.005912239870045364
21 35 -0.025962552267104262
21 36 -0.3043427046144486
21 37 0.02165521613019051
21 38 -0.02103422278597576
21 39 -0.0049419157831352934
22 22 0.0
22 23 0.08216305319160629
22 24 -0.11466058091683203
22 25 -0.09000785217006428
22 26 0.2569537835004211
22 27 0.07573273357224117
22 28 -0.04117864465612567
22 29 -0.07329230835445631
22 30 0.03946643466977082
22 31 -0.1308232199214065
22 32 -0.03344786950251519
22 33 0.24201684230116718
22 34 0.036483654210244076
22 35 -0.002828069159991359
22 36 -0.07965945441889873
22 37 -0.023320654586425297
22 38 0.024230333630258085
22 39 -0.019326041254320022
23 23 0.0
23 24 -0.08663024651201529
23 25 -0.040021797015939845
23 26 -0.015649776893962377
23 27 -0.07952383591269697
23 28 -0.030767270202714754
23 29 -0.19547141571247667
23 30 -0.010806600115402036
23 31 -0.04128307365306673
23 32 0.03480818312791085
23 33 -0.017176872140640665
23 34 0.01732947076735817
23 35 -0.09921187475957573
23 36 -0.13162232453956946
23 37 0.13456877891749522
23 38 0.02303417319670118
23 39 0.04067545982528982
24 24 0.0
24 25 -0.005076910611373964
24 26 -0.03774916873729496
24 27 -0.06919939944087415
24 28 0.25783119055026515
24 29 -0.040867461467718226
24 30 0.05599890655334054
24 31 0.12626097677468837
24 32 -0.2973896708809514
24 33 -0.09061209493871056
24 34 0.13542741106824355
24 35 0.06424760914013508
24 36 0.11326179805158247
24 37 -0.15711326047914093
24 38 0.09035158099047712
24 39 -0.11240634690443237
25 25 0.0
25 26 -0.14565002348055234
25 27 0.09555171608222014
25 28 0.16764984886352455
25 29 0.1789930085217744
25 30 -0.05480375939820935
25 31 0.15558211777965192
25 32 -0.18271589403737995
25 33 0.011357637612087884
25 34 0.03017758814946106
25 35 0.09489490269393192
25 36 0.19121705664506203
25 37 -0.14911601625775897
25 38 -0.06998246703155352
25 39 -0.09640770353686609
26 26 0.0
26 27 -0.00092344581461343
26 28 0.05178334960712653
26 29 0.003593723627613162
26 30 -0.11237174111896475
26 31 -0.39239467470180195
26 32 -0.05955560566241717
26 33 0.14537648405131381
26 34 0.04719589491900715
26 35 0.09684609242065575
26 36 0.06344254062036393
26 37 -0.10968150696728796
26 38 -0.019018828800581925
26 39 0.09147098042480255
27 27 0.0
27 28 0.10262339456959366
27 29 0.10136818635200104
27 30 0.024996704380146693
27 31 -0.06826057252241871
27 32 -0.011055919437301855
27 33 0.07417873731764188
27 34 0.03750948762240907
27 35 0.03123854083970523
27 36 0.17388251577019692
27 37 -0.19589815116429335
27 38 -0.026969535776610137
27 39 -0.07131432112744444
28 28 0.0
28 29 0.04622475088206122
28 30 -0.2176912096832862
28 31 0.15495652768606086
28 32 0.022308507531795675
28 33 -0.16102741794633418
28 34 0.08036579345465127
28 35 -0.057446275128842796
28 36 0.2291348472077938
28 37 -0.21261368387586846
28 38 -0.027361166793224617
28 39 -0.18712912582624477
29 29 0.0
29 30 -0.04182749533365626
29 31 0.0354096733953269
29 32 -0.1060846468340996
29 33 -0.08102491433966205
29 34 -0.08825118840572593
29 35 0.27701682502666874
29 36 0.3616403346235301
29 37 0.01449202596198323
29 38 -0.09090963169571585
29 39 0.02604937972809617
30 30 0.0
30 31 -0.1482472095707582
30 32 0.05894491180473578
30 33 0.07049373840201587
30 34 -0.0671057639850854
30 35 0.05225904130154172
30 36 -0.2615817120806197
30 37 0.05180089138204071
30 38 -0.13424739064290475
30 39 0.02789063322077704
31 31 0.0
31 32 -0.04555978845117266
31 33 -0.09189860152976527
31 34 0.06197204940856985
31 35 -0.030523073047215736
31 36 0.13224178012650706
31 37 0.016649863003901512
31 38 -0.001166801599621872
31 39 -0.061587748265663766
32 32 0.0
32 33 -0.0541031879367108
32 34 -0.13453784615280157
32 35 -0.12893447222458715
32 36 -0.1982074457411894
32 37 0.053380475836815086
32 38 -0.09094654176765885
32 39 -0.04850325277504523
33 33 0.0
33 34 0.05584546986326324
33 35 -0.04343461651337402
33 36 -0.19058622900495728
33 37 -0.03402199237264438
33 38 0.06836902966125943
33 39 0.00934573697520361
34 34 0.0
34 35 -0.04034223455529144
34 36 -0.05931905291327827
34 37 -0.015857221912883145
34 38 -0.03560833805604524
34 39 0.03361820446921029
35 35 0.0
35 36 0.2899236316029697
35 37 -0.04593188242523862
35 38 -0.12510147301495964
35 39 0.13715710381861862
36 36 0.0
36 37 -0.22347673840402266
36 38 0.012750082900079562
36 39 -0.11333289419234469
37 37 0.0
37 38 -0.029776250528682564
37 39 0.16168571156938613
38 38 0.0
38 39 -0.028065998037621838
39 39 0.0
