0 0 0.0
0 1 -0.17848859423576996
0 2 -0.07485753288396438
0 3 0.029382950708424414
0 4 -0.04849253665302078
0 5 0.05353461205954997
0 6 -0.05838236602493685
0 7 0.0069609839321616695
0 8 0.13839429944231144
0 9 0.016920105307871653
0 10 -0.05106994422906449
0 11 -0.019199521523243383
0 12 0.08040409085786254
0 13 -0.10926788295507543
0 14 0.0513467926383991
0 15 0.020282862361107903
0 16 0.04910637228212514
0 17 -0.0058255579178563156
0 18 0.04846650314832136
0 19 -0.04773296726673076
0 20 -0.06922902468792592
0 21 -0.054283620250209
0 22 0.018642565064396547
0 23 0.01280515204792924
0 24 0.048730144151010096
0 25 0.15696578081198834
0 26 0.06279940014896056
0 27 -0.006137497958963489
0 28 0.03401216851939777
0 29 0.007377001311931091
0 30 0.00018902039389655446
0 31 0.054491575861842736
0 32 0.07664879490570368
0 33 -0.05548745773413707
0 34 -0.06742341719637648
0 35 -0.08260592729760304
0 36 -0.04403610056429283
0 37 -0.05783037722724497
0 38 -0.02969013330997
0 39 -0.0738798822118863
1 1 0.0
1 2 0.14982715043726344
1 3 -0.18027110209882613
1 4 -0.012265936020447881
1 5 0.021787098802287016
1 6 0.1767070402192551
1 7 0.09023589846951571
1 8 -0.21302487126051922
1 9 -0.024915179636394492
1 10 0.15505649263999605
1 11 -0.08394046049294168
1 12 -0.0593080700557679
1 13 0.27336458074667447
1 14 0.03153436843190105
1 15 -0.130056905264794
1 16 -0.13582067460083266
1 17 0.16252385774461414
1 18 -0.29596501008295184
1 19 0.0027231695197624064
1 20 -0.09504098893042351
1 21 -0.0038224737475824463
1 22 0.007078096399729955
1 23 -0.025115846413369107
1 24 0.007422222605253605
1 25 -0.29153983097064107
1 26 -0.06919040649171952
1 27 0.013105720139576043
1 28 -0.036592431558871104
1 29 -0.11792535914852202
1 30 0.04241590600900399
1 31 -0.26011989540152586
1 32 -0.0752931973341318
1 33 0.03539424181476071
1 34 0.14303495965390586
1 35 -0.01880556263865534
1 36 0.07796035516130627
1 37 0.02110579998351874
1 38 -0.022001437843367087
1 39 -0.04301624165222349
2 2 0.0
2 3 -0.08454998858386606
2 4 0.01590400895097195
2 5 -0.10314125222676865
2 6 -0.11220987819623207
2 7 -0.10342258704539335
2 8 -0.20421938126124664
2 9 -0.10173111182374676
2 10 -0.025704465062042287
2 11 0.1580999435514943
2 12 -0.0642928565583493
2 13 -0.072550000186444
2 14 -0.16956410667799254
2 15 0.09352286168700276
2 16 0.09175015574623237
2 17 -0.058650497075306486
2 18 0.09812655904762906
2 19 0.002894999441245857
2 20 -0.0986317448498638
2 21 -0.07270090644659156
2 22 0.20195401445728883
2 23 -0.10822251506847616
2 24 -0.03827647693669435
2 25 -0.154565088797231
2 26 0.027260785958576478
2 27 0.213046978131708
2 28 -0.05130926273392787
2 29 0.03784641580954855
2 30 0.290192374877503
2 31 -0.22123137472705232
2 32 0.15505584985035875
2 33 -0.23823898643341107
2 34 -0.003327251150045404
2 35 0.0038490909097802285
2 36 -0.06410802261137202
2 37 0.12936739522804822
2 38 -0.01214216059337648
2 39 -0.06724203889865477
3 3 0.0
3 4 0.03126776902318558
3 5 -0.08669271777151098
3 6 -0.11227230373668924
3 7 -0.030551205570335478
3 8 -0.0058134797892258235
3 9 -0.05715466348113753
3 10 -0.09096491793273054
3 11 -0.01095003429183091
3 12 -0.0033136933637787037
3 13 -0.08438810243914696
3 14 -0.08233662490946017
3 15 0.050996167156505054
3 16 -0.0886776161757652
3 17 0.08933253381923525
3 18 0.07023135401306804
3 19 -0.07315579162855426
3 20 -0.0052585613804373346
3 21 0.08288814149717842
3 22 -0.05630228983152804
3 23 -0.02777238119896555
3 24 -0.20313988230584762
3 25 -0.031104025309577683
3 26 -0.05695706699842253
3 27 -0.04078106920250327
3 28 0.012281899096827658
3 29 -0.0019053104445875748
3 30 -0.04526610805544
3 31 0.14035169811675796
3 32 0.047947149559502626
3 33 -0.16566019385336578
3 34 -0.019237774330895175
3 35 0.1250855910569842
3 36 -0.009295854480171228
3 37 0.09835512460978048
3 38 0.0643962771574158
3 39 0.016040859494483174
4 4 0.0
4 5 0.026871015277030057
4 6 -0.036780595480525494
4 7 -0.02842462149139427
4 8 -0.035838624950782265
4 9 -0.037688218387898
4 10 -0.03545956308641627
4 11 0.019969352439275063
4 12 -0.119941909226698
4 13 0.048440074430178615
4 14 -0.0004326395322011385
4 15 0.004050627105520292
4 16 -0.011338739601121802
4 17 -0.11473417471374983
4 18 0.05900404449356924
4 19 -0.010950859796340856
4 20 0.024274834507817793
4 21 -0.03142461008191614
4 22 -0.008447121191306447
4 23 0.03174831773646356
4 24 0.007714467837355401
4 25 -0.06672375028521604
4 26 -0.09624748361784331
4 27 0.1125141644730989
4 28 -0.02516081302262203
4 29 0.07971679644828567
4 30 0.014587407443792763
4 31 -0.04584198782340208
4 32 -0.016333983410884326
4 33 -0.045707058138953774
4 34 0.00785098127500102
4 35 0.010199625381720652
4 36 0.014755398603279185
4 37 0.07158252781385319
4 38 0.0006148587621061046
4 39 0.012073529636302614
5 5 0.0
5 6 0.22703523245664198
5 7 -0.0020045251302106036
5 8 -0.011601492471215613
5 9 0.04660497832897378
5 10 0.04957465613376011
5 11 -0.13737307916864694
5 12 -0.07353743643270619
5 13 0.08903046990862964
5 14 0.25186731732960876
5 15 -0.0026546711073795123
5 16 0.0831152309922745
5 17 -0.10967214667352972
5 18 0.1004222776178169
5 19 0.10239693790384088
5 20 -0.013248244210294366
5 21 -0.23683608269048229
5 22 0.02267224255918639
5 23 0.007951906910698695
5 24 0.16813609061960333
5 25 0.18431816473614127
5 26 -0.01715796973708122
5 27 0.07218606732853976
5 28 0.015987435674824517
5 29 0.0008728654646269407
5 30 -0.15424653367415955
5 31 0.10720574075906335
5 32 0.01356171208053083
5 33 0.011662695195138571
5 34 0.022213872094354124
5 35 -0.13325355824584978
5 36 -0.01052541891195944
5 37 0.010462462284566699
5 38 0.01873765215308448
5 39 -0.04581211208120747
6 6 0.0
6 7 -0.00561738589791023
6 8 -0.1146978297231934
6 9 0.11364146761897931
6 10 0.11192558397106181
6 11 -0.17879427510872656
6 12 -0.0030033566172274866
6 13 0.18318810848029238
6 14 0.17423845406358573
6 15 -0.049439016316579154
6 16 0.011964612098476534
6 17 0.0030878434150751937
6 18 0.025695617465142945
6 19 0.10162256463670978
6 20 0.0741800340620278
6 21 -0.1268240195977532
6 22 -0.04636594877402142
6 23 0.029148498463729616
6 24 0.06604127480821037
6 25 0.0892612585824866
6 26 -0.02935173952847908
6 27 -0.02431755687272688
6 28 -0.06233068265016818
6 29 -0.13245499430866614
6 30 -0.11140102069879246
6 31 0.043044522192549214
6 32 -0.03202328277131007
6 33 0.15364214573582222
6 34 0.12439075504797728
6 35 -0.00561914356745513
6 36 0.03223140113212815
6 37 -0.05399736085768327
6 38 0.09262307502979025
6 39 0.049017641221863785
7 7 0.0
7 8 0.044891868742614326
7 9 0.005745608870718779
7 10 0.03738334189924795
7 11 0.0049238853281204
7 12 -0.04193897037197965
7 13 0.06793524761254793
7 14 0.037431059992954645
7 15 0.008096880016221705
7 16 -0.01969039512234031
7 17 0.005534646939435147
7 18 -0.09569878437686366
7 19 0.011992716807995046
7 20 0.020415515265890655
7 21 0.04217359055317525
7 22 -0.02062171869431482
7 23 -0.03442014295120778
7 24 -0.00558838668578574
7 25 -0.08427905169315074
7 26 0.0195606501456432
7 27 -0.006703840310773282
7 28 0.0775000463967221
7 29 -0.03013944529290307
7 30 -0.022756162161706794
7 31 -0.002198850193217897
7 32 -0.07729043517400294
7 33 0.040822581403873105
7 34 -0.015955414893916015
7 35 0.035453501038777334
7 36 -0.05056103010155194
7 37 -0.04441445035788836
7 38 -0.011808484913281493
7 39 0.032687202410101056
8 8 0.0
8 9 0.06974022118337721
8 10 -0.001891759685108615
8 11 -0.004125598699400697
8 12 0.057742263848123955
8 13 -0.057651180336831
8 14 0.0754322276883797
8 15 0.02374867165480731
8 16 0.04790670989552569
8 17 -0.003027125857384614
8 18 -0.03886420200186848
8 19 -0.0795802106893557
8 20 -0.057750147317588374
8 21 0.019987743592216212
8 22 -0.04786992121241428
8 23 0.06299836441153826
8 24 0.03856483309935075
8 25 0.03638376025897859
8 26 0.0452885596230076
8 27 -0.07743269944688239
8 28 0.04814225456706727
8 29 0.03517839525118825
8 30 0.011322828775400463
8 31 0.013200567395048764
8 32 0.0439841395737741
8 33 0.053079340113441245
8 34 -0.11379322849500668
8 35 -0.11568663692081889
8 36 0.009539906501809935
8 37 -0.0574479117104751
8 38 -0.06321584223649926
8 39 -0.009407467150351869
9 9 0.0
9 10 0.06918816136117217
9 11 -0.04883870322371665
9 12 0.012358065605639321
9 13 0.0708780711869463
9 14 0.10364458137508543
9 15 0.023521827742924863
9 16 0.05217094853043001
9 17 0.020953709717606187
9 18 0.023643741217631166
9 19 -0.01328353102049426
9 20 0.02522922097026233
9 21 0.0036159050147083005
9 22 -0.1060018021231933
9 23 0.01956383338397223
9 24 -0.02213767002435952
9 25 -0.015441901873825496
9 26 0.019313646250968666
9 27 -0.07783894385841325
9 28 -0.055174730602465194
9 29 -0.05983855374555332
9 30 0.020964986892365513
9 31 -0.010725519833983928
9 32 0.03931610277334955
9 33 0.11568755411675218
9 34 0.02084516859817298
9 35 -0.07227892295718016
9 36 0.03561554568169811
9 37 -0.09063834110130982
9 38 0.029763367247220174
9 39 0.028404174383852038
10 10 0.0
10 11 -0.010020320278701587
10 12 -0.05786226696643569
10 13 0.0946291222646571
10 14 0.10113122116650294
10 15 0.033431616935487164
10 16 0.02111063287895097
10 17 0.15031648275774312
10 18 -0.16032546816324475
10 19 0.0725867176710791
10 20 -0.07231208092159369
10 21 0.003312350287762931
10 22 -0.0709191040702646
10 23 -0.06851646093944429
10 24 -0.02920097340126638
10 25 -0.1608175849976115
10 26 0.016091628574168494
10 27 -0.15659954258684716
10 28 0.040999666238019684
10 29 -0.09507499271386718
10 30 -0.09053649368652227
10 31 0.08870265149452553
10 32 -0.02233918377038818
10 33 0.08502290982353099
10 34 -0.056594480150322604
10 35 -0.07325633376320312
10 36 0.0657748050300118
10 37 0.06782409432106953
10 38 0.01085702646270403
10 39 0.07074384486952572
11 11 0.0
11 12 -0.053538645167656794
11 13 -0.12099154111991559
11 14 -0.06972217274324813
11 15 0.10661999932729434
11 16 0.07676757179960006
11 17 -0.019016613891293867
11 18 0.0015697834092610978
11 19 -0.0004608411413555429
11 20 -0.012496571531546197
11 21 0.11703444665455025
11 22 0.022341875081792098
11 23 -0.11216552674812516
11 24 -0.0051985512030344365
11 25 -0.035031981286852844
11 26 0.11231027890905151
11 27 -0.01944526172841879
11 28 0.028056644850522772
11 29 -0.0027713218735698412
11 30 0.07475979927143536
11 31 0.018138737839063643
11 32 -0.05285770631037488
11 33 -0.006800891565255536
11 34 -0.09153083365619363
11 35 0.00833615190727245
11 36 -0.07145717397442765
11 37 -0.08737752820318681
11 38 -0.05079346102962101
11 39 -0.005184858457932042
12 12 0.0
12 13 -0.1521016607089478
12 14 -0.08947150591700209
12 15 -0.11488631505191634
12 16 -0.04258438597207706
12 17 0.13491488723660172
12 18 -0.05660773031566559
12 19 -0.08375925527082186
12 20 -0.07494312833282335
12 21 0.01609493485641086
12 22 0.024790297317788344
12 23 0.08349305631389091
12 24 0.06177970283040429
12 25 0.24013019615158662
12 26 0.0808132801858277
12 27 -0.1026367331264845
12 28 -0.05692247027344803
12 29 -0.07645585100620354
12 30 0.03412875369147708
12 31 -0.02742176823359822
12 32 0.05911797127702947
12 33 0.03781555844790818
12 34 0.013817245566098743
12 35 -0.03610644208047416
12 36 0.027007070390575205
12 37 -0.13813499693343426
12 38 -0.028932703172645274
12 39 -0.09690117868663159
13 13 0.0
13 14 0.17233571217820004
13 15 -0.002989410955880353
13 16 -0.053356711975164214
13 17 -0.06539414618670632
13 18 -0.07627348079129623
13 19 -0.01846758128538127
13 20 0.07519238630316959
13 21 -0.018618836980661538
13 22 -0.03271138623868185
13 23 0.0911866551688298
13 24 -0.018049299548545155
13 25 -0.2476906314480078
13 26 -0.13034384434533897
13 27 0.05551836292839633
13 28 -0.03361284088609644
13 29 -0.07503120552309314
13 30 0.02762415914432077
13 31 -0.18639673340773394
13 32 -0.07272326433459335
13 33 0.14263757688301534
13 34 0.1048209277028775
13 35 0.07140811943976885
13 36 0.04327433999839949
13 37 0.03222329795602995
13 38 0.049581634261254046
13 39 0.1252463829081202
14 14 0.0
14 15 0.06742651283324927
14 16 0.07949689922818423
14 17 -0.029640669726858738
14 18 0.0012913746474132333
14 19 0.0004952593148588164
14 20 -0.04493380466707897
14 21 -0.10714127562444568
14 22 -0.018602889907642188
14 23 0.044216705200676235
14 24 0.10652923449003085
14 25 0.035283498191462856
14 26 0.009195115235404349
14 27 -0.06928674032799209
14 28 0.0011701313095178445
14 29 -0.07692968177356937
14 30 -0.1031991292882087
14 31 0.02313247349386143
14 32 -0.0014930103713036462
14 33 0.12840439148904287
14 34 -0.0033108760116103567
14 35 -0.14441228464749484
14 36 0.040053089420086396
14 37 -0.0416996158184046
14 38 -0.007844370230989259
14 39 0.00795690369810598
15 15 0.0
15 16 0.08723368172976781
15 17 -0.02600333597887461
15 18 0.07695754293356585
15 19 0.010859915470640556
15 20 0.004517237830745749
15 21 0.025977269403416763
15 22 -0.004074388268399211
15 23 -0.0892620150794968
15 24 -0.0927946924306922
15 25 -0.09960610979105491
15 26 0.03948947840227833
15 27 -0.012582984719542792
15 28 0.04635026213072867
15 29 -0.03660229270949579
15 30 0.02624391949233847
15 31 0.08313021003346689
15 32 0.027792628362344807
15 33 -0.040810467734970386
15 34 -0.07982332516886646
15 35 0.0337758279025118
15 36 -0.06505714573940066
15 37 0.034166940365211375
15 38 0.035488154008928796
15 39 0.07212807564546188
16 16 0.0
16 17 -0.10556278682985416
16 18 0.12432172696469272
16 19 0.07528969464730798
16 20 0.023240380681457916
16 21 -0.06250286207656541
16 22 0.02116402395225878
16 23 -0.05965531604123109
16 24 0.07518122042056112
16 25 0.08922349990517621
16 26 0.08584377827573912
16 27 0.019024260823112454
16 28 0.012463764408413245
16 29 0.04846338177142197
16 30 0.005688239304911234
16 31 0.06173954271513097
16 32 0.03447800444683987
16 33 0.025590254387653326
16 34 -0.04794092301265572
16 35 -0.10556206469343891
16 36 -0.04042377668903768
16 37 -0.04411245531732113
16 38 -0.01765359534256849
16 39 -0.013095343845551461
17 17 0.0
17 18 -0.2649506003343311
17 19 -0.05961999613855812
17 20 -0.22637421478392356
17 21 0.12538431596795527
17 22 -0.12182156239224887
17 23 -0.09370629521933538
17 24 -0.17484479054647153
17 25 -0.1222026069011348
17 26 0.05489896592268199
17 27 -0.33763551519196533
17 28 0.0014260756400148015
17 29 -0.17136699400790115
17 30 -0.09401226466859688
17 31 0.13559128318061278
17 32 0.06715869455308751
17 33 -0.04651076714892417
17 34 -0.054951037274782476
17 35 -0.08479759255350086
17 36 0.13007871830201514
17 37 0.0518093615477789
17 38 -0.0017867353155502767
17 39 -0.05259432323414583
18 18 0.0
18 19 0.060719962640875334
18 20 0.17831372135476997
18 21 -0.0922826018196368
18 22 0.02199346402502863
18 23 -0.017345741491765345
18 24 0.004446493895327829
18 25 0.2077780500977533
18 26 -0.0011468233973450398
18 27 0.18234705107281782
18 28 -0.06865946427197435
18 29 0.14791198651265874
18 30 0.03437598351480865
18 31 0.05766050589435301
18 32 0.07872320785888985
18 33 -0.08045694730529765
18 34 0.07761001887860657
18 35 0.015286574798142383
18 36 -0.07858260429737526
18 37 -0.03305808771727762
18 38 0.061064608648609894
18 39 -0.02995344604174926
19 19 0.0
19 20 0.1353514590993115
19 21 -0.04108179445135633
19 22 0.009869134441159806
19 23 -0.1366866764886062
19 24 0.04967486121837115
19 25 0.06137199534012837
19 26 0.043416429450942526
19 27 -0.029776716783278524
19 28 0.09330321334107135
19 29 0.12488856100451359
19 30 -0.21987313541042516
19 31 0.245285906360254
19 32 -0.09753126886897083
19 33 0.04523660143016358
19 34 0.007716267486784903
19 35 -0.017364183121383804
19 36 -0.0049025612972080175
19 37 0.09976984700927961
19 38 0.01261991838162678
19 39 0.05122269233375605
20 20 0.0
20 21 0.06135306023356133
20 22 -0.016375131427204585
20 23 0.004135347385085241
20 24 -0.008666269545803
20 25 0.04126592811330275
20 26 -0.02336127874142386
20 27 0.08543846655488599
20 28 0.0010693677986986616
20 29 0.11774381950872774
20 30 -0.05453212679365688
20 31 0.03875954072541067
20 32 -0.137675379853824
20 33 0.14401702557569707
20 34 0.12099819615098924
20 35 0.1673115588354219
20 36 -0.05185080528207432
20 37 -0.046031558472535115
20 38 0.06068508590346028
20 39 0.12733029078316965
21 21 0.0
21 22 -0.0935040330438218
21 23 -0.04888844798936835
21 24 -0.15984122854534527
21 25 -0.15870813904795672
21 26 0.03845736180320281
21 27 -0.16347312309187303
21 28 0.0010343186621586064
21 29 -0.01031300005791017
21 30 0.013729072627321282
21 31 0.007030828437931132
21 32 -0.07340684420073187
21 33 0.07332123985118122
21 34 0.006037227621406979
21 35 0.08491079038618264
21 36 0.03499344213858514
21 37 -0.049590662973770294
21 38 -0.009910825895591616
21 39 0.056750372421821106
22 22 0.0
22 23 0.05339452289302884
22 24 0.13615040120898309
22 25 0.10257268950171394
22 26 0.014248346848691206
22 27 0.14050076701466793
22 28 0.040602017235083124
22 29 0.023258434543723915
22 30 0.0550026530604016
22 31 -0.09206911432519041
22 32 -0.009757176909694179
22 33 -0.041768744634063854
22 34 -0.01420368068476845
22 35 0.06110228847833983
22 36 -0.06886489185932664
22 37 0.045615975143277414
22 38 -0.03566501361868196
22 39 -0.010588697871006563
23 23 0.0
23 24 0.10384294468181501
23 25 0.06350717207614476
23 26 -0.09492772460195206
23 27 0.07243619005343564
23 28 -0.08409067438925057
23 29 -0.02823042592516837
23 30 0.09741893940417906
23 31 -0.21813505367191138
23 32 0.010113588679484595
23 33 0.10787443019979229
23 34 0.047048896226937434
23 35 0.03605050522395364
23 36 0.049162919197917945
23 37 -0.03973505873957202
23 38 -0.010353940318025574
23 39 0.02625595948918296
24 24 0.0
24 25 0.28722680442156673
24 26 0.05132534100609186
24 27 0.09885126633180155
24 28 0.003767982528049709
24 29 0.047834274255314654
24 30 -0.03656828227765653
24 31 -0.07072079452041709
24 32 -0.0649045445513939
24 33 0.12273902351915929
24 34 -0.0007921494730009279
24 35 -0.12325606000140547
24 36 -0.019371933356693107
24 37 -0.11636656865691956
24 38 -0.0927945580246917
24 39 -0.08022058966607268
25 25 0.0
25 26 0.13947210991948802
25 27 0.028862961877364035
25 28 -0.03424743343137758
25 29 0.03075443757165986
25 30 -0.128350563744897
25 31 0.1634962058362836
25 32 0.004286112781637287
25 33 0.04747838360880367
25 34 0.030880199281437804
25 35 -0.09543246736704877
25 36 -0.06774099623190868
25 37 -0.22854034245771299
25 38 -0.033035680803275166
25 39 -0.16613895028620893
26 26 0.0
26 27 -0.10053802501029394
26 28 0.034368789483672064
26 29 -0.031333867482059005
26 30 -0.022661032538052385
26 31 0.09502411225728612
26 32 -0.0067753780599128875
26 33 0.03863454569786906
26 34 -0.0479780014686743
26 35 -0.07590078432265802
26 36 -0.04790186805536606
26 37 -0.1349922290097448
26 38 -0.04208911628461438
26 39 -0.05961829267269543
27 27 0.0
27 28 -0.01680794623413589
27 29 0.07636054584248965
27 30 0.2044332763161923
27 31 -0.2315120901428752
27 32 0.01299128929021644
27 33 -0.13398772644205173
27 34 0.05583642405038204
27 35 0.12564334172273736
27 36 -0.16263282869686918
27 37 -0.011518312357188453
27 38 0.025437357008574395
27 39 -0.013774120489455954
28 28 0.0
28 29 0.02891694989940814
28 30 -0.11631023810882193
28 31 0.15932572832274428
28 32 -0.07050443626752176
28 33 -0.034741389691254385
28 34 -0.10032100714060466
28 35 0.04422695508200496
28 36 -0.06722567984553535
28 37 0.08918000194664437
28 38 -0.013729307333146836
28 39 0.056701966505666855
29 29 0.0
29 30 -0.08955998452720908
29 31 0.04502301704726118
29 32 -0.0014820912552777556
29 33 -0.06420933639345323
29 34 0.03292604166317277
29 35 -0.12027975630412624
29 36 0.06784193903749705
29 37 0.14723786310792092
29 38 -0.08272096676106806
29 39 -0.06558645977850071
30 30 0.0
30 31 -0.39160297476355954
30 32 0.1167810879729679
30 33 -0.06142521283486525
30 34 0.018459689906077194
30 35 0.06763875738374138
30 36 -0.08303855976366933
30 37 -0.1339250609855778
30 38 0.00171936045853868
30 39 -0.02541198848455805
31 31 0.0
31 32 -0.05430161796705045
31 33 -0.046652949204328095
31 34 -0.11980014420280187
31 35 -0.026462556628716348
31 36 -0.0069675372648154345
31 37 0.1321073661242735
31 38 0.051152155896331854
31 39 0.04751717393816864
32 32 0.0
32 33 -0.1535016941370842
32 34 -0.02212785995930192
32 35 -0.11938506114963923
32 36 0.03426999194015956
32 37 0.04599833678507559
32 38 0.0064679508211620464
32 39 -0.09639866987573949
33 33 0.0
33 34 0.055869481548624055
33 35 0.007545056854472984
33 36 0.062023265915021
33 37 -0.16066533138051212
33 38 -0.012197903656995709
33 39 0.1199416362034658
34 34 0.0
34 35 0.03395889432623853
34 36 0.03831877984996562
34 37 -0.061865276069749786
34 38 0.028081498407422623
34 39 -0.030113312376378813
35 35 0.0
35 36 -0.14195249069241664
35 37 0.01614624519775462
35 38 0.12158075921140407
35 39 0.1980868721653495
36 36 0.0
36 37 0.10073897200505458
36 38 -0.03903585284231719
36 39 -0.028090371304788853
37 37 0.0
37 38 0.01894537408496146
37 39 0.0857833447831127
38 38 0.0
38 39 0.08126045704966323
39 39 0.0
