0 0 0.0
0 1 0.008373278873552766
0 2 0.027490899146141317
0 3 -0.022780063384548136
0 4 -0.01902997477312862
0 5 -0.00997857751868492
0 6 0.10584368791206789
0 7 0.006675125465315358
0 8 -0.042315272172632895
0 9 -0.02251380922733161
0 10 -0.009628753259051147
0 11 0.013519490296226785
0 12 0.05459656943068163
0 13 -0.006868735127514146
0 14 0.026405830758690723
0 15 0.020857849245985556
0 16 -0.019249867765083337
0 17 -0.028045901972106012
0 18 0.0058569907611641814
0 19 -0.03248134287152845
0 20 -0.0496467809554906
0 21 -0.02766322427493041
0 22 0.0056254479514276905
0 23 0.026610692971716664
0 24 0.009787521262557476
0 25 0.0020808528949392197
0 26 -0.0756417018197588
0 27 -0.02591933788081436
0 28 -0.012186126066745927
0 29 -0.056212349101924894
0 30 -0.045356602319009
0 31 -0.032925504431179364
0 32 0.06910087158654728
0 33 0.0004056186077928209
0 34 -0.07556827614769138
0 35 -0.027454251943677604
0 36 -0.06740073755227276
0 37 -0.05884967824857599
0 38 0.012092678859904036
0 39 -0.03181847429400618
1 1 0.0
1 2 0.07464984563353902
1 3 -0.05220309107163009
1 4 0.001712780489271322
1 5 0.07264143310995821
1 6 -0.15029651936871652
1 7 -0.07844526812525461
1 8 -0.017400517741315735
1 9 -0.07514603660096743
1 10 -0.08592754166670244
1 11 0.007720383453608985
1 12 -0.061376003534553566
1 13 -0.05055156495304235
1 14 -0.10415833255469216
1 15 -0.019450518350167454
1 16 -0.0874212139546443
1 17 0.028419057004304277
1 18 0.06405126262048157
1 19 0.029819724754677035
1 20 -0.027609899015770628
1 21 0.06180919103812872
1 22 -0.011860982752770607
1 23 0.13619901001502885
1 24 0.0024217293397935796
1 25 -0.023652154596465552
1 26 -0.10859068483905909
1 27 0.02717201822338784
1 28 -0.025753008440122332
1 29 0.03420882579327726
1 30 0.027702960441411857
1 31 -0.03073318212790782
1 32 0.012126265180364155
1 33 -0.05707191096436097
1 34 0.0011521566023675164
1 35 0.009765416141861107
1 36 0.02054435203236527
1 37 0.004906053089418067
1 38 -0.07391731005842297
1 39 -0.017906053022076103
2 2 0.0
2 3 0.1261723994452821
2 4 -0.11389735422085012
2 5 -0.016008252579713424
2 6 0.13931948092634716
2 7 0.0061066761260234305
2 8 0.08663831430972611
2 9 0.0443392025010767
2 10 -0.09749169756602767
2 11 -0.044385814533898775
2 12 0.01035907357059901
2 13 0.004600474313886766
2 14 0.015880382355350046
2 15 -0.05014370607349594
2 16 0.06866113588481572
2 17 -0.02636987386437222
2 18 0.11109833762408838
2 19 0.05111847931532239
2 20 -0.1331030590384667
2 21 0.024099283358417965
2 22 0.046205185686496966
2 23 0.1396488395106091
2 24 0.10554916936899161
2 25 0.08899004424139491
2 26 -0.04246453803793799
2 27 -0.042738964902469374
2 28 -0.004834953074790129
2 29 -0.01128431391553192
2 30 -0.08458341834227527
2 31 0.18859862870841362
2 32 0.04250348440363878
2 33 0.11838549752865771
2 34 0.013789885338506096
2 35 -0.06551724309480515
2 36 0.04832984036365619
2 37 0.07570953330501835
2 38 -0.06860482559863873
2 39 -0.1348279278718056
3 3 0.0
3 4 0.030166111738083267
3 5 -0.055746907293856486
3 6 0.1305196834956242
3 7 0.02086389826397217
3 8 0.010568282180291757
3 9 0.056692001982058884
3 10 -0.054737810955559095
3 11 -0.016417954718234602
3 12 -0.11306611333879324
3 13 0.017531812128304066
3 14 0.13167575577481294
3 15 0.009289155487673739
3 16 0.13073195808262497
3 17 0.042724764375172426
3 18 0.03240164303707157
3 19 0.020287880058743872
3 20 0.021697087403102538
3 21 -0.012508905879841345
3 22 0.023022788673723604
3 23 0.02741577999565096
3 24 0.05988116635978545
3 25 0.04900495542424038
3 26 0.025698258283905834
3 27 0.07105515321542319
3 28 -0.05829948856026784
3 29 -0.014114436368611196
3 30 0.015185242616284308
3 31 0.24996099736258487
3 32 -0.048719474657726095
3 33 0.08004881824828428
3 34 0.035744708734988126
3 35 -0.06202256243116187
3 36 0.03252114415544916
3 37 0.07659451164253343
3 38 0.05598497303605913
3 39 -0.1295402873097069
4 4 0.0
4 5 0.06151327320995322
4 6 -0.14092773593058266
4 7 -0.037540046706532146
4 8 -0.0769493897497533
4 9 -0.0011755516037572562
4 10 0.0021345599974114653
4 11 0.022779106508673843
4 12 -0.19451939798497916
4 13 -0.09526094437115472
4 14 0.014933499868851254
4 15 0.06575939958232635
4 16 -0.09409975351174703
4 17 0.07303629753459019
4 18 -0.07194821945974972
4 19 -0.011711759404213672
4 20 0.15930648334925998
4 21 0.06705358601577308
4 22 -0.0862609528334479
4 23 -0.030520239130976477
4 24 0.02082490408386484
4 25 -0.03565972643640313
4 26 -0.1793575059584872
4 27 0.1360631712856622
4 28 -0.09548251087377846
4 29 -0.03311855119323543
4 30 0.1290544342532818
4 31 -0.07843285928994286
4 32 -0.07526909103330333
4 33 -0.07909892705687492
4 34 0.09460850863111397
4 35 -0.09784051791616534
4 36 0.010065050455422029
4 37 -0.08140634358135226
4 38 0.09775500277877515
4 39 0.008486682321556898
5 5 0.0
5 6 -0.15831745765561264
5 7 -0.10512513606187446
5 8 -0.11764010590158766
5 9 0.003996790228998239
5 10 -0.04687705692912879
5 11 -0.000400923738343227
5 12 -0.2111045412932453
5 13 -0.011980458187422875
5 14 -0.08109982538763302
5 15 -0.003218994568047989
5 16 -0.14131395620240428
5 17 0.13456372698076516
5 18 0.033325620068571996
5 19 -0.02975579972459481
5 20 0.0477824658451875
5 21 -0.019154276035826
5 22 -0.07499746467695208
5 23 0.05532126170548061
5 24 0.05771419798490964
5 25 0.025077638344211117
5 26 -0.010400207022744436
5 27 0.1274247384734411
5 28 0.0635501745838851
5 29 0.0561555466581244
5 30 0.12987236507119482
5 31 -0.0688449113484972
5 32 -0.029773069202178964
5 33 -0.1512908255029743
5 34 0.13380721414115887
5 35 -0.030526311279608316
5 36 0.03339472534847278
5 37 -0.07126747985031454
5 38 -0.05910009744020069
5 39 0.04971010189992353
6 6 0.0
6 7 0.12347650284380055
6 8 0.03384248176983458
6 9 0.07490670906576137
6 10 0.023246609759651076
6 11 -0.003398619384440694
6 12 0.20899886012839222
6 13 0.0697547879311991
6 14 0.18922558134385775
6 15 0.013080750639793668
6 16 0.165774600967687
6 17 -0.11166045803566042
6 18 0.01885900841991899
6 19 -0.03448346149182482
6 20 -0.14112565447419845
6 21 -0.10850100946044236
6 22 0.07343027676165545
6 23 -0.028329566852489718
6 24 0.055714712137168255
6 25 0.0767224616096381
6 26 0.03447429052318308
6 27 -0.1210458223892833
6 28 -0.007676637109256796
6 29 -0.12641906334095848
6 30 -0.18471882307386275
6 31 0.15910644283623346
6 32 0.1257439514541172
6 33 0.16952351255402726
6 34 -0.15628510139352142
6 35 -0.05226792108807995
6 36 -0.10160845642209844
6 37 -0.0045516877319367955
6 38 0.059724147252167
6 39 -0.13057101217058836
7 7 0.0
7 8 0.12279240109303573
7 9 0.028871113265737207
7 10 0.05430537255047119
7 11 -0.02007598580433729
7 12 0.15105457097633818
7 13 -0.017624757968499726
7 14 0.05147855950570278
7 15 -0.01674547622189675
7 16 0.07689278260757743
7 17 -0.10725417203097413
7 18 -0.038261471072635625
7 19 0.041594887710245054
7 20 -0.04416490711775676
7 21 0.03254745557954067
7 22 0.014064856193759958
7 23 -0.07285855973463255
7 24 0.032011679727945844
7 25 0.007508651229182252
7 26 -0.003931046646853839
7 27 -0.10525359172742257
7 28 -0.025690053628170718
7 29 -0.05286236628785884
7 30 -0.1021059352457363
7 31 0.012280229053932546
7 32 0.00039059162167143577
7 33 0.12194691880931767
7 34 -0.025446520741322927
7 35 -0.0158637529811715
7 36 -0.008557341081412023
7 37 0.011726831249876637
7 38 0.0041515811760944165
7 39 -0.018673001668618266
8 8 0.0
8 9 0.06851845090188603
8 10 0.051487591211522
8 11 -0.09580334484610674
8 12 0.21086967418837355
8 13 -0.060911775200618634
8 14 -0.04137371352095861
8 15 -0.07333004664415485
8 16 0.0845993634212063
8 17 -0.1871085440922942
8 18 -0.030231179660399267
8 19 0.12063618382854133
8 20 -0.09891165261397498
8 21 0.16472506584988994
8 22 0.04398627548392377
8 23 -0.04663611385028661
8 24 0.06895491143260458
8 25 0.043666798505691454
8 26 -0.07317880149808212
8 27 -0.20032690239317869
8 28 -0.011592275330678439
8 29 -0.027052697650554642
8 30 -0.15351340562714452
8 31 0.003805070490459521
8 32 -0.03639902990359413
8 33 0.241672234351708
8 34 0.0771602256642796
8 35 -0.06299538229145019
8 36 0.10993444498915325
8 37 0.09213709541852033
8 38 -0.05390757588843925
8 39 -0.012421239591938417
9 9 0.0
9 10 0.053784406415682794
9 11 0.04799727496882568
9 12 0.03615763483701069
9 13 0.042413749576758954
9 14 -0.022399345320625076
9 15 -0.0074995704346030425
9 16 -0.014764771301334231
9 17 -0.0087624785462035
9 18 0.04912797049285485
9 19 0.02351529872934846
9 20 0.03576167394481772
9 21 -0.013484448828863262
9 22 -0.020746059190403725
9 23 -0.015002909829451997
9 24 0.04776687027707939
9 25 0.12492165686552018
9 26 0.009170756604453007
9 27 -0.02539724059063205
9 28 -0.009616937662542168
9 29 -0.022913758633048387
9 30 -0.04579376364195788
9 31 0.05692065528076471
9 32 0.10557663755780995
9 33 0.07833029901154673
9 34 0.04612949344590621
9 35 -0.0655988612248466
9 36 0.10373090261336568
9 37 0.06308434198266745
9 38 0.09398549471665221
9 39 0.004504194667679615
10 10 0.0
10 11 0.007293287624923347
10 12 0.11126313962591676
10 13 0.011041249116127846
10 14 -0.0017692460497952338
10 15 0.00768458427524973
10 16 0.005570592485886738
10 17 -0.060796983686129034
10 18 -0.057090491727323944
10 19 -0.005230025528055619
10 20 0.021471629580093247
10 21 0.0008950547332913759
10 22 0.00160529230609791
10 23 -0.09999434632557222
10 24 -0.03407507690631485
10 25 -0.001760733192824978
10 26 0.024463269903294345
10 27 -0.06666122302606506
10 28 0.011234579113996302
10 29 -0.022763075480912658
10 30 -0.03982395350833442
10 31 -0.08189726243441495
10 32 0.018679395091149985
10 33 0.038080586581799636
10 34 -0.014945256313563558
10 35 0.008911423747226126
10 36 0.0008961944626132174
10 37 -0.007179476136635077
10 38 0.04802021933616129
10 39 0.06251957092508567
11 11 0.0
11 12 0.013081458053026768
11 13 0.016272177281483443
11 14 -0.002364459098537628
11 15 0.013681698831953823
11 16 -0.0466719573592113
11 17 0.04889825705115004
11 18 0.06031075535560963
11 19 0.01854725005326893
11 20 0.07046847190333089
11 21 -0.07125358136030482
11 22 -0.06843663838842254
11 23 0.0215080833332257
11 24 -0.027527761291732677
11 25 -0.022811316471975422
11 26 0.05420069212415442
11 27 0.054512746830912374
11 28 -0.08854729558804456
11 29 -0.00810646154349313
11 30 0.001524459710488154
11 31 0.022675632175085076
11 32 0.09754308172070478
11 33 -0.09048380331469334
11 34 -0.1277815519311837
11 35 0.0976518909023725
11 36 -0.04676520882912379
11 37 -0.0031158319231311864
11 38 0.03771033058199493
11 39 0.001237858386037362
12 12 0.0
12 13 0.025387567301191034
12 14 -0.013863887065351087
12 15 -0.03385077543756761
12 16 0.09249056222947127
12 17 -0.2583431591304101
12 18 -0.02074281168857501
12 19 0.042934302179050296
12 20 -0.15544176304059998
12 21 0.023954932199324923
12 22 0.09391173179553569
12 23 -0.0688126289402207
12 24 -0.07576547865592453
12 25 -0.0053808093717507425
12 26 0.0016649499967493725
12 27 -0.29802523184087787
12 28 -0.013961178844532244
12 29 -0.08273551514494352
12 30 -0.2675326625810455
12 31 -0.0768117912331389
12 32 0.15501965239809798
12 33 0.20555722825203926
12 34 -0.21757823519605032
12 35 0.06892533033053119
12 36 -0.04639516724254049
12 37 0.056487303972931766
12 38 0.010844090268483906
12 39 0.01715988797597581
13 13 0.0
13 14 0.018823694951234947
13 15 0.004665796136629311
13 16 0.057182147838495734
13 17 0.03425998114960236
13 18 0.0354679670435015
13 19 -0.05875088258453589
13 20 -0.013325776346130122
13 21 -0.11361995525421446
13 22 0.06457349615413314
13 23 -0.0033877936216867447
13 24 -0.08309762906865364
13 25 0.0269248113716138
13 26 0.17743679719470606
13 27 0.0006415790080469817
13 28 0.07615331634112554
13 29 0.043482639227371736
13 30 -0.0005712278457459963
13 31 0.07450307224310618
13 32 0.054395162203702344
13 33 -0.01783852982043559
13 34 -0.06392759000966801
13 35 0.07205599348072875
13 36 -0.005594131050776899
13 37 0.06277049648515064
13 38 0.035168567824648875
13 39 0.01875941260825916
14 14 0.0
14 15 0.03100599037717246
14 16 0.11451576325511177
14 17 0.003596220303084055
14 18 -0.028233891821256806
14 19 -0.02463785046685303
14 20 0.003471689321387573
14 21 -0.06082998815607528
14 22 0.014529282675895736
14 23 -0.04786667875649471
14 24 0.02346695697601046
14 25 -0.00640809049326245
14 26 0.044550607642784165
14 27 0.02996771652081126
14 28 -0.0363224536606518
14 29 -0.051462697967500415
14 30 -0.013211725135940895
14 31 0.1254521056575788
14 32 -0.02916386720842189
14 33 0.03805670633871719
14 34 -0.04872146200806006
14 35 -0.01868880641074762
14 36 -0.07271234049835464
14 37 -0.01659086119485937
14 38 0.05027255877453646
14 39 -0.08063789081282025
15 15 0.0
15 16 -0.015372055431200637
15 17 0.017305248908731866
15 18 -0.03290226246126125
15 19 -0.05597207952328783
15 20 0.04529574217762487
15 21 -0.020131680534120625
15 22 0.012949985801192063
15 23 -0.010476995505903355
15 24 -0.05180377982903574
15 25 -0.01574194040587664
15 26 -0.06114640467599873
15 27 0.03655242039054969
15 28 -0.020817858953032075
15 29 -0.028056160928196166
15 30 0.033304587229463896
15 31 -0.031066392629149713
15 32 0.018988956177099187
15 33 -0.028700255167815953
15 34 -0.03492242794029759
15 35 -0.03045633136403205
15 36 -0.03252590736597027
15 37 -0.029842370526089717
15 38 0.08885547415792211
15 39 -0.001461087698034322
16 16 0.0
16 17 -0.06052030950517338
16 18 -0.009180239040134989
16 19 0.014347552093965283
16 20 -0.05709510383127832
16 21 -0.02495921282097352
16 22 0.09075911876904788
16 23 -0.04110554032037498
16 24 -0.02553669206358718
16 25 0.0027641612830722273
16 26 0.12918821329562938
16 27 -0.06457745630000802
16 28 0.005074768863651126
16 29 -0.0013479378997709195
16 30 -0.07241055763574133
16 31 0.17592196195467558
16 32 -0.03898257640219406
16 33 0.12990069366825888
16 34 -0.053358162845801825
16 35 0.033441102766059265
16 36 -0.007994616091076094
16 37 0.09927031995641597
16 38 0.01225967021076349
16 39 -0.06870079025116616
17 17 0.0
17 18 0.048751075942647555
17 19 -0.03903046807424804
17 20 0.10086807690031083
17 21 -0.08728794288230371
17 22 -0.06398329478896238
17 23 0.04640903044108081
17 24 0.011422210552694888
17 25 -0.0017909070716802793
17 26 0.1033126918453017
17 27 0.19435208430948073
17 28 0.02120272698985713
17 29 0.07141003482041319
17 30 0.16085797126819615
17 31 0.06359065538639655
17 32 -0.04386365378511993
17 33 -0.1779027981159692
17 34 0.06392001766848311
17 35 0.03629172595812588
17 36 0.00030049445402631546
17 37 -0.024448455721299216
17 38 -0.010722219878772943
17 39 0.009312760841122121
18 18 0.0
18 19 0.03154531825550615
18 20 -0.029889672281336266
18 21 -0.047373659707508634
18 22 -0.015601741941440966
18 23 0.100637900847804
18 24 0.030959610320294845
18 25 0.03912811515904046
18 26 0.067850603918642
18 27 0.02770336736738658
18 28 -0.011669499255044569
18 29 0.030259721547403483
18 30 -0.015596638336921714
18 31 0.10960574112043224
18 32 0.07136511643383893
18 33 -0.028238249856997355
18 34 -0.04151000723228818
18 35 0.051127268619384325
18 36 0.016696470388708428
18 37 0.04993436987786215
18 38 -0.047029616474838554
18 39 -0.04326985502602014
19 19 0.0
19 20 -0.011740444956526496
19 21 0.07461396387763082
19 22 -0.05170672000067743
19 23 0.008554195550836403
19 24 0.08278026762356908
19 25 0.0011960794270711099
19 26 -0.002524409121347565
19 27 -0.035408594315304895
19 28 -0.0648332174375911
19 29 0.0027515700480025993
19 30 -0.04896075961967865
19 31 0.04800672973366322
19 32 -0.0289968540347287
19 33 0.056637576543878354
19 34 0.030772023748170674
19 35 0.021171869853723317
19 36 0.04444359045859362
19 37 0.0382355218470951
19 38 -0.07741862988855393
19 39 -0.02501607151431961
20 20 0.0
20 21 -0.010601386960310226
20 22 -0.06981239964484699
20 23 -0.04348564468679877
20 24 -0.0373018572909668
20 25 -0.0330114697372119
20 26 0.007881331682523873
20 27 0.13463332972887834
20 28 -0.05989690217484757
20 29 0.021619548982907435
20 30 0.12432255365974165
20 31 -0.019270501222456462
20 32 -0.04207374187959208
20 33 -0.10830251619708878
20 34 0.03865865743050435
20 35 0.014143383536686635
20 36 0.01690263988695955
20 37 -0.014549159931179667
20 38 0.08984301837127387
20 39 0.04291959784801948
21 21 0.0
21 22 -0.006540444452990532
21 23 0.003054120563010274
21 24 0.050903653084099165
21 25 -0.0069473172636153645
21 26 -0.1988574958017952
21 27 -0.064687831429151
21 28 -0.05170885148090028
21 29 -0.02391806839045644
21 30 -0.026369674956282497
21 31 -0.07282375757150238
21 32 -0.06953806592042297
21 33 0.1016807595803483
21 34 0.10373484498401561
21 35 -0.09679386354351645
21 36 0.07708175538404953
21 37 0.009312199031101193
21 38 -0.02239392033528869
21 39 -0.006871114388148683
22 22 0.0
22 23 0.009382283181957137
22 24 -0.10166195703681484
22 25 0.00923534781918871
22 26 0.015235664199222693
22 27 -0.08244909186094644
22 28 0.05688886714609135
22 29 0.006456226240399465
22 30 -0.049524244175257096
22 31 0.035206199532432356
22 32 0.022914998003540264
22 33 0.0906468361313709
22 34 -0.05517017429922407
22 35 -0.006075350682997068
22 36 0.008881441658868502
22 37 0.07655716940125862
22 38 0.050648905443724766
22 39 -0.01450202985793989
23 23 0.0
23 24 0.016167620004971704
23 25 0.02250819081874382
23 26 -0.06797658658083161
23 27 0.04068079724502803
23 28 -0.02321382495661159
23 29 0.018203362812432608
23 30 0.00876093222493653
23 31 0.07076737753756976
23 32 0.0577634056457408
23 33 -0.03196278341081542
23 34 -0.028308122181776342
23 35 -0.0073018970287780875
23 36 0.014141455280725529
23 37 0.02883619475437845
23 38 -0.035712534862502435
23 39 -0.06750375181134194
24 24 0.0
24 25 0.06290393345247267
24 26 -0.0603700156473983
24 27 0.021723031459579732
24 28 -0.021370347851126036
24 29 -0.0338363056265456
24 30 -0.016148867740467865
24 31 0.050353213998887036
24 32 -0.0533021257149197
24 33 0.03553764522407339
24 34 0.14348957018372924
24 35 -0.09611833331515007
24 36 0.030126574368279296
24 37 -0.0636175920036032
24 38 -0.11294760551888931
24 39 -0.06010458170528711
25 25 0.0
25 26 -0.006529685445550442
25 27 -0.01923376034112801
25 28 0.036583854940015224
25 29 -0.009357259101901053
25 30 -0.02857886115888984
25 31 0.054116388107125636
25 32 0.043415432489978555
25 33 0.060570566256245253
25 34 0.06405184191316662
25 35 -0.07348478033656977
25 36 0.06194455972876759
25 37 0.02664183616925913
25 38 0.012718900390271912
25 39 -0.022113797720710794
26 26 0.0
26 27 0.04371117639399686
26 28 0.12268631185174383
26 29 0.13812598455775496
26 30 0.03059287215358216
26 31 0.17894016683126004
26 32 -0.03190574409481818
26 33 -0.08849445784359145
26 34 -0.050920788025554664
26 35 0.24749584416745313
26 36 -0.015265367581520547
26 37 0.10566550660405398
26 38 -0.09316221712040783
26 39 0.06114379995721547
27 27 0.0
27 28 -0.023492886360659316
27 29 0.049920761930236875
27 30 0.181687737257509
27 31 0.06386996485506448
27 32 -0.0676692858864028
27 33 -0.18256821460322653
27 34 0.07066282054055732
27 35 0.008616065286798516
27 36 -0.010772258590361407
27 37 -0.04499480010216367
27 38 0.016258200141758508
27 39 -0.010561000736674831
28 28 0.0
28 29 0.06150695788736924
28 30 0.02573700637010018
28 31 -0.04139534142943717
28 32 -0.028089564018537284
28 33 -0.017459903208221744
28 34 0.07983898452148946
28 35 0.003878948783077768
28 36 0.025369773940757095
28 37 0.0005816091819563745
28 38 -0.05505768685628887
28 39 0.06792798334765704
29 29 0.0
29 30 0.06868089524616933
29 31 0.03246317508722931
29 32 -0.051297524743593205
29 33 -0.06601382833702336
29 34 0.050133056014128076
29 35 0.07555749043893331
29 36 0.043784739716227865
29 37 0.05256035903664933
29 38 -0.05668527494580226
29 39 0.04374078243974368
30 30 0.0
30 31 -0.01408463021127036
30 32 -0.0990228163366493
30 33 -0.1619608758110888
30 34 0.11220454297877465
30 35 -0.002144924698572846
30 36 0.017388122400981178
30 37 -0.03841082874236845
30 38 0.012124718901708373
30 39 0.04040445412947146
31 31 0.0
31 32 -0.015835077583882026
31 33 0.0663542472120126
31 34 -0.027808554054683205
31 35 0.04152098981697099
31 36 0.028078546818259054
31 37 0.14058553463124193
31 38 -0.007550161465903331
31 39 -0.14588380089321235
32 32 0.0
32 33 0.013148413290113074
32 34 -0.17034828461021795
32 35 0.024014564688340675
32 36 -0.03518565654861623
32 37 0.012843924238543355
32 38 0.07615214869374085
32 39 -0.011799824892279372
33 33 0.0
33 34 0.007115738650921764
33 35 -0.09590818256690889
33 36 0.06277266662230914
33 37 0.08776559356021288
33 38 0.029407901518198103
33 39 -0.06552697881265267
34 34 0.0
34 35 -0.14254071266689256
34 36 0.13618162780957926
34 37 -0.026248315551414363
34 38 -0.07342993441553973
34 39 0.035603252068944644
35 35 0.0
35 36 -0.054879297069397016
35 37 0.055031558091075704
35 38 -0.0625919097665978
35 39 0.04755753813387751
36 36 0.0
36 37 0.08095311953556064
36 38 -0.002155114453167268
36 39 0.01846349289796555
37 37 0.0
37 38 0.021830833105340414
37 39 -0.02207553511168351
38 38 0.0
38 39 -0.005768107341350725
39 39 0.0
