0 0 0.0
0 1 0.17674710522708095
0 2 -0.061338434004309716
0 3 -0.09766830917584163
0 4 -0.09621865803810538
0 5 0.15889110425000913
0 6 0.06755561343445923
0 7 0.17185397214419934
0 8 0.001672483878579617
0 9 0.03017283016116292
0 10 0.014712367598578916
0 11 0.10652101136096166
0 12 -0.009180192474475246
0 13 -0.09756838342392939
0 14 0.12753345065924768
0 15 -0.006455325350068741
0 16 0.005518729634341937
0 17 0.07562288393896392
0 18 -0.07275940357131598
0 19 -0.09163102337528695
0 20 0.051247948029507204
0 21 0.1085963540499516
0 22 0.0720837334110224
0 23 0.10354328626547246
0 24 0.024466211494892514
0 25 -0.10537863037769521
0 26 -0.01890798513035388
0 27 0.12756384934187864
0 28 0.038209778228166125
0 29 0.08821936169840777
0 30 0.12765218703424136
0 31 0.011324516296376114
0 32 -0.06748926309108808
0 33 0.05697004999741699
0 34 -0.14667112637297366
0 35 0.056617850640825015
0 36 -0.01121748434139162
0 37 -0.10578228404720813
0 38 0.06522951202928465
0 39 -0.012228680596567015
1 1 0.0
1 2 -0.009307892922468726
1 3 0.00911788547597268
1 4 -0.05182917350053647
1 5 -0.018936890777951982
1 6 0.0026862759998246316
1 7 0.07829905036075976
1 8 -0.06239223396845295
1 9 0.008094522122359851
1 10 0.05701544142892
1 11 -0.05202117997889749
1 12 -0.0192834591264701
1 13 -0.0886498367013526
1 14 0.0686025003149289
1 15 0.023404988440627703
1 16 -0.05377665734260647
1 17 -0.0068577556033523526
1 18 -0.011708729969502648
1 19 -0.05205461489287675
1 20 -0.010204565550406525
1 21 0.08006310650440894
1 22 -0.07176470042681941
1 23 0.008640021604312254
1 24 -0.03921193139573591
1 25 -0.007688557111694666
1 26 -0.057183420982795476
1 27 0.09933968102164902
1 28 -0.00527634624946672
1 29 0.05091106803265723
1 30 0.009765336056654946
1 31 0.018035477904394012
1 32 -0.023267480428202748
1 33 -0.014028491835081976
1 34 -0.009401742519855653
1 35 -0.04839365219554955
1 36 -0.015411116886795861
1 37 0.054032186082446546
1 38 0.019511501321926465
1 39 -0.03187048561990837
2 2 0.0
2 3 0.016643309956871934
2 4 0.0034849210053928006
2 5 -0.009006854368728785
2 6 0.09197002757546968
2 7 0.010968022106456912
2 8 -0.01632748241015946
2 9 0.040616335611801085
2 10 0.10040009109383288
2 11 -0.009918048341835755
2 12 0.08071741708822179
2 13 0.0411695921851908
2 14 -0.0412601050390915
2 15 -0.0032225927053631427
2 16 -0.07613676622967441
2 17 0.050072941043757035
2 18 0.037225913103431166
2 19 -0.0016545252435354405
2 20 -0.015399886257513132
2 21 0.09447523566128427
2 22 -0.08674999463911541
2 23 0.0913417633463251
2 24 -0.06502916944364318
2 25 -0.06207020738466289
2 26 0.06663181218048023
2 27 -0.06821365229278513
2 28 -0.07856524230317416
2 29 0.015992860907298047
2 30 0.010302852269198425
2 31 -0.04965429188887393
2 32 -0.04780993349583958
2 33 -0.09384097293963901
2 34 0.06348092715062867
2 35 -0.024224766546229078
2 36 0.05443882545778415
2 37 0.04422854933480818
2 38 0.09510419745039271
2 39 -0.09480428360633328
3 3 0.0
3 4 0.013762139994871886
3 5 -0.04773082814849093
3 6 -0.006291691416814048
3 7 -0.056008176989090996
3 8 -0.029741851992305314
3 9 0.0023783751233775446
3 10 0.002915583506461005
3 11 -0.04563302871436245
3 12 0.03243760041244158
3 13 0.009508864521234936
3 14 -0.00833954284769727
3 15 -0.006996076193017247
3 16 -0.021519819900109368
3 17 -0.018819983643768017
3 18 -0.020258782096882668
3 19 0.028831851158716153
3 20 -0.014840131411325608
3 21 -0.030465713980815656
3 22 -0.00398752373888036
3 23 -0.06555105829179073
3 24 -0.024725824276583094
3 25 0.05100006653197503
3 26 -0.02268205318837524
3 27 -0.011817351088503248
3 28 -0.02803762199707388
3 29 -0.03498132579139462
3 30 -0.056207245873686716
3 31 0.021342336351395867
3 32 0.015378634719885712
3 33 -0.07205308034803638
3 34 0.029173928868523335
3 35 -0.048876397709892154
3 36 0.019006966844798353
3 37 0.050170805412054396
3 38 -0.018075920525839964
3 39 0.0013874596276389436
4 4 0.0
4 5 0.05616669426896522
4 6 -0.02882685173618446
4 7 0.031130226023366715
4 8 0.04661145670513506
4 9 -0.04429058894950482
4 10 -0.022983277144345095
4 11 0.09163997177972368
4 12 0.01382505934979932
4 13 0.02459913060013752
4 14 -0.07025448987686216
4 15 -0.036008983000529085
4 16 0.038324201338304206
4 17 -0.06536560994037062
4 18 0.020987328367098074
4 19 0.06816838797886696
4 20 0.03538941540304978
4 21 -0.02831746904438944
4 22 0.014496497769366175
4 23 0.04474659593863994
4 24 0.03858565937229886
4 25 -0.02667466076580808
4 26 0.09226406212208534
4 27 -0.08099311303995146
4 28 0.024339546158473585
4 29 -0.03331884843391071
4 30 -0.11910811056018673
4 31 0.004177300288801601
4 32 0.04743580410732214
4 33 0.001641095612532066
4 34 -0.02010408984478452
4 35 -0.036877350652529124
4 36 -0.0352199264895981
4 37 -0.004273273778335035
4 38 -0.004151451365566796
4 39 0.019524673627957727
5 5 0.0
5 6 -0.016397433859872933
5 7 0.08713441831810392
5 8 0.05384090725399855
5 9 0.03121548690518507
5 10 -0.08164432268631301
5 11 0.2158859168502801
5 12 0.050955941459376354
5 13 0.037397647281649675
5 14 -0.015730461987925534
5 15 -0.04681286686527913
5 16 0.02510854052885934
5 17 0.02510670403404262
5 18 -0.07103753303824853
5 19 0.05189902180657591
5 20 0.0645126642021853
5 21 0.0011117205675036114
5 22 0.12962836274609502
5 23 0.12871218413373256
5 24 0.05447747781346459
5 25 -0.08620093400916992
5 26 0.15054399154129064
5 27 -0.005993196210850879
5 28 0.044871724418759654
5 29 -0.0650221883598865
5 30 -0.011841123500193907
5 31 0.0340988997587212
5 32 -0.03527135257814182
5 33 -0.023497019890053476
5 34 -0.1036773744334187
5 35 0.033548121050511616
5 36 0.015640440044767452
5 37 -0.09723103958465519
5 38 0.04862167418386855
5 39 0.0032855662986348505
6 6 0.0
6 7 0.022631806449909767
6 8 0.002822596607383809
6 9 -0.0002776344632757446
6 10 0.11682245804838502
6 11 -0.03939933703047733
6 12 0.08949553763521902
6 13 -0.02809836150325713
6 14 0.05211872919352484
6 15 -0.02292003689254361
6 16 -0.008566283437819584
6 17 0.0712028054188949
6 18 0.0004043338736785712
6 19 -0.026268486592778674
6 20 0.024992158665084696
6 21 0.07077430091859035
6 22 -0.016224294683015922
6 23 -0.017089083301533296
6 24 -0.04137968784458843
6 25 -0.05193337904116313
6 26 -0.06193131607697276
6 27 -0.06501376030995734
6 28 -0.09469563050343863
6 29 0.10673418562742285
6 30 0.03862471755449823
6 31 -0.048211070486871184
6 32 0.015380768098759979
6 33 -0.11060806226283652
6 34 -0.021332277010969042
6 35 -0.02586714495111019
6 36 0.0151283223640527
6 37 -0.013040335175951281
6 38 0.05008687299251328
6 39 -0.03574760951829004
7 7 0.0
7 8 0.04118961690161988
7 9 -0.01706970533371946
7 10 0.030196819588145636
7 11 0.07393926732490516
7 12 -0.039826914539278745
7 13 -0.04341359012927494
7 14 0.005475293799538855
7 15 0.021416474666413245
7 16 0.009334985595833466
7 17 0.00003197829025496509
7 18 0.06956605058306328
7 19 -0.007596527193357091
7 20 0.04278287511434388
7 21 0.09290899239918192
7 22 -0.08163714530375371
7 23 0.14273708614516767
7 24 0.015057079388051706
7 25 -0.1187375299799776
7 26 0.07395190714962803
7 27 0.003350652275049091
7 28 0.02173642211906944
7 29 0.08202933124082205
7 30 0.030962334045859963
7 31 -0.03222234098811966
7 32 0.010746544231415732
7 33 0.02381880895417632
7 34 -0.02785241889010772
7 35 0.007096837616687025
7 36 -0.0703046511673395
7 37 -0.025223809039175045
7 38 0.03418034165056609
7 39 -0.029502423609324264
8 8 0.0
8 9 -0.01184126756830713
8 10 -0.055468058217513806
8 11 0.06316989396354139
8 12 -0.0342742734018342
8 13 -0.029746258339730346
8 14 0.026690485032169874
8 15 -0.044882681641898396
8 16 0.07137465194183007
8 17 0.03201287700443363
8 18 0.09672588881137711
8 19 0.04498630485773032
8 20 0.03018131289437605
8 21 -0.027391158498350426
8 22 0.02684829277582037
8 23 0.0604908901244019
8 24 0.11953174447076682
8 25 -0.04484518103749503
8 26 -0.016110529349626767
8 27 -0.005447754391786377
8 28 0.028118554398264013
8 29 -0.008354131928115443
8 30 0.00437990853311477
8 31 0.021670240153512883
8 32 0.12080520924768726
8 33 -0.016204952529131553
8 34 0.0034224479937703424
8 35 -0.01820257630601749
8 36 -0.03232460291116902
8 37 -0.042240124124250045
8 38 -0.004402809243185732
8 39 -0.041840618222688836
9 9 0.0
9 10 -0.021862456715775844
9 11 0.01159839909077539
9 12 0.034125854159225325
9 13 0.025950017405699206
9 14 0.013980321744310414
9 15 0.0033760712438667137
9 16 -0.03961561371166804
9 17 0.05435573688676393
9 18 -0.025048612933298624
9 19 0.011781668559517351
9 20 -0.010435076611418811
9 21 0.008678261908852777
9 22 0.016610820187768112
9 23 0.023122927293411807
9 24 -0.015617508817352443
9 25 -0.004147050501421807
9 26 0.02256563604756066
9 27 0.030295910446166828
9 28 -0.02079354788946917
9 29 -0.0429598018400912
9 30 0.045711364883852405
9 31 0.019226634309687976
9 32 -0.034088523337077424
9 33 -0.07830278293838887
9 34 0.019865700736678114
9 35 0.007785872843819328
9 36 0.049208313721705664
9 37 0.0024757847388240557
9 38 0.02591769265026366
9 39 -0.03915476105121265
10 10 0.0
10 11 -0.0770728498742691
10 12 0.030850533903458783
10 13 -0.028373063126432164
10 14 -0.006897339452821623
10 15 0.008453565494152621
10 16 -0.05125556394091805
10 17 0.0004848748002022176
10 18 0.02107005914510719
10 19 -0.09020707505853831
10 20 -0.02135352030546476
10 21 0.11799080253276399
10 22 -0.10142117979338852
10 23 0.025102597593086206
10 24 -0.0804450682897655
10 25 -0.037182549478741264
10 26 -0.032347791820350046
10 27 -0.044217339397212695
10 28 -0.056803077161716675
10 29 0.11013982611085141
10 30 0.008632627153794346
10 31 -0.07909699788375799
10 32 -0.06114068176447644
10 33 0.05399470765640953
10 34 0.012708459200642657
10 35 -0.010904873539619223
10 36 0.011192887655024485
10 37 0.03843643075703623
10 38 0.07415423569504098
10 39 -0.03774863802138207
11 11 0.0
11 12 0.046883796253917545
11 13 0.04591689497574416
11 14 -0.046651137199723317
11 15 -0.07430806294905348
11 16 0.03898672028860778
11 17 -0.0031839987402858304
11 18 -0.07215707747434626
11 19 0.03972844275387206
11 20 0.05848248155230752
11 21 -0.007364090208017473
11 22 0.15718550110196844
11 23 0.14529615326839912
11 24 0.07835226850779173
11 25 -0.07959761787196104
11 26 0.16356753446038017
11 27 -0.02549208758552792
11 28 0.06982846817746503
11 29 -0.08676013370418403
11 30 -0.055243497257885646
11 31 0.030289843803959306
11 32 -0.04432631488578752
11 33 0.05722807110023907
11 34 -0.11601529941143049
11 35 0.037055057359793975
11 36 0.025261775440094413
11 37 -0.10561372374775861
11 38 0.06592834039157658
11 39 0.008251911109009292
12 12 0.0
12 13 0.04720900800740031
12 14 -0.010110772953157359
12 15 -0.047028876492502494
12 16 -0.03673625299795215
12 17 0.03310093218253758
12 18 -0.10617879767012581
12 19 0.027890583356598005
12 20 0.017109897301510458
12 21 0.004632869619185454
12 22 0.08444906793713672
12 23 -0.021172583004376355
12 24 -0.048527174239739124
12 25 -0.0008719317887229119
12 26 0.0408690858609825
12 27 -0.05817233458700753
12 28 -0.06260425378701594
12 29 -0.039677177866154795
12 30 -0.0458580504672344
12 31 0.009615915101811678
12 32 -0.05107411407117709
12 33 -0.1274375468477316
12 34 -0.040980719338700955
12 35 -0.027249084538675594
12 36 0.07505640386928428
12 37 -0.007411539308216626
12 38 0.051756823572623144
12 39 -0.0074619376032980566
13 13 0.0
13 14 -0.08534043824559837
13 15 0.02399823202803241
13 16 -0.029297176894932053
13 17 -0.010309922480046174
13 18 -0.05336814110388395
13 19 0.042581471649967194
13 20 0.00015483695947670224
13 21 -0.022792084276562256
13 22 0.01573861197353294
13 23 0.015139325365796003
13 24 -0.05861445631758548
13 25 0.00005919636365829771
13 26 0.128522867273373
13 27 -0.06520485235794657
13 28 -0.01306724030905668
13 29 -0.05613195122564886
13 30 -0.010561480394420477
13 31 -0.017759108623516005
13 32 -0.07635134422665449
13 33 -0.033748889046856564
13 34 0.01131879061999898
13 35 0.04290173943046592
13 36 0.030891971855704727
13 37 -0.0066598508839250505
13 38 0.002244556443255348
13 39 0.03113584237568967
14 14 0.0
14 15 -0.02614106908329767
14 16 0.022589757265324452
14 17 0.062388358545941804
14 18 0.009498511125612513
14 19 -0.023828747396983575
14 20 0.0030983680343712548
14 21 -0.004741234807603632
14 22 0.03848237833877418
14 23 -0.053416377437933704
14 24 0.05280979745736997
14 25 0.01672700931649144
14 26 -0.14626666873353295
14 27 0.08317080038558873
14 28 -0.011013823695068065
14 29 0.029135721249293988
14 30 0.054905200918368625
14 31 0.04107455003593883
14 32 0.0715084603530494
14 33 -0.05424211329548541
14 34 -0.0169655899741231
14 35 -0.031882414584523275
14 36 0.0033977305465837057
14 37 -0.012119726507511138
14 38 -0.01100556874415183
14 39 -0.03181674979558468
15 15 0.0
15 16 -0.03381084754318199
15 17 -0.015443331625271775
15 18 0.034162738950776636
15 19 0.005921623919272901
15 20 -0.009372456895766787
15 21 0.02308037453288796
15 22 -0.1310064178158184
15 23 -0.010046185969800161
15 24 -0.08540596204543725
15 25 -0.008903105112265901
15 26 0.04292692033728375
15 27 -0.0030860189984047636
15 28 -0.019719662127704547
15 29 0.056126472790786995
15 30 0.0653180715074795
15 31 -0.04145396439894054
15 32 -0.02933794415630081
15 33 -0.03238064543706084
15 34 0.057507439208748866
15 35 0.03452116147025126
15 36 -0.05210008485568425
15 37 0.03753987407266767
15 38 -0.050703428720820384
15 39 0.0289966347253429
16 16 0.0
16 17 -0.012143033665146174
16 18 0.02725845519015279
16 19 0.01938264084209298
16 20 0.028371898317858312
16 21 -0.05563340438191028
16 22 0.06327890711574854
16 23 -0.020104903273276572
16 24 0.08701544296130871
16 25 0.0020363109830828833
16 26 -0.04097881979403994
16 27 -0.005414979039748309
16 28 0.04037546503078513
16 29 0.0035556960310396193
16 30 -0.019097789889098778
16 31 0.018875848674214452
16 32 0.08447544896019149
16 33 0.04474579728862407
16 34 -0.03961536703508914
16 35 0.0008592145273630507
16 36 -0.04068128338359238
16 37 -0.04984697580743748
16 38 -0.03880645228214612
16 39 0.031127024486638493
17 17 0.0
17 18 0.017168918451846128
17 19 -0.0030691539221477738
17 20 0.0006890121091930604
17 21 0.024144425633197093
17 22 0.01964646230393388
17 23 0.02576500544891064
17 24 0.01994220420172954
17 25 -0.029548580404756407
17 26 -0.041284263603435734
17 27 0.02882530798052337
17 28 -0.038389251330268506
17 29 0.004640448138373788
17 30 0.0884597906537736
17 31 0.00918207259489694
17 32 0.017013077113177046
17 33 -0.09637929294363837
17 34 0.015825194774488162
17 35 0.003339380473686082
17 36 0.0417540473659405
17 37 -0.021804526448887498
17 38 0.03624431616357424
17 39 -0.0671707864060353
18 18 0.0
18 19 0.019340990855849543
18 20 -0.008715042841016065
18 21 0.04034120879170475
18 22 -0.18310920775251988
18 23 0.08266606973393723
18 24 0.06190864024776481
18 25 -0.06013310106417709
18 26 -0.038760870043301886
18 27 -0.00639714372842304
18 28 -0.0037456270879696147
18 29 0.07518113836675074
18 30 0.04869253352799796
18 31 -0.03494968055045968
18 32 0.14049871583671597
18 33 -0.01497662225172255
18 34 0.12111290157959495
18 35 -0.035211969694434145
18 36 -0.08355026179069415
18 37 0.04694627426118097
18 38 -0.01783820695572571
18 39 -0.08718913168654127
19 19 0.0
19 20 0.035967878852770606
19 21 -0.07293388400735859
19 22 0.0012459861075360449
19 23 -0.018560682690121226
19 24 0.016259665146787394
19 25 0.00006198829810730427
19 26 0.06891275325397817
19 27 -0.04548999088607953
19 28 -0.02018386603054333
19 29 -0.05889849259633597
19 30 -0.04739560026338234
19 31 0.04022057717087749
19 32 0.08752834931817802
19 33 -0.19182854824590215
19 34 0.03144620487745618
19 35 -0.04625782194663137
19 36 -0.029348421144135422
19 37 0.01545864173010587
19 38 -0.06099996134613982
19 39 0.010605590398971635
20 20 0.0
20 21 -0.007602907208522516
20 22 0.026903075750437915
20 23 0.0165833891147895
20 24 0.01650455313961334
20 25 -0.034728586235342494
20 26 0.03618926954661149
20 27 -0.02638702967594438
20 28 0.001388271692739865
20 29 0.011665244417932874
20 30 -0.012730299271238917
20 31 0.004481053901020546
20 32 0.02752999373427344
20 33 -0.045259909730986196
20 34 -0.03955253261204088
20 35 -0.003556437681648777
20 36 -0.027107456870059173
20 37 -0.0325571744861497
20 38 -0.009881783073357608
20 39 0.019087617377241926
21 21 0.0
21 22 -0.10706394296618212
21 23 0.11692226791352867
21 24 -0.055064254806173385
21 25 -0.08738534192942407
21 26 0.03600141466832159
21 27 -0.004516147078891187
21 28 -0.02637104929838855
21 29 0.08878835265644423
21 30 0.05270808413629855
21 31 -0.06518602088576869
21 32 -0.07208419948021023
21 33 0.04718545852937489
21 34 0.009947747589569152
21 35 0.0143775935508136
21 36 0.0019824685853281902
21 37 0.014044600107298893
21 38 0.08837394573991868
21 39 -0.06338624830700483
22 22 0.0
22 23 -0.057139340897472024
22 24 0.10342323525481874
22 25 0.05976440583325129
22 26 -0.029137643313833155
22 27 0.031422862311591714
22 28 0.058727015802086134
22 29 -0.13549173383772656
22 30 -0.06664086892829266
22 31 0.09030558782314446
22 32 -0.028359181248608877
22 33 0.062123759416110466
22 34 -0.15601542287761033
22 35 0.021127530199114664
22 36 0.09708686493421886
22 37 -0.11654288714726431
22 38 0.026391802613153787
22 39 0.0523005118592757
23 23 0.0
23 24 0.03825633715672029
23 25 -0.14677014938040162
23 26 0.1591456431569208
23 27 -0.010204162247178444
23 28 0.0406644671223467
23 29 0.00632954612288298
23 30 0.03459556528959141
23 31 -0.040423138912828185
23 32 -0.052144131936095836
23 33 0.08926488145273975
23 34 0.0000409342674333591
23 35 0.03904851759049383
23 36 -0.0007216564361096048
23 37 -0.03775280640586688
23 38 0.11515684916872226
23 39 -0.09303712583494042
24 24 0.0
24 25 -0.004096717710438269
24 26 -0.06961120148461772
24 27 0.048350845354707024
24 28 0.06870871927442176
24 29 -0.05168890050912924
24 30 -0.02358454719938868
24 31 0.06000592674281639
24 32 0.11917699029957618
24 33 0.06294976613008346
24 34 -0.02959766969170738
24 35 -0.024310316874039988
24 36 -0.006634434222734013
24 37 -0.0545674572447052
24 38 0.001969805041651616
24 39 -0.03793805666213299
25 25 0.0
25 26 -0.09437373677942941
25 27 0.03488978197024463
25 28 0.003713128414151693
25 29 -0.05891684928096132
25 30 -0.04228539679146547
25 31 0.044722957482113655
25 32 0.009873653531799979
25 33 0.0035061591615421052
25 34 0.011130032555945187
25 35 -0.02134586809113254
25 36 0.02971881504952356
25 37 0.033304247707467184
25 38 -0.05786710132637829
25 39 0.04566413967222921
26 26 0.0
26 27 -0.09370210749460935
26 28 0.017172112976818525
26 29 -0.049963762038676376
26 30 -0.03140355901574579
26 31 -0.03955409856683618
26 32 -0.11849866251892997
26 33 -0.012832370895550135
26 34 -0.015257552946065112
26 35 0.060884682164514245
26 36 -0.0069912132672796
26 37 -0.02489206868632834
26 38 0.03839321491454622
26 39 0.026160424426715272
27 27 0.0
27 28 0.043166151571530836
27 29 -0.026671529053973686
27 30 0.05550582907969466
27 31 0.054721861349431286
27 32 0.004330006183399507
27 33 0.047499048077858735
27 34 -0.004319397248235467
27 35 0.0016045015015738184
27 36 0.016788249481022467
27 37 0.0003989196459983736
27 38 -0.005004810811775654
27 39 -0.02770553583782908
28 28 0.0
28 29 -0.03770159076338016
28 30 -0.019072136824896276
28 31 0.022005614756178078
28 32 -0.00659830248017002
28 33 0.15123117324590368
28 34 -0.04250154181108819
28 35 0.03335840111173189
28 36 -0.014790777002060032
28 37 -0.04106452801929665
28 38 -0.004409359416883847
28 39 0.025054203173001298
29 29 0.0
29 30 0.07068580663889153
29 31 -0.07982725558502557
29 32 0.014628331423587113
29 33 0.025803677636182694
29 34 0.009264112361922231
29 35 0.013127807681474021
29 36 -0.0741969183969935
29 37 0.007625801365636206
29 38 -0.004738290679674244
29 39 0.003171243031662235
30 30 0.0
30 31 -0.03521509291547148
30 32 -0.02551650071909723
30 33 -0.010899336144988843
30 34 0.036981518820390816
30 35 0.07166944151872226
30 36 -0.006130159558534716
30 37 -0.025071175396468387
30 38 0.002860227986120547
30 39 -0.03353194291274471
31 31 0.0
31 32 0.048373418172857105
31 33 -0.05620769171328338
31 34 -0.01809442565779761
31 35 -0.037601251843281516
31 36 0.022603754029303837
31 37 -0.004237675216495507
31 38 -0.022820773417170655
31 39 -0.0035261476605083844
32 32 0.0
32 33 -0.13426083174989484
32 34 0.05211766874666397
32 35 -0.09349040863130487
32 36 -0.07502388885563091
32 37 0.02007108763430065
32 38 -0.08005805282525412
32 39 -0.03409544762482297
33 33 0.0
33 34 -0.09208863842528917
33 35 0.12184239326305923
33 36 0.002585873363420464
33 37 -0.07677720075457393
33 38 0.06913615684235416
33 39 0.05030239718109435
34 34 0.0
34 35 -0.031168481869306097
34 36 -0.017017535583172656
34 37 0.08737284971243006
34 38 -0.02717912250521427
34 39 -0.06029428730654322
35 35 0.0
35 36 0.004811509130314511
35 37 -0.056571416882425354
35 38 0.009976925241326524
35 39 0.040506274833148316
36 36 0.0
36 37 -0.008623612139767147
36 38 0.06813381490499408
36 39 -0.03539762333804129
37 37 0.0
37 38 -0.020066228874900845
37 39 -0.028465093787721513
38 38 0.0
38 39 -0.07191003129158505
39 39 0.0
