0 0 0.0
0 1 -0.195224898480737
0 2 -0.2417926663607637
0 3 -0.03533938417138861
0 4 0.009879189375359173
0 5 -0.013367652150559744
0 6 0.07197095005185525
0 7 -0.04941665039151648
0 8 -0.006793057907277038
0 9 0.09361428021786544
0 10 -0.15604734311179327
0 11 -0.1036644370326347
0 12 -0.14416990618957576
0 13 0.05686150700720042
0 14 -0.27985277243699214
0 15 0.08363853024301786
0 16 -0.12426190073443573
0 17 0.3726381672445689
0 18 0.12382373323893296
0 19 -0.18578702396661678
0 20 -0.00024079303243943273
0 21 -0.013444550482984055
0 22 -0.04276805500618314
0 23 -0.12213663850650573
0 24 0.035531395588363775
0 25 -0.07409415285054177
0 26 0.02764658537919698
0 27 0.14984709392334708
0 28 0.07630282801747948
0 29 0.22366324853387795
0 30 -0.05360826170314945
0 31 0.09459562909557837
0 32 0.1259181538210526
0 33 -0.02188960698215414
0 34 -0.07743883651074
0 35 0.06510500692378174
0 36 -0.17568673837564358
0 37 -0.1324678253648262
0 38 -0.08152218302149565
0 39 -0.214678074482136
1 1 0.0
1 2 0.0345488418521838
1 3 0.011520467415734646
1 4 0.030551832660965977
1 5 -0.014778232644420797
1 6 -0.028756817049479043
1 7 0.11912382668129265
1 8 0.02423982172551217
1 9 -0.03808431705796832
1 10 0.0319629534722346
1 11 0.054937839993850414
1 12 0.17358063398881104
1 13 -0.11424045117430574
1 14 0.21850212739915578
1 15 0.07144359877744545
1 16 0.04289866039409782
1 17 -0.2799338150216074
1 18 -0.10713110322775372
1 19 0.0775979800934561
1 20 -0.013372191407641981
1 21 0.06199096055629847
1 22 -0.042237620800752634
1 23 0.14333526418659354
1 24 0.14282356111263558
1 25 0.038551429256795965
1 26 0.07180517989908038
1 27 -0.1229745281754692
1 28 0.1257473800469347
1 29 0.0517080826188263
1 30 -0.1108275029394586
1 31 -0.09953508405494303
1 32 0.024126199163021157
1 33 0.14516023126872818
1 34 -0.10970806471502734
1 35 0.056127333819610346
1 36 -0.0034183579574215877
1 37 0.12332603381277207
1 38 -0.08105710418553216
1 39 0.24082085123569041
2 2 0.0
2 3 0.2273256831826131
2 4 -0.02681080012695198
2 5 0.11106156011466028
2 6 0.08393826400728299
2 7 0.10330531746180034
2 8 0.11553691024588135
2 9 0.0721789829161166
2 10 0.03775853662700515
2 11 0.0821920116738456
2 12 0.02833003883258183
2 13 0.027324126066921195
2 14 0.06020862979148959
2 15 -0.24884246346496725
2 16 -0.07186811044571399
2 17 -0.1063121300700012
2 18 -0.18034014341304686
2 19 0.19944441582631742
2 20 -0.1662123286069716
2 21 -0.09844915793600484
2 22 -0.033000949496474453
2 23 -0.014252141414706584
2 24 -0.07974212650105898
2 25 -0.09422841192909126
2 26 -0.11080945099860054
2 27 0.012840392206656767
2 28 -0.021503716730347337
2 29 -0.03233233320669095
2 30 -0.09128917315001042
2 31 -0.03824273487255961
2 32 -0.05263560096477883
2 33 -0.05980742887510494
2 34 -0.06997937571540191
2 35 -0.11500187858604524
2 36 0.10441463204349807
2 37 0.04940525040950953
2 38 0.19788561893200207
2 39 0.1098410735995081
3 3 0.0
3 4 -0.07563763006313069
3 5 0.019800478643012952
3 6 0.04051031925774714
3 7 -0.08641591071275981
3 8 -0.02240518415200165
3 9 0.05498505062618786
3 10 -0.03324619278019031
3 11 -0.03448661233327406
3 12 -0.006295915809401069
3 13 0.06613816094256189
3 14 -0.06049284259682047
3 15 -0.04640039098641961
3 16 0.09730754767659555
3 17 -0.13231399953828846
3 18 -0.041370891809903845
3 19 0.14465589486691746
3 20 -0.12082349830743574
3 21 -0.0495313375199897
3 22 -0.06612163761166184
3 23 -0.03163067026481641
3 24 -0.0010013667813793406
3 25 -0.11805497934708878
3 26 -0.017039739239509813
3 27 0.10617178041724104
3 28 0.021720872651034687
3 29 0.06897759593734012
3 30 0.06013061703186179
3 31 -0.07171610051823578
3 32 -0.019804056219390315
3 33 0.03667198750011845
3 34 0.0008915576482805365
3 35 -0.13147861751901613
3 36 0.08168307923902351
3 37 -0.007546508196474398
3 38 0.12272170742729085
3 39 0.004997649256977494
4 4 0.0
4 5 0.09747376402356689
4 6 -0.09990484688453925
4 7 0.08303960948281082
4 8 0.06219803246922616
4 9 0.026343215547719224
4 10 -0.018822430654888207
4 11 -0.0614618137121018
4 12 -0.0412526346784896
4 13 -0.020281686178191476
4 14 0.11312378507640641
4 15 -0.0026016955338432467
4 16 -0.006098561525814545
4 17 -0.04762133024836494
4 18 -0.0340575928535585
4 19 0.13592163352492043
4 20 -0.14617643045735798
4 21 -0.019155389602382313
4 22 -0.08211094984552039
4 23 -0.10885845559785381
4 24 -0.0018228779437677177
4 25 0.002480763215568226
4 26 -0.03560822980691811
4 27 -0.15907656108401316
4 28 -0.14508421515196399
4 29 0.040804778195694676
4 30 -0.0344929665885505
4 31 -0.07134009178320887
4 32 0.01709648136293015
4 33 -0.16369416078975554
4 34 0.14772527934977248
4 35 -0.06090694951930368
4 36 -0.25346938958298654
4 37 0.2105781859680859
4 38 -0.11371615974537863
4 39 -0.011173475774522348
5 5 0.0
5 6 -0.14938074880580648
5 7 0.07464673109591678
5 8 0.11537180614666678
5 9 0.07858032823678514
5 10 0.08542066894578984
5 11 -0.06840172327359126
5 12 0.04349061033241231
5 13 -0.09247894441029729
5 14 0.048925504066995924
5 15 -0.14120517064449983
5 16 0.13668252515074097
5 17 0.12270395863812969
5 18 -0.013577123578425864
5 19 0.09630759685770235
5 20 0.010243210101616981
5 21 -0.003905979187319347
5 22 0.043975726694828216
5 23 -0.10150790585261142
5 24 -0.04735708974261287
5 25 -0.1222561582833126
5 26 -0.021844638740749468
5 27 -0.02039821611091518
5 28 -0.05684185369157868
5 29 -0.044123655653708016
5 30 -0.2363554159367697
5 31 -0.020950597238953126
5 32 0.046935225364165375
5 33 -0.21344981316547731
5 34 -0.07444595383716221
5 35 -0.16638806984711552
5 36 -0.03156983895010686
5 37 0.06562620689605955
5 38 0.1289588248292476
5 39 -0.06964619865362164
6 6 0.0
6 7 0.13627130831386775
6 8 -0.022058911204760355
6 9 0.11492779766536416
6 10 -0.00980041234059135
6 11 0.03660674792544584
6 12 -0.12193627807331897
6 13 -0.020521566814860753
6 14 0.09768606133845091
6 15 0.10782513430090505
6 16 -0.3658561071345402
6 17 0.05113679991795132
6 18 -0.11799829873738651
6 19 -0.03720189195525127
6 20 0.029916400918659096
6 21 -0.05785802786980567
6 22 0.008560504933576924
6 23 0.05144444594240634
6 24 -0.13515649778438213
6 25 0.05280983920973714
6 26 0.011717836232650627
6 27 0.09641996144003653
6 28 0.014935668338881344
6 29 0.10562363117077336
6 30 0.13561179072337043
6 31 0.0201263212043779
6 32 0.031505913981516295
6 33 -0.12990549748432578
6 34 -0.11785764066963741
6 35 0.11845791823187819
6 36 -0.28833276720603157
6 37 -0.04748701784006683
6 38 -0.11926150381826923
6 39 -0.06752379612357465
7 7 0.0
7 8 0.23944424361085548
7 9 0.11921175289893318
7 10 -0.014943414112178722
7 11 0.3048219551469829
7 12 -0.08719516763310826
7 13 -0.08188789294663494
7 14 0.2624334214931806
7 15 -0.3189706193837639
7 16 -0.288834818169126
7 17 -0.036981835948676475
7 18 -0.06446866505390043
7 19 0.009646898914272338
7 20 0.11434666140286946
7 21 0.06958300693985772
7 22 0.15464869947399448
7 23 0.07945186113579186
7 24 -0.07277696755348703
7 25 0.11636542284656419
7 26 -0.13538701450711596
7 27 -0.10709407057433325
7 28 -0.040824571647770605
7 29 -0.22285072944219114
7 30 -0.34027573142746664
7 31 0.24704841410381867
7 32 -0.03589094772698662
7 33 -0.19347754857984623
7 34 -0.04468117806411012
7 35 -0.016972866277366907
7 36 -0.1388333231264534
7 37 -0.14505748247600325
7 38 -0.15099473667853996
7 39 0.006395946803028092
8 8 0.0
8 9 0.025199536956363837
8 10 -0.08078281979190269
8 11 0.08837165329186607
8 12 0.03178616534589566
8 13 0.06741253500638174
8 14 0.08227877815414558
8 15 -0.19865009719963528
8 16 -0.09085566381703149
8 17 0.14785690490548248
8 18 -0.1314329859864925
8 19 0.04492064339503475
8 20 -0.08669351440763783
8 21 0.04852664259787415
8 22 0.1706923902885852
8 23 0.057397260425039565
8 24 -0.17678615077636678
8 25 0.01668467220065415
8 26 -0.042553548740804095
8 27 -0.052913415257148946
8 28 -0.051632003975552586
8 29 -0.1393491941882864
8 30 -0.18857823272971158
8 31 -0.04031091033289004
8 32 0.03966384031271122
8 33 -0.05299290930572968
8 34 -0.046947841170805235
8 35 -0.055825027428132355
8 36 0.07717959571509106
8 37 -0.0509551366257868
8 38 -0.04177351819653901
8 39 0.09142060343119404
9 9 0.0
9 10 -0.017123514585962403
9 11 -0.04491104925536267
9 12 -0.08864349528338838
9 13 0.10999879451367604
9 14 -0.0735628938938901
9 15 -0.07437737277909846
9 16 -0.08877099544720138
9 17 0.05003480984282419
9 18 0.0317741435757617
9 19 -0.08733821968505409
9 20 -0.01738291663800854
9 21 -0.04937312403187
9 22 -0.10500891791823012
9 23 -0.0003767258160486351
9 24 0.02249925154010691
9 25 -0.027820570195625765
9 26 0.09451615083411069
9 27 0.09560075606936631
9 28 0.025651599438413542
9 29 0.021636868588703506
9 30 -0.16791185183057664
9 31 0.11419412190827109
9 32 -0.10289041376145396
9 33 -0.025761118769484802
9 34 -0.1263559939554557
9 35 -0.008949211973880187
9 36 -0.010321296159347614
9 37 0.03754427595485503
9 38 0.05065897955939451
9 39 -0.06936716406041907
10 10 0.0
10 11 -0.0045133947714382314
10 12 0.08351436492284135
10 13 -0.08035509827087617
10 14 0.191314445339261
10 15 0.02182236951791583
10 16 0.024125208310466325
10 17 -0.09980470381077611
10 18 0.07969110419589202
10 19 0.049959321922339685
10 20 0.07090722925533197
10 21 -0.0006278425646212704
10 22 0.03337834874310982
10 23 -0.02034501740788714
10 24 0.13748171000093667
10 25 0.06424769221069986
10 26 -0.013889429933660468
10 27 -0.04632939060849679
10 28 0.088764211454868
10 29 -0.05612525512222679
10 30 -0.051317237703689754
10 31 -0.14542317119761666
10 32 -0.07099277752688368
10 33 -0.027923981321282237
10 34 -0.06665779989947967
10 35 0.016508913076315718
10 36 -0.160855700254408
10 37 0.09912546978279704
10 38 0.08030298322120186
10 39 -0.08688049731501347
11 11 0.0
11 12 -0.025896279287811935
11 13 0.026712212422057853
11 14 -0.07095858345877577
11 15 -0.22886370523261917
11 16 0.08867056680673223
11 17 -0.09052748730282638
11 18 0.03551792415323603
11 19 -0.016242614677861325
11 20 -0.025347669722400646
11 21 -0.07179714166143239
11 22 0.05644906193438015
11 23 0.14000544063448989
11 24 0.0022758431895482023
11 25 -0.04490769274983808
11 26 -0.10152088658713407
11 27 0.034634485954096086
11 28 -0.014299337592953622
11 29 -0.2651251185262268
11 30 0.03479920372617666
11 31 -0.02537921225310625
11 32 0.13269043657897348
11 33 0.03285984430529825
11 34 0.022104003112220723
11 35 -0.10954745418363246
11 36 -0.013711195026099571
11 37 -0.04670567832696709
11 38 0.06781578615587339
11 39 0.11922127072071964
12 12 0.0
12 13 -0.005352561132924939
12 14 0.1759801741542264
12 15 0.1383375291209349
12 16 0.08430390117884688
12 17 -0.19913665545692744
12 18 -0.056642697372266015
12 19 0.12205179210608383
12 20 -0.15924956849500876
12 21 -0.062443900320445875
12 22 -0.04007389753509462
12 23 -0.02463439714906973
12 24 0.12377440993743696
12 25 -0.08076666186595734
12 26 0.08769591626280274
12 27 -0.06261567222931105
12 28 0.19876607014899705
12 29 0.07764571973604324
12 30 -0.10433213544334725
12 31 -0.04033832537050677
12 32 -0.0009871681756893666
12 33 0.09967615905736522
12 34 -0.07155477163874181
12 35 0.07773596084626487
12 36 -0.006217797509418185
12 37 -0.000888285466034627
12 38 0.07874928949486906
12 39 0.2758105221316054
13 13 0.0
13 14 -0.13437988781517263
13 15 -0.09241091115848543
13 16 0.029376489786203903
13 17 0.0990280699885648
13 18 0.00354146833660682
13 19 0.08165858312818047
13 20 -0.22595436965311463
13 21 -0.030596788010460525
13 22 0.010115811983091598
13 23 0.015434384519514158
13 24 0.04471154321857472
13 25 -0.1314508564528974
13 26 0.06449009866991919
13 27 0.10788857771319385
13 28 -0.010119261577216933
13 29 -0.03290436510662151
13 30 0.03471598743968663
13 31 0.014966054553667552
13 32 -0.08410924785749277
13 33 0.22683859246565824
13 34 0.028003917149334794
13 35 0.020423524802569964
13 36 0.13437496941843177
13 37 -0.03268046111225811
13 38 -0.05157734904915055
13 39 -0.0070190978049175
14 14 0.0
14 15 0.17396532739527523
14 16 -0.1841180501977798
14 17 -0.2366037427219963
14 18 -0.15954516059672694
14 19 0.24544130101209155
14 20 0.0931903870644014
14 21 0.058527890614444224
14 22 0.1979006800016918
14 23 0.0025257451000362916
14 24 0.013013507809422809
14 25 0.19354839058820658
14 26 -0.011035839942166243
14 27 -0.1539362855047463
14 28 0.09149732793400253
14 29 -0.012457511134975067
14 30 -0.021412956284118774
14 31 -0.16853910409375317
14 32 -0.1672473996540852
14 33 -0.1835391229091641
14 34 -0.10139207003033675
14 35 0.11521141172344167
14 36 -0.12218663286548645
14 37 0.11792581778319267
14 38 -0.1359784187408416
14 39 0.16539366178639292
15 15 0.0
15 16 -0.10193862699676952
15 17 -0.05719616905336713
15 18 -0.007862095804016254
15 19 -0.07325348944336325
15 20 -0.029776150680796004
15 21 0.030060057103735043
15 22 -0.033275878121563275
15 23 -0.13091831784020186
15 24 0.11276070488035331
15 25 0.00923819924813884
15 26 0.21146302334812989
15 27 0.04956746054834125
15 28 0.12205183294967929
15 29 0.35419534604444525
15 30 0.19605367777041982
15 31 -0.16359831497132865
15 32 -0.07564315067416268
15 33 -0.006917415205116603
15 34 -0.04109195013506699
15 35 0.2129657865014908
15 36 -0.21199128274840784
15 37 0.07278304670342906
15 38 -0.11165142050328833
15 39 0.08361009020877012
16 16 0.0
16 17 -0.14634507224751994
16 18 0.15384798882757644
16 19 0.029268230255213783
16 20 0.013512715632893458
16 21 0.027392008781155424
16 22 -0.008701312504171294
16 23 0.11208917471588505
16 24 0.20818781519713275
16 25 -0.17269973972191027
16 26 0.0021355887190587777
16 27 0.08279663472011824
16 28 -0.1233896488462051
16 29 -0.19284758687366535
16 30 -0.023230179233313383
16 31 0.04686043937714804
16 32 0.14696158909071327
16 33 -0.05887511719356803
16 34 0.09960032582347625
16 35 -0.14952936449403226
16 36 0.25310221122485915
16 37 -0.035489038887401826
16 38 0.11965281290703608
16 39 0.29324886528470023
17 17 0.0
17 18 0.013570282626607769
17 19 -0.21946659700646548
17 20 -0.158254526571791
17 21 0.0657313074357869
17 22 0.1293839940456044
17 23 -0.06194865615723951
17 24 -0.11106765333886517
17 25 -0.11942003032606249
17 26 -0.022485073392529302
17 27 0.08590741548788365
17 28 -0.1366937520998462
17 29 0.051031913307587475
17 30 -0.2192914766045106
17 31 0.0989189736343094
17 32 0.10054936331708716
17 33 -0.13977112552100135
17 34 -0.044554116437192086
17 35 0.13561846176302828
17 36 -0.12726143238684917
17 37 -0.18577941291400038
17 38 -0.10846272102063703
17 39 -0.24422422656239715
18 18 0.0
18 19 -0.13673871603983065
18 20 0.1303134351430099
18 21 0.004857233209673834
18 22 -0.05206717693515557
18 23 -0.04504424046209503
18 24 0.1368865120071847
18 25 0.007312412905380905
18 26 -0.0017467320363735543
18 27 0.059611211184032974
18 28 0.0735164053053037
18 29 -0.043781955196947234
18 30 -0.001312593783700868
18 31 0.019942571705553996
18 32 -0.01643929933936555
18 33 0.052709279839110515
18 34 0.06260591920085193
18 35 -0.009384262346794089
18 36 -0.04284839384411205
18 37 -0.036205265580770196
18 38 0.07847176307511519
18 39 -0.15825955586673737
19 19 0.0
19 20 -0.03452273897844615
19 21 -0.23569959401546217
19 22 0.06462154494647783
19 23 -0.19002872246671954
19 24 -0.024075157427106593
19 25 -0.04813310911563802
19 26 -0.1581761906931508
19 27 -0.003862666115255942
19 28 0.11199792805646432
19 29 0.046032274864683205
19 30 0.12455887117551641
19 31 -0.13171500764402716
19 32 0.021362329946456808
19 33 -0.01949062907515463
19 34 0.03357042533144767
19 35 -0.046259269520952405
19 36 0.058579146959782356
19 37 0.15246894622316184
19 38 -0.20488067254730535
19 39 0.11511583238145051
20 20 0.0
20 21 0.06409407892759182
20 22 0.1181344104291131
20 23 0.004473401296067112
20 24 -0.16223545756765378
20 25 0.30116137597921827
20 26 -0.04347520918233537
20 27 0.02701577031420015
20 28 0.09252234894933961
20 29 -0.10389471301016757
20 30 0.15257207045098944
20 31 0.02807245200296075
20 32 0.004370927018279368
20 33 -0.10135995515055059
20 34 -0.016186126243712528
20 35 -0.07963284413239873
20 36 0.08838527471320545
20 37 0.0003972077128695771
20 38 -0.07660904906129569
20 39 -0.09620488730684963
21 21 0.0
21 22 0.09510707683572145
21 23 0.14794307977168303
21 24 -0.008000664201046559
21 25 0.0385918441865756
21 26 0.13830636871530325
21 27 -0.05765476793753573
21 28 -0.12368239531416951
21 29 -0.054589639833730295
21 30 -0.06540837090497942
21 31 -0.01937667561469853
21 32 -0.10267640397508707
21 33 0.07756947322721833
21 34 0.017254968247560204
21 35 -0.007106406390107246
21 36 0.0088803024998457
21 37 -0.04940001506743666
21 38 0.011980202004222626
21 39 -0.06341303374256294
22 22 0.0
22 23 0.02744331877421638
22 24 -0.12884769511888908
22 25 0.11463973196990988
22 26 -0.056382615616891306
22 27 0.00021194956796199405
22 28 -0.045837065782246604
22 29 -0.15831951750489698
22 30 -0.023502165887906455
22 31 -0.10572178392713813
22 32 -0.006590056769597809
22 33 -0.11182076874386548
22 34 -0.023535536757751597
22 35 0.009432276949906945
22 36 0.0724750368646813
22 37 -0.07659819394476595
22 38 -0.14692217777123645
22 39 0.04227388056279073
23 23 0.0
23 24 -0.0003831388741278333
23 25 0.06359801553220322
23 26 0.05531352785103462
23 27 -0.06983911870483608
23 28 -0.10830867232793781
23 29 -0.23681427133193123
23 30 0.018698282024232536
23 31 0.03744678414369136
23 32 0.03646570315594925
23 33 0.09878309159954053
23 34 -0.05026862733257524
23 35 -0.033321190387609737
23 36 0.10093520570630314
23 37 -0.04103165430799175
23 38 0.07047197781437113
23 39 0.07805489469722773
24 24 0.0
24 25 -0.08626008366005704
24 26 0.051983277559987086
24 27 0.01782990372736171
24 28 0.1854648229741233
24 29 0.13130927013802976
24 30 -0.14984024377011398
24 31 -0.004516486810097363
24 32 -0.0906137257995471
24 33 0.17383896991423148
24 34 -0.16277127936415065
24 35 0.11551832461547754
24 36 0.0072700279074116
24 37 0.07451067578203843
24 38 0.09817664939112
24 39 0.09846753795579731
25 25 0.0
25 26 -0.08986060010958088
25 27 -0.13674777121537582
25 28 0.04574194135370564
25 29 -0.12493929718859584
25 30 0.025910447577671313
25 31 -0.05545059693523655
25 32 -0.056849103522940425
25 33 -0.06047426464175325
25 34 -0.02097403394665012
25 35 0.03288313372369993
25 36 0.09784212420981266
25 37 0.04142558533412696
25 38 -0.10295176249865723
25 39 -0.005413748592002498
26 26 0.0
26 27 0.052397813106145184
26 28 0.00431050804700045
26 29 0.11502945701728855
26 30 0.04049777506292994
26 31 -0.048172167104894546
26 32 -0.09379720803601313
26 33 0.19004450494371727
26 34 -0.057127822066223966
26 35 0.008229831845910796
26 36 -0.049808961059097635
26 37 0.05080135265265727
26 38 0.033375611209585036
26 39 0.002475262306042656
27 27 0.0
27 28 0.06118895341606474
27 29 0.0985499445015767
27 30 0.08667800666260854
27 31 0.010483587210290213
27 32 0.019919219457578505
27 33 0.01041989243270793
27 34 -0.05577710293269461
27 35 0.0011473876597457035
27 36 -0.002498211654617476
27 37 -0.07498409497341471
27 38 0.013040950101433097
27 39 -0.0032081415994660812
28 28 0.0
28 29 0.18232750792008948
28 30 -0.03822413323353229
28 31 -0.10814625023984399
28 32 -0.0335549709131674
28 33 0.16709297707582138
28 34 -0.17675467314573617
28 35 0.12591882796202547
28 36 -0.010508196697952322
28 37 0.03062263130609965
28 38 0.012228359896879381
28 39 0.06551763265417831
29 29 0.0
29 30 0.0025447663347329397
29 31 -0.02223822429757496
29 32 -0.016178899682077412
29 33 0.04726420885074853
29 34 -0.0971687033225957
29 35 0.1889232349827352
29 36 -0.21127199047699952
29 37 0.042780454428601206
29 38 -0.10871204831875277
29 39 0.006837286031434057
30 30 0.0
30 31 -0.21321931257198048
30 32 0.0024142452905484874
30 33 0.11748226010097337
30 34 0.14488439167830594
30 35 -0.14290000437870812
30 36 0.025415744322258765
30 37 0.1332933124787168
30 38 0.03557054201960223
30 39 -0.09705852240587425
31 31 0.0
31 32 0.021996577016615514
31 33 -0.1359410974934306
31 34 0.060423414322377945
31 35 0.13044804086588233
31 36 0.06439705093377705
31 37 -0.26113605104850823
31 38 -0.08427915687522139
31 39 0.04516861526502888
32 32 0.0
32 33 -0.11206545992825431
32 34 0.004107381252081316
32 35 -0.045543327062502026
32 36 -0.1499426276449763
32 37 -0.061639674972383075
32 38 -0.1016575090948941
32 39 0.05345531676335717
33 33 0.0
33 34 -0.013810168869836156
33 35 -0.031164710590023938
33 36 0.21518413969855427
33 37 0.0925890437610803
33 38 0.0417784848385523
33 39 -0.07412664588663753
34 34 0.0
34 35 -0.025386237952575087
34 36 -0.03289944550328932
34 37 -0.05361617669979538
34 38 -0.09849146921438232
34 39 -0.08387599037040991
35 35 0.0
35 36 -0.16565824103425664
35 37 -0.12747948410366083
35 38 -0.2755611453450363
35 39 0.10430034096892345
36 36 0.0
36 37 -0.003276494657950404
36 38 0.19045668663387733
36 39 0.2426300964649383
37 37 0.0
37 38 0.0648148705154247
37 39 -0.031532820445911734
38 38 0.0
38 39 -0.0483395532467408
39 39 0.0
