0 0 0.0
0 1 -0.004819183242994422
0 2 0.08218026774016847
0 3 -0.04396742516995257
0 4 -0.26150694498763427
0 5 0.12938103727789807
0 6 -0.007501177717255223
0 7 0.058200911465149274
0 8 -0.20311307428398143
0 9 -0.055194607859583945
0 10 0.00543455165382204
0 11 0.00869612902742988
0 12 0.23655472129928104
0 13 -0.008348068985872294
0 14 -0.13722057318236577
0 15 -0.07178614180842634
0 16 -0.1160768622879561
0 17 -0.12104723673496584
0 18 -0.00440445131151218
0 19 -0.14777014594793075
0 20 -0.041050490397518895
0 21 0.10630052914935502
0 22 -0.1809510294606556
0 23 -0.05212542603549414
0 24 0.060090411422952704
0 25 -0.002161459639271504
0 26 0.05538524282741214
0 27 0.10658030137372623
0 28 -0.05617912996580946
0 29 -0.08459769273955092
0 30 0.09757176635604904
0 31 -0.15385824682880045
0 32 0.17283023640955383
0 33 0.1579506991782668
0 34 -0.1044117812285666
0 35 -0.0754987739811319
0 36 -0.09578700513262842
0 37 -0.013663683853921579
0 38 0.19569891210399787
0 39 0.02869072464936731
1 1 0.0
1 2 0.07382967563119129
1 3 0.08319029162396499
1 4 0.012232693509461373
1 5 -0.0781880559143129
1 6 -0.05387965630053212
1 7 0.06414752961187271
1 8 -0.1741071965005172
1 9 0.08247631118006696
1 10 0.045647476995300064
1 11 0.07424033145981146
1 12 -0.07729216751328245
1 13 -0.05443026806526199
1 14 -0.10700181070351929
1 15 -0.22793714021277522
1 16 0.10551957689599575
1 17 -0.18772719036331303
1 18 0.06235881723855878
1 19 0.05911261754379743
1 20 0.023835321427783884
1 21 -0.10111189386724702
1 22 0.05069632035411403
1 23 -0.1692861188308258
1 24 -0.06676117559260106
1 25 -0.0552217041092574
1 26 0.06933907409425404
1 27 -0.00956214599565176
1 28 -0.10600225427536913
1 29 -0.030563681306958045
1 30 0.017123117659812535
1 31 -0.07895888774447693
1 32 -0.14568923911728093
1 33 -0.07895291749029089
1 34 0.013511811053940809
1 35 0.08443539566470912
1 36 0.039936487442576704
1 37 0.0030850604718910056
1 38 -0.005953460515925154
1 39 -0.008757883904982175
2 2 0.0
2 3 -0.10460091374111377
2 4 -0.012510836862101868
2 5 -0.05785621890285736
2 6 -0.038367857341562936
2 7 0.055176134976396306
2 8 -0.08367884552553476
2 9 -0.03194423930159583
2 10 -0.12715924383887725
2 11 -0.07543638642042896
2 12 0.07396640092601744
2 13 0.028408509018081052
2 14 -0.16581651428135763
2 15 -0.061702938872250444
2 16 0.1888866487393688
2 17 0.08037742311414937
2 18 -0.000578208110358024
2 19 0.001919673809898265
2 20 -0.01019197694269518
2 21 0.004314325685343581
2 22 0.004360575419708143
2 23 -0.11837421229056584
2 24 -0.05904025524847574
2 25 0.06701598894192416
2 26 -0.03061481908342764
2 27 0.07815657654897287
2 28 -0.18462033333878067
2 29 0.04159366118816536
2 30 0.1031036541517191
2 31 -0.09747117438036268
2 32 0.0322307965657163
2 33 0.0372553738414698
2 34 -0.1644700552190869
2 35 0.03772385343317227
2 36 -0.02569133378252686
2 37 -0.004775688162626626
2 38 0.10786110714261299
2 39 0.07327371933668421
3 3 0.0
3 4 -0.16952743565532655
3 5 0.12997913980897619
3 6 0.06876390483877884
3 7 0.10083434059254312
3 8 0.05981283935344298
3 9 0.24195350644511712
3 10 0.12077662330571273
3 11 0.15243580408052132
3 12 0.04569099813508298
3 13 0.13921878528605824
3 14 0.12129328978486711
3 15 0.013809827477696324
3 16 -0.19956336225626486
3 17 -0.002125828255289517
3 18 0.1063371088643992
3 19 -0.08879577739542201
3 20 0.021397039100769653
3 21 0.012165148775463437
3 22 0.12044754915681224
3 23 -0.08146166252542156
3 24 -0.11238581769204439
3 25 0.10737498837601382
3 26 -0.04413006870895146
3 27 -0.09850109748406874
3 28 0.07587050855363292
3 29 -0.2513635889884053
3 30 -0.07983055015341436
3 31 -0.16450848261811607
3 32 -0.1872466709380137
3 33 -0.2758951909543195
3 34 -0.030910706445639518
3 35 -0.11753894059472562
3 36 0.11803433351307586
3 37 0.0011777037034528108
3 38 -0.1584044009842125
3 39 -0.03640307190844025
4 4 0.0
4 5 -0.0027980599266814337
4 6 0.24520049749739342
4 7 0.05709622169935169
4 8 0.05056159417649194
4 9 0.125060808456325
4 10 0.05911798165745226
4 11 -0.06474550387356715
4 12 -0.23550386398781376
4 13 0.05670975723932353
4 14 0.20547995478707373
4 15 -0.076727229133797
4 16 0.11163131454281731
4 17 -0.1884537057487255
4 18 -0.03535979638387221
4 19 0.25342274639574275
4 20 0.34271372465261896
4 21 -0.09167119294620549
4 22 0.11167545143145823
4 23 -0.14795584541879972
4 24 0.07560422444591783
4 25 -0.3165954396842286
4 26 0.057340914650184205
4 27 0.3394743271722527
4 28 -0.16987186216624267
4 29 -0.1843968999571681
4 30 -0.04951164095205718
4 31 -0.039399830425051845
4 32 -0.022692278853182653
4 33 -0.005770951459044579
4 34 0.11116638353127017
4 35 -0.03933079205427421
4 36 -0.1056258381095534
4 37 -0.04460835039574082
4 38 -0.09447729156366776
4 39 0.07751145472059483
5 5 0.0
5 6 0.06007705024787624
5 7 0.13516048086944124
5 8 0.02651710686763123
5 9 0.023430853218265713
5 10 -0.004262616166411523
5 11 -0.1187347693815128
5 12 0.04600989836789997
5 13 0.13249156214032
5 14 0.15232845845845064
5 15 -0.004389381945291897
5 16 0.05929049587346021
5 17 -0.12889578449587288
5 18 0.10635870106925623
5 19 -0.08752426675739408
5 20 0.043509523773339984
5 21 -0.05914652920522482
5 22 -0.05032135801575419
5 23 -0.029561045088219013
5 24 0.11765675865823066
5 25 0.19581828182633537
5 26 0.09635524958899506
5 27 0.13860841756172976
5 28 0.0708546448575602
5 29 -0.012410592521007683
5 30 -0.03723654968426447
5 31 -0.0753325517167037
5 32 0.06848397062125733
5 33 0.010153935414412844
5 34 0.004495721462400185
5 35 0.02734034411409684
5 36 0.1988160311553177
5 37 -0.17681351801799228
5 38 -0.154601577235395
5 39 0.04356933806563236
6 6 0.0
6 7 0.08056468897861299
6 8 0.017368476689535322
6 9 0.10100721034940596
6 10 -0.037131572896894074
6 11 0.10855692597405733
6 12 0.008241465350673709
6 13 0.08803006835456216
6 14 0.1895549649296147
6 15 -0.06319715290535309
6 16 0.04570091145966649
6 17 -0.019326098927640735
6 18 -0.019854426133887937
6 19 0.0906898404788262
6 20 0.13715078475813614
6 21 -0.0025865032544799124
6 22 -0.051026066703151886
6 23 -0.07184522063188437
6 24 -0.016199596120498563
6 25 -0.11886700840729411
6 26 -0.038185401835528154
6 27 0.07892371702727387
6 28 0.024463448254488897
6 29 -0.0352908495843278
6 30 -0.032841287082831565
6 31 -0.05056167469088402
6 32 0.009591546536932182
6 33 -0.045863583649541476
6 34 0.007926450119676413
6 35 -0.18034609976395802
6 36 -0.07412413978384545
6 37 -0.07461431489120599
6 38 0.0008515307930032122
6 39 0.051894420609732615
7 7 0.0
7 8 -0.20002188018524913
7 9 -0.009415551569133016
7 10 0.040795668401870475
7 11 -0.07749591701198756
7 12 0.12246946878151004
7 13 0.04448931443760876
7 14 -0.0003744490878220438
7 15 -0.113438390392791
7 16 0.1751110553569637
7 17 0.04539261436104329
7 18 0.07834804635045826
7 19 0.13888769500304637
7 20 0.03990492687242333
7 21 -0.09738330064298431
7 22 -0.12812401306033494
7 23 -0.23945850280231423
7 24 0.10315354166819388
7 25 0.015718995183350345
7 26 -0.027041396980501932
7 27 0.07982911786850698
7 28 0.041440324056180054
7 29 -0.043397147952071724
7 30 -0.005438965239078443
7 31 -0.07229414776459403
7 32 0.016803596884959738
7 33 -0.09006203984091385
7 34 0.02199835577618062
7 35 -0.13462393269468192
7 36 0.03965651551211062
7 37 -0.039676029966830714
7 38 -0.10342827901430326
7 39 0.011268691803483399
8 8 0.0
8 9 0.043402572899852096
8 10 -0.006968883240829222
8 11 0.08621899213927715
8 12 -0.08195068787263969
8 13 0.07508475210379326
8 14 0.14562430856701594
8 15 0.1417153369147229
8 16 -0.13307613277257663
8 17 0.09742082436051346
8 18 -0.032435461524367395
8 19 -0.10399186828511633
8 20 -0.06978961686584526
8 21 0.0908955722478657
8 22 0.12809157336295773
8 23 0.2643711785727244
8 24 -0.09167917315499943
8 25 0.13276609495640587
8 26 -0.04115934992250666
8 27 -0.029185622697299823
8 28 0.019516790555310498
8 29 -0.004611125663202277
8 30 -0.013304212500307602
8 31 0.05580921880365022
8 32 -0.029860941032296827
8 33 -0.06305789669299142
8 34 -0.00763792618574505
8 35 0.07835614175441094
8 36 0.07799971242935345
8 37 -0.04001110477255453
8 38 0.006503637968216969
8 39 -0.03870192936948635
9 9 0.0
9 10 0.014536321489006304
9 11 0.05085934890971423
9 12 -0.1335616007050532
9 13 0.03982824614471787
9 14 0.17360913509823533
9 15 -0.016851296817741758
9 16 -0.05543835063882021
9 17 -0.11348842604255271
9 18 0.0222369218635332
9 19 -0.021219474248578653
9 20 0.21679172349332904
9 21 -0.026453262470093764
9 22 0.13333545236052535
9 23 -0.041106752004782025
9 24 -0.11600955969650337
9 25 0.009385087210391012
9 26 -0.008911209960685059
9 27 0.007286943502195773
9 28 -0.0919357017622324
9 29 -0.2335499332410614
9 30 -0.06632013903053499
9 31 -0.14662540947134584
9 32 -0.18215133217285834
9 33 -0.0827133258738742
9 34 -0.09189627828796935
9 35 -0.049167953152402515
9 36 0.028746584766258215
9 37 -0.05877574754333074
9 38 -0.06048540153824232
9 39 -0.014429783624952047
10 10 0.0
10 11 0.07110071504721983
10 12 0.09400054751537498
10 13 -0.1298861684160477
10 14 -0.05215923191587701
10 15 -0.005174023004642725
10 16 -0.2695167004687683
10 17 0.021521312402318155
10 18 0.07256694222498516
10 19 -0.003731201668851076
10 20 0.00038337028795606634
10 21 0.05525649519567587
10 22 0.03617758301247076
10 23 0.060271248777484535
10 24 0.08401505187843734
10 25 0.11892833870337398
10 26 -0.044313032928160044
10 27 -0.042529455601490226
10 28 0.16172692907933675
10 29 -0.2496063349723913
10 30 -0.07393313542009296
10 31 -0.10099104942415289
10 32 -0.008342460395352084
10 33 -0.012205959156631089
10 34 0.07514763268578721
10 35 -0.049511313146983524
10 36 0.05188305724720479
10 37 0.015738127489850706
10 38 -0.030396029483737506
10 39 -0.10813668165041972
11 11 0.0
11 12 0.12153593387605732
11 13 0.09807886896580383
11 14 -0.003947287196815951
11 15 -0.13393031729166976
11 16 -0.15155097628231248
11 17 0.013632604044296389
11 18 -0.02660530596752401
11 19 -0.0055307363152206825
11 20 -0.06451965127442541
11 21 0.143765026553958
11 22 0.03872983310600031
11 23 0.10636994240753157
11 24 -0.11413020938908305
11 25 -0.02989476155553853
11 26 -0.04508881631175666
11 27 -0.07518621336596135
11 28 0.043677517048428545
11 29 -0.015018097014442414
11 30 -0.00244373742514573
11 31 -0.04332650315141075
11 32 -0.04993295185419751
11 33 -0.11608348432103002
11 34 0.03723118790018035
11 35 -0.11758727073096634
11 36 -0.11560422266685459
11 37 0.059590307677134545
11 38 0.11935649135195263
11 39 -0.01667529106915411
12 12 0.0
12 13 0.022974807405254493
12 14 -0.15980833607506273
12 15 -0.04270374518360652
12 16 -0.154520431658418
12 17 0.18679726012118603
12 18 0.06218199960640865
12 19 -0.04496432246133173
12 20 -0.15089069173421205
12 21 0.10628808825582339
12 22 -0.10197757215897671
12 23 -0.048501714503084326
12 24 0.03688632831180421
12 25 0.15854743487662476
12 26 -0.12139749341605681
12 27 -0.027566973042392556
12 28 0.08629921135991253
12 29 -0.08751294321443873
12 30 0.0897257152978284
12 31 -0.12758882248008063
12 32 0.14837484811381102
12 33 0.03344534699807246
12 34 -0.03795849217945251
12 35 -0.1839629912973078
12 36 -0.09823980000089462
12 37 0.051439157212648245
12 38 0.1052367570969071
12 39 0.028649469034398172
13 13 0.0
13 14 0.04224440615549378
13 15 -0.04307432142197593
13 16 0.1554744809621853
13 17 -0.016362530897476673
13 18 -0.02439320511125112
13 19 -0.014150378584220158
13 20 -0.006436014737090226
13 21 0.07269894575270738
13 22 0.04579569287159686
13 23 0.014839475048994664
13 24 -0.03289229983440254
13 25 0.012915460417293908
13 26 0.09680727574305889
13 27 0.12142993538281284
13 28 -0.11252894686634463
13 29 0.10735185269752104
13 30 0.0034758234174971725
13 31 0.012568200051396578
13 32 -0.039558469045487425
13 33 -0.17137808299786647
13 34 -0.021712860500180266
13 35 0.006680309672346356
13 36 0.010986402387716237
13 37 0.04089186627473748
13 38 -0.0655100655480976
13 39 0.051190531934263137
14 14 0.0
14 15 0.010733519783584342
14 16 0.0028820220083359714
14 17 -0.08628172397554157
14 18 0.011118645370068913
14 19 0.04824776160658698
14 20 0.16497383194930643
14 21 -0.08006009474977722
14 22 -0.019285908134830745
14 23 0.005196814766131849
14 24 -0.06312978099181331
14 25 -0.0345587916659958
14 26 0.05498023664963012
14 27 0.01919725683510274
14 28 0.039132591192357964
14 29 -0.0925417271739
14 30 -0.03293280074852605
14 31 0.03373870287016898
14 32 -0.07800252905608167
14 33 -0.02002830538419139
14 34 0.04415964495433998
14 35 -0.10895724029139646
14 36 0.01521283809233378
14 37 -0.10597301104397802
14 38 -0.118799630569727
14 39 -0.017223116775243755
15 15 0.0
15 16 -0.19557178431005662
15 17 0.1137008882233385
15 18 -0.03501888222218043
15 19 -0.11955347450238338
15 20 -0.03994506913153136
15 21 0.020392016254833195
15 22 0.07452974708613881
15 23 0.0888324337234759
15 24 0.0296532135915722
15 25 -0.028220710097838386
15 26 -0.12120660689656651
15 27 -0.07859873771142664
15 28 0.08631889745729966
15 29 -0.021241144089264374
15 30 -0.06390489810838032
15 31 0.04985022615054954
15 32 0.04579984845623565
15 33 0.007806583188153332
15 34 -0.020143360368650637
15 35 0.03032535403079384
15 36 0.04163101373084876
15 37 0.010984186820987387
15 38 -0.047194556866675494
15 39 0.018978080551738212
16 16 0.0
16 17 -0.013517824797835181
16 18 -0.03852856496125427
16 19 0.21509021357764974
16 20 0.09995585924322917
16 21 -0.12730206156401674
16 22 -0.09269705753972991
16 23 -0.09022437448973528
16 24 0.060663684901730575
16 25 0.028445946317461352
16 26 0.12860102731155204
16 27 0.16209293426865412
16 28 -0.15091320329772612
16 29 0.38281659645145527
16 30 -0.005968451790566862
16 31 0.1211869075137338
16 32 -0.032656471012547914
16 33 -0.03216637534472755
16 34 -0.03473209393518432
16 35 0.12656431072495036
16 36 0.1007172911791423
16 37 -0.09874355581009696
16 38 -0.06953159466410407
16 39 0.0422317675787533
17 17 0.0
17 18 -0.00966203029813634
17 19 0.034770720657123604
17 20 -0.14713265996096933
17 21 0.10225817076246482
17 22 -0.0361174841665525
17 23 0.07174530646797547
17 24 -0.020893828660670515
17 25 0.1796328300636174
17 26 -0.17216630754852408
17 27 -0.11939980248363166
17 28 0.13389911977159047
17 29 0.04692859375989433
17 30 0.022724414432948353
17 31 0.02804700460348365
17 32 0.07298008831457038
17 33 -0.04462710730566998
17 34 -0.056350835169355885
17 35 -0.11365947437092501
17 36 -0.011279747899426729
17 37 0.057893009159385944
17 38 0.048536871439078914
17 39 -0.03567932305577184
18 18 0.0
18 19 -0.015708605160554782
18 20 0.0012089294096061193
18 21 -0.05162925112407031
18 22 0.021396883507505633
18 23 -0.07813275895726073
18 24 0.0047492884399864994
18 25 0.13513753820193672
18 26 0.003015822118787044
18 27 -0.02232653143657548
18 28 0.05054398585217661
18 29 -0.09431733610307744
18 30 0.003067993847686147
18 31 -0.07954757623097686
18 32 -0.0194469309100858
18 33 -0.0041486166984835045
18 34 0.0016851466753231101
18 35 -0.0144585600562255
18 36 0.07512661768498927
18 37 -0.03575999001330345
18 38 -0.07858928283601876
18 39 0.0035441890255355074
19 19 0.0
19 20 0.08460059370135124
19 21 -0.09376891617347302
19 22 -0.06998588040583603
19 23 -0.10929704666721918
19 24 0.05172606103933898
19 25 -0.12010032495676534
19 26 -0.018073290986399888
19 27 0.03988961333648833
19 28 -0.00534330209968825
19 29 0.05287507126193267
19 30 -0.01606593366971913
19 31 0.07071850817406197
19 32 -0.03589880938688312
19 33 -0.043692098914758684
19 34 0.08765318085858599
19 35 -0.08240673382890137
19 36 -0.06436460748431869
19 37 0.011948441580870089
19 38 -0.051010623503056504
19 39 -0.014594223785856536
20 20 0.0
20 21 -0.07862591847130422
20 22 0.10999280201999077
20 23 -0.041519086887505344
20 24 0.029643152471126054
20 25 0.014945713664143706
20 26 -0.028801710906219767
20 27 0.10428163183613781
20 28 -0.11090447822560853
20 29 -0.19912869325372654
20 30 -0.12757566911011553
20 31 -0.1476596154295982
20 32 -0.12464243392502232
20 33 0.07253353705328489
20 34 -0.09178877997098281
20 35 -0.05177521558878655
20 36 -0.006096833771987315
20 37 -0.12034096857119525
20 38 -0.07967360371385458
20 39 0.018520308458786716
21 21 0.0
21 22 -0.002861993291165875
21 23 0.1849794185177725
21 24 -0.042165959392846675
21 25 0.09837387592405762
21 26 0.08029695962049901
21 27 0.006696529371448527
21 28 0.059110662129337535
21 29 0.017092571870060275
21 30 0.010621125444034592
21 31 -0.025145858144245664
21 32 0.08144889007379756
21 33 0.01810675034509247
21 34 -0.05427966172063209
21 35 -0.022625140955775423
21 36 -0.03429307897607309
21 37 0.07382775242973838
21 38 0.13107619542319132
21 39 -0.04312770309525049
22 22 0.0
22 23 0.07753849946555899
22 24 -0.0694038732305082
22 25 0.10299777376609434
22 26 -0.07396726526403033
22 27 -0.03383835269906846
22 28 -0.1062115225114955
22 29 -0.13768056179084276
22 30 -0.07991989077959535
22 31 -0.09068494827619081
22 32 -0.16129445851877042
22 33 -0.062115825361684376
22 34 -0.06764211644493912
22 35 0.11047340721612146
22 36 0.05947103205512645
22 37 0.00460813348757312
22 38 -0.07413376295250604
22 39 0.015071737853404427
23 23 0.0
23 24 0.021722484245619365
23 25 0.24597119002823375
23 26 0.02267147734288348
23 27 -0.041690528024039865
23 28 0.06237908731273434
23 29 0.0744135656620307
23 30 -0.07638000443186463
23 31 0.08260034734842372
23 32 0.006607229288989269
23 33 0.0660896079908136
23 34 -0.01384630762816905
23 35 0.142533032213974
23 36 0.07900764066483235
23 37 -0.021451775001412633
23 38 0.08025961636404023
23 39 -0.1237718675466134
24 24 0.0
24 25 0.006087155836189936
24 26 -0.03700457568889254
24 27 0.08040933489614896
24 28 0.09926985699936905
24 29 0.05642111518299597
24 30 -0.09343270555001768
24 31 0.0309500915821449
24 32 0.09807982116550854
24 33 0.05025790933618209
24 34 0.08188301063915226
24 35 0.030247025395225953
24 36 0.06869464798262717
24 37 -0.062088837245380425
24 38 -0.0656371181770726
24 39 -0.005840101023189468
25 25 0.0
25 26 0.008104980431310482
25 27 -0.041870810533603635
25 28 0.05938178968000124
25 29 -0.11735554596036571
25 30 -0.025712396130871656
25 31 -0.1675233602585476
25 32 -0.0345752746978878
25 33 0.09273793818658259
25 34 -0.1717907048179912
25 35 0.09411573860446484
25 36 0.24712987803413683
25 37 -0.12115969909081611
25 38 -0.04218501020618183
25 39 -0.10823414866303127
26 26 0.0
26 27 0.0969186558363096
26 28 0.0016093467071917056
26 29 0.14938384341378155
26 30 0.059439158303810205
26 31 0.10257592818034902
26 32 0.029385062694215886
26 33 0.05034527823099404
26 34 0.056698912266786694
26 35 0.11215085844351155
26 36 0.05442347663074478
26 37 0.06750829418974881
26 38 -0.040360001427795285
26 39 -0.039777046016568306
27 27 0.0
27 28 -0.1501991666201427
27 29 -0.010938377504938845
27 30 0.02165217737248471
27 31 -0.05084001071050955
27 32 0.056572580064361576
27 33 0.021585483819371882
27 34 -0.024857422951327365
27 35 0.03829434789601446
27 36 0.0022405718299909633
27 37 -0.057298454718713795
27 38 0.012843171118170942
27 39 0.03724417076139313
28 28 0.0
28 29 0.12942943474890561
28 30 -0.12301306357259252
28 31 0.06964397306892399
28 32 0.14222961053370686
28 33 0.012868412939577665
28 34 0.135988485768597
28 35 -0.0964592491982253
28 36 0.12100428502458353
28 37 -0.04939337438130717
28 38 -0.07272557530855525
28 39 -0.025305705304997407
29 29 0.0
29 30 -0.015305234895282436
29 31 0.2955993294404668
29 32 0.14792985803661496
29 33 -0.003503625656974066
29 34 0.09683105793050469
29 35 0.16102385025988752
29 36 0.07877351053875459
29 37 -0.012325441542196128
29 38 0.016988524982665332
29 39 0.07967494386567443
30 30 0.0
30 31 0.015465899804349106
30 32 0.047165554417081375
30 33 0.04268964559575371
30 34 -0.02272812810761646
30 35 -0.02379896461638055
30 36 -0.11406992169358596
30 37 0.08072422682853722
30 38 0.10109324643716806
30 39 0.012110482903922875
31 31 0.0
31 32 0.0381360232436951
31 33 -0.02359034152485368
31 34 0.15804255395510564
31 35 0.0832284359706646
31 36 -0.015446506602433043
31 37 0.08285264957112562
31 38 -0.03929203076982019
31 39 -0.029671977127610816
32 32 0.0
32 33 0.13623627397986668
32 34 0.027697665682937894
32 35 -0.04033625816708064
32 36 -0.03036335595431446
32 37 -0.020788307919201308
32 38 0.10091146556498905
32 39 0.059308261528286874
33 33 0.0
33 34 -0.05487561102017953
33 35 0.021315305812300813
33 36 -0.05744827818285393
33 37 -0.056535471673778516
33 38 0.1066842096474218
33 39 0.020605710635403986
34 34 0.0
34 35 -0.0053662122342167575
34 36 -0.011805002524611505
34 37 0.05218288022632639
34 38 -0.08552055392078681
34 39 -0.023633726382284205
35 35 0.0
35 36 0.16990822774736153
35 37 -0.03068216769458556
35 38 -0.03091905751665866
35 39 -0.020952877353122977
36 36 0.0
36 37 -0.14415435042048236
36 38 -0.14142077592738087
36 39 -0.038005358052555185
37 37 0.0
37 38 0.022859322575454654
37 39 -0.031519063295669524
38 38 0.0
38 39 0.00038206610718323383
39 39 0.0
