0 0 0.0
0 1 0.029847462979037953
0 2 0.11067256875639357
0 3 -0.07605820267433555
0 4 -0.12328891490236882
0 5 0.06637126529808886
0 6 0.11849628193600334
0 7 -0.10870100587329476
0 8 0.061940849968146805
0 9 -0.014347264877157092
0 10 -0.1233130892326032
0 11 0.021984544781798343
0 12 -0.016533972876120677
0 13 -0.05262200925562081
0 14 -0.002156433128237273
0 15 0.004391928528847289
0 16 0.001350563566352674
0 17 0.06064336437470267
0 18 0.07069149275936283
0 19 0.047502464540797915
0 20 0.007492873522098311
0 21 -0.0843556163960584
0 22 -0.060589219468195864
0 23 0.16321999338966184
0 24 0.1008046322157649
0 25 -0.007325582426360444
0 26 0.034720800153042464
0 27 -0.032552985201436194
0 28 -0.04235116412795175
0 29 0.10082808605060238
0 30 0.018689271407872594
0 31 -0.11643260139865923
0 32 -0.015617203568990854
0 33 -0.062214728793211126
0 34 -0.03439866840443576
0 35 -0.025130095273316826
0 36 -0.06418368613299959
0 37 0.05345159243463267
0 38 -0.04860814787446125
0 39 -0.16635386377605313
1 1 0.0
1 2 -0.10410927152360568
1 3 0.037052518714216866
1 4 -0.04190827413773296
1 5 0.05598623244764418
1 6 -0.15396860855488698
1 7 0.11306434188795064
1 8 0.04175092732108675
1 9 -0.0884801991615782
1 10 -0.03546576684434842
1 11 -0.0776465560008748
1 12 -0.1842593653675845
1 13 0.060534276897315366
1 14 0.0081463384884661
1 15 0.07587995706585592
1 16 0.0015913958158233453
1 17 0.10102204829657917
1 18 0.07960744458661208
1 19 0.09183526311493337
1 20 -0.1587942386709854
1 21 -0.019139048943074118
1 22 -0.06007731354953068
1 23 -0.05067563471404524
1 24 -0.276996531328424
1 25 -0.04659982116290953
1 26 0.08837889344936653
1 27 -0.004272443032842646
1 28 -0.20459769263429983
1 29 -0.03261676272059976
1 30 -0.04324784156459952
1 31 0.030311720978879242
1 32 -0.0024899997905574517
1 33 -0.04030453573857967
1 34 0.010126598596812347
1 35 0.021021375743746216
1 36 0.03405304350160315
1 37 -0.1579416939767456
1 38 -0.10578146798010298
1 39 -0.028550912747545003
2 2 0.0
2 3 0.07718997097247163
2 4 -0.1317675876801671
2 5 -0.000047885040603679496
2 6 0.10789527701989902
2 7 -0.11833878257812924
2 8 0.08662458969558752
2 9 -0.10822926881581241
2 10 -0.047779110993114056
2 11 0.02909647471832515
2 12 0.0553363493139894
2 13 -0.10750320636559052
2 14 0.0564824196093367
2 15 -0.021994957760673145
2 16 0.022620808069129535
2 17 -0.05041374948540332
2 18 0.13653337872113006
2 19 -0.1445624184906202
2 20 0.08015207608605872
2 21 0.10927763138908611
2 22 -0.01878987699986976
2 23 0.1860082372198842
2 24 0.08823013602147677
2 25 0.10822021846301617
2 26 0.025663519629380675
2 27 -0.04177564757534546
2 28 -0.01472389117619749
2 29 0.06565938937008339
2 30 0.05574254868748002
2 31 0.09408495424760904
2 32 0.00842902566144548
2 33 -0.04669002988991518
2 34 -0.0960766370469954
2 35 -0.1069106818712364
2 36 0.007484309229625108
2 37 0.05182115284440876
2 38 0.007863344149438775
2 39 0.0028270940140765035
3 3 0.0
3 4 0.054924109133502166
3 5 0.06749035468519198
3 6 -0.05258533883082052
3 7 0.08877616673664514
3 8 0.1019487594567372
3 9 -0.1518568268207932
3 10 0.16593485421594867
3 11 -0.07035550632960266
3 12 0.037305410771598844
3 13 0.03211511520625153
3 14 -0.01445775604887902
3 15 0.08145105501248101
3 16 0.009507454432438073
3 17 -0.09632703348247115
3 18 -0.03433506261355942
3 19 -0.04683551569482502
3 20 0.10294395352052774
3 21 0.12522098365591497
3 22 0.09355757726129604
3 23 0.034455447884404994
3 24 -0.17976216926492897
3 25 0.0950596403675883
3 26 0.016865387535305008
3 27 -0.11653939097466637
3 28 -0.06282545120117364
3 29 -0.13789138718441887
3 30 -0.008913678539269254
3 31 0.1268283777457462
3 32 0.18060644323350217
3 33 -0.06729872564719579
3 34 -0.1773886089119625
3 35 -0.18802855425123316
3 36 0.07664572051179634
3 37 0.02114061147889346
3 38 -0.007769413758809784
3 39 -0.0020418211526734985
4 4 0.0
4 5 -0.014658996638798239
4 6 -0.266369409255947
4 7 -0.06511725914158581
4 8 -0.014490495822322489
4 9 -0.08854538793516341
4 10 0.10697090418632489
4 11 0.17367745649720717
4 12 -0.0485082043714292
4 13 -0.03342712715918046
4 14 0.03544528988008578
4 15 0.04513478951470689
4 16 -0.11564467544236219
4 17 0.03584648860102072
4 18 -0.03244596874508573
4 19 -0.05925704827086113
4 20 0.19007406528179718
4 21 0.1445569032134205
4 22 0.08848000361052197
4 23 -0.2701568340132074
4 24 0.06243654739921872
4 25 0.19260980021596283
4 26 0.02352525881370715
4 27 0.08524084904025457
4 28 -0.02014024462340762
4 29 -0.20207550540269023
4 30 -0.01647339604105909
4 31 -0.04665580239791483
4 32 0.10365798409501767
4 33 0.04864396596718146
4 34 -0.040110861935226755
4 35 -0.10029766547047851
4 36 -0.022038139430645316
4 37 0.06114301715509467
4 38 -0.03958327133034745
4 39 0.014365215946148185
5 5 0.0
5 6 0.13172832192192901
5 7 0.11044138711019517
5 8 0.05468086442317682
5 9 -0.08083600631463936
5 10 0.08227154301938311
5 11 -0.17150883659901184
5 12 -0.03523495047975185
5 13 0.05573426739905737
5 14 -0.00740122060894882
5 15 -0.02749994990055816
5 16 -0.11063118984760667
5 17 0.034562753418712386
5 18 -0.07872854957089039
5 19 -0.025220048074879303
5 20 0.05445481557052441
5 21 -0.14814717461174534
5 22 -0.04351795637920206
5 23 0.03961234365949332
5 24 -0.16636074191916445
5 25 -0.06336401662789676
5 26 0.06789400472981458
5 27 -0.02519933292978706
5 28 -0.11399782644633712
5 29 0.02010009533774907
5 30 -0.06572713772484187
5 31 -0.11650471910394364
5 32 0.05714872733492612
5 33 -0.14365104158885583
5 34 -0.07114097498769585
5 35 -0.0326226079725414
5 36 0.11432805458514854
5 37 -0.22831124758242397
5 38 -0.0985446272709858
5 39 -0.0818748112527761
6 6 0.0
6 7 -0.055827597062829325
6 8 0.014935311806573471
6 9 0.06725882327949585
6 10 0.00886361225110311
6 11 -0.1453774928414701
6 12 0.09699762954355955
6 13 0.13436881005597864
6 14 -0.08539617168027723
6 15 -0.07143646557606134
6 16 -0.01882431886111187
6 17 0.013519940550383807
6 18 -0.10138759388786345
6 19 -0.026459541935131947
6 20 0.027960901875728188
6 21 -0.12502908292128326
6 22 -0.14624444349363855
6 23 0.25464409945185335
6 24 0.02738461946011785
6 25 -0.127700924821254
6 26 -0.0076557197072367935
6 27 0.09802491184665543
6 28 0.0942836848310387
6 29 0.13417812206548727
6 30 -0.009004790513561293
6 31 -0.07214814673474047
6 32 -0.13054408946035417
6 33 -0.1511383887532118
6 34 -0.04968788354247229
6 35 0.07039933419687001
6 36 0.16965942305995735
6 37 -0.018559498919068565
6 38 -0.055457701748391965
6 39 0.004539479939369695
7 7 0.0
7 8 0.013901576885593745
7 9 0.0979522247309403
7 10 0.11685969394787443
7 11 -0.13888349278225007
7 12 0.05207687222964521
7 13 -0.07197848828717894
7 14 0.0021221542632828523
7 15 -0.017852455687715513
7 16 0.008820969235242978
7 17 0.0022350648704357124
7 18 -0.0929063192545459
7 19 0.006020950322974411
7 20 -0.08384464784400418
7 21 -0.284563904896262
7 22 0.10532812164700336
7 23 -0.01468778377519038
7 24 -0.22511409081941994
7 25 -0.20438182139761082
7 26 -0.09206322362404454
7 27 -0.09635628676733818
7 28 -0.05581336243411426
7 29 0.09963448766202586
7 30 -0.04109234506149924
7 31 -0.050229659133385916
7 32 0.12250463731802319
7 33 0.0063759431307186575
7 34 0.13009726505605276
7 35 0.13319320544624105
7 36 0.06112790472582713
7 37 -0.2718077701985466
7 38 0.0017447971350161636
7 39 -0.07426852553176228
8 8 0.0
8 9 -0.13582915758017683
8 10 -0.08489256833223553
8 11 0.07213477520763248
8 12 0.09835154388176877
8 13 -0.06154618540693516
8 14 0.02651055911518558
8 15 0.04401799920142747
8 16 -0.07906005531399216
8 17 -0.047793983936058146
8 18 0.012170323862037938
8 19 -0.09457758960841013
8 20 0.11300498354383284
8 21 0.056458171935551374
8 22 0.047879200656046714
8 23 0.16998494638419498
8 24 -0.07659434681883638
8 25 0.11262043251642813
8 26 0.07212499908457314
8 27 0.007600841479733543
8 28 -0.03571696820161392
8 29 0.0034228882627285835
8 30 0.025737176196241846
8 31 0.0027734196833508135
8 32 0.010588802823522567
8 33 -0.008914195811060607
8 34 -0.15157479721971698
8 35 -0.20837448654701257
8 36 -0.057527153316756105
8 37 0.038724421270817155
8 38 0.060775623007258105
8 39 -0.05061569498975653
9 9 0.0
9 10 0.0012462817352767712
9 11 0.0413517520985638
9 12 0.04445729138446413
9 13 -0.0011459281592106222
9 14 -0.068685687136271
9 15 -0.03440079498685396
9 16 0.09679192629590747
9 17 0.059266487081548545
9 18 -0.12628277681160874
9 19 0.13304541462487604
9 20 -0.14701193438457066
9 21 -0.2222919926827013
9 22 0.035086080871172334
9 23 -0.0501690706464474
9 24 0.11605101145463344
9 25 -0.2256942188554814
9 26 -0.18693017936697168
9 27 0.0072231937039181114
9 28 0.11472042407419474
9 29 0.10191700789835997
9 30 0.011866097183098683
9 31 -0.07403659894030584
9 32 0.021282528388933068
9 33 0.07467780984831875
9 34 0.19709470033555196
9 35 0.2226281017672803
9 36 0.055171763914255934
9 37 0.058655701910689764
9 38 0.003061634685460832
9 39 -0.04190130639521314
10 10 0.0
10 11 -0.18939566395741242
10 12 0.0019141726843360466
10 13 0.1081844353730738
10 14 -0.04514787545202767
10 15 0.0066360818324046975
10 16 0.04520681483366966
10 17 0.05300408397387281
10 18 -0.066751776739822
10 19 0.01680456783013507
10 20 0.012636584268420284
10 21 -0.028229688296168266
10 22 0.0005100992509031391
10 23 -0.15160405949209202
10 24 -0.05999168112779456
10 25 -0.030823582559511405
10 26 -0.0014024037508097655
10 27 -0.04940952547198457
10 28 -0.01200926350770653
10 29 -0.11152776004963612
10 30 -0.029826428980380876
10 31 0.03731516379256307
10 32 0.11767020555971186
10 33 -0.049437352042198957
10 34 0.04534707475179654
10 35 0.005490880929153436
10 36 0.17101833956166737
10 37 -0.08438030410001915
10 38 -0.12947970307643272
10 39 0.0344456300749511
11 11 0.0
11 12 0.013422804259680343
11 13 -0.20700572436628345
11 14 0.058013880221759496
11 15 0.04102320399775571
11 16 -0.06769026247045377
11 17 -0.07377425664236256
11 18 0.006605452946611126
11 19 -0.10009182557332526
11 20 0.14055047387906378
11 21 0.1155410154389025
11 22 0.13569088956742334
11 23 0.030347875959961225
11 24 0.14708317909608914
11 25 0.1220224875625084
11 26 -0.17575999408672616
11 27 0.11410153222193635
11 28 0.039181937307071354
11 29 0.012044655584071431
11 30 0.05783252428262682
11 31 -0.0034270184998704623
11 32 0.05369486182807841
11 33 0.06380006736507152
11 34 -0.09799691681815154
11 35 -0.00714404780093509
11 36 -0.07040010270284257
11 37 0.25976843205278344
11 38 0.10627838072934007
11 39 -0.03600272596330339
12 12 0.0
12 13 -0.014824144328257752
12 14 -0.010710233799531264
12 15 0.003896918543301313
12 16 0.049784953269483165
12 17 -0.010106239718278212
12 18 -0.02933921388281544
12 19 -0.05501691377302346
12 20 0.04975840549720723
12 21 -0.06891006160029636
12 22 0.03960074159057744
12 23 0.10877472158481578
12 24 0.12981981307345417
12 25 0.05238940932236298
12 26 -0.002879439925696464
12 27 -0.034140471633461636
12 28 0.11901307457067889
12 29 0.022894273303584352
12 30 0.09654780119084891
12 31 0.01479731260456434
12 32 -0.03317869663749616
12 33 0.07686678142803689
12 34 0.0020175395235063716
12 35 -0.22095391178069082
12 36 -0.02613628583761355
12 37 0.1596708440305783
12 38 0.06421745322294431
12 39 -0.013382043928735907
13 13 0.0
13 14 -0.1160196804774235
13 15 0.0379942664982444
13 16 0.03667133761138929
13 17 0.07170196140155957
13 18 -0.12738961396303555
13 19 0.14867091770268856
13 20 -0.11108270255794869
13 21 0.043327342253408986
13 22 -0.12681724303200365
13 23 -0.09428883897756339
13 24 -0.10381239654323302
13 25 -0.041424217521424084
13 26 0.10428700012710508
13 27 0.03385048002835937
13 28 0.013631993669503132
13 29 -0.1602548223179991
13 30 -0.025907334297998415
13 31 0.054041685504386185
13 32 -0.07250415569788683
13 33 -0.040266669977535134
13 34 -0.03623637013605762
13 35 -0.1106198199437178
13 36 0.15977081764516704
13 37 0.04864684252310761
13 38 -0.09694739469714785
13 39 0.10924870295397997
14 14 0.0
14 15 -0.02530045169068578
14 16 -0.02524103029146943
14 17 -0.03106402687196866
14 18 0.12896255597538775
14 19 -0.11614991636661298
14 20 0.047613214713585886
14 21 0.012356417246077512
14 22 -0.005695572315763118
14 23 0.004034850060632482
14 24 0.015781256864644988
14 25 0.07592528633966507
14 26 -0.0016865025613976524
14 27 -0.017729409794014522
14 28 -0.06328128090150352
14 29 0.04276045203058435
14 30 0.021773005096702804
14 31 0.022688063065241893
14 32 -0.024174504264281926
14 33 -0.021424466123202746
14 34 -0.014127523458505254
14 35 -0.013404411274548226
14 36 -0.04208702600192938
14 37 -0.064885115045952
14 38 0.008228877022631056
14 39 0.005474210934997956
15 15 0.0
15 16 0.026238111529895237
15 17 -0.006605483550508393
15 18 -0.010108367052418769
15 19 0.05733733105279348
15 20 0.0053113508046050174
15 21 0.057869935278768034
15 22 0.03183507474490206
15 23 -0.004752446194715011
15 24 -0.038442057368360934
15 25 0.050259073279523156
15 26 0.0044469178568464825
15 27 -0.034871924423665504
15 28 -0.02218167953675557
15 29 -0.08342744723046541
15 30 0.012759166544337175
15 31 0.032983131302829004
15 32 0.05168376567423137
15 33 0.002712788954375294
15 34 -0.07070342338032344
15 35 -0.10379520066517434
15 36 -0.01405242283655615
15 37 0.11629924406979164
15 38 -0.00442108211347851
15 39 -0.0337324625554269
16 16 0.0
16 17 0.033492918758819726
16 18 0.07634907025476714
16 19 0.10481630053638583
16 20 -0.14067932233516028
16 21 -0.046758897693924106
16 22 -0.027543470539692676
16 23 -0.022545402255678738
16 24 0.09360339777400775
16 25 -0.04617993144708693
16 26 -0.0556637700473581
16 27 -0.12208194340640091
16 28 0.02851233663958195
16 29 0.0008524790818270298
16 30 0.05975769645076377
16 31 0.08897135645420289
16 32 0.004687222590715327
16 33 0.031936504388107204
16 34 0.09557543801317325
16 35 0.000614091108998844
16 36 0.00896176032453708
16 37 0.12357849983766074
16 38 -0.03920615899052241
16 39 -0.009953036928387058
17 17 0.0
17 18 0.023526296126861346
17 19 0.055849926776564286
17 20 -0.1477208301216634
17 21 -0.08132993299096083
17 22 -0.10713476703919726
17 23 -0.16114037366234996
17 24 0.09103800700411976
17 25 -0.044703016167608745
17 26 0.12371448617377008
17 27 0.13144846460085632
17 28 -0.036955799838915344
17 29 -0.016232501090986114
17 30 0.03059858242584366
17 31 -0.04019096016408007
17 32 -0.033731960062117324
17 33 0.10011568036378841
17 34 0.23106093058763394
17 35 -0.024379225642846336
17 36 0.14868362013013842
17 37 -0.05388207815191106
17 38 -0.21527949391555107
17 39 0.01593548577866889
18 18 0.0
18 19 -0.11373559084288934
18 20 0.004753027535514995
18 21 0.06098883571198732
18 22 -0.11401726056409622
18 23 0.03905884075491425
18 24 0.11103946428111611
18 25 0.15365798501079347
18 26 0.0637441263544207
18 27 -0.056800810662060074
18 28 -0.09963339392604885
18 29 0.06210125589328186
18 30 0.07062008642996427
18 31 0.08095161835598999
18 32 -0.12088750020311126
18 33 -0.046764552687376074
18 34 0.022252354987288232
18 35 -0.03279988815530135
18 36 -0.10053102457207548
18 37 -0.015748030281384905
18 38 -0.06158803393461219
18 39 -0.0015800376178185705
19 19 0.0
19 20 -0.17138727716645477
19 21 -0.09193964321330528
19 22 0.003881175469684809
19 23 -0.07877920247992087
19 24 -0.0012584627385649875
19 25 -0.14170874694101393
19 26 -0.009736817454136076
19 27 -0.09721931125593047
19 28 0.03435690138154925
19 29 -0.05717640614046934
19 30 -0.028985580269088963
19 31 -0.06442696993883504
19 32 0.0462601029813952
19 33 0.048493359475343216
19 34 0.07651360662968348
19 35 0.04748386601236658
19 36 -0.05102532922151237
19 37 0.10147993247389013
19 38 -0.013805217295775796
19 39 -0.08934400750335965
20 20 0.0
20 21 0.11093399980067786
20 22 0.06702542015070088
20 23 0.1136414011861657
20 24 0.04390636108028398
20 25 0.18371314925372423
20 26 -0.014204336908776257
20 27 0.03206946986295096
20 28 0.022875485497960805
20 29 -0.026672632483969932
20 30 -0.011732372389521923
20 31 -0.06714595101141403
20 32 0.03849883076710382
20 33 -0.1038412043555639
20 34 -0.2163625777355219
20 35 -0.08202598454115745
20 36 -0.08237673051499422
20 37 0.05715547375418247
20 38 0.068542386203964
20 39 -0.05663288428932084
21 21 0.0
21 22 0.02493731506597661
21 23 -0.038211652556518906
21 24 0.005555829044349399
21 25 0.27411589952282134
21 26 0.1554872782426949
21 27 0.11246665028826011
21 28 0.04022401883570444
21 29 -0.20464389591791696
21 30 0.004871386558217824
21 31 0.2116580011197069
21 32 -0.028075303873693835
21 33 0.08735539310010575
21 34 -0.16256867801606045
21 35 -0.18157925476087927
21 36 -0.06694896166932965
21 37 0.16979344540422187
21 38 0.0887992038884566
21 39 0.2081476554453507
22 22 0.0
22 23 -0.0022647874841351385
22 24 -0.027427450045569023
22 25 -0.0045227058772757175
22 26 -0.0943757482838933
22 27 -0.06067448965076059
22 28 0.04822155000081389
22 29 -0.019440904211573667
22 30 -0.013773934261250089
22 31 -0.009423691055176797
22 32 0.17610805309894853
22 33 0.09353543152165299
22 34 -0.03011129232514272
22 35 -0.0023451522263499888
22 36 -0.09261786674692316
22 37 0.05554869426619367
22 38 0.1384009698444272
22 39 -0.05794384913734524
23 23 0.0
23 24 -0.022107471948455342
23 25 -0.0018146684042399965
23 26 -0.03588607795564015
23 27 -0.03855650472070133
23 28 0.03814273508741979
23 29 0.17697150007749898
23 30 0.018007988497065912
23 31 -0.03749823446444756
23 32 -0.0668783943237106
23 33 -0.12066588529157349
23 34 -0.17828559593775287
23 35 -0.009843272367071733
23 36 -0.10214463376129543
23 37 0.05394081367741462
23 38 0.12098146442089827
23 39 -0.11089880448972218
24 24 0.0
24 25 0.09350362767102796
24 26 -0.026596953024672843
24 27 0.02657169534783415
24 28 0.15848899296941038
24 29 0.04922598795755918
24 30 0.1051253136515183
24 31 -0.05911195200049914
24 32 -0.07395818236240395
24 33 0.11662064350071408
24 34 0.13800433479475713
24 35 -0.022013803223114227
24 36 -0.12168779159632874
24 37 0.26291015501166093
24 38 -0.0046455108681500105
24 39 -0.04267694891736043
25 25 0.0
25 26 0.12993971088335476
25 27 0.02206505236476638
25 28 -0.021262842347245955
25 29 -0.13579175295735785
25 30 0.05958714357217955
25 31 0.09390940215748832
25 32 -0.04050497209291737
25 33 0.012672652204344364
25 34 -0.1636259893405356
25 35 -0.2875585429606156
25 36 -0.10370855626657079
25 37 0.15979935121065783
25 38 0.024524212483878115
25 39 0.05495727281823966
26 26 0.0
26 27 0.06725222689405333
26 28 -0.029614136466073842
26 29 -0.09141603424844644
26 30 -0.008467897179068122
26 31 0.018434908380434163
26 32 -0.10858048861088036
26 33 0.07915435027496892
26 34 0.018442179111329705
26 35 -0.20724803943675724
26 36 -0.06404830734568114
26 37 -0.08559442849119957
26 38 -0.04029810996700058
26 39 0.08092568396282462
27 27 0.0
27 28 0.05884170343653944
27 29 0.0003710290345120857
27 30 -0.015404361277043348
27 31 -0.017424855358561052
27 32 -0.1254730303081672
27 33 0.06612228013340367
27 34 0.06389619400651597
27 35 0.07936092871233007
27 36 0.1102688504958865
27 37 -0.03178952538827008
27 38 -0.04344062270800783
27 39 0.14341164097261727
28 28 0.0
28 29 0.015153927272404536
28 30 0.016530476566264024
28 31 -0.01820219765502834
28 32 -0.05014640284923054
28 33 0.11287653012189261
28 34 0.06114570059790978
28 35 0.04477728545139901
28 36 -0.08082389374677668
28 37 0.14655233805305745
28 38 0.11506830825668064
28 39 0.04428399516520531
29 29 0.0
29 30 0.003359527489286248
29 31 -0.09828114587977646
29 32 -0.06729047929027257
29 33 -0.036298000863314424
29 34 0.09465815421269155
29 35 0.2168940890630764
29 36 -0.04965335869528858
29 37 -0.1306153109190117
29 38 0.0375289892762483
29 39 -0.08540164419034725
30 30 0.0
30 31 0.05009097992230024
30 32 -0.027837711960288874
30 33 0.0362051985391874
30 34 0.014198480924233581
30 35 -0.109954697963178
30 36 0.0011402539907758812
30 37 0.11768751417611142
30 38 -0.012281026909366267
30 39 0.003944544622696309
31 31 0.0
31 32 -0.004912936753571578
31 33 0.03804199473277186
31 34 -0.04437694476902893
31 35 -0.1261320788484405
31 36 0.09517948747007543
31 37 0.07843012809496293
31 38 0.004997825678144848
31 39 0.17906231893476926
32 32 0.0
32 33 0.004022889577024431
32 34 -0.04344436200985906
32 35 -0.017896872051615793
32 36 0.05902314568635316
32 37 0.014375119593698107
32 38 -0.009218983058586436
32 39 -0.1101968455402654
33 33 0.0
33 34 0.18693094072947464
33 35 -0.057992887068737675
33 36 -0.10252185360196123
33 37 0.0758768598270959
33 38 0.08648188672677164
33 39 0.0776102283050905
34 34 0.0
34 35 0.2054365441794718
34 36 0.02114033857914104
34 37 -0.1337681677746287
34 38 -0.0810273609076109
34 39 0.036101161305212084
35 35 0.0
35 36 0.008177261125126366
35 37 -0.2469170834430896
35 38 0.00791149738348507
35 39 -0.024529848401080953
36 36 0.0
36 37 -0.08538908145612739
36 38 -0.22944200262481
36 39 0.11528845410729663
37 37 0.0
37 38 0.07365482758349604
37 39 -0.03593023631156661
38 38 0.0
38 39 0.00812412460442516
39 39 0.0
