0 0 0.0
0 1 -0.09085506467036938
0 2 0.0877218507161672
0 3 0.06192879806163827
0 4 -0.006024830879071799
0 5 -0.0052235206351348065
0 6 0.0019717790306688883
0 7 0.128249068030872
0 8 0.11246242487894839
0 9 0.036649181185231666
0 10 0.1677121264460293
0 11 -0.05323990711417158
0 12 0.00638451478792518
0 13 0.06817161654855354
0 14 0.012297923885909928
0 15 -0.020313202232060006
0 16 -0.019504219614788355
0 17 0.07327209439323694
0 18 0.015662461941548342
0 19 0.03152626483635577
0 20 0.027483032558005504
0 21 -0.03788946491808943
0 22 0.0783751661547603
0 23 0.1189537466903359
0 24 -0.06339217512771075
0 25 0.07569702767375039
0 26 0.02584701853608013
0 27 0.01407988011019087
0 28 -0.0005121410881260348
0 29 -0.02156726539872098
0 30 -0.03816390153475939
0 31 -0.016421714076806773
0 32 0.10436663989125014
0 33 -0.018026713125451062
0 34 0.07334879740928882
0 35 0.013530495166892632
0 36 0.07663557331158236
0 37 -0.017290701047343766
0 38 0.10425408019947668
0 39 -0.05783798723623955
1 1 0.0
1 2 0.09078482055057961
1 3 -0.04323907012804102
1 4 0.1435965803378328
1 5 0.09635508651966863
1 6 -0.12922329249061246
1 7 -0.13942126592645712
1 8 0.029680940697903037
1 9 -0.06459688469879041
1 10 -0.09283329137763632
1 11 -0.024059179116819922
1 12 -0.11095029628538873
1 13 -0.09508748168638603
1 14 -0.1283892405122946
1 15 0.10682742155583494
1 16 0.056372921663732145
1 17 -0.08771345682263819
1 18 0.050006945345700216
1 19 -0.03390456753203007
1 20 -0.15199312566371934
1 21 -0.0015531159040793184
1 22 0.009363602228527185
1 23 -0.06670796773293004
1 24 0.050631950644834944
1 25 -0.07102523627327328
1 26 -0.054120297841010155
1 27 0.1328979433205764
1 28 -0.012404390923020456
1 29 0.16454730894519046
1 30 0.031921793341078974
1 31 0.13735826788130223
1 32 0.11439468068289445
1 33 0.06158062086172957
1 34 -0.018948243105337305
1 35 0.07165260210735597
1 36 0.009369973587342716
1 37 -0.04425112167076431
1 38 -0.1794885052716298
1 39 0.016762701656874664
2 2 0.0
2 3 -0.040123480170683054
2 4 0.06602209568216658
2 5 -0.030598914859771637
2 6 -0.15559365185805601
2 7 0.04683436831101502
2 8 0.07862891570557529
2 9 0.005511195972028042
2 10 0.00493801908068667
2 11 -0.04641796818567615
2 12 -0.06972728379694101
2 13 -0.05107573728895888
2 14 -0.0640268559175646
2 15 0.04953399720344609
2 16 0.010148841610357005
2 17 0.043360413287810165
2 18 0.058412042166945
2 19 -0.02983895835787274
2 20 0.15064045364126535
2 21 -0.05512064583869718
2 22 -0.024529754653811228
2 23 0.043214592333724114
2 24 -0.00017398658049557064
2 25 -0.0248212151324523
2 26 -0.03444679845046247
2 27 0.07174067019730397
2 28 -0.07818702641409227
2 29 0.03610790840261627
2 30 -0.007568665052554091
2 31 0.05820672809853701
2 32 0.12438728801515493
2 33 0.048217095023453095
2 34 0.012491694668572815
2 35 -0.06098328471414175
2 36 0.0814871091640247
2 37 -0.14466961257947608
2 38 0.03872782928375764
2 39 -0.07782376790281184
3 3 0.0
3 4 0.035915035884641
3 5 0.050571144547235256
3 6 0.027130357971774478
3 7 0.035214092794289616
3 8 0.03311578430902785
3 9 0.07617213832950233
3 10 0.09929236885902744
3 11 0.022728910545407925
3 12 -0.011277531606439139
3 13 0.07665173168207186
3 14 0.03698456732565661
3 15 -0.06833563639218362
3 16 -0.13203801261968318
3 17 -0.0151494372689072
3 18 0.03896700689180728
3 19 0.055496196942032505
3 20 -0.05290978660846425
3 21 0.07790285043679007
3 22 0.03475676754117431
3 23 -0.032098036752206696
3 24 -0.012069067194243839
3 25 0.06266495317485318
3 26 -0.06062766049473641
3 27 -0.05250702622370805
3 28 0.004516161334626866
3 29 -0.04417518845940614
3 30 -0.012080374181355734
3 31 0.0003910105529219846
3 32 -0.0015266228962693667
3 33 -0.11639480119042181
3 34 0.022519010810879404
3 35 0.026527419723849505
3 36 0.08518616128982012
3 37 0.007844881932265917
3 38 0.06510139706864052
3 39 0.05237420676102829
4 4 0.0
4 5 0.09288039860874565
4 6 -0.029440091610407552
4 7 -0.032737544294820134
4 8 0.012603908800431293
4 9 -0.03299639086977558
4 10 0.010545698920974012
4 11 0.0700709135620394
4 12 -0.07570359937349283
4 13 -0.03385605605500917
4 14 -0.05692576072133907
4 15 0.027310239282592484
4 16 -0.09337106261242353
4 17 -0.010798482841735166
4 18 0.015868184671444296
4 19 0.028408255644333885
4 20 -0.088592952259806
4 21 0.05311426710438054
4 22 0.035579734587200144
4 23 -0.012839212841936292
4 24 -0.060096669584272275
4 25 -0.08252330777788448
4 26 -0.05110627995470268
4 27 0.07136990421201939
4 28 -0.06601790851915075
4 29 0.012797394606061904
4 30 0.05638833569165112
4 31 0.06784939100898679
4 32 0.04746237511395128
4 33 -0.012917496048002302
4 34 -0.03242656136087303
4 35 0.04850400670124725
4 36 0.06010963082920433
4 37 -0.018690896922678356
4 38 -0.007028232912305777
4 39 0.026646261822256555
5 5 0.0
5 6 -0.10834815094516123
5 7 -0.04894585153771853
5 8 0.06994749360055613
5 9 -0.0928304894265782
5 10 0.05129767499001987
5 11 0.10027386491558646
5 12 -0.07630287511619806
5 13 0.05223718251026266
5 14 0.015892513452503323
5 15 -0.00513188000318514
5 16 -0.05221449414945591
5 17 -0.006458967859590857
5 18 0.09942500657893447
5 19 0.14479038626960333
5 20 -0.3278009164677662
5 21 0.0954029365386036
5 22 0.061869927713356435
5 23 0.045732381074764024
5 24 -0.11607601774686056
5 25 0.0015941144962915929
5 26 -0.012104299463118789
5 27 0.0736941918536123
5 28 -0.08039584996322574
5 29 -0.007442934636571748
5 30 -0.011526183138041773
5 31 -0.03201839872953094
5 32 0.1730399868220437
5 33 0.01074322209103934
5 34 0.10322534942707244
5 35 0.13054992660724934
5 36 0.015539339182204228
5 37 0.11671178971985914
5 38 -0.0062994728463153585
5 39 0.04284436368091898
6 6 0.0
6 7 0.040003001755848214
6 8 -0.10327139381827335
6 9 0.035283238704684965
6 10 0.06381918048046621
6 11 0.04082377584779842
6 12 0.12603197673648683
6 13 0.029151078325750857
6 14 -0.0013853187695353109
6 15 -0.026454237802649723
6 16 -0.044595303716420176
6 17 0.021778333991544597
6 18 -0.14236587587888985
6 19 -0.04877498814413517
6 20 0.019861873574017124
6 21 0.02084582819160654
6 22 0.01475076333801098
6 23 -0.028209679636695267
6 24 -0.006443510404611404
6 25 -0.010310241293038275
6 26 -0.009293073778569493
6 27 -0.09265702723160146
6 28 0.0482980643538912
6 29 -0.11083664161132549
6 30 0.033332735520494684
6 31 -0.018544986257028103
6 32 -0.22123468159101822
6 33 -0.10649171910799286
6 34 -0.0902283145911118
6 35 -0.03009153084920311
6 36 -0.032575195462772696
6 37 0.08090421993215839
6 38 0.019368882640830726
6 39 0.06425607236520749
7 7 0.0
7 8 0.01748635906852574
7 9 -0.02703390412530632
7 10 0.09522012838702848
7 11 0.028418748625491035
7 12 0.08096885540952678
7 13 0.1463542246714031
7 14 0.0397239284248362
7 15 0.07917969143930027
7 16 -0.17538537416139244
7 17 0.046186577767736235
7 18 -0.10539023849510017
7 19 0.026502629747941812
7 20 0.2648620280949823
7 21 -0.024230060383037
7 22 0.03069079458593666
7 23 0.040653716050217725
7 24 -0.1968306999388662
7 25 0.008385631473568713
7 26 0.006207230113327253
7 27 -0.03713443965745218
7 28 -0.1359943964220534
7 29 -0.02394517892198322
7 30 -0.07916945221295536
7 31 -0.07147299694059081
7 32 0.003869830258069604
7 33 -0.01698202538585912
7 34 -0.05364639699403058
7 35 -0.06053189587122175
7 36 -0.08194898405208648
7 37 -0.00261163682309222
7 38 0.1237637906673448
7 39 -0.05939305723261432
8 8 0.0
8 9 -0.10126226139813051
8 10 0.11619490414175246
8 11 -0.005552576699370813
8 12 -0.09840821830971087
8 13 -0.04829186964733065
8 14 -0.042902544811577396
8 15 -0.023988302893963514
8 16 0.012195397986471828
8 17 0.07295666719495232
8 18 0.07525886573465204
8 19 0.0487889265491221
8 20 -0.14552975838591134
8 21 -0.040941781858435514
8 22 0.03689528195140265
8 23 0.04403434274870817
8 24 -0.07467330603931013
8 25 0.1454116557555943
8 26 0.022459699853124834
8 27 0.13377988008981054
8 28 0.0005825210941477457
8 29 0.07349550605388162
8 30 -0.08624168426339772
8 31 0.06406987513627829
8 32 0.16811477194805577
8 33 0.06692281009158124
8 34 0.08120790139931802
8 35 0.08430720820405153
8 36 0.07869965574954428
8 37 -0.05707973268962617
8 38 0.009882370040049321
8 39 0.03947470667043166
9 9 0.0
9 10 -0.017027398008964644
9 11 -0.09621481648438988
9 12 0.040171921687028364
9 13 0.06787099187920358
9 14 0.03908318577690634
9 15 -0.08840396095850284
9 16 0.06019817682263016
9 17 -0.0680002123739486
9 18 0.028696289313802775
9 19 -0.047467681409418615
9 20 0.10195706862837946
9 21 0.02758884577687499
9 22 -0.015967163872157283
9 23 0.009697259446484703
9 24 0.20308394436747448
9 25 -0.01234050963151627
9 26 -0.046200172788253266
9 27 -0.14360919677083667
9 28 0.08900436026953279
9 29 -0.07010114245528515
9 30 0.06342154969316242
9 31 -0.033649339980229294
9 32 -0.07230366072682884
9 33 -0.10521702199320934
9 34 0.026139988085792966
9 35 -0.08039544399856102
9 36 0.06471438547440359
9 37 -0.016097062729389388
9 38 0.035268136163457774
9 39 -0.05845109370373407
10 10 0.0
10 11 0.025593348293497402
10 12 0.0250665837917927
10 13 0.05841899315431851
10 14 -0.008160288203234476
10 15 -0.0407298646209465
10 16 -0.057491245589596465
10 17 0.09293178395952846
10 18 0.01209085511175002
10 19 0.05437008800450027
10 20 -0.1243060745787448
10 21 0.01656313167997223
10 22 0.05716940644186351
10 23 0.0627128174010687
10 24 -0.09248356948262092
10 25 0.11714287105144727
10 26 -0.021067068279340774
10 27 0.00968025494544366
10 28 -0.018812624215628723
10 29 -0.08070071364208561
10 30 -0.061616080140074456
10 31 -0.009562507730978314
10 32 0.048251358290164144
10 33 -0.07359785015853906
10 34 0.06488744226687146
10 35 0.034874217205900865
10 36 0.07968648308743204
10 37 0.04223791348324998
10 38 0.08286366512306378
10 39 0.048867713223037706
11 11 0.0
11 12 -0.06339061744395767
11 13 0.04557426495224844
11 14 0.01081557589299652
11 15 -0.09963454538484855
11 16 -0.1816055654562143
11 17 0.034554911933388624
11 18 -0.06446715746891919
11 19 0.10798171374491769
11 20 -0.07272248716522114
11 21 0.11266959658472142
11 22 -0.0017108022340261053
11 23 0.0327858623550719
11 24 -0.1822385153640524
11 25 -0.0414798482557405
11 26 -0.021607872837306648
11 27 0.02920201458404733
11 28 -0.15609553124714803
11 29 -0.12804739116072006
11 30 0.0318212097060065
11 31 -0.050464010588911964
11 32 -0.04050387970086422
11 33 0.014768895624625059
11 34 -0.06366109498831293
11 35 0.022802536286067637
11 36 -0.028224676279748014
11 37 0.049453496330603544
11 38 0.12984640881713744
11 39 0.08011537649987441
12 12 0.0
12 13 0.06572251155218232
12 14 0.025595062552935244
12 15 0.08856153019306943
12 16 0.014514867009995483
12 17 0.011787167501015227
12 18 -0.06351940696049975
12 19 -0.05482646805040984
12 20 0.10435607544152452
12 21 -0.023382659235284174
12 22 -0.01962414650409597
12 23 -0.03683569345935102
12 24 0.014938173166574868
12 25 -0.0026526820791407456
12 26 -0.01652394779385131
12 27 -0.11572334876718211
12 28 0.012589962036415422
12 29 -0.05775924802086713
12 30 -0.03929112469767463
12 31 -0.05878287711881184
12 32 -0.11423190000973935
12 33 -0.09506893751148636
12 34 -0.019401263672156274
12 35 -0.0753506089288952
12 36 -0.07018982660845528
12 37 0.07695995990016062
12 38 -0.024628518837618553
12 39 -0.01376385783906193
13 13 0.0
13 14 -0.012904847575050376
13 15 0.009649976926223753
13 16 -0.06969853089386426
13 17 -0.13510664269750086
13 18 -0.12532528298157491
13 19 0.04503556045827752
13 20 0.04877530883016605
13 21 0.07264478817159754
13 22 0.04109973763304148
13 23 0.05982790499435685
13 24 -0.05233196061894098
13 25 0.04327597168066395
13 26 -0.08204412147998225
13 27 -0.09811181136716082
13 28 -0.13926892981984088
13 29 -0.021904320288153617
13 30 -0.07483026982995111
13 31 -0.11882592761091779
13 32 0.03686020223969362
13 33 -0.0465747622964678
13 34 -0.013215565334419204
13 35 -0.0377359964216211
13 36 -0.18800117142596987
13 37 0.1352278514792034
13 38 0.021800273738905633
13 39 -0.04288117784968753
14 14 0.0
14 15 -0.06103377351989072
14 16 -0.085363509452442
14 17 0.0665282180084009
14 18 0.06512767504963686
14 19 0.07827451183032179
14 20 0.08939741700547911
14 21 0.01876515399411908
14 22 0.012782127303278415
14 23 0.034042725959480866
14 24 -0.060196770826047574
14 25 -0.04446823867727372
14 26 0.09581064018247264
14 27 -0.07226589146356549
14 28 0.034005698861641474
14 29 -0.08349867852814444
14 30 0.04047133128256677
14 31 -0.10169560586128572
14 32 -0.027231692035812893
14 33 -0.018078169717229312
14 34 0.04767558942913515
14 35 0.005568765170507731
14 36 0.05365128419494243
14 37 0.011503109458034995
14 38 0.14317188953902607
14 39 -0.04679600209414289
15 15 0.0
15 16 -0.013223930317458443
15 17 -0.037519374815417735
15 18 -0.05488328959554083
15 19 -0.06985813080259372
15 20 0.11939761158763576
15 21 -0.07932125255094312
15 22 0.014265569074927115
15 23 -0.08369011528021643
15 24 -0.07411438934725043
15 25 -0.06396268792411956
15 26 -0.015001649471323767
15 27 0.0378948513973162
15 28 -0.05626712178510934
15 29 0.16010731738426295
15 30 -0.06982006383922215
15 31 0.04872024759641789
15 32 0.04372022250667207
15 33 0.014874859397936552
15 34 -0.05820062122079397
15 35 -0.00913599850856997
15 36 -0.12105878717058419
15 37 0.007676395139496672
15 38 -0.15468959285187045
15 39 -0.04844607155876874
16 16 0.0
16 17 -0.046382348595287205
16 18 0.06882258331715804
16 19 -0.10737468496111031
16 20 -0.18312454448208704
16 21 -0.08845229884929373
16 22 -0.03883437691700095
16 23 0.03491892323784354
16 24 0.283907290703014
16 25 0.08560268542867142
16 26 0.014028531006229911
16 27 0.010609313855331674
16 28 0.17366077296406918
16 29 0.06655270479129086
16 30 -0.011993263940310282
16 31 0.036438761352664044
16 32 0.048662063640749445
16 33 0.05275784973392507
16 34 0.1134679828573713
16 35 -0.005937090072417405
16 36 -0.003497734865332118
16 37 0.022988953052316016
16 38 -0.18570529878164843
16 39 -0.02823951876495224
17 17 0.0
17 18 0.06834586421327574
17 19 0.04105460556172543
17 20 0.0024452391022213595
17 21 -0.03083517381101706
17 22 -0.007652743159447894
17 23 0.04389865341628292
17 24 -0.10626627398027237
17 25 0.01770441193937694
17 26 0.0673405859732577
17 27 0.030073250506597083
17 28 0.008479025205368834
17 29 -0.11259134341846919
17 30 0.000804422474337369
17 31 -0.012670182521789666
17 32 -0.0104786895286492
17 33 -0.007537997402412876
17 34 0.047024653665331005
17 35 0.0007866482190091494
17 36 0.13548891955606407
17 37 -0.04199390865636883
17 38 0.13378789105452651
17 39 0.02177983640887349
18 18 0.0
18 19 0.05176828991758538
18 20 -0.1596550787953621
18 21 0.0059349259986381615
18 22 -0.011363242572728612
18 23 0.008959699901192107
18 24 0.07761879494957512
18 25 0.032885644177076276
18 26 0.023241296138086086
18 27 0.023429886817386537
18 28 0.08463710189454052
18 29 -0.02051172942624998
18 30 0.01712223044101082
18 31 0.01497137003012478
18 32 0.11263001160438894
18 33 -0.01707107445666621
18 34 0.1488811592731148
18 35 0.047495458054075027
18 36 0.18214654336362743
18 37 -0.040448963386367
18 38 0.019821698246272765
18 39 0.0017160475425308803
19 19 0.0
19 20 -0.1137171915689374
19 21 0.06853167720450117
19 22 0.04292646457797668
19 23 0.06594399056198894
19 24 -0.1335404948713745
19 25 0.0021398835492723927
19 26 0.033240028662069446
19 27 0.02285366643108514
19 28 -0.06478205163098309
19 29 -0.062418353023661874
19 30 0.004572692549961973
19 31 -0.06639168430732638
19 32 0.08115725361568285
19 33 0.013107970177715828
19 34 0.05796522788647185
19 35 0.06845338464585986
19 36 0.03000270041130098
19 37 0.0519370884541978
19 38 0.11065367069951029
19 39 0.01272838212583557
20 20 0.0
20 21 -0.1093995052648133
20 22 -0.07043694858343154
20 23 -0.04116812292276847
20 24 -0.06753434373627396
20 25 -0.14628436178943605
20 26 0.03757725611534883
20 27 -0.12449955798129038
20 28 -0.09668593590171129
20 29 0.025417642440426776
20 30 0.007522871967796064
20 31 -0.05256962988702426
20 32 -0.16020643218592254
20 33 0.02111264466188543
20 34 -0.19886650549638912
20 35 -0.2307439900205266
20 36 -0.10240605846106163
20 37 -0.20145583286695762
20 38 0.15444830039725693
20 39 -0.1863662344863647
21 21 0.0
21 22 0.0031965382855002784
21 23 0.00034505236755055953
21 24 -0.02318568950421061
21 25 -0.021108493866564843
21 26 -0.05691844748466547
21 27 -0.03969777089094599
21 28 -0.05893585031287206
21 29 -0.09506856290077854
21 30 0.034678018035536114
21 31 -0.04070329926623591
21 32 -0.023575018595449738
21 33 -0.06117234308703773
21 34 -0.00038511442000490313
21 35 0.01454640128991773
21 36 0.012059920568647313
21 37 0.0648876252510947
21 38 0.05256427559789385
21 39 0.05045469853230883
22 22 0.0
22 23 0.05222751000945998
22 24 -0.07249946870118676
22 25 -0.009679435821036178
22 26 0.039176133965498044
22 27 0.03784698325320388
22 28 0.008279729511043507
22 29 0.04232007023782195
22 30 0.011189953117543928
22 31 0.00027847761784625957
22 32 0.0678972586144844
22 33 0.014183551391086869
22 34 0.020394620519762402
22 35 0.0779187047514157
22 36 0.000868898217876689
22 37 0.03807868825384639
22 38 0.009321592900276992
22 39 -0.022117361193690854
23 23 0.0
23 24 -0.0507880273056564
23 25 0.003017241996694614
23 26 0.06127757145867938
23 27 0.021763150608174138
23 28 -0.02688195416397497
23 29 -0.063021731831184
23 30 0.023290083565292594
23 31 -0.07255843076653619
23 32 0.09343072544464975
23 33 0.0586746703266862
23 34 0.0724589969329038
23 35 0.022353445693244666
23 36 0.015252745735984966
23 37 0.03278097611346721
23 38 0.1105233894674467
23 39 -0.06831373328873135
24 24 0.0
24 25 0.049843444936493564
24 26 -0.06474030326893836
24 27 -0.08976020182086974
24 28 0.19766291412791123
24 29 0.017711604999592432
24 30 0.04524604961294492
24 31 0.054517263691339676
24 32 -0.06375237493960688
24 33 -0.060022555490710186
24 34 0.05831857128098607
24 35 -0.06518198534071408
24 36 0.06444241819410376
24 37 -0.03200810556761165
24 38 -0.1484427667550237
24 39 -0.008103150498429143
25 25 0.0
25 26 -0.03074002847291616
25 27 0.01418109548502702
25 28 0.04840085469428615
25 29 0.01600060608728187
25 30 -0.12388908665378735
25 31 0.01703016455229369
25 32 0.05806538925392294
25 33 -0.015404492563223618
25 34 0.08182292718182863
25 35 0.020109416436987482
25 36 0.01713101932365215
25 37 0.010305389649570517
25 38 -0.03101327562085577
25 39 0.07269278006828932
26 26 0.0
26 27 0.03773649322426506
26 28 0.06690088285438886
26 29 0.027291652109813942
26 30 0.030829912117870444
26 31 -0.031152772450112394
26 32 0.02392856497575441
26 33 0.08791461507027808
26 34 0.030626131030887772
26 35 0.05298802221734772
26 36 0.015367192270559058
26 37 -0.015216740121479866
26 38 0.055590820221141146
26 39 -0.05390924521354361
27 27 0.0
27 28 -0.023050996415586555
27 29 0.1172074191622646
27 30 -0.016170341325157475
27 31 0.08985724235897702
27 32 0.13243764271469707
27 33 0.11873367320921646
27 34 0.0061811497202669645
27 35 0.09567392741717165
27 36 0.018895084794541335
27 37 -0.05138751544335659
27 38 -0.05022925106539784
27 39 0.022037402260689738
28 28 0.0
28 29 0.04111170820754298
28 30 0.04469884283949711
28 31 0.052883446709956795
28 32 -0.04873154664778474
28 33 -0.021975855781051996
28 34 0.0689455491818412
28 35 0.04048183455419405
28 36 0.10910190651901538
28 37 -0.025835507776495313
28 38 -0.07631278909822706
28 39 0.006278912641637051
29 29 0.0
29 30 -0.05782559530691191
29 31 0.11164958943616572
29 32 0.12742254030286848
29 33 0.11703411256637594
29 34 -0.03043849388375297
29 35 0.07308033599554017
29 36 -0.0978802931684635
29 37 -0.06101526257009132
29 38 -0.19545906529904114
29 39 -0.04179570054189349
30 30 0.0
30 31 0.001771577185933583
30 32 -0.06303482346978004
30 33 -0.005218473505974478
30 34 -0.022574546186925303
30 35 0.007109805705177451
30 36 0.07379333897576551
30 37 -0.019454740066546763
30 38 0.05133146183290627
30 39 -0.023867872287290766
31 31 0.0
31 32 0.017218038106953094
31 33 0.01614234265551954
31 34 -0.03482501864191751
31 35 0.03408766563871569
31 36 0.058680545971913876
31 37 -0.08679479286997334
31 38 -0.10792621846338961
31 39 0.04556571750257193
32 32 0.0
32 33 0.10374887208699475
32 34 0.12793455628748002
32 35 0.10122625372681796
32 36 0.018144399774935212
32 37 -0.006262783413607485
32 38 -0.030965109589707975
32 39 -0.05692021533327808
33 33 0.0
33 34 -0.007198835839818932
33 35 0.04772545718700154
33 36 -0.06966455017253072
33 37 -0.04688519930788481
33 38 -0.02188396996447594
33 39 -0.04949795571899831
34 34 0.0
34 35 0.051639489803549245
34 36 0.09648076786566587
34 37 0.03983450436765517
34 38 0.013123711415418854
34 39 -0.013333434879889028
35 35 0.0
35 36 0.028285413520171325
35 37 0.04251591516039467
35 38 -0.03888161640135403
35 39 0.03607978436336901
36 36 0.0
36 37 -0.10084892385320321
36 38 0.10729973526973209
36 39 0.03305178754231818
37 37 0.0
37 38 -0.04011080396820344
37 39 0.030030084778987748
38 38 0.0
38 39 -0.03263564278370372
39 39 0.0
