0 0 0.0
0 1 0.06757823170585317
0 2 -0.14697326285418005
0 3 -0.07922633261588388
0 4 -0.17423200986981588
0 5 -0.03899856324119131
0 6 -0.03266995310589893
0 7 0.06786364078638205
0 8 -0.007323716869993863
0 9 -0.2475088292898151
0 10 -0.04184222759856276
0 11 -0.40562558763908996
0 12 0.10347369592630366
0 13 0.047511833007047075
0 14 0.054297675236870444
0 15 0.10371023773901673
0 16 0.05866066640015503
0 17 -0.07430478713470877
0 18 0.07632071220689966
0 19 -0.042218039737160776
0 20 -0.050967130418124375
0 21 0.040783389234465846
0 22 0.03949629351172339
0 23 -0.038994302570558435
0 24 0.0472001486652534
0 25 -0.005345410573242599
0 26 -0.13160268058447414
0 27 -0.04997050479044473
0 28 -0.04759092633031864
0 29 0.4367340928993875
0 30 0.06396887562701918
0 31 0.10108601531780721
0 32 0.19396332903424623
0 33 0.13767146092893245
0 34 0.032043626931092375
0 35 0.048655426726571034
0 36 0.11214757583252433
0 37 0.06797900016947897
0 38 0.018949296754511562
0 39 -0.05901972668670093
1 1 0.0
1 2 -0.04918093329109812
1 3 0.08985976665059045
1 4 0.12218997982987508
1 5 0.10233270608113187
1 6 -0.03483560735780566
1 7 -0.008401363539238102
1 8 0.10671705082169902
1 9 -0.012803844039427064
1 10 0.04556697231979572
1 11 0.08523328172174918
1 12 -0.051963937981572526
1 13 -0.10587597460003817
1 14 -0.010064458394127269
1 15 -0.03262308641189517
1 16 0.2937510299093068
1 17 0.15242375217685764
1 18 -0.06986596399449128
1 19 -0.02840467780127484
1 20 -0.04716822382437506
1 21 -0.04747551001934069
1 22 -0.008221494972005429
1 23 -0.15516340299990297
1 24 -0.10698783579807702
1 25 0.08269843608534737
1 26 0.10890754033246124
1 27 -0.02738791017785589
1 28 0.059277913185102483
1 29 0.015503424608515235
1 30 -0.0018470293032495412
1 31 0.0984113565115614
1 32 0.06155028407379225
1 33 -0.12447627802591525
1 34 0.11570065005806793
1 35 -0.08620204381118904
1 36 -0.21124332280186903
1 37 0.027369748041144653
1 38 -0.029959580788006153
1 39 -0.20293878290817732
2 2 0.0
2 3 0.1656920455125574
2 4 0.04820278165316193
2 5 0.09816344632838424
2 6 -0.01585546276639226
2 7 -0.01648169782323085
2 8 -0.13298718758725675
2 9 0.11582208964761538
2 10 0.02110987309755567
2 11 -0.05613404581417495
2 12 -0.157371292442048
2 13 0.04302717439671264
2 14 -0.07311440644519511
2 15 0.03308499187899487
2 16 -0.008113981300051695
2 17 -0.12422725153246324
2 18 -0.16567803629512678
2 19 -0.06697950442068903
2 20 -0.00425210965739217
2 21 0.006773496566716643
2 22 -0.01142043266398443
2 23 0.000861741926865637
2 24 -0.12268177233026459
2 25 0.05524471906181615
2 26 0.009106554536977968
2 27 -0.1302671036964464
2 28 -0.009756191854370351
2 29 -0.2238903822435446
2 30 0.033400166411701064
2 31 0.08875660659020282
2 32 -0.04787072208587397
2 33 -0.11275407162640445
2 34 -0.028100852200067177
2 35 0.004001128077489165
2 36 -0.0014864055092281459
2 37 0.08356554646290887
2 38 -0.13739213857124805
2 39 0.033123687891876114
3 3 0.0
3 4 0.009410608278441522
3 5 0.13886891508641847
3 6 -0.14508390914565233
3 7 0.018464765511132575
3 8 0.06154330249732398
3 9 0.03857256076583821
3 10 -0.01828477260370672
3 11 0.11633949498923937
3 12 -0.08285775888753905
3 13 -0.0487521756611486
3 14 0.004512415455754684
3 15 0.026907711947731432
3 16 -0.08788280298468935
3 17 0.014808872806637771
3 18 0.15074089370848218
3 19 -0.11587845018865701
3 20 -0.02693108626125959
3 21 0.048544589541237776
3 22 -0.028825111505466943
3 23 -0.023531820538285307
3 24 -0.13035336357490565
3 25 0.030151216736720582
3 26 -0.06660107425196156
3 27 -0.06744165536045557
3 28 -0.08623862001768487
3 29 0.01971465388934044
3 30 0.07651065222006082
3 31 -0.14446129270643732
3 32 0.07584481417387177
3 33 -0.08102821208422528
3 34 0.09334524720258441
3 35 0.07358504227236454
3 36 -0.19661938886063396
3 37 -0.03210183839747886
3 38 -0.07712766550353947
3 39 0.03819586966090997
4 4 0.0
4 5 0.007022911190507962
4 6 0.0013794576549776931
4 7 0.09583349128426413
4 8 0.025629113622409806
4 9 0.037196369622863
4 10 -0.00009149610223084605
4 11 0.06659060437132208
4 12 -0.08166301684935892
4 13 0.030542774675032962
4 14 -0.06524983660468714
4 15 -0.036635445389342484
4 16 0.08713635811094347
4 17 -0.00921462754605888
4 18 -0.15484341041919042
4 19 0.0867025313119105
4 20 0.03575436000135759
4 21 -0.07373611597178376
4 22 -0.028696013521502372
4 23 -0.09277787074454126
4 24 -0.02076196962446265
4 25 -0.019325254064348617
4 26 0.1656239424298293
4 27 0.0389305754914089
4 28 0.19568262528429464
4 29 -0.23488791923894775
4 30 -0.15274006277457444
4 31 0.1775585813093637
4 32 -0.15238293646273643
4 33 -0.007054557495412429
4 34 -0.021560574179623655
4 35 -0.1407048569071428
4 36 -0.08269779830718431
4 37 -0.008200195826286451
4 38 -0.04648898998527629
4 39 -0.019519862655585533
5 5 0.0
5 6 0.002972267934750222
5 7 -0.037154234770257547
5 8 -0.12285331284861774
5 9 0.004602330148640595
5 10 0.3650326433689917
5 11 -0.035336484106801194
5 12 -0.1299856290412464
5 13 -0.1506747755092604
5 14 0.04721749462902331
5 15 -0.08189286144413695
5 16 0.08054988521650897
5 17 0.09793790208029977
5 18 0.06872762500242961
5 19 0.041201129486784276
5 20 0.09779816486101357
5 21 0.01962981023174716
5 22 -0.013949045069219604
5 23 -0.280725129444987
5 24 -0.16208727407292184
5 25 0.13550240599760116
5 26 0.026623281641357605
5 27 -0.1397696413358028
5 28 -0.0742296417264197
5 29 -0.18926462942219424
5 30 -0.1771184308772133
5 31 0.07512700066732633
5 32 0.18704354019486688
5 33 -0.18843560347226992
5 34 0.22934517021485828
5 35 0.2048334165380755
5 36 -0.20818131354805974
5 37 0.030075314618528783
5 38 -0.1549257072189788
5 39 0.02142237303767243
6 6 0.0
6 7 -0.07542084360216922
6 8 0.0011670974343272757
6 9 -0.061369082873404
6 10 0.09273354493940725
6 11 -0.04406468404864736
6 12 -0.03318996789638616
6 13 0.1027323099877091
6 14 -0.036256081244983855
6 15 -0.010236516326969326
6 16 0.017222944754845294
6 17 0.21408004073418666
6 18 -0.0779852220484645
6 19 0.0773413749108132
6 20 -0.010009842432105377
6 21 -0.007775379749932952
6 22 0.03343132327263597
6 23 -0.07246875320119436
6 24 0.13100656869963395
6 25 0.05459645646421041
6 26 0.059345469025086896
6 27 0.03147422359030007
6 28 -0.1177230436432773
6 29 0.04451647185330855
6 30 -0.20685983728316493
6 31 0.11372427451920926
6 32 -0.017788880525853933
6 33 -0.1268170901306903
6 34 0.05882227361003299
6 35 0.13161779540647453
6 36 0.13654601906643066
6 37 0.06628583737181175
6 38 -0.03606567623486091
6 39 -0.017827541447196484
7 7 0.0
7 8 0.0784307493472125
7 9 0.04824592071629409
7 10 -0.13370825951699167
7 11 -0.17206731227095
7 12 0.12375163722373195
7 13 -0.11663660972304582
7 14 -0.1439232852650062
7 15 0.05564198837466174
7 16 -0.032068547392628724
7 17 -0.07530737598614115
7 18 0.0013459155917352032
7 19 0.07417218499264557
7 20 -0.00635724356749504
7 21 0.002654000945617469
7 22 0.040320519659673364
7 23 -0.08725613251673978
7 24 0.026917315200890128
7 25 -0.07490741427869188
7 26 -0.045985115407012174
7 27 -0.0012007790223477178
7 28 0.11410285960970476
7 29 0.0637471690021975
7 30 0.19187247611033006
7 31 -0.04691927210453725
7 32 0.0512822895970543
7 33 0.028485218232962146
7 34 -0.15418168292459894
7 35 -0.07444414388520992
7 36 -0.0911590949677954
7 37 0.06884341189283591
7 38 -0.05063465755154054
7 39 0.03507966580826298
8 8 0.0
8 9 -0.1184215176605186
8 10 -0.2338985532060144
8 11 0.033037789495851455
8 12 0.07504083470509092
8 13 0.014079940364699246
8 14 -0.05744662264425106
8 15 0.20759666570754165
8 16 0.14147661795323682
8 17 0.01222396940379121
8 18 0.04887978138000057
8 19 -0.1573456307713258
8 20 -0.08796692758705742
8 21 0.09014355695480816
8 22 -0.11231350255200596
8 23 0.07487165563157727
8 24 0.08459112352391289
8 25 0.007643146655322969
8 26 -0.07127248127060068
8 27 0.03130981466660049
8 28 0.11128294310898693
8 29 0.10262069703807222
8 30 -0.08103959109943545
8 31 -0.2104535984788
8 32 0.01455991586322206
8 33 -0.10546496112120414
8 34 0.030645689593833302
8 35 -0.1454704010142793
8 36 0.03644800444828964
8 37 0.057487781776650274
8 38 -0.1266981488344079
8 39 -0.030805323081099727
9 9 0.0
9 10 -0.03626776179123093
9 11 0.2910042079984121
9 12 -0.10680145724908245
9 13 -0.06455178093408147
9 14 0.039230416814621624
9 15 -0.19917010408335747
9 16 0.07445950975533626
9 17 -0.03406506930154313
9 18 0.1803423002380324
9 19 -0.14370501372426298
9 20 0.03101362226178846
9 21 -0.005291228021568202
9 22 0.04017386663897564
9 23 -0.009580265888465094
9 24 -0.010503112196772158
9 25 -0.056650208750512146
9 26 0.018079539784932788
9 27 -0.04008606530276384
9 28 0.24513025005638367
9 29 -0.27841699516911866
9 30 0.17802733260114442
9 31 -0.06764656090960988
9 32 -0.13411840502788927
9 33 -0.10078495380259453
9 34 -0.2989771079791596
9 35 0.06981547854717364
9 36 -0.019611619401003994
9 37 -0.03474506555239048
9 38 -0.04414637484468197
9 39 -0.0307730030384381
10 10 0.0
10 11 -0.017943492153123262
10 12 -0.09043332196484109
10 13 -0.0845882262967688
10 14 0.0015626895888752902
10 15 -0.09692360540086982
10 16 0.10985600104383511
10 17 0.15627033232165435
10 18 -0.001969134879877893
10 19 0.02694817032240468
10 20 0.20079484584279017
10 21 -0.0450234006430197
10 22 -0.08479618450988798
10 23 -0.2537918497910717
10 24 -0.12291661343023581
10 25 0.12358900516243214
10 26 0.08984030783432603
10 27 -0.07689857849523785
10 28 -0.15540163894933706
10 29 -0.22293913503368906
10 30 -0.26891082375314257
10 31 0.1174131064043428
10 32 0.0015487551215802443
10 33 0.010368610341244111
10 34 0.22868750369174679
10 35 0.18850547615517424
10 36 -0.05926382161248883
10 37 0.09285167256903834
10 38 0.06323249660732724
10 39 0.07208168098179027
11 11 0.0
11 12 -0.1004918883818238
11 13 -0.008279503964324043
11 14 0.08105750497995394
11 15 -0.11732507639273784
11 16 -0.010202678868503044
11 17 0.13844268528842255
11 18 0.2095550543934853
11 19 -0.11436361207528067
11 20 -0.06653570208337176
11 21 0.005250470055828375
11 22 -0.039071584247554976
11 23 0.047934541657232946
11 24 -0.0642687075446558
11 25 0.022437254322824805
11 26 0.04849955045387398
11 27 0.059659668155758995
11 28 0.031831590119956274
11 29 -0.20177043374193532
11 30 0.09657681951349226
11 31 -0.11963638075797486
11 32 -0.1608358717522558
11 33 -0.10845766354502702
11 34 -0.1019926151263002
11 35 0.013927886690415883
11 36 -0.08127832767825505
11 37 -0.18186450074161714
11 38 0.06774182107595311
11 39 0.03154829790961529
12 12 0.0
12 13 -0.008908781105257486
12 14 -0.21401429455376308
12 15 0.05140520271308942
12 16 0.023611890498706718
12 17 -0.006423979279579543
12 18 0.0014208049683956346
12 19 0.09370617614676954
12 20 0.0426999138663887
12 21 -0.06950240952684385
12 22 0.07041805852689333
12 23 -0.012529027562202158
12 24 0.03619870713432258
12 25 -0.15200259874124528
12 26 -0.10415352033042284
12 27 0.18195823461319982
12 28 -0.03481820200745472
12 29 0.14759862578730046
12 30 0.1893948212067758
12 31 -0.15139203067939933
12 32 0.05119902715067302
12 33 0.11089454778879367
12 34 -0.08500267871774435
12 35 -0.09583992078937018
12 36 -0.024814576977622398
12 37 0.04659568237787628
12 38 0.11570546828487072
12 39 -0.1224332538270528
13 13 0.0
13 14 -0.020292850888838806
13 15 0.10534021609316388
13 16 -0.07830115094329249
13 17 -0.1235987945354681
13 18 -0.02736893650005564
13 19 -0.0480916663124712
13 20 -0.055547438900362324
13 21 -0.07574635677356102
13 22 -0.1133490966041489
13 23 0.09189400017068444
13 24 0.1002799517781775
13 25 -0.09856761952109946
13 26 -0.09672848232169753
13 27 0.13742932979854738
13 28 0.0738146681205015
13 29 0.10668581791269265
13 30 -0.15236572069706472
13 31 0.13199229135351426
13 32 -0.17158685315815547
13 33 0.08622735761785263
13 34 -0.09479955430665103
13 35 0.014991264941432863
13 36 0.23912032683988477
13 37 -0.008010562673363277
13 38 0.06922336230108506
13 39 0.05063812860183777
14 14 0.0
14 15 -0.10718804709744176
14 16 -0.06611437538872564
14 17 -0.027239677253286815
14 18 0.17492031336522884
14 19 -0.06720127620677913
14 20 0.03834299520155664
14 21 0.026400257688508965
14 22 -0.0516865897743373
14 23 0.15558873232279255
14 24 0.021697192455827827
14 25 0.04765016929085236
14 26 0.09151695231100918
14 27 -0.23119864796017087
14 28 -0.031413334314895444
14 29 0.10237208468568595
14 30 0.004649842386742287
14 31 0.08558213843932895
14 32 0.10443608304369556
14 33 -0.1078626935477373
14 34 0.06619021787073241
14 35 -0.017388201161893435
14 36 -0.042070234202397805
14 37 -0.277164625740723
14 38 0.0025701967390804915
14 39 0.23168517382141235
15 15 0.0
15 16 -0.08255026284190543
15 17 -0.0864668941448556
15 18 -0.05861448729333354
15 19 -0.0029785171459362292
15 20 -0.16326774704228675
15 21 0.05775435486033177
15 22 -0.11356228311148456
15 23 0.08614003486854435
15 24 -0.0014254190934318057
15 25 0.0252838530865629
15 26 -0.14592704145071986
15 27 0.05158414515680819
15 28 -0.08026051878905574
15 29 0.14309845632101634
15 30 -0.04174694092851537
15 31 -0.044392874893069145
15 32 0.00766442224258067
15 33 0.062168885410644505
15 34 0.07859314032756723
15 35 -0.07461960060778224
15 36 0.12976868807858868
15 37 0.10100636386001424
15 38 0.010669437269258574
15 39 0.12409108627037584
16 16 0.0
16 17 0.08174200870673089
16 18 -0.0582169328291542
16 19 -0.1131783385449577
16 20 0.11043300226188997
16 21 -0.10027572811875059
16 22 -0.004722450482979829
16 23 -0.16931176401772763
16 24 -0.0735692289391632
16 25 -0.031886249128890674
16 26 0.11407456128613562
16 27 -0.02370483563853043
16 28 0.2337610766002848
16 29 -0.206045316564267
16 30 -0.077872415090003
16 31 0.09832975483995172
16 32 -0.03267917396751142
16 33 -0.08857537881368337
16 34 0.004478739840288016
16 35 -0.13293032093299223
16 36 -0.04548371111565528
16 37 0.1145223901652507
16 38 -0.04594869346832962
16 39 -0.28884705034372005
17 17 0.0
17 18 0.033532422083569616
17 19 0.027705242620123298
17 20 -0.008883105867721203
17 21 0.0017534265910580612
17 22 0.06673241784399839
17 23 -0.14771094918569275
17 24 -0.016916497570455553
17 25 0.1000835516152481
17 26 0.09556451287652226
17 27 -0.0218472501924774
17 28 -0.18419711131779534
17 29 0.011395414855619658
17 30 -0.036289721425941265
17 31 -0.028563661430798505
17 32 0.07835787216763765
17 33 -0.12893842461905616
17 34 0.1475153543819983
17 35 0.11187030107256724
17 36 -0.08660936998949668
17 37 0.010384650120887942
17 38 0.006222118395146411
17 39 -0.0915226079546444
18 18 0.0
18 19 -0.2417193414040017
18 20 0.051129049375691314
18 21 0.19756319377025694
18 22 0.10340469706959235
18 23 -0.028445412531920188
18 24 -0.06354023484641619
18 25 -0.1153109251998519
18 26 -0.18409339934238333
18 27 -0.014201099955027904
18 28 -0.012633335989841229
18 29 0.03411852157007815
18 30 0.06975133341017378
18 31 -0.18793808407800477
18 32 0.02637456429749646
18 33 0.050041561504913755
18 34 -0.07815317060224611
18 35 0.22940445642742846
18 36 0.05069394475183046
18 37 -0.159850121310472
18 38 -0.058197674477010464
18 39 0.11359337243209815
19 19 0.0
19 20 -0.016236019314784446
19 21 -0.047220014698545816
19 22 0.1290262349731278
19 23 -0.022649432145694925
19 24 0.02945292719169571
19 25 0.01090991368490477
19 26 0.08666692257958178
19 27 0.14083945809170412
19 28 -0.16661238193607902
19 29 -0.010214391106506671
19 30 0.04359548505906337
19 31 0.05019433685758064
19 32 0.17970756600918672
19 33 -0.06082058147710304
19 34 0.10996382461215333
19 35 -0.16291597175802114
19 36 -0.19174012936125978
19 37 -0.03824530174550479
19 38 0.04848800611480701
19 39 0.08082061003884947
20 20 0.0
20 21 -0.06486951392661518
20 22 -0.01780852578186281
20 23 -0.06300683679712543
20 24 0.015352724978135574
20 25 -0.07901717573851322
20 26 0.12985208862242592
20 27 0.042879827800504866
20 28 -0.013170032575002724
20 29 -0.06817623235201856
20 30 -0.17086943630014823
20 31 -0.0003588671190853366
20 32 -0.1309052446785591
20 33 0.09054329867791445
20 34 0.035675000293219586
20 35 0.026407984286865648
20 36 -0.1847760408598623
20 37 -0.004920167406382827
20 38 0.0865844380918738
20 39 -0.04696028158727878
21 21 0.0
21 22 0.08665040992831854
21 23 0.0031336972490769574
21 24 0.0332809651159587
21 25 0.16744694034514535
21 26 -0.04749132395221505
21 27 -0.042383750367405465
21 28 -0.10480921136722036
21 29 0.05023752512626882
21 30 -0.03653725427261559
21 31 -0.09971323164478443
21 32 0.06300444642129967
21 33 -0.02217128960594205
21 34 0.01652735656119963
21 35 0.1445587460779722
21 36 0.04229199843310086
21 37 0.017485076396782803
21 38 -0.1604899260123879
21 39 0.08626719899005356
22 22 0.0
22 23 -0.05749333465051826
22 24 0.0015601590983295322
22 25 -0.02175137386729107
22 26 0.025524453987048314
22 27 0.027597269310173235
22 28 -0.03358124158107405
22 29 -0.027655655676942014
22 30 0.15197958960687702
22 31 -0.03257513407790651
22 32 0.14000612920545014
22 33 -0.049890965778607396
22 34 -0.05403816087772649
22 35 0.029451748156746078
22 36 -0.06141577028915703
22 37 -0.04076587177811096
22 38 -0.1152208059971824
22 39 -0.14822539370816615
23 23 0.0
23 24 0.0695596387947546
23 25 -0.09016444458255203
23 26 -0.03536008721495908
23 27 0.03334945522308956
23 28 -0.0403663517412338
23 29 0.11192763590316197
23 30 0.07581205662417304
23 31 -0.12598626653195572
23 32 -0.08497624573296328
23 33 0.09063041813699833
23 34 -0.009908175510510249
23 35 -0.1848738538685593
23 36 0.09785104479569517
23 37 -0.09691343056791778
23 38 0.1251075522040839
23 39 0.13282941149226143
24 24 0.0
24 25 0.016721303342600004
24 26 0.005760781642512536
24 27 0.05864259793833371
24 28 0.021706014235260616
24 29 0.18490868325705614
24 30 -0.029516341297624742
24 31 -0.02809419159092007
24 32 -0.025511037152148454
24 33 -0.0031723331263349233
24 34 -0.1301811775155428
24 35 0.03573128317001455
24 36 0.09862057013642142
24 37 0.002342419806356269
24 38 0.0024735541177959013
24 39 0.030646883638655552
25 25 0.0
25 26 0.06866963624716711
25 27 -0.1272047220250403
25 28 -0.16798366761154876
25 29 0.04636075972712621
25 30 -0.07070422501962606
25 31 0.032115010009999036
25 32 0.10496866849575308
25 33 -0.13012901351801914
25 34 0.10481266040493073
25 35 0.13900936115663556
25 36 -0.04329286925519178
25 37 0.04623886869269926
25 38 -0.10930223704745498
25 39 0.08873077137977506
26 26 0.0
26 27 -0.061207392075382394
26 28 0.020949992764711798
26 29 -0.15555766098124343
26 30 -0.10914344142323666
26 31 0.13492965371903992
26 32 -0.05895681941582785
26 33 -0.05363920625971339
26 34 0.06775189527980018
26 35 -0.1005709123705442
26 36 -0.13355213854467127
26 37 -0.05092519424976397
26 38 0.0021412554643082385
26 39 -0.039325808532034864
27 27 0.0
27 28 -0.009569665776375323
27 29 0.07501988693148695
27 30 -0.08040820333669865
27 31 -0.055881482095618926
27 32 -0.15902588554467542
27 33 0.1286935867085879
27 34 -0.03542546299289101
27 35 -0.04101121610832839
27 36 -0.038846179863967836
27 37 0.05285556745918962
27 38 0.13061123257976984
27 39 -0.13450481445157433
28 28 0.0
28 29 -0.27899051505638395
28 30 -0.05687207032046811
28 31 0.1365520537464937
28 32 -0.188376843928827
28 33 0.013552744625655828
28 34 -0.2753132278811518
28 35 -0.09847167965894879
28 36 0.1392104782982458
28 37 0.017596641841287904
28 38 -0.1322182990643641
28 39 -0.2011757016238768
29 29 0.0
29 30 0.17059676802190218
29 31 -0.04297837961015709
29 32 0.15548009952742364
29 33 0.04710517832560216
29 34 0.005944422377283143
29 35 0.11421633402060001
29 36 -0.07133902023277977
29 37 -0.06031708023349851
29 38 0.1285554953549108
29 39 0.0004781464944984146
30 30 0.0
30 31 -0.2359179207224616
30 32 0.27264749860048604
30 33 -0.0800236043338755
30 34 -0.312537997248375
30 35 -0.17432464544252718
30 36 -0.11692424145555291
30 37 -0.13721640795527063
30 38 0.08707090904505618
30 39 0.05246990631683094
31 31 0.0
31 32 -0.113699263912131
31 33 0.005514115634290645
31 34 0.0228149866220548
31 35 0.018224373192725372
31 36 0.075953692383581
31 37 -0.024559616949262737
31 38 -0.036209685103889284
31 39 -0.06339446359070813
32 32 0.0
32 33 -0.2399845194180577
32 34 0.11612010351378063
32 35 -0.012125859548603308
32 36 -0.15861654014795842
32 37 -0.06893960571593682
32 38 -0.13301727297485227
32 39 0.07737801622925836
33 33 0.0
33 34 -0.027566911894194707
33 35 -0.023311305175463197
33 36 0.17105210076387278
33 37 0.07274279553414896
33 38 0.2141743608132937
33 39 0.015393640729134284
34 34 0.0
34 35 0.0008070248583043806
34 36 -0.1493151643609732
34 37 0.04021017039217043
34 38 0.008119412129749613
34 39 0.03076362604233856
35 35 0.0
35 36 0.07726782457874896
35 37 0.06547254307646497
35 38 -0.12482895840204075
35 39 -0.0570903913026193
36 36 0.0
36 37 0.10331940932195874
36 38 -0.008707765970605892
36 39 0.08246206938035272
37 37 0.0
37 38 -0.023903896328308905
37 39 -0.11624402727665258
38 38 0.0
38 39 0.08965197666192344
39 39 0.0
