0 0 0.0
0 1 -0.02851725694619795
0 2 -0.009222333439803145
0 3 -0.008968428379237777
0 4 0.018488833440424644
0 5 0.02088872641042474
0 6 0.05243436984350208
0 7 -0.027329721651147637
0 8 -0.030369808299538288
0 9 0.021363898135518068
0 10 0.025242141104359968
0 11 -0.05902637567188359
0 12 -0.06832508963936164
0 13 0.03135530489675819
0 14 0.027674719060616543
0 15 -0.007715297857314335
0 16 0.0004548439376475184
0 17 -0.0351591150017426
0 18 -0.02243187194188616
0 19 0.0018339490518358332
0 20 0.044530470546637384
0 21 0.07624622620266577
0 22 0.023120836590834918
0 23 0.05550547248055998
0 24 0.0032626904391874142
0 25 -0.051558303201012456
0 26 0.004632068197802503
0 27 0.0460638128213824
0 28 -0.029994047078961295
0 29 -0.01759519480020446
0 30 -0.00039168468984968074
0 31 0.027163259185900367
0 32 -0.031965411684752566
0 33 0.004560634610914894
0 34 0.01913737670898409
0 35 -0.013628838505281612
0 36 0.05932121159493011
0 37 0.001030274595828213
0 38 -0.009861444020098014
0 39 -0.07373348584401694
1 1 0.0
1 2 0.10626575687327892
1 3 -0.05179881045946383
1 4 -0.080421891360796
1 5 0.04922902434996055
1 6 -0.043300815788983794
1 7 0.0009213769065957817
1 8 0.02629876800325771
1 9 0.03635313228840474
1 10 0.1356629374626614
1 11 -0.029065125512161543
1 12 0.04100610830925798
1 13 0.10634325069152281
1 14 -0.017440035278430112
1 15 0.09110417362342027
1 16 -0.026976152525689828
1 17 0.1661737245808128
1 18 0.01032977075208744
1 19 0.07279762081027624
1 20 0.10747167939324517
1 21 -0.03719887471543368
1 22 -0.12341317010250571
1 23 -0.03546457416465246
1 24 -0.09057655099546337
1 25 -0.0864410264400935
1 26 0.0018344302235605476
1 27 0.0751469027677637
1 28 0.09774529482316889
1 29 -0.17110020134069912
1 30 -0.010242364086147213
1 31 -0.06963362925910596
1 32 -0.06890129791146608
1 33 -0.08486238858272313
1 34 0.06910079868956252
1 35 0.10002607981142515
1 36 -0.07219641955280758
1 37 -0.06789191252049509
1 38 -0.07437221154901213
1 39 -0.11454333285734078
2 2 0.0
2 3 0.029803353796175113
2 4 0.08036374159187018
2 5 -0.06002023778079749
2 6 -0.0015794988534074822
2 7 0.09946781239133838
2 8 -0.011728543796314321
2 9 0.03200868802181232
2 10 0.00169245955639801
2 11 0.042000172747085104
2 12 0.09336736963500328
2 13 -0.04137937036572511
2 14 -0.08266136236735143
2 15 0.07681810785075147
2 16 -0.015482719067978254
2 17 -0.11469674765929103
2 18 0.09620615971619305
2 19 0.1108556934792222
2 20 0.03654280369472676
2 21 -0.005838058406122414
2 22 -0.10165510411484405
2 23 0.004192371602550779
2 24 -0.09364109794792883
2 25 0.020028852440939278
2 26 -0.08482227545536553
2 27 0.10649252033959347
2 28 0.07293931413685534
2 29 -0.05242923178191929
2 30 0.05306806080107328
2 31 0.047666646376635306
2 32 -0.0031536374619132264
2 33 -0.041413428402163596
2 34 -0.004152726467278939
2 35 -0.04059483152533684
2 36 0.03188468960804923
2 37 -0.04883398146260622
2 38 -0.09805583730602492
2 39 -0.03047809316516168
3 3 0.0
3 4 0.04217520891663272
3 5 -0.04373081137833802
3 6 -0.016557533599464373
3 7 0.05656862302707629
3 8 0.012491645920814715
3 9 -0.014490689418645761
3 10 -0.029915080036975635
3 11 0.026128779843847233
3 12 0.02642394362624431
3 13 -0.057566319069793356
3 14 -0.06490050453805263
3 15 0.009479678804608104
3 16 -0.02167917733159202
3 17 -0.07434517137690241
3 18 -0.02397461053524975
3 19 0.0349509778597617
3 20 -0.052295180089023244
3 21 -0.01580281952341899
3 22 0.027824244760135668
3 23 0.018120446738212278
3 24 -0.016035141993660962
3 25 0.027949830957858985
3 26 -0.023134970017363844
3 27 0.05813821726843023
3 28 -0.006122073336218463
3 29 -0.0049850776607758066
3 30 0.005821687516472187
3 31 0.05643994688002831
3 32 0.01813326616892747
3 33 0.007838626947302581
3 34 -0.03372041104235891
3 35 -0.04125402566975074
3 36 -0.00006873122606195067
3 37 0.028180662488567133
3 38 -0.008240844997030617
3 39 0.0580047507701141
4 4 0.0
4 5 -0.019084725490347784
4 6 0.09227383762575334
4 7 0.04941876863678851
4 8 -0.11453662618101021
4 9 0.015386315770008189
4 10 -0.043240258831009876
4 11 0.01151611198922822
4 12 -0.022028856056373315
4 13 -0.09176969501505043
4 14 -0.04991614060744197
4 15 -0.015142831667872832
4 16 -0.01294029711467241
4 17 -0.14567109510336002
4 18 0.16403306142156443
4 19 0.03600746869640524
4 20 -0.03300147639356778
4 21 0.007125074036116484
4 22 -0.008716415253070386
4 23 0.023234527441852712
4 24 -0.05492262891053673
4 25 0.10679904056427429
4 26 -0.035266629927135376
4 27 0.030865528051616787
4 28 0.022198853558835545
4 29 0.07122273459041314
4 30 0.04955984707616579
4 31 0.07484962834654849
4 32 0.07973676427652235
4 33 -0.012254714302357072
4 34 -0.03761520377661713
4 35 -0.10580652426276664
4 36 0.030413041838196007
4 37 -0.00769583130644681
4 38 0.008002416527161898
4 39 0.03755783109510529
5 5 0.0
5 6 0.07676233990362893
5 7 -0.08868134187289034
5 8 -0.05074057418003715
5 9 -0.029390782717060537
5 10 0.06266270635509026
5 11 -0.07209246683708322
5 12 -0.092618688972747
5 13 0.09967792437472377
5 14 0.04359838175801889
5 15 -0.04606775384938347
5 16 0.041618209689081635
5 17 0.18912393079289422
5 18 0.007368879313487044
5 19 -0.065542624492177
5 20 0.06302956900748434
5 21 0.004961359764100405
5 22 0.003169418383419182
5 23 0.1246900983729801
5 24 -0.04212310081608094
5 25 0.01574690994707674
5 26 0.08888523168825543
5 27 0.0027554010324111053
5 28 -0.00931543113710212
5 29 0.07597295883915459
5 30 -0.0166449571263254
5 31 -0.03781226078253137
5 32 0.014502095186373914
5 33 -0.0547759562253855
5 34 0.005057256850192918
5 35 0.024786123464833137
5 36 0.019068796309036462
5 37 0.014169556552693996
5 38 0.05334621925394982
5 39 0.021712716523537116
6 6 0.0
6 7 -0.060600585751844946
6 8 -0.1111514442903492
6 9 0.005781348662107834
6 10 0.006431519111266116
6 11 -0.03947054832500289
6 12 -0.08326495703509416
6 13 0.0024438874433366717
6 14 0.027933597353558177
6 15 -0.013015258568309615
6 16 0.0355418325981457
6 17 -0.010685193887498643
6 18 0.10029109745368894
6 19 -0.045107058465940916
6 20 0.06865900104078396
6 21 0.021153007701662212
6 22 -0.022425265190601153
6 23 0.07747457835241114
6 24 -0.0435124499252504
6 25 0.03450424395837825
6 26 0.03266076624900564
6 27 0.018668648619856877
6 28 0.00046621735220074063
6 29 0.1022714211532878
6 30 0.02364519307622595
6 31 0.0030664952995102294
6 32 0.03531749922106401
6 33 -0.054892074882395225
6 34 0.003609965463562614
6 35 -0.0546794451973988
6 36 0.05452858305612666
6 37 -0.01682768656112981
6 38 0.060465389424659
6 39 -0.028658915400170237
7 7 0.0
7 8 0.011632358403789539
7 9 -0.0024328631733833766
7 10 -0.034403730077716306
7 11 0.06023777284580095
7 12 0.105051592374621
7 13 -0.04973666197161852
7 14 -0.11539204263914485
7 15 -0.041932167357547324
7 16 -0.016144953394261915
7 17 -0.04841123016289868
7 18 0.025321144153555165
7 19 0.1461162389177891
7 20 -0.07677786894004723
7 21 0.03089291565609581
7 22 0.012609073816874858
7 23 0.021642346432542276
7 24 -0.011203015010473208
7 25 0.06221588611795977
7 26 -0.08930272707881488
7 27 0.05213610292705145
7 28 -0.006038344597676515
7 29 -0.052123274250687766
7 30 0.045370763374038954
7 31 0.06276410473813003
7 32 0.041706591945021174
7 33 0.06246803093932139
7 34 -0.017860955229541602
7 35 -0.05599001361791187
7 36 0.05830575693422925
7 37 0.021198183612260845
7 38 -0.14721933485598102
7 39 0.04344977837527765
8 8 0.0
8 9 -0.007783679846459485
8 10 0.003590899279718707
8 11 -0.02268032223968834
8 12 0.07141083954738814
8 13 0.07321877399820535
8 14 0.04037708749283982
8 15 0.06885764378472188
8 16 -0.04583695926703167
8 17 -0.07405251669265026
8 18 -0.15666627889823964
8 19 -0.004023932606691224
8 20 -0.0493092572968163
8 21 0.017673341474957024
8 22 0.004829097030598936
8 23 0.01145153828316692
8 24 -0.007015205857684069
8 25 -0.06367847294603221
8 26 -0.02927081018420598
8 27 0.014349261934667429
8 28 0.027059133397828655
8 29 -0.08286675577971579
8 30 -0.04858787227552832
8 31 0.06988452903658739
8 32 -0.12331096957314222
8 33 0.046619245304445736
8 34 -0.07632523922028714
8 35 0.12071506258145351
8 36 -0.03789651657485713
8 37 0.019240301763606468
8 38 -0.07560468359549632
8 39 0.10683154461448044
9 9 0.0
9 10 0.01235158094568014
9 11 -0.01298350151367022
9 12 -0.0029199465578311594
9 13 0.003395476486869285
9 14 0.027358698012914122
9 15 0.025294348727233816
9 16 -0.017307469079505818
9 17 -0.06169106384425839
9 18 0.035357636047349913
9 19 0.01911034550633394
9 20 0.02430033416722039
9 21 0.030715463563326818
9 22 -0.027857355120074267
9 23 -0.05435539482858095
9 24 0.007063065960728289
9 25 -0.036692204822910746
9 26 -0.028016928316303084
9 27 -0.010870586993599723
9 28 0.019007242138289908
9 29 -0.05142304653561215
9 30 0.006912308291987896
9 31 -0.0007451857277494884
9 32 -0.029131143653659493
9 33 0.008920832740034582
9 34 0.0235134518935627
9 35 0.011948504434556282
9 36 -0.001886185988772527
9 37 -0.03505218233873599
9 38 -0.027087119704114093
9 39 -0.07582440108982315
10 10 0.0
10 11 -0.06928574123344361
10 12 -0.05317484568173213
10 13 0.08663513633606308
10 14 0.016746961752935864
10 15 0.00921429571047898
10 16 -0.020258786080612504
10 17 0.1107040308972573
10 18 -0.046396091821500576
10 19 0.012262270304044948
10 20 0.04565577691213296
10 21 0.02313359202281159
10 22 -0.0011026857250362697
10 23 0.03142531382852129
10 24 -0.026838219036538935
10 25 -0.06509895143315561
10 26 0.03526597227773608
10 27 0.04642155403277994
10 28 0.009622315367343965
10 29 -0.0861403038479084
10 30 -0.027195971718583963
10 31 -0.016020485588704246
10 32 -0.04538029812972585
10 33 -0.024772238056563443
10 34 0.03231166377091795
10 35 0.055281461206629655
10 36 -0.022728066264458703
10 37 -0.003523039589343095
10 38 -0.0161344915083963
10 39 -0.05733449941432763
11 11 0.0
11 12 0.1043736973060339
11 13 -0.11066654800574412
11 14 -0.07164762675398102
11 15 0.024544252660008654
11 16 0.02863438097017922
11 17 -0.03968832586121761
11 18 0.05611706579999657
11 19 0.023125047421582157
11 20 -0.0104584838778201
11 21 -0.08461280761580242
11 22 -0.04848276787809129
11 23 -0.07932614054298875
11 24 0.010689824624882455
11 25 0.05187419413365195
11 26 -0.040115745011222725
11 27 -0.016524577579521367
11 28 0.014824906422366415
11 29 0.04525053375590885
11 30 0.038537741557474345
11 31 -0.04235258586452241
11 32 0.06217010907182337
11 33 -0.020175512344272912
11 34 0.014086355228500196
11 35 -0.06302292415696553
11 36 -0.006615285780662353
11 37 -0.019663468683725205
11 38 0.016033677896240953
11 39 0.0034260211580466604
12 12 0.0
12 13 -0.047591775449295035
12 14 -0.0644823248542453
12 15 0.053366657710902
12 16 0.016578605866953568
12 17 -0.07167573460420226
12 18 0.034935826336163406
12 19 0.07255454185411397
12 20 -0.006658573569660574
12 21 -0.042448486139203524
12 22 -0.08781213073898565
12 23 -0.03598137928794008
12 24 -0.028562231113730557
12 25 0.03630999453791353
12 26 -0.08617406038925937
12 27 0.01281930235404367
12 28 0.04947419426398993
12 29 -0.005162678175083572
12 30 0.04229792011095067
12 31 0.0033647369540903125
12 32 0.0010033437112755617
12 33 0.0010012634888998276
12 34 -0.019440226162624422
12 35 -0.008317846417393976
12 36 0.02230755055840796
12 37 -0.030946393680869065
12 38 -0.09523968484175406
12 39 0.03822437918186966
13 13 0.0
13 14 0.09353226864666335
13 15 -0.04010198377835834
13 16 0.007789207344116161
13 17 0.14385966041304987
13 18 -0.05886756577216705
13 19 -0.010620721496914405
13 20 0.044151051639224184
13 21 0.09787035354156995
13 22 0.0035322702326522765
13 23 0.1146765111786189
13 24 -0.018552886122898078
13 25 -0.051093479235526526
13 26 0.032643705044590784
13 27 -0.016114560676287134
13 28 -0.0011534418358445453
13 29 -0.038881163625947006
13 30 -0.031153369172594824
13 31 0.0039043723743214173
13 32 -0.0822886171143498
13 33 0.026475990056911692
13 34 -0.00804328752570727
13 35 0.11469376827732718
13 36 0.04105980231798819
13 37 0.005322866262962266
13 38 -0.08684832649705486
13 39 0.007432131831251333
14 14 0.0
14 15 -0.00576205727135139
14 16 0.007635043615543015
14 17 -0.003675183658070556
14 18 0.008674147368523278
14 19 -0.09882109156538585
14 20 0.0337717783739757
14 21 0.05623463339540095
14 22 -0.00822491425456413
14 23 -0.02983364303181562
14 24 0.04252593248008991
14 25 -0.04573897396270919
14 26 0.030107077868539188
14 27 -0.12478864845974721
14 28 0.005586585303098581
14 29 0.026058702069181084
14 30 -0.030442527426809744
14 31 -0.026780662156126688
14 32 -0.06611790105776463
14 33 0.028709914082107428
14 34 -0.004546291749135059
14 35 0.09113406425527606
14 36 -0.011251112023615433
14 37 -0.029381093185091217
14 38 0.025399343197686615
14 39 -0.025234668171849262
15 15 0.0
15 16 -0.02691255052496299
15 17 -0.16111607692401808
15 18 -0.028120738692614
15 19 -0.028450983124359824
15 20 0.08738997411718602
15 21 -0.08416321102290489
15 22 -0.11688279440999053
15 23 -0.05904479154640102
15 24 -0.08233552458528465
15 25 -0.08409096617722286
15 26 -0.021390221442237414
15 27 0.10880080743715621
15 28 0.09039719044063109
15 29 -0.04963404174499901
15 30 -0.009697303357962478
15 31 0.01278778258068373
15 32 -0.0878870609046408
15 33 -0.11007934875710416
15 34 -0.00970963232301067
15 35 0.027267316960737302
15 36 -0.06723281419277884
15 37 -0.060516075734202604
15 38 0.05653346706508339
15 39 -0.04418470789454181
16 16 0.0
16 17 0.06408796451680636
16 18 0.05092747571182991
16 19 -0.02404947223658909
16 20 0.0620144580170233
16 21 -0.0032787631499835343
16 22 -0.039711420383440756
16 23 0.05273166860269892
16 24 -0.0036878280515113895
16 25 0.03306892684798786
16 26 0.009965988537223091
16 27 -0.02225122083891193
16 28 -0.012262414923579764
16 29 0.10131150806192568
16 30 0.031069065366481165
16 31 -0.04994933321486748
16 32 0.0361382120908104
16 33 -0.028441444167449488
16 34 0.019521159580445476
16 35 -0.032518953202786555
16 36 0.07214380306666583
16 37 -0.014525594772669844
16 38 0.009446161175442827
16 39 -0.01597926417592555
17 17 0.0
17 18 -0.05147683457190631
17 19 -0.016692276454428355
17 20 0.030680072911877847
17 21 -0.02455091251086428
17 22 0.057264217998398634
17 23 0.08029762669378222
17 24 0.03659932112893603
17 25 0.014671827233574155
17 26 0.13022583888104367
17 27 -0.06802141190551789
17 28 -0.0626267200163885
17 29 0.008384344557359341
17 30 -0.03148849303058046
17 31 -0.1629409645544016
17 32 0.07342397518803759
17 33 -0.014053178950453184
17 34 0.09108429535945739
17 35 0.05386270294826974
17 36 -0.013684124434044306
17 37 0.046979809283051274
17 38 0.018682437123592757
17 39 -0.01861652471377116
18 18 0.0
18 19 0.018169926493024773
18 20 0.04363835006823409
18 21 -0.012970689014935621
18 22 -0.12065562344651135
18 23 -0.04461373948454646
18 24 -0.04707093814382032
18 25 0.14119505530007465
18 26 -0.04741744822726789
18 27 -0.09676142345645915
18 28 0.06757593993435869
18 29 0.1323738095506586
18 30 0.08808305080829743
18 31 -0.03772869852113933
18 32 0.10751039873300976
18 33 -0.032651949770844624
18 34 0.011709033968883249
18 35 -0.08033847610488494
18 36 0.04674382397269665
18 37 -0.08274668659834077
18 38 -0.014515077491457742
18 39 -0.02791958393317165
19 19 0.0
19 20 -0.031062305982492246
19 21 0.056494680608871195
19 22 -0.0005305886733629045
19 23 0.022984922212643633
19 24 -0.020138058285915396
19 25 0.01222486462261586
19 26 -0.08077853166271436
19 27 0.07806211973567365
19 28 -0.0003902759362840461
19 29 -0.10513931339834799
19 30 0.03914549293224479
19 31 0.04859234408198427
19 32 0.012209846441567787
19 33 0.04698930617767321
19 34 0.015806287857186192
19 35 -0.036067740252226796
19 36 0.05963270090234024
19 37 0.004171066754731332
19 38 -0.15885507713258823
19 39 -0.03071826597532451
20 20 0.0
20 21 -0.005348005598104239
20 22 -0.12627745869902285
20 23 0.041904745106702744
20 24 -0.06176518609300102
20 25 -0.07255680074801663
20 26 0.014027984813217759
20 27 0.06754467736621471
20 28 0.03867971968215088
20 29 0.02890842610908568
20 30 0.025346429220843562
20 31 -0.0694993326105247
20 32 -0.042642067325309424
20 33 -0.11438059015772459
20 34 0.0647993448917932
20 35 -0.001519332438786772
20 36 0.06047024279757542
20 37 -0.07355141656266956
20 38 0.02724399919575784
20 39 -0.14909741840656493
21 21 0.0
21 22 0.05129774489606296
21 23 0.0928082474645078
21 24 0.029735363105219542
21 25 -0.02746231259170164
21 26 -0.037193994951400536
21 27 -0.009997611276144328
21 28 -0.04687857003626274
21 29 -0.04174597271904584
21 30 0.009215025732526565
21 31 0.06518967865227823
21 32 -0.04677403027372918
21 33 0.09817955730531103
21 34 -0.004566367348660445
21 35 0.021689371084144142
21 36 0.1177262307330849
21 37 0.01410601421181287
21 38 -0.1394162670155853
21 39 -0.03545636196441242
22 22 0.0
22 23 0.023071220225900156
22 24 0.08807250581015189
22 25 0.0024808188853264438
22 26 0.040206024977628235
22 27 -0.02804230058079136
22 28 -0.09759981074400505
22 29 -0.03411273599373526
22 30 -0.04440167665048942
22 31 0.041461784453931186
22 32 0.024529119439113088
22 33 0.09912426549309365
22 34 -0.015429970839182319
22 35 -0.0050736245177328545
22 36 -0.0164754463693388
22 37 0.09293265326159822
22 38 0.013949428203800232
22 39 0.06066379294223477
23 23 0.0
23 24 -0.10867198587461573
23 25 0.052409705711564405
23 26 0.024693450789781746
23 27 0.14495186674605504
23 28 -0.03259377771877739
23 29 0.10217859160915936
23 30 0.01715146186103523
23 31 0.10078915341307557
23 32 -0.005132084600919294
23 33 -0.02355431858161263
23 34 -0.07284530041273334
23 35 -0.024315720373231053
23 36 0.16556002938775966
23 37 0.06044558089997458
23 38 -0.08172881866924918
23 39 0.12490533571851692
24 24 0.0
24 25 -0.027549829993443832
24 26 0.008685269200120182
24 27 -0.12601817891616615
24 28 -0.07163972701860279
24 29 -0.02699891077892728
24 30 -0.02008869444688333
24 31 -0.05290069357705436
24 32 0.01673173521598791
24 33 0.09258435880309614
24 34 0.0448313493705209
24 35 0.008488501095335456
24 36 -0.019357391240533706
24 37 0.021463061801559588
24 38 0.01735919823410185
24 39 -0.0537600898821526
25 25 0.0
25 26 -0.011843230747942909
25 27 -0.05777568453804127
25 28 0.005392313070131804
25 29 0.14256377708017648
25 30 0.04464722553244584
25 31 0.0229788596894483
25 32 0.11614394049623163
25 33 0.015931207778482136
25 34 -0.05771903757924833
25 35 -0.06960710585022457
25 36 0.03288845195487816
25 37 0.02088098223342432
25 38 -0.009829865773927596
25 39 0.14521606556893982
26 26 0.0
26 27 -0.01549125371239769
26 28 -0.023187252008862968
26 29 0.03633323703872744
26 30 -0.03808540919261023
26 31 -0.0448327743817319
26 32 0.012728715869032011
26 33 -0.03717210143800058
26 34 0.011970882045299436
26 35 0.020230106316133124
26 36 -0.04729067157512796
26 37 0.02553271382252667
26 38 0.10577920956743807
26 39 0.013072917404059681
27 27 0.0
27 28 0.019768786117426915
27 29 -0.07040847108738407
27 30 0.007403142968935221
27 31 0.09015058645256328
27 32 -0.04581976936747008
27 33 -0.09662075509997312
27 34 -0.013469970676763024
27 35 -0.05131473720970009
27 36 0.045724684815770564
27 37 0.017149408173295466
27 38 -0.026165150118611685
27 39 -0.01506544165577671
28 28 0.0
28 29 -0.008882051532457854
28 30 0.009917970605492186
28 31 0.005015171903191596
28 32 -0.02774998441679723
28 33 -0.056954374378242315
28 34 -0.02014513565249866
28 35 0.02847405296183415
28 36 -0.041776324121669775
28 37 -0.05045601790255853
28 38 -0.004177068002625273
28 39 0.01036786516045052
29 29 0.0
29 30 0.04364524676715274
29 31 -0.02210900217352186
29 32 0.09958358202937809
29 33 -0.04816097553719938
29 34 -0.05020887337852022
29 35 -0.07923717071481527
29 36 0.0798975171705654
29 37 0.0019588028759528315
29 38 0.0954629125285665
29 39 0.11482802428370946
30 30 0.0
30 31 -0.0017792926958203309
30 32 0.03763937631336371
30 33 -0.00838251616752057
30 34 0.00848867807459018
30 35 -0.05226639808886657
30 36 0.061158372846788
30 37 -0.022862480360061527
30 38 -0.03980160552981632
30 39 -0.01963118301380907
31 31 0.0
31 32 -0.03792147532147779
31 33 0.041035364475119754
31 34 -0.09286409702816571
31 35 -0.0071128114648535985
31 36 0.03744541356654133
31 37 0.03865861827389748
31 38 -0.07602821152795797
31 39 0.1134558851042858
32 32 0.0
32 33 -0.0009991336278545176
32 34 0.014287463185293442
32 35 -0.09593147795164125
32 36 0.014055509254276533
32 37 0.018864174716506456
32 38 0.0414733173312756
32 39 0.034368192048933224
33 33 0.0
33 34 -0.01827106516199491
33 35 0.02487445421976236
33 36 0.026532994192141342
33 37 0.0405073554671572
33 38 -0.10154013745633761
33 39 0.03761967944958484
34 34 0.0
34 35 -0.016478320878727366
34 36 0.00008513491225030308
34 37 -0.030010744436226883
34 38 0.018420865268479584
34 39 -0.15901029793077082
35 35 0.0
35 36 -0.06319158322465404
35 37 -0.007793677168979271
35 38 -0.029900449309291043
35 39 0.019402645798690315
36 36 0.0
36 37 0.0012220007076933384
36 38 -0.11952668428532849
36 39 -0.023704798550392727
37 37 0.0
37 38 0.0021071321983143158
37 39 0.08122786152572788
38 38 0.0
38 39 -0.008126540367815386
39 39 0.0
