0 0 0.0
0 1 0.058855668417070406
0 2 -0.03802726095049015
0 3 0.11181464974645294
0 4 0.05111860538229853
0 5 0.02309142501039908
0 6 -0.09689604626586178
0 7 -0.04501792358057692
0 8 0.03864171789277747
0 9 0.07843760946764837
0 10 0.05527739690810805
0 11 0.05755714303771496
0 12 0.04572621014729364
0 13 -0.016586272784240748
0 14 -0.0967914917029311
0 15 0.11522000259995979
0 16 0.0723258708465982
0 17 0.021572023844083715
0 18 0.07133531129685887
0 19 -0.023177633456778802
0 20 0.10336712000104491
0 21 -0.06086532477405219
0 22 -0.0030609127888600748
0 23 -0.01681037098579256
0 24 0.034246853655701744
0 25 -0.01235945421260271
0 26 0.06604167967831326
0 27 0.13505226627069405
0 28 0.015572334094862422
0 29 0.08944605212324316
0 30 -0.02218164204170657
0 31 -0.04190638657773258
0 32 0.06822756515263194
0 33 -0.05596969935781628
0 34 0.06760474465728997
0 35 -0.03427911381717568
0 36 -0.005956888822690152
0 37 -0.07428388755731326
0 38 0.08795237847937837
0 39 -0.03724911215984628
1 1 0.0
1 2 -0.02654445460236206
1 3 -0.015395924621317544
1 4 -0.0070640896728438
1 5 0.0008506748499513275
1 6 -0.04352398740833788
1 7 -0.04757684641355088
1 8 0.06098403150069036
1 9 -0.03810463340819663
1 10 0.03279257652307736
1 11 0.0017313158293959686
1 12 -0.006040287132335167
1 13 -0.0722017796942756
1 14 -0.048296268270612897
1 15 -0.004160703965556273
1 16 0.00813067073583737
1 17 -0.024562039470219434
1 18 0.02809251677868249
1 19 -0.009116606646904498
1 20 0.0955692528551571
1 21 -0.004652651042343262
1 22 0.06858864940710069
1 23 -0.07370021210197361
1 24 0.06616111032661419
1 25 -0.00969286253370091
1 26 0.06092258820355684
1 27 0.05403183837731579
1 28 0.04699181616599573
1 29 0.0647029690348486
1 30 -0.03774314631358128
1 31 0.014271919263192772
1 32 0.055466039770281486
1 33 0.004448167187977627
1 34 -0.005501365547323698
1 35 -0.05189618909458934
1 36 -0.06618041235864108
1 37 -0.01663847884868655
1 38 0.05922500135762283
1 39 -0.008981472857735684
2 2 0.0
2 3 -0.030171724091514113
2 4 -0.05364504934773372
2 5 0.008551613827627322
2 6 -0.019479873774381262
2 7 -0.040447735776874355
2 8 -0.025388204743774907
2 9 0.12147710674895347
2 10 -0.08265728384848203
2 11 0.03768488330012002
2 12 0.01508590181365072
2 13 -0.05322196146907303
2 14 -0.021629103953782952
2 15 -0.034305390662392146
2 16 0.044519913267269985
2 17 -0.05809261464352936
2 18 -0.03295885228883574
2 19 0.02813577635169997
2 20 -0.15713390826873813
2 21 0.09338986883286823
2 22 0.012586630118628973
2 23 0.08673322830421562
2 24 -0.031228817253929658
2 25 0.09541096155862437
2 26 0.08932925362609107
2 27 -0.07741765673475755
2 28 -0.1230011209697138
2 29 0.013040760276865852
2 30 0.04407298808036249
2 31 -0.04698009936476947
2 32 -0.02915409178343169
2 33 0.04122160339038762
2 34 -0.04614690453764068
2 35 0.06611904822540579
2 36 -0.08070903645328328
2 37 0.02619474427540696
2 38 0.08014013750598747
2 39 -0.00031751034616662966
3 3 0.0
3 4 0.047869390191241805
3 5 -0.00006575447144424837
3 6 -0.03575640006050766
3 7 -0.015343288751785164
3 8 -0.02693528752165799
3 9 0.08630445981249249
3 10 0.03174795340386531
3 11 0.06272086645599795
3 12 0.08447067928944763
3 13 -0.023901799602693882
3 14 -0.11970705205062784
3 15 0.1774736869498283
3 16 0.01722008754963686
3 17 0.035649267675364096
3 18 0.07044003500728395
3 19 0.008254035909061307
3 20 0.0008162481107565386
3 21 -0.16337610124753746
3 22 -0.03005230733310236
3 23 0.07229627220571826
3 24 -0.02162623604522363
3 25 -0.014708601093348298
3 26 -0.07440040421524072
3 27 0.052414676435624086
3 28 -0.009558180941985213
3 29 0.06991349648351138
3 30 0.016763235456830197
3 31 -0.055425953812959894
3 32 -0.008930073246765027
3 33 -0.06035688566689562
3 34 0.09710143370498835
3 35 -0.07599501133282516
3 36 0.09625538860439925
3 37 -0.03423226650182733
3 38 0.0281464296856114
3 39 0.031029099262397587
4 4 0.0
4 5 -0.03911202233544499
4 6 0.06512018566217422
4 7 0.018675100353971297
4 8 -0.06706093733129613
4 9 -0.14997900673408468
4 10 -0.058617244949365696
4 11 0.21237640550134657
4 12 0.07754859568299982
4 13 0.13117726148187278
4 14 -0.1852250149223417
4 15 -0.05110783424374715
4 16 0.04883262462583599
4 17 0.12321561798442568
4 18 -0.05598488099924388
4 19 -0.08397988212114713
4 20 -0.0018685704434715379
4 21 -0.04224384746364615
4 22 0.1083574016720601
4 23 0.09387648279910703
4 24 0.0233495337459611
4 25 0.031221069269058165
4 26 -0.05133595456386364
4 27 0.02406349103339284
4 28 0.0032930294652198495
4 29 -0.03005756916622081
4 30 -0.12425711833975664
4 31 0.13149962973567414
4 32 0.006001895094694313
4 33 0.10708724742663718
4 34 -0.014447243379839863
4 35 -0.1048071965744766
4 36 0.14589947929808536
4 37 0.10545519608180214
4 38 -0.07666815169918559
4 39 0.031014506497793
5 5 0.0
5 6 -0.06562771887481246
5 7 0.0015559287445220027
5 8 -0.03464067050421145
5 9 0.07970495809463565
5 10 0.08713717190258476
5 11 -0.04758347763214836
5 12 0.006478205482944428
5 13 -0.03478117728193185
5 14 0.040147519274866386
5 15 0.024033865758211714
5 16 -0.014000646092301944
5 17 -0.08245951090382572
5 18 -0.0755361209188579
5 19 -0.017026270012535642
5 20 -0.0014342878254949404
5 21 0.1655576760468584
5 22 -0.06407906527010729
5 23 -0.020522849437694946
5 24 -0.01967478818091572
5 25 0.008809480567079747
5 26 0.05417762162240769
5 27 0.027331824471690296
5 28 -0.0006603470231861244
5 29 -0.017703373245624196
5 30 0.021231956004504275
5 31 0.0761519798529876
5 32 0.036109793488340106
5 33 0.021521591738938882
5 34 -0.0009617995010687266
5 35 -0.015480697500882601
5 36 -0.10701233160451437
5 37 -0.0837204200918804
5 38 0.09823528694989324
5 39 -0.056449238448632685
6 6 0.0
6 7 0.02163151352427389
6 8 -0.021921149587649923
6 9 -0.12329158445884587
6 10 -0.050405482236545215
6 11 0.03886248190027362
6 12 -0.02405271193956015
6 13 0.07769433382541205
6 14 -0.001587068981787821
6 15 -0.07242425485979849
6 16 -0.07159603205838677
6 17 0.05588293493156081
6 18 -0.04126313236071723
6 19 -0.010374939736895473
6 20 -0.058405359906520904
6 21 -0.06562788312561661
6 22 0.042764634603494056
6 23 0.03430603564845908
6 24 -0.006719185728776947
6 25 0.010062818280851656
6 26 -0.0963871198162609
6 27 -0.0782863793981799
6 28 -0.023394891519835995
6 29 -0.05022383391041115
6 30 -0.03999579207426509
6 31 0.034966003201765676
6 32 -0.031355421787021456
6 33 0.03915644095126328
6 34 -0.04159117072599529
6 35 0.006914185187123731
6 36 0.08975152937280903
6 37 0.10606125498567545
6 38 -0.1166228625302252
6 39 0.07389570986419815
7 7 0.0
7 8 -0.06780569288839229
7 9 -0.09952611869851308
7 10 0.02345886892191344
7 11 -0.15052302013084656
7 12 0.007963838696978014
7 13 -0.026396010359253652
7 14 0.10743794134794023
7 15 -0.007572277781303091
7 16 0.11590574521817516
7 17 -0.00480143380346203
7 18 -0.040796657636306806
7 19 0.04441777312526805
7 20 0.07336280481495641
7 21 -0.06891670833698903
7 22 -0.03957415350328809
7 23 -0.016953191290876655
7 24 -0.0546174532053334
7 25 -0.07076011561119344
7 26 -0.03148723218401909
7 27 0.03587811039141852
7 28 0.1232718109009707
7 29 -0.0013887940938811251
7 30 0.035404399671716665
7 31 0.04755344073893436
7 32 -0.12638697084694775
7 33 -0.03224342437847337
7 34 -0.00699381937769545
7 35 -0.007265386038907485
7 36 0.14745375811062253
7 37 -0.008945804998534021
7 38 -0.08230407858418855
7 39 -0.07397631329072667
8 8 0.0
8 9 0.000505727788189572
8 10 0.024454945695910224
8 11 -0.00272187802846507
8 12 -0.06133218399443448
8 13 0.010299408947838217
8 14 0.01304434869437462
8 15 -0.002563571019437899
8 16 -0.032461145743862635
8 17 0.012583108269386443
8 18 0.05586077375862656
8 19 -0.008940191049173233
8 20 0.07767009362103475
8 21 -0.0496846987778518
8 22 0.02248454901672596
8 23 -0.0824459798146849
8 24 0.056850440087838315
8 25 -0.004714117705611331
8 26 0.06175201225776371
8 27 0.05353091060410291
8 28 -0.016577388651450812
8 29 0.05249445527288939
8 30 -0.031114477991364166
8 31 -0.07187967585312047
8 32 0.08261104682365547
8 33 -0.05475790455139841
8 34 -0.0045023694028359824
8 35 0.06472254251056199
8 36 -0.058903297512399685
8 37 -0.010155970246808178
8 38 0.021844299099386007
8 39 0.012942368374159149
9 9 0.0
9 10 -0.04327216065928499
9 11 0.055167413537792795
9 12 0.05716746731084656
9 13 -0.011918968294115111
9 14 -0.00496939350449946
9 15 0.12915914444029025
9 16 0.004920000952183724
9 17 -0.04122618526525985
9 18 0.12274152574243494
9 19 0.0181246664873414
9 20 -0.14310228547664713
9 21 0.17819287058475414
9 22 -0.1493766041164059
9 23 0.08752510569808122
9 24 -0.051762006582565835
9 25 0.039169764671718996
9 26 0.04328934783364448
9 27 -0.04090210491745541
9 28 -0.11476291384800988
9 29 -0.0546104996681956
9 30 0.1366722158739489
9 31 -0.16392023538761613
9 32 0.0339830988552032
9 33 -0.04191399724928359
9 34 0.11027536178692887
9 35 0.05242074693881891
9 36 -0.17017381750041674
9 37 -0.14240721518793117
9 38 0.13861848124056234
9 39 -0.03499480126437348
10 10 0.0
10 11 -0.1363709787818847
10 12 -0.07428777492444212
10 13 -0.03446202492428365
10 14 0.0783369781250324
10 15 0.06735671845375271
10 16 -0.03697057964518802
10 17 -0.07744545630004548
10 18 -0.1355630812183939
10 19 -0.01835265386150656
10 20 0.1444981552034818
10 21 -0.06272971553229383
10 22 -0.04096030922770943
10 23 -0.12101584364572578
10 24 0.009473362851677866
10 25 -0.01408505476636828
10 26 0.0919283017197807
10 27 0.1620322155670153
10 28 0.0052903185272440475
10 29 0.1282534359775854
10 30 -0.05785254377997694
10 31 0.08150498861200464
10 32 0.08566070872396676
10 33 -0.08031971279229268
10 34 -0.04351718560038066
10 35 0.057695388452425986
10 36 -0.016469592029922223
10 37 -0.05917732031892127
10 38 0.08739064794276186
10 39 -0.03704380030974411
11 11 0.0
11 12 0.07586216730510345
11 13 0.14368954341411128
11 14 -0.24281978047854852
11 15 -0.020757591590115216
11 16 -0.07786112908125921
11 17 0.11725627468389048
11 18 0.0527062371354707
11 19 -0.0895255177452131
11 20 -0.15163680811148528
11 21 0.060247028226896426
11 22 0.08624864688167262
11 23 0.14438699141969574
11 24 0.04219215843058982
11 25 0.09505839043367106
11 26 -0.05618041440022944
11 27 -0.08301864288537117
11 28 -0.14023521449690599
11 29 -0.07781087463305122
11 30 -0.07659651570776296
11 31 -0.0052284288248372465
11 32 0.09020716180633012
11 33 0.11528209532635292
11 34 0.030106619913515813
11 35 -0.0671338683875041
11 36 -0.030304977812592504
11 37 0.08561872089381244
11 38 -0.004017198514319607
11 39 0.10808228751696651
12 12 0.0
12 13 -0.05406295317788649
12 14 -0.1128652808889438
12 15 0.06082425989243825
12 16 0.05901348217338356
12 17 0.018590502972016858
12 18 0.08517059332502797
12 19 0.013381673010520215
12 20 -0.04601955661523162
12 21 0.023101237879726615
12 22 0.007922141629315616
12 23 0.08979235099959837
12 24 -0.01691736854942606
12 25 -0.01980278104735131
12 26 -0.0833853400967275
12 27 -0.04760436388325769
12 28 0.05916737658933413
12 29 -0.040944077691804595
12 30 0.049792504503940876
12 31 0.0004020297302203634
12 32 -0.06732772105519377
12 33 0.04752235336721175
12 34 0.08219596407051336
12 35 -0.1533150042030919
12 36 0.03329154211385711
12 37 -0.02394901547822661
12 38 0.0034784343376318325
12 39 -0.004679245173034598
13 13 0.0
13 14 0.021367121573351765
13 15 -0.06274660709597128
13 16 -0.08639279206299727
13 17 0.14058356684986084
13 18 -0.022973199077831834
13 19 -0.09013007019643328
13 20 -0.04808808373318447
13 21 0.03520475434356135
13 22 -0.05164399915855126
13 23 0.03740600453578853
13 24 -0.007150820027516937
13 25 0.02734119624305114
13 26 -0.040454848097797175
13 27 -0.0017189110525567947
13 28 -0.10892857867391639
13 29 -0.12435245050754759
13 30 -0.07164937883686989
13 31 -0.007661996138567684
13 32 0.08616508697704803
13 33 0.005046745697861571
13 34 -0.006585707922324785
13 35 0.1317520228367974
13 36 0.04700457490977452
13 37 0.04978987604520182
13 38 -0.11385383847627491
13 39 0.04020443749653078
14 14 0.0
14 15 -0.04832435794486059
14 16 0.008889046316685486
14 17 -0.05719039496406429
14 18 -0.05426360097104173
14 19 0.04069640131566838
14 20 0.0669723400858085
14 21 0.06130834037743386
14 22 -0.13017797126502537
14 23 -0.11222964478108166
14 24 -0.05030958852373322
14 25 -0.06006166598898658
14 26 0.04863731143748089
14 27 0.029034979950617934
14 28 0.04916553597778097
14 29 -0.04020500277060032
14 30 0.06475327068271847
14 31 -0.01810070442187369
14 32 -0.03547477343041064
14 33 -0.08686264820824864
14 34 -0.038458008768653566
14 35 0.16198019678843992
14 36 -0.01873337180559647
14 37 -0.06768077219705029
14 38 -0.04263403881692232
14 39 -0.08794557416761364
15 15 0.0
15 16 0.022475916424571352
15 17 -0.0017838236648413924
15 18 0.09385734227845874
15 19 0.03042830003660204
15 20 0.040201369699005854
15 21 -0.13950307271666323
15 22 -0.07484970672694405
15 23 0.022086527151165443
15 24 -0.025235447120565413
15 25 -0.04221988611613073
15 26 -0.04657454762955506
15 27 0.07381232737800772
15 28 0.01881607595876647
15 29 0.07864440094259251
15 30 0.05525337135634034
15 31 -0.08837771932354065
15 32 -0.006169942438381717
15 33 -0.1028857952024915
15 34 0.1107832750310858
15 35 -0.04856621872876065
15 36 0.0506703403268994
15 37 -0.08997943624945322
15 38 0.05491489838984143
15 39 -0.0031121310671754993
16 16 0.0
16 17 -0.003592919233869782
16 18 0.03797005978140013
16 19 0.05462452356421292
16 20 0.09299533541526774
16 21 -0.0739102064862927
16 22 0.006705308881653156
16 23 0.011918991681993145
16 24 -0.027145463349130892
16 25 -0.03100266684146479
16 26 0.11034467593004246
16 27 0.10442167720673304
16 28 0.09736292507693287
16 29 0.08703636856890322
16 30 0.0433276856880609
16 31 -0.03988244742075773
16 32 -0.11475701730382248
16 33 -0.04700820978408431
16 34 0.011824954587430537
16 35 0.006229802186502769
16 36 0.1089067807988188
16 37 -0.0371591580246883
16 38 0.018537481321408745
16 39 -0.12838995884558385
17 17 0.0
17 18 0.08711155358295719
17 19 -0.031684990503465564
17 20 0.004858441276538192
17 21 -0.09374283516370881
17 22 0.010820910628056034
17 23 0.04311284152269934
17 24 0.010786630585239503
17 25 -0.022876216958750813
17 26 -0.09004971693871454
17 27 -0.005506509698569848
17 28 0.0022577039296861933
17 29 -0.05786425254369274
17 30 -0.03231221156091342
17 31 -0.049882558138914596
17 32 0.0025735975990519603
17 33 -0.009054080409247722
17 34 0.04746535352319158
17 35 -0.0021312034065846365
17 36 0.11072985877592842
17 37 0.04604442135580632
17 38 -0.11604462764120946
17 39 0.04123079889461959
18 18 0.0
18 19 0.04245502760809404
18 20 0.028051777817566136
18 21 -0.04270093174604379
18 22 -0.03541440843631966
18 23 0.01978383549256809
18 24 0.020586800132401228
18 25 -0.09957498849113432
18 26 -0.12867209856714532
18 27 -0.05195373460869668
18 28 0.11530930030381732
18 29 -0.07891358940889862
18 30 0.1095111966194561
18 31 -0.19015494609415648
18 32 -0.046479809679459375
18 33 -0.051987690544337974
18 34 0.17499821061937543
18 35 -0.11096113521457222
18 36 0.006319109979113854
18 37 -0.07925278716210257
18 38 -0.059904809545896345
18 39 0.0030739843357518127
19 19 0.0
19 20 0.0026392753395373114
19 21 -0.060079051608029135
19 22 -0.015199719428402345
19 23 0.0005786198736423886
19 24 -0.024997754201042607
19 25 -0.029095112466082707
19 26 -0.014149753223472849
19 27 -0.017740535306590314
19 28 0.045702756943370296
19 29 0.0296127041931472
19 30 0.06340770639007251
19 31 -0.05263312388798848
19 32 -0.07908467718002951
19 33 -0.03780111112956402
19 34 0.016836864968240103
19 35 -0.008116000110962836
19 36 0.03365060167736274
19 37 -0.016013413770815523
19 38 -0.0063647641261061465
19 39 -0.018558904736793343
20 20 0.0
20 21 -0.15194335398435574
20 22 0.013870182011419579
20 23 -0.18161519898010658
20 24 0.05998940330220851
20 25 -0.11218018849673403
20 26 0.06925296739769086
20 27 0.20832084194079986
20 28 0.17994191273695764
20 29 0.12027307050171546
20 30 -0.05195158436292864
20 31 0.02375932411296119
20 32 0.03182358179883594
20 33 -0.10738149600895883
20 34 0.013441873614550131
20 35 -0.01452837962810872
20 36 0.0681158520021122
20 37 -0.06946870609061111
20 38 -0.0052169294485639155
20 39 -0.08719083462770026
21 21 0.0
21 22 -0.0789760599905385
21 23 0.018832437984292242
21 24 -0.010167434118250527
21 25 0.04618627505621657
21 26 0.05521196264711722
21 27 -0.1482951969930708
21 28 -0.022602215928072312
21 29 -0.25616407817970716
21 30 0.07055331463342489
21 31 0.11339243153379726
21 32 0.06337297405545805
21 33 0.1814009969818759
21 34 -0.003186066703644371
21 35 -0.047063017456223
21 36 -0.33121418338247194
21 37 -0.10603499111271955
21 38 0.10419451171508542
21 39 -0.07858407226989982
22 22 0.0
22 23 0.0007464307345178362
22 24 0.06608411507968596
22 25 0.04440616804915453
22 26 0.02631888660880774
22 27 -0.010574575759891725
22 28 -0.0034754277703578167
22 29 0.07509723503636209
22 30 -0.0926741103899926
22 31 0.06176462205471304
22 32 0.01257861457238928
22 33 0.07302284127865741
22 34 -0.06879471922011468
22 35 -0.06911015740292069
22 36 0.021967649602226504
22 37 0.11136859465190288
22 38 0.0007226176144024161
22 39 0.056525327964995375
23 23 0.0
23 24 -0.05062439728370703
23 25 0.057365937066114946
23 26 -0.0799077771689479
23 27 -0.10811377316891686
23 28 -0.08594582795104336
23 29 -0.062074534852872565
23 30 0.03349260642078607
23 31 -0.024068920018295657
23 32 -0.06142070690249426
23 33 0.06301327728259984
23 34 0.03182551931883646
23 35 -0.04317350059973389
23 36 0.05128987174461343
23 37 0.05007469982020625
23 38 -0.020823204824507127
23 39 0.04918739926812849
24 24 0.0
24 25 0.0020048074973631636
24 26 0.029406653072478556
24 27 0.02777249877263375
24 28 0.013092625868105126
24 29 0.03016842557477849
24 30 -0.05294869460050222
24 31 0.0118554709971029
24 32 0.06297083378528674
24 33 0.014395427647881704
24 34 -0.011842902147268882
24 35 -0.02719354025536544
24 36 -0.04386739233605978
24 37 0.014700321493149848
24 38 0.018298164254984806
24 39 0.01918560566873838
25 25 0.0
25 26 0.08816111661693447
25 27 -0.022903717326372395
25 28 -0.15787289546021052
25 29 0.03750824847136661
25 30 -0.04931804160172253
25 31 0.017981161754350362
25 32 0.05535262789188268
25 33 0.047105458537608766
25 34 -0.0758316917455786
25 35 0.0772151270150416
25 36 -0.060832456140604875
25 37 0.06272712587581229
25 38 0.06979201412019977
25 39 0.03998821978672551
26 26 0.0
26 27 0.1515146418269397
26 28 -0.10181544592223753
26 29 0.15773515989890183
26 30 -0.058198860155499944
26 31 0.0037508637751403505
26 32 0.09467854336108356
26 33 -0.038346569733393156
26 34 -0.11612862187838772
26 35 0.18284911215169564
26 36 -0.11819241198432599
26 37 -0.023765975462507687
26 38 0.16713104660218445
26 39 -0.08974919546639504
27 27 0.0
27 28 0.02716828185073313
27 29 0.17037986351420686
27 30 -0.07125962329190569
27 31 0.006138996887399305
27 32 0.07140252106505336
27 33 -0.11687712450626517
27 34 -0.018815725067427347
27 35 0.08614579714194157
27 36 0.05645137444718754
27 37 -0.05516773656390409
27 38 0.06859730413656664
27 39 -0.0784536748644845
28 28 0.0
28 29 -0.042135192445033304
28 30 0.058712331261483806
28 31 0.04306560188679408
28 32 -0.10908731534689439
28 33 -0.010301453882074495
28 34 0.08414158409532675
28 35 -0.18657305050749273
28 36 0.07732267464633832
28 37 -0.07651836027283022
28 38 -0.07919054856933125
28 39 -0.08193543295757981
29 29 0.0
29 30 -0.07006955285203172
29 31 -0.020594124085394645
29 32 0.031568640616095295
29 33 -0.10128974601997265
29 34 -0.06825113911996862
29 35 0.07398171608993556
29 36 0.0624037530447798
29 37 0.024745450343798804
29 38 0.10771422588017879
29 39 -0.0066908264909061686
30 30 0.0
30 31 -0.08638056173701879
30 32 -0.09195813298989891
30 33 -0.02572857471026041
30 34 0.08166474847890673
30 35 -0.03467305590097512
30 36 -0.026788041057777674
30 37 -0.0832660961214691
30 38 -0.0012136988485767083
30 39 -0.042670269799747
31 31 0.0
31 32 0.016261812923922307
31 33 0.11708105412059144
31 34 -0.08486677181631595
31 35 -0.09447604400322775
31 36 -0.00925976791034316
31 37 0.0412396032620231
31 38 0.011421349382445423
31 39 -0.010061466904193819
32 32 0.0
32 33 -0.0031448521982703425
32 34 -0.03091825771329968
32 35 0.07418122558929
32 36 -0.13316689425815612
32 37 -0.012519806815107334
32 38 0.08549317238624414
32 39 0.031523183144994596
33 33 0.0
33 34 -0.033418957346855356
33 35 -0.11034869821396984
33 36 -0.06979202471834903
33 37 0.0556437674670011
33 38 -0.0005746209976178352
33 39 0.0308875196007309
34 34 0.0
34 35 -0.10675889551362916
34 36 0.016354644514501592
34 37 -0.08689560147638556
34 38 -0.024586499273609126
34 39 -0.009403760994499506
35 35 0.0
35 36 -0.014599676026480926
35 37 0.024843233707848883
35 38 0.019119091120041513
35 39 -0.02148689252642453
36 36 0.0
36 37 0.08684380480715272
36 38 -0.16747012344174259
36 39 0.018155326351282367
37 37 0.0
37 38 -0.07141291820057372
37 39 0.08700887984358002
38 38 0.0
38 39 -0.03945908249481338
39 39 0.0
