0 0 0.0
0 1 0.04883654289779787
0 2 -0.05234832657078196
0 3 0.046961469397319065
0 4 0.027609515477641934
0 5 -0.02191934824444384
0 6 0.13412208441180862
0 7 -0.009347275632488293
0 8 -0.04537780967193915
0 9 0.03130337457500871
0 10 -0.04791122366886842
0 11 -0.03521866507068719
0 12 0.11038565613828026
0 13 -0.01834173143091935
0 14 0.1334803024278981
0 15 0.016983589965155577
0 16 -0.029190976370898354
0 17 0.09422756798594249
0 18 -0.049372249528783815
0 19 0.12551703151617505
0 20 -0.025804249972187044
0 21 -0.03698549214270538
0 22 -0.07467906113337884
0 23 0.01552175865444847
0 24 0.13427921448117836
0 25 0.0441476340141106
0 26 0.04132126545926214
0 27 -0.06198646881651757
0 28 0.016920885414952437
0 29 0.03695143599793482
0 30 0.01188674313342919
0 31 0.049363921948174634
0 32 -0.1947079689187113
0 33 -0.0818251884807385
0 34 -0.19392511680582253
0 35 0.048151409814693055
0 36 0.040677997651493235
0 37 -0.026296916601233546
0 38 -0.009279181559864473
0 39 0.023805956476128032
1 1 0.0
1 2 -0.07650571265843933
1 3 -0.12542625375283836
1 4 -0.07590415578171701
1 5 -0.005567154449807033
1 6 0.0649623564362505
1 7 0.07211939532763503
1 8 -0.028120761167376086
1 9 0.013609647220323009
1 10 0.0002619624670281046
1 11 0.05857500460642723
1 12 0.10933730518718124
1 13 0.17377319515381345
1 14 -0.0015182042483398279
1 15 0.08529674835530424
1 16 -0.025469618034598473
1 17 0.11869669344410676
1 18 -0.03862773310090475
1 19 -0.03506312635538488
1 20 0.1494582351181677
1 21 -0.002834447934895127
1 22 -0.10728122886284872
1 23 0.1912740975791687
1 24 -0.05192999276910547
1 25 0.08019537921967043
1 26 0.06472444696459767
1 27 -0.083925242155111
1 28 0.00992389685675442
1 29 -0.02226474833962983
1 30 0.0735305040737327
1 31 -0.08796095188793526
1 32 -0.07003121663920477
1 33 -0.005227975844533451
1 34 0.13170969180394404
1 35 0.12567865135021747
1 36 0.11678438912639351
1 37 -0.08464613691034764
1 38 -0.03743581691346613
1 39 -0.053625745465679886
2 2 0.0
2 3 0.16905141048582492
2 4 -0.0453364551331001
2 5 -0.03737604859341934
2 6 0.0007707641791393387
2 7 0.06473392476563025
2 8 0.0729766980500323
2 9 -0.018346814302039764
2 10 0.07560127331799928
2 11 0.06657655388013178
2 12 -0.024804913835107887
2 13 -0.039537979891047036
2 14 -0.0916950114821597
2 15 0.03002383371892166
2 16 -0.09038285769783075
2 17 -0.1237350601328843
2 18 -0.04352936499254341
2 19 0.011953238706146842
2 20 -0.06578676525040598
2 21 -0.07035319942974813
2 22 -0.07584515479093404
2 23 0.17085403308940456
2 24 0.0618231646701992
2 25 -0.05778923875093437
2 26 0.15134835376193195
2 27 0.014110784641062638
2 28 -0.006401691049242944
2 29 -0.046666436861373825
2 30 0.012623460488854068
2 31 -0.0809214044268309
2 32 0.004951444113294177
2 33 -0.09843266279202284
2 34 -0.022398698230756846
2 35 -0.11874512376128024
2 36 -0.18450269255284407
2 37 -0.017547133561648387
2 38 0.015930444513760085
2 39 -0.12497308962194065
3 3 0.0
3 4 -0.05794407121766074
3 5 0.016482361566827627
3 6 -0.14893729446714837
3 7 0.1275209635804047
3 8 0.12171527361516506
3 9 -0.03961505642939221
3 10 0.10203844546300689
3 11 0.10173664040957435
3 12 -0.0660838755161008
3 13 -0.044082037961502334
3 14 0.05580717980369839
3 15 -0.04167553567541171
3 16 -0.061981918783429256
3 17 -0.21762494873979588
3 18 -0.06021421334938165
3 19 -0.14072038248927426
3 20 -0.1684435873620205
3 21 -0.07246794477400846
3 22 -0.07694744136451942
3 23 0.23515485196951605
3 24 0.2128282521749371
3 25 -0.024439419436803774
3 26 0.07742562331240291
3 27 -0.01717605041547076
3 28 -0.013932567273312994
3 29 0.009078261075790284
3 30 0.026882407474852314
3 31 -0.1452280891318738
3 32 -0.00007480705602618891
3 33 -0.13171153726073484
3 34 -0.28607124685568375
3 35 -0.1925723366436463
3 36 -0.2138491812411572
3 37 -0.045635480839247865
3 38 -0.032888138065528816
3 39 -0.007674610162599603
4 4 0.0
4 5 0.04985517811452164
4 6 0.2010823890536131
4 7 -0.1537456916328263
4 8 -0.03075492723484837
4 9 0.02817267824796425
4 10 0.046117410262317506
4 11 -0.07142814668976503
4 12 -0.05098144014592078
4 13 -0.08524202108637205
4 14 0.12878914490620594
4 15 0.15218471617631743
4 16 0.018366335139157378
4 17 0.04703875498439019
4 18 0.08992778983121927
4 19 -0.001311974169585057
4 20 -0.0030197440431055226
4 21 0.045666628459840326
4 22 0.12864122495555957
4 23 -0.07609796285346762
4 24 -0.12079731183140405
4 25 0.06520792574498288
4 26 -0.014736609748741991
4 27 0.10548612066409382
4 28 0.07126533157687209
4 29 0.10934450537843768
4 30 0.08125804262118672
4 31 0.20844097044857088
4 32 0.07461119931664752
4 33 0.17828883320882422
4 34 0.023994270916622432
4 35 0.03423885864527645
4 36 -0.02398265240181296
4 37 -0.024243993934538754
4 38 -0.03885122888462534
4 39 0.05361000095745588
5 5 0.0
5 6 -0.12690041965504584
5 7 0.019051529793598955
5 8 0.002123790527646384
5 9 -0.006761971747387243
5 10 -0.014388114748616513
5 11 -0.1122739280869081
5 12 0.02088179318063936
5 13 0.04187273784121258
5 14 -0.015575579906464878
5 15 0.10452211234006256
5 16 0.045713664608834095
5 17 -0.045788971642911284
5 18 0.04326895458937066
5 19 -0.1408971872413879
5 20 -0.049700200185921195
5 21 -0.08865898159794952
5 22 0.056628512609376826
5 23 0.05485156646421783
5 24 -0.031957519809361026
5 25 0.08663929569384513
5 26 -0.07137510566310773
5 27 0.028013462326799632
5 28 0.02904391771221652
5 29 0.05404317837503606
5 30 -0.01176832561377466
5 31 -0.07067508488931444
5 32 0.05438151709401501
5 33 -0.05257457941077013
5 34 -0.00901550334477565
5 35 -0.028980505149849577
5 36 0.10153249166834237
5 37 0.004778534136237503
5 38 0.03687827076719261
5 39 0.04202693963509436
6 6 0.0
6 7 -0.07661488192898244
6 8 -0.062130382333749304
6 9 0.0056708201041540595
6 10 0.03830507372158953
6 11 -0.12990464408880492
6 12 0.1114554398923449
6 13 -0.04435415931488473
6 14 0.0705141330933379
6 15 0.11024456045841644
6 16 -0.08596737792144218
6 17 0.16235298898097178
6 18 0.043940262935521314
6 19 0.38823076400549655
6 20 0.043552980980004534
6 21 -0.01575193170279535
6 22 -0.030059378048114503
6 23 -0.08781624851109152
6 24 -0.10890588158856854
6 25 -0.02111103411296151
6 26 0.14853076863481202
6 27 -0.021723181499775
6 28 0.107311832138173
6 29 0.005983320606216388
6 30 0.133828385441668
6 31 0.12006344761613345
6 32 -0.21344751628639552
6 33 0.17043471700671264
6 34 0.1560362948288332
6 35 0.04643869461587037
6 36 -0.0006180487748294508
6 37 -0.014331453023718263
6 38 -0.024792757526350198
6 39 -0.07763682148587583
7 7 0.0
7 8 0.018480272911527644
7 9 -0.0603063843403329
7 10 0.16008511801899594
7 11 -0.04434162415668805
7 12 0.010491500542215081
7 13 0.1491851977224454
7 14 -0.06007043086585333
7 15 -0.010610425440513731
7 16 -0.08759936555603828
7 17 -0.1430728496474979
7 18 -0.0707460282851648
7 19 -0.025945797232059913
7 20 -0.019948885828109116
7 21 -0.046791003725926136
7 22 -0.08456334252163025
7 23 0.03692610968399853
7 24 -0.013666207494304795
7 25 -0.0294349084492579
7 26 0.10131457420690033
7 27 0.01584056340978885
7 28 0.01549396751701473
7 29 -0.042839793707992305
7 30 0.06419876481560186
7 31 -0.2548358289866753
7 32 -0.093097727759837
7 33 -0.0516078016585834
7 34 0.02647261323293835
7 35 -0.10545574564332824
7 36 -0.08867246479127568
7 37 0.021492745224310512
7 38 -0.11331193457947888
7 39 -0.015297362188106876
8 8 0.0
8 9 -0.03343826098379484
8 10 0.010281408983439683
8 11 0.01944610512858947
8 12 -0.11372866006195241
8 13 0.040678013452198694
8 14 -0.07069762899172431
8 15 -0.12044507196784918
8 16 -0.0354666766789907
8 17 -0.12941244622807901
8 18 0.004587813290086092
8 19 -0.13357507761981027
8 20 -0.1095129115966623
8 21 -0.02449072818507421
8 22 -0.055062518421862695
8 23 0.15441372371933984
8 24 0.09967679080843175
8 25 -0.01498325295390412
8 26 -0.10523841654357051
8 27 -0.0652555784875298
8 28 -0.058032156944466354
8 29 0.11834302763728963
8 30 -0.0059667705895649755
8 31 -0.1278243613167473
8 32 0.06425910713502068
8 33 -0.003046208759680879
8 34 -0.1064300383755056
8 35 -0.10026349293215542
8 36 -0.07724193540802839
8 37 -0.08878559681264028
8 38 -0.10083650856189896
8 39 0.07650939767740123
9 9 0.0
9 10 -0.08005782435548528
9 11 0.010730891484627653
9 12 -0.03703612280139549
9 13 -0.05029757350465913
9 14 0.00927967685563473
9 15 0.01663956891387715
9 16 0.05711497179746293
9 17 0.08006052312152588
9 18 -0.00748694485169617
9 19 0.07601486975128906
9 20 -0.022081249611707657
9 21 -0.03922218765029236
9 22 0.03406819343408278
9 23 -0.024065937037923705
9 24 0.0493869479206078
9 25 0.0216459643855012
9 26 0.055982942685900226
9 27 -0.007576344333308155
9 28 0.018359565244817844
9 29 -0.05354823012859357
9 30 -0.007632004373918743
9 31 0.12695543237146287
9 32 0.02776544716008391
9 33 -0.003677871581560425
9 34 0.021957536645666367
9 35 0.12032598977084712
9 36 0.004518702022534494
9 37 0.014347781405923517
9 38 -0.017328637649109368
9 39 -0.09428586569383299
10 10 0.0
10 11 0.11033422866501816
10 12 -0.06772836395954136
10 13 0.04488589156281655
10 14 0.005315260653558591
10 15 -0.002372746557856453
10 16 -0.13903081813094564
10 17 -0.07642915758967458
10 18 -0.005035102720341358
10 19 -0.03054308887322383
10 20 -0.027302240471724127
10 21 0.020824935196467508
10 22 -0.0030734596300397102
10 23 0.07827236869448555
10 24 -0.07332881318285814
10 25 -0.03572063729455689
10 26 0.10450254960066248
10 27 0.10496234570569571
10 28 0.02013446234883911
10 29 -0.054397163501597436
10 30 0.13002850264638338
10 31 -0.09355266159423313
10 32 0.007717773267736152
10 33 0.053210512393235
10 34 0.05360102276827472
10 35 -0.07822431914100995
10 36 -0.13922006910510762
10 37 -0.006969770744491141
10 38 -0.04688852842898305
10 39 -0.04730099806782744
11 11 0.0
11 12 -0.1387793956436692
11 13 -0.0675656938062412
11 14 0.0576110296729339
11 15 -0.11988421343452922
11 16 -0.09627432677643079
11 17 0.0692438358852289
11 18 -0.06418999129349078
11 19 -0.08912211289747965
11 20 -0.02812899543396699
11 21 0.09428469829581228
11 22 -0.047279848852109216
11 23 0.3097720837175499
11 24 0.13070596649546595
11 25 -0.03615467759980602
11 26 0.15553605817164737
11 27 0.043808135264007
11 28 -0.08726190380142743
11 29 -0.16897496630453263
11 30 0.07210820761079817
11 31 0.10918949811595388
11 32 0.15049183702134533
11 33 -0.08530065653507282
11 34 -0.05782317608779457
11 35 0.09169711798786513
11 36 -0.1119176952429286
11 37 -0.09533217478784026
11 38 0.0948804070624042
11 39 -0.19113353483796866
12 12 0.0
12 13 0.04452938688386018
12 14 0.06526893364443301
12 15 0.22790179515364964
12 16 0.029679117478055232
12 17 0.034807072303144344
12 18 -0.03822658854226227
12 19 0.06097316335900325
12 20 0.15117541568124931
12 21 -0.011573636062374526
12 22 -0.10502395521026439
12 23 0.02782628971461734
12 24 -0.059398040717878
12 25 0.05191068045058637
12 26 0.0880490785336417
12 27 -0.06733889506027252
12 28 0.048439359794154827
12 29 0.026469553395013647
12 30 -0.031246790594973206
12 31 -0.06437886088314351
12 32 -0.18537022661087385
12 33 -0.11375358419670112
12 34 0.007953082294299522
12 35 -0.05122246022605005
12 36 0.14759627176813178
12 37 -0.0032648355965311064
12 38 0.1351179801644611
12 39 0.025640768638535188
13 13 0.0
13 14 -0.08405290176707933
13 15 -0.00930573691409002
13 16 -0.05180884959329
13 17 -0.02575060941465091
13 18 -0.02259112521496047
13 19 -0.12580863255269095
13 20 0.09913261983006252
13 21 0.003577851111587315
13 22 -0.07505124291638135
13 23 0.05774251049762321
13 24 -0.07328380239988656
13 25 0.036988171884006785
13 26 -0.08057483279928788
13 27 -0.04144569077349113
13 28 -0.02345968021806213
13 29 0.067204163000478
13 30 0.016430779775460487
13 31 -0.19939808086449415
13 32 -0.052874781616039215
13 33 0.013953855032300354
13 34 0.06657262197293999
13 35 0.0002659434569629366
13 36 0.04456770910563121
13 37 -0.03638462525769008
13 38 -0.11510588446949706
13 39 0.08874687995655077
14 14 0.0
14 15 0.11720695312410938
14 16 0.11706389984847357
14 17 -0.014450798896687923
14 18 -0.00701108338235031
14 19 -0.05346993428569826
14 20 0.06092278752407289
14 21 0.12468986072028303
14 22 0.012792585183020733
14 23 -0.0007021343988795622
14 24 0.03642957870972678
14 25 0.04149461219064634
14 26 0.07090322349693147
14 27 -0.03469987920043865
14 28 0.0669919390820969
14 29 0.030307701027356408
14 30 0.07051501028280009
14 31 0.12225797032395343
14 32 -0.015697200413619605
14 33 0.09871229543982266
14 34 -0.16014153639454662
14 35 -0.03653663113949322
14 36 -0.01710830948977863
14 37 -0.04289512741354233
14 38 0.00899753570560707
14 39 0.08659350256032708
15 15 0.0
15 16 0.10764964088167901
15 17 -0.05156093736647114
15 18 -0.007918646713476071
15 19 0.014156853251424753
15 20 0.05748515698246946
15 21 -0.03505606619858317
15 22 -0.0315476294309454
15 23 0.1475632187363593
15 24 -0.15103329983372127
15 25 0.11274236501723633
15 26 0.2938379453056833
15 27 0.0437123322279392
15 28 0.12573431251688097
15 29 0.03332158535330455
15 30 0.05978072607297212
15 31 0.034072217881491104
15 32 0.009635364127927034
15 33 -0.11321188102477235
15 34 0.14177720674959904
15 35 -0.09021703463687111
15 36 0.14878750837122393
15 37 -0.057142356305287155
15 38 0.18363397404005652
15 39 -0.1034904497805336
16 16 0.0
16 17 -0.048086872633788594
16 18 0.023173062515388552
16 19 -0.06806319151332088
16 20 0.04257254756661689
16 21 0.057108921456978254
16 22 0.06269017848452466
16 23 -0.1037234905940188
16 24 -0.01990125730301998
16 25 0.035157688307487174
16 26 -0.02160025877749687
16 27 -0.05226929829865865
16 28 0.04212776251686283
16 29 0.038410264519240005
16 30 -0.050901426982624585
16 31 0.08333024260737527
16 32 0.09744200288824298
16 33 0.0579234940451368
16 34 0.006761316417719055
16 35 -0.01481553112761485
16 36 0.09114192794752056
16 37 0.009595713200080878
16 38 0.02671361364446815
16 39 0.0677561202363953
17 17 0.0
17 18 0.036831952173177154
17 19 0.1981777455689255
17 20 0.06940529266273467
17 21 -0.0467457816313778
17 22 0.05900710440985803
17 23 -0.057466915560324315
17 24 -0.01945055510922362
17 25 0.041253793476483704
17 26 -0.023726833447772207
17 27 0.006562311125140087
17 28 0.011454409362812997
17 29 -0.1278901455433692
17 30 0.017680588462775777
17 31 0.1908419507062323
17 32 -0.08037971424931516
17 33 0.03726812167737273
17 34 0.11252653879192338
17 35 0.2892648595995667
17 36 0.12811784887870814
17 37 0.0447990343258962
17 38 0.06192367993610518
17 39 -0.12708067262764047
18 18 0.0
18 19 -0.0223327127958372
18 20 -0.015242952334491605
18 21 -0.04822349009959756
18 22 0.10408786886595892
18 23 -0.03066374838954745
18 24 -0.06259091453288966
18 25 0.023293177594519182
18 26 -0.10787441057552125
18 27 0.010719105242355139
18 28 0.042725030854002186
18 29 -0.006457874184651631
18 30 0.026927984549805356
18 31 0.014658627017097048
18 32 0.048630370242736275
18 33 0.12085360553092339
18 34 0.06613121445147867
18 35 0.02192520036639286
18 36 0.03189101380862715
18 37 0.032083766450259565
18 38 0.010484643884215133
18 39 0.016219610529405244
19 19 0.0
19 20 -0.17589990873255254
19 21 -0.09998089271007995
19 22 -0.011234124186282647
19 23 -0.23717188115220908
19 24 0.00359645990658242
19 25 -0.08720895477560171
19 26 0.2822879876741552
19 27 0.05943335247908924
19 28 0.05650394371572389
19 29 -0.13865123683668684
19 30 0.032035704996143353
19 31 0.19884326736517885
19 32 -0.20185115734019368
19 33 -0.1033331746274379
19 34 0.18019781701045484
19 35 0.09990047386078589
19 36 0.12323941087946474
19 37 0.0790165202112593
19 38 0.12684713658303676
19 39 -0.2585951990442787
20 20 0.0
20 21 0.19394929800888436
20 22 -0.023956142799343026
20 23 -0.1271432372029981
20 24 -0.18698120372450414
20 25 0.005457752978831509
20 26 -0.10963343835666098
20 27 -0.07000689580482508
20 28 0.010971055846836927
20 29 -0.007997136466787996
20 30 -0.02766056362169265
20 31 -0.003929600699116419
20 32 -0.06872943020989064
20 33 0.2406425920136349
20 34 0.0944981377932298
20 35 0.0842724029365707
20 36 -0.10257942526069216
20 37 0.04379393387910532
20 38 -0.11926550837680121
20 39 0.14853207499855567
21 21 0.0
21 22 -0.0232940447486234
21 23 -0.19564913558561442
21 24 -0.09933031035003101
21 25 -0.05813212446766094
21 26 -0.04636685282838647
21 27 0.024495154799140044
21 28 -0.07012456218316987
21 29 0.10836299731903534
21 30 -0.03854751007058315
21 31 0.11300924473022537
21 32 0.06413283136378856
21 33 0.13153385995176203
21 34 -0.022919352847770184
21 35 -0.03125341786338949
21 36 -0.05345728619992461
21 37 -0.03751625232086711
21 38 -0.07411065697473863
21 39 0.19532137434436428
22 22 0.0
22 23 -0.16586609013932604
22 24 -0.08112665832119285
22 25 0.01266537445098929
22 26 -0.10869387596009863
22 27 0.08093051960415135
22 28 0.0503540819153796
22 29 -0.06332299741027245
22 30 0.01355441028429899
22 31 0.11698381452417743
22 32 0.10942664154932484
22 33 0.15663369246249134
22 34 0.08346349940945683
22 35 0.0802284055319548
22 36 0.006208591923406266
22 37 0.09633945506055319
22 38 0.002769797595368783
22 39 -0.004523562803462481
23 23 0.0
23 24 0.19038306615080208
23 25 0.11352018936266801
23 26 0.19339622052323813
23 27 -0.09869413488698246
23 28 0.0016976789339343604
23 29 -0.05143474561320486
23 30 0.13044104219254424
23 31 -0.20467586836334792
23 32 0.07333422510344134
23 33 -0.24124561978696568
23 34 -0.09861984532801622
23 35 -0.06607381230826276
23 36 -0.011890126459585931
23 37 -0.21537604099426585
23 38 0.13812595042642847
23 39 -0.22609719721775945
24 24 0.0
24 25 -0.005036236756784567
24 26 0.0116548131201934
24 27 -0.09779779067280343
24 28 -0.05392830748177184
24 29 -0.015062866758855703
24 30 -0.036727314134606136
24 31 -0.010958461792814568
24 32 -0.039866069470852306
24 33 -0.1776588262724838
24 34 -0.29763131333830933
24 35 -0.004759441152017164
24 36 -0.06355729955277784
24 37 -0.05221992064985546
24 38 0.0018673969751890986
24 39 -0.04967821534396745
25 25 0.0
25 26 -0.020336571818808345
25 27 -0.016394195372098016
25 28 0.030536185607007948
25 29 0.037587081914862076
25 30 0.019881814965550908
25 31 -0.005868170431933856
25 32 0.011766102429295312
25 33 -0.030192084244060124
25 34 -0.011674062571573735
25 35 0.04399043490432229
25 36 0.10242862796336852
25 37 -0.037649385481041305
25 38 0.028036192700827973
25 39 0.005655845610201366
26 26 0.0
26 27 0.07940393228234821
26 28 0.07915110204073711
26 29 -0.16678247873840682
26 30 0.12187273726438522
26 31 0.08584640325821037
26 32 -0.02520462040332881
26 33 -0.21990556393449928
26 34 0.14036514164815328
26 35 -0.047055865109688934
26 36 -0.0044677939286447265
26 37 -0.05257728556006801
26 38 0.17660037331966022
26 39 -0.3510826810807065
27 27 0.0
27 28 -0.0016033779857920131
27 29 -0.036070680957737244
27 30 0.02152414760912585
27 31 0.09567125070706607
27 32 0.07790930441115694
27 33 -0.03479329709061657
27 34 0.09279707607945578
27 35 0.009339341660436649
27 36 0.007933591774680806
27 37 0.04129090423129579
27 38 0.06324099675574396
27 39 -0.06510399703168221
28 28 0.0
28 29 -0.06164071234438181
28 30 0.0734279690776629
28 31 0.003444801558310163
28 32 -0.031166125315199154
28 33 0.07989509596447233
28 34 0.07635248293084804
28 35 -0.0023925954689360514
28 36 -0.003381735622271695
28 37 0.036119128621575645
28 38 0.012966334812136864
28 39 -0.06425492698715647
29 29 0.0
29 30 -0.07154388373419324
29 31 -0.04497203076586731
29 32 0.006970098741899841
29 33 -0.00871635128004839
29 34 -0.14507903184447207
29 35 -0.133902547108006
29 36 0.07641763974749553
29 37 -0.10849979221955944
29 38 -0.09018929935137186
29 39 0.28373336366771196
30 30 0.0
30 31 -0.020653075689466286
30 32 -0.0033116169482687884
30 33 0.09449151313110979
30 34 0.08056698384949872
30 35 0.010307338591000526
30 36 -0.05380832477340751
30 37 -0.030323386836402937
30 38 -0.03111212547697618
30 39 -0.10042284077720028
31 31 0.0
31 32 0.08986539118207325
31 33 0.05217611469705245
31 34 0.03231410704254874
31 35 0.18828353235837017
31 36 0.03967306546278525
31 37 0.02385956725375872
31 38 0.08009167288607247
31 39 -0.08698048451481606
32 32 0.0
32 33 0.039595338662255244
32 34 0.07410416697100851
32 35 -0.004186369368241626
32 36 -0.0016882838354799752
32 37 -0.04278186949040093
32 38 0.03691396422589529
32 39 -0.02670966596061437
33 33 0.0
33 34 0.12357830139231611
33 35 0.0771987803842507
33 36 -0.2074008605195591
33 37 0.07521187756129313
33 38 -0.2702121652059818
33 39 0.15895782028739422
34 34 0.0
34 35 0.11328628034279371
34 36 0.11700826879119648
34 37 0.06121327989635892
34 38 0.055549434699146596
34 39 -0.20012233331248783
35 35 0.0
35 36 0.0544317880555538
35 37 0.04906896190186043
35 38 -0.03836479063514429
35 39 -0.12149442537818711
36 36 0.0
36 37 -0.043840569146653414
36 38 0.24512534820948423
36 39 -0.005110430384672837
37 37 0.0
37 38 -0.009159522802479149
37 39 -0.018845237089695745
38 38 0.0
38 39 -0.17633075431755918
39 39 0.0
