0 0 0.0
0 1 0.007036518380788052
0 2 -0.059758119982025126
0 3 -0.10441038383312166
0 4 -0.011365742170647928
0 5 0.003409660936469857
0 6 -0.05732194503848318
0 7 0.004503739828382183
0 8 0.03841196462357166
0 9 -0.06116976804412537
0 10 -0.03771500616255549
0 11 0.03515543069002481
0 12 0.11901348860789589
0 13 -0.042773184929286986
0 14 -0.13838494849868704
0 15 -0.04033878298832256
0 16 0.08895990320215676
0 17 -0.027826311140805138
0 18 0.0906770714048531
0 19 0.02500475450860527
0 20 0.045170435807770935
0 21 -0.11765924122462679
0 22 -0.0041785550068928375
0 23 -0.025093043081934448
0 24 0.06343223846815896
0 25 -0.003828530429881546
0 26 -0.04841920334419024
0 27 0.0240268600523667
0 28 0.10011577362810078
0 29 -0.09203244034125893
0 30 -0.029133560032991567
0 31 -0.02730209252404404
0 32 0.02575050673288536
0 33 -0.019256473015943913
0 34 -0.05114555251081643
0 35 0.16754554521373416
0 36 -0.1293448493176291
0 37 0.07385453414094473
0 38 0.0908454920758778
0 39 -0.022198441705053935
1 1 0.0
1 2 -0.01626522155922097
1 3 -0.023195989945844146
1 4 -0.03618975686597669
1 5 -0.07961525279304998
1 6 -0.1118334586648734
1 7 0.025864859066123912
1 8 0.002278830024836959
1 9 0.029146850922830824
1 10 -0.03081524377776263
1 11 0.001069153074565901
1 12 -0.0051483227631564125
1 13 -0.08790672107256008
1 14 -0.035673398553679035
1 15 -0.0029240209771333775
1 16 -0.014177405825415148
1 17 0.015960018708352668
1 18 -0.036750558359367094
1 19 0.006936606020190106
1 20 0.003742547348736541
1 21 0.008244245118153543
1 22 -0.04487783282657175
1 23 0.030911125210379947
1 24 0.10077992904919071
1 25 0.06322128784222594
1 26 -0.01710402102698731
1 27 -0.04468611488734452
1 28 -0.003849483058718156
1 29 0.02360841536287432
1 30 -0.0200711246462449
1 31 0.017033901138838778
1 32 -0.047279920015513545
1 33 0.00141997075913745
1 34 0.01911730085941053
1 35 0.015127100490616404
1 36 -0.0006672785957123934
1 37 0.02195082119335717
1 38 0.021045064519314965
1 39 0.0042578212743288974
2 2 0.0
2 3 -0.011173863171982535
2 4 0.004482088411721663
2 5 0.02097678013029625
2 6 0.04046700391899061
2 7 -0.01086032059871736
2 8 0.05879599456381448
2 9 0.06187923399399407
2 10 0.10618035064045787
2 11 0.042620885449422094
2 12 -0.027196805493254712
2 13 0.07460354596749094
2 14 0.042857820436239036
2 15 -0.021132056480982955
2 16 -0.09198817682485286
2 17 0.020743165119378067
2 18 -0.06385048069426397
2 19 0.034907537599553125
2 20 0.003913024506956763
2 21 -0.014967679177744794
2 22 0.09350516179901808
2 23 -0.0325842547577324
2 24 -0.10305642272513657
2 25 -0.009998315390414226
2 26 -0.05358421862341066
2 27 -0.00014921751894393087
2 28 0.014992667137159488
2 29 0.03269607751243374
2 30 0.022209695840823877
2 31 -0.006094274696195801
2 32 0.10657066521301213
2 33 -0.03357081156181159
2 34 -0.054642538872340274
2 35 -0.046976789050906034
2 36 0.06531950841011606
2 37 -0.014122755161155812
2 38 -0.002100903234691094
2 39 -0.033355503750819464
3 3 0.0
3 4 0.03259693181993002
3 5 0.03859768064393607
3 6 0.055972664582250684
3 7 0.0021403926955195075
3 8 -0.13161496352601812
3 9 0.0010989123510296986
3 10 0.022917533812668166
3 11 -0.059736339021980736
3 12 -0.12830201943204264
3 13 0.03176221615342682
3 14 0.08483155129255843
3 15 0.12309486445984393
3 16 -0.017184018305491922
3 17 -0.022293787714037568
3 18 0.05169161835341759
3 19 -0.10951781654772477
3 20 -0.015603974420473368
3 21 0.05899787793830434
3 22 -0.059678315843561744
3 23 -0.016727857144465265
3 24 -0.045032628090959904
3 25 -0.037480995329142744
3 26 0.0777335962725839
3 27 0.01767647676126973
3 28 -0.1200103310447657
3 29 0.06396172413273399
3 30 0.026324488403571766
3 31 0.11214946609309132
3 32 -0.05310117408464153
3 33 0.09398749564132042
3 34 0.07215246487245251
3 35 -0.13110135508267426
3 36 0.03652642383924635
3 37 0.027077767841599053
3 38 -0.03253076463605124
3 39 0.07203381856569394
4 4 0.0
4 5 0.02664143034292137
4 6 0.11129580395659563
4 7 0.0019552784315842184
4 8 0.059882928608249196
4 9 -0.045425234438664905
4 10 0.041769921937722554
4 11 -0.020235419009860752
4 12 0.0022657255431838517
4 13 0.13041270331487773
4 14 0.04630443251202954
4 15 0.04093239885514756
4 16 -0.06525427149209888
4 17 -0.0870922295896706
4 18 0.05826169996518734
4 19 -0.002905216886410427
4 20 0.0638940905103933
4 21 0.01235049218702108
4 22 0.004221786705784185
4 23 -0.04491530918840485
4 24 -0.07834876360792942
4 25 -0.09022554322112267
4 26 0.03882473180765821
4 27 0.006543396541347187
4 28 0.04768739368097251
4 29 -0.014804697815816618
4 30 0.06786975844361766
4 31 0.046458715655291936
4 32 0.0007692874689060671
4 33 0.01637824951821899
4 34 -0.01612862902013305
4 35 0.005276079701101478
4 36 0.056886937659504797
4 37 -0.027360116712257576
4 38 -0.041030046041235266
4 39 -0.04628507351095966
5 5 0.0
5 6 0.17158457498395432
5 7 0.005926560352643708
5 8 -0.05369262773922133
5 9 -0.027723737032650558
5 10 0.011416239624914584
5 11 0.01843623872877069
5 12 0.031933924859037476
5 13 0.12719639596424873
5 14 0.034496252506509215
5 15 -0.027621330916499702
5 16 0.0364739936399509
5 17 0.05717428885141872
5 18 0.08207834417456177
5 19 -0.051148420885659365
5 20 -0.059830986616301554
5 21 -0.02313970582326836
5 22 0.08133245626185277
5 23 -0.07763018321791762
5 24 -0.12775112383426682
5 25 -0.06992865737197182
5 26 0.022484456550893824
5 27 0.09134925457470425
5 28 0.0015862068571603012
5 29 -0.012627800932068117
5 30 0.03437974877775413
5 31 -0.03692160223994634
5 32 0.0774095873320097
5 33 -0.038225810922974605
5 34 -0.004244758434953184
5 35 -0.028016861394966463
5 36 -0.06303919499383227
5 37 -0.039101026055712
5 38 -0.001138298167700524
5 39 0.040262807423831634
6 6 0.0
6 7 -0.0037757377326881588
6 8 0.056940141971658496
6 9 0.01740164024348602
6 10 0.03657569351249874
6 11 0.01099317005253792
6 12 -0.014198963045850726
6 13 0.2760138779306451
6 14 0.13601796561141494
6 15 0.03258596171815905
6 16 0.0316242325791944
6 17 -0.031717251880987354
6 18 0.05536011192707359
6 19 -0.0005618163813153226
6 20 -0.06480677963661965
6 21 0.056156320827764214
6 22 0.08280474609786545
6 23 -0.11732054170715671
6 24 -0.23314369432102447
6 25 -0.1258611852602764
6 26 0.056340601535740255
6 27 0.0771056212958249
6 28 -0.022699151052130856
6 29 -0.0660560647205756
6 30 0.11154438605874706
6 31 0.027387183206278965
6 32 0.11094739031431593
6 33 -0.07866009387290762
6 34 -0.012735965380367717
6 35 0.01940452668497343
6 36 0.0636037326236233
6 37 -0.11718147017165619
6 38 -0.13187742599650226
6 39 0.01405910691646789
7 7 0.0
7 8 0.023332982933387845
7 9 0.11822723670600191
7 10 -0.019261810153023466
7 11 0.00729389962944155
7 12 0.04153404444108339
7 13 0.08873691674834941
7 14 -0.038385816672663185
7 15 -0.03737479761754771
7 16 -0.10679204952785855
7 17 0.1342359964386822
7 18 0.03362265944608794
7 19 -0.05237942667513653
7 20 -0.08097907543923431
7 21 0.0053335203952209215
7 22 -0.05809261277953942
7 23 -0.1273529298153266
7 24 0.06634657845112799
7 25 0.1089580053358324
7 26 -0.032445622397634453
7 27 -0.0202642975005244
7 28 0.026408281627382253
7 29 0.06971486391519074
7 30 0.04370504237579121
7 31 0.10630479470295721
7 32 -0.027338929623209756
7 33 -0.09821127442017083
7 34 0.053908585192530424
7 35 0.015216333102039825
7 36 -0.03307177394046802
7 37 -0.06281823826764599
7 38 0.0313430669138294
7 39 0.018004297452303492
8 8 0.0
8 9 0.05693178000254471
8 10 0.07591602085818717
8 11 0.04565367305270622
8 12 0.07278387838495792
8 13 0.13527131182866922
8 14 -0.008810973117433884
8 15 -0.05422548446038837
8 16 -0.0836292396698713
8 17 -0.06173503570682252
8 18 -0.06227023597892245
8 19 0.13915949684823994
8 20 0.05265154412991365
8 21 -0.024468821677292307
8 22 0.05438543258009858
8 23 -0.05379771926525445
8 24 -0.06882669731931655
8 25 -0.0048214478587059306
8 26 -0.07788845467031948
8 27 -0.041459837832235544
8 28 0.12294219070385345
8 29 -0.06927731786282366
8 30 0.04412167906791735
8 31 -0.00025699004267387
8 32 0.09507313386777738
8 33 -0.1019931978640463
8 34 -0.09846031383118783
8 35 0.13254733481113257
8 36 0.09466516088341641
8 37 -0.06794894717150027
8 38 -0.04163928266080503
8 39 -0.12960394993875668
9 9 0.0
9 10 0.03257254676650239
9 11 0.0643231025135097
9 12 -0.0986388590526937
9 13 0.06538606504559082
9 14 0.023708656025893057
9 15 0.05918321882192419
9 16 0.01389234905217816
9 17 0.08491535620242181
9 18 -0.08257889501920535
9 19 0.013220262200069078
9 20 -0.1428918174863116
9 21 0.03577275718227551
9 22 -0.023663459635331802
9 23 -0.12261867739280985
9 24 -0.012317250445706246
9 25 0.13212077943906478
9 26 -0.08274123897466176
9 27 -0.03464477569465557
9 28 -0.11870805432618117
9 29 0.005156527226999279
9 30 0.0409094220882703
9 31 0.17762959865762196
9 32 0.10700318585475836
9 33 -0.12495525665185891
9 34 0.020186404669796654
9 35 0.08252090954263944
9 36 0.05446471494619445
9 37 -0.006280456077382498
9 38 -0.04392604101378827
9 39 0.07877106364285061
10 10 0.0
10 11 -0.030960742333787587
10 12 -0.03554330892906498
10 13 0.14987424127816604
10 14 -0.0004711730939250628
10 15 0.013275785324887532
10 16 -0.15936321170543624
10 17 -0.051053502450588074
10 18 -0.016661863558849657
10 19 0.04299795131530061
10 20 0.08803632402283904
10 21 -0.11299469927044026
10 22 0.04822018591546728
10 23 -0.06336843652120983
10 24 -0.2162912845493527
10 25 -0.019451133600655653
10 26 -0.10307827473430058
10 27 0.018497724144977596
10 28 0.037112531022928975
10 29 0.021185133951082798
10 30 -0.05573297715725635
10 31 0.049882182162134206
10 32 0.12960621379246862
10 33 0.07397394998783229
10 34 -0.11872874595624841
10 35 -0.11128517527653166
10 36 0.08120744507488789
10 37 0.034173116705212093
10 38 0.05760325302687232
10 39 -0.14031282528353992
11 11 0.0
11 12 0.009533687745727066
11 13 -0.0026386646930870216
11 14 -0.013507477210510163
11 15 -0.003982694158875109
11 16 0.05013181347925949
11 17 0.019983551521909594
11 18 -0.010512338382091485
11 19 0.020814610693999598
11 20 -0.03393862363472873
11 21 -0.014214540158412317
11 22 0.06577524825783156
11 23 -0.045534863768783955
11 24 0.019327349197816753
11 25 0.00021561240659983224
11 26 -0.036796515977490986
11 27 0.001291380942408093
11 28 0.010827526889915324
11 29 -0.034010447906663986
11 30 0.05719392971460981
11 31 0.015082205598515816
11 32 0.09061551572529494
11 33 -0.09176802808013906
11 34 -0.021262866934769854
11 35 0.12213526612822864
11 36 -0.025277208224748198
11 37 0.030667701297866945
11 38 0.0025292048082950357
11 39 0.05417807856209624
12 12 0.0
12 13 0.019260610877280093
12 14 -0.09522627201584417
12 15 -0.17626950303791333
12 16 -0.04785782390247271
12 17 0.06659125009026998
12 18 0.03426982263888696
12 19 0.046875626647435276
12 20 0.03149480363808766
12 21 -0.07366090510574828
12 22 0.05104948412586232
12 23 0.002839584204714
12 24 0.03624373766956949
12 25 0.004514516331658255
12 26 -0.032157942682107137
12 27 0.020084306179856858
12 28 0.1810914177823072
12 29 -0.01778499615778424
12 30 -0.029891874508517297
12 31 -0.16219398866717252
12 32 -0.01574573479319543
12 33 -0.06394080045273495
12 34 -0.04556125443105684
12 35 0.040805331884509785
12 36 -0.09298201932228689
12 37 -0.07585437832118484
12 38 0.06913905563404639
12 39 -0.09749672622156871
13 13 0.0
13 14 0.07977391864718192
13 15 0.0015184054593376593
13 16 -0.12899374717232043
13 17 -0.010017122371806981
13 18 0.0566445043797096
13 19 0.014927200955182952
13 20 -0.015362569106055716
13 21 -0.01296474732860633
13 22 0.06239052168547586
13 23 -0.1833075054350444
13 24 -0.24973525615316042
13 25 -0.07033804599814705
13 26 -0.0217318088565349
13 27 0.04922671267266558
13 28 0.0558017691790854
13 29 -0.01812354139628593
13 30 0.09358914241637596
13 31 0.08802487924863503
13 32 0.1288671107157472
13 33 -0.07875650831193906
13 34 -0.05572815774318418
13 35 -0.007706552213858459
13 36 0.0845522083887505
13 37 -0.11646642791629032
13 38 -0.06242408776658699
13 39 -0.08052883895186332
14 14 0.0
14 15 0.054447481977923276
14 16 -0.019229460868108617
14 17 -0.024554190623654187
14 18 -0.051223456720207325
14 19 -0.010484665175412465
14 20 -0.03751930590103724
14 21 0.1231121701941019
14 22 0.029363863614297776
14 23 0.012743858296737118
14 24 -0.08848140797346832
14 25 -0.06045986699943538
14 26 0.07630370220225068
14 27 -0.002172206894895164
14 28 -0.08160763348726303
14 29 0.027075817580171625
14 30 0.0707460779726558
14 31 0.014750024692524769
14 32 -0.0013043669804619561
14 33 -0.005656595858165127
14 34 0.03940265576911095
14 35 -0.0838766560388524
14 36 0.1185557748715222
14 37 -0.0784324270723282
14 38 -0.12650896461607333
14 39 0.03530162269448538
15 15 0.0
15 16 0.09803174064337529
15 17 -0.14546715719741224
15 18 0.05888914871234528
15 19 -0.061474765588277615
15 20 0.014384049575270083
15 21 0.037268122651966204
15 22 -0.08551351394296922
15 23 -0.04247421665284033
15 24 -0.01686109281364179
15 25 -0.051563771769779033
15 26 0.04613431215561478
15 27 -0.009451314090738827
15 28 -0.15072942825388505
15 29 -0.0420036726703012
15 30 0.06237443169697867
15 31 0.22579204262237457
15 32 0.012156121041833352
15 33 0.07823323590770472
15 34 0.03733664608908416
15 35 0.0672414039039393
15 36 0.05357726379725336
15 37 0.13198357531475066
15 38 -0.05425126846120348
15 39 0.10525514851517322
16 16 0.0
16 17 -0.05838322334966754
16 18 0.036107321255648125
16 19 0.00211785753169384
16 20 -0.1017289649088565
16 21 0.016999417418530664
16 22 -0.028704927123059394
16 23 0.03030719739408762
16 24 0.04992240814587035
16 25 -0.016594973217358408
16 26 0.036432972802546724
16 27 0.047145372420760896
16 28 -0.1489214983835411
16 29 -0.16999445094902343
16 30 -0.013183542455418066
16 31 0.016015542476948273
16 32 0.04299596550076972
16 33 -0.024908277723246396
16 34 0.03160646492755453
16 35 0.21395656877349759
16 36 -0.1006980215614296
16 37 0.09495685470135616
16 38 -0.05689462449832307
16 39 0.16592809019230864
17 17 0.0
17 18 -0.046094602051236507
17 19 -0.0411045736567806
17 20 -0.14555492334826337
17 21 0.013202828176172868
17 22 0.027728585953501573
17 23 -0.035141063196743
17 24 0.05844290734064557
17 25 0.13243316814611888
17 26 -0.03636434618810039
17 27 0.013153180262982548
17 28 0.0023575181843271667
17 29 0.10151593877178396
17 30 -0.029239833555764032
17 31 -0.07635926115523227
17 32 -0.012115714669600834
17 33 -0.10917119160499104
17 34 0.05472031640985002
17 35 -0.09023080693248833
17 36 -0.07836412496800745
17 37 -0.10266476135525304
17 38 0.04638235758644913
17 39 0.04128412389471931
18 18 0.0
18 19 -0.09071681804358539
18 20 0.041498481642411975
18 21 -0.0672544763211367
18 22 -0.034787361302395556
18 23 -0.08141292520340633
18 24 -0.0031278447827163464
18 25 -0.07662070455434745
18 26 0.037686266655836936
18 27 0.05586781572673283
18 28 0.03558210695400536
18 29 -0.02926754144934305
18 30 0.039357968766817845
18 31 0.07700197884499221
18 32 -0.014422311409978938
18 33 0.043388473013630684
18 34 0.012335003185379083
18 35 0.05595972371420967
18 36 -0.10336771958413442
18 37 0.0730791359007611
18 38 0.05960560795249318
18 39 0.035400549365581374
19 19 0.0
19 20 0.029401286851245673
19 21 -0.018368848058021088
19 22 0.04909757744846866
19 23 0.03517062334101678
19 24 -0.04573698127218574
19 25 0.008210190632485485
19 26 -0.058394231424666584
19 27 -0.0237874396106213
19 28 0.05798461959574426
19 29 -0.06542187812333097
19 30 -0.03078767868203141
19 31 -0.07758898415753052
19 32 0.0627971106965183
19 33 -0.04369932012385464
19 34 -0.07884296333757755
19 35 0.06536200898975425
19 36 0.05773435483084242
19 37 -0.040554987438904726
19 38 -0.029628956671987495
19 39 -0.09390200863103298
20 20 0.0
20 21 -0.07244091085306831
20 22 0.0064495594280367715
20 23 0.055297067929597175
20 24 -0.016391803132145763
20 25 -0.093886784984415
20 26 -0.00134929041067559
20 27 -0.01832653461733241
20 28 0.11674622315270292
20 29 -0.003707506347942407
20 30 -0.017231997351850478
20 31 -0.027871443828565896
20 32 -0.028593102569562916
20 33 0.1190813240450695
20 34 -0.07292920498689517
20 35 -0.02525274330159626
20 36 0.031213986821512007
20 37 0.07156020149207362
20 38 0.05754202139485838
20 39 -0.12035477826984169
21 21 0.0
21 22 -0.031009351349128134
21 23 0.04682788505703866
21 24 0.051954186939533256
21 25 0.0005563409564877124
21 26 0.0992529793401277
21 27 -0.03916908078878016
21 28 -0.09052755548584174
21 29 0.035456828985599584
21 30 0.07090575178006181
21 31 0.01071424467068247
21 32 -0.0883036065520523
21 33 -0.03643670647595664
21 34 0.09671454294450768
21 35 -0.0379909459336621
21 36 0.09016633255884168
21 37 -0.09561272384099213
21 38 -0.13509077001809672
21 39 0.07402741203451842
22 22 0.0
22 23 -0.005097982104297882
22 24 -0.10641013842517366
22 25 -0.06391201367808688
22 26 -0.031590382147511455
22 27 0.03768126521923273
22 28 0.07049207057003277
22 29 -0.009166850815013016
22 30 0.025266835328537622
22 31 -0.12118589937079079
22 32 0.11773139895875975
22 33 -0.06017518128937967
22 34 -0.0711142205379349
22 35 -0.009449586196263644
22 36 0.0053302439631988
22 37 -0.03647082286298246
22 38 0.0017489883949055114
22 39 -0.03208268466702833
23 23 0.0
23 24 0.08249139839511356
23 25 -0.012997574241198684
23 26 0.05135999991024416
23 27 -0.030603941353978464
23 28 -0.002889712079695678
23 29 0.016190859315128255
23 30 -0.07646349821816063
23 31 -0.15957820565336117
23 32 -0.1094539117991562
23 33 0.08692934035193799
23 34 0.013535335656350145
23 35 -0.08915728392469106
23 36 0.020461712550250664
23 37 -0.005401645767414896
23 38 -0.014456555072870737
23 39 -0.028848765724749082
24 24 0.0
24 25 0.10066809942437145
24 26 0.03944559849310774
24 27 -0.07680428053849228
24 28 0.004919609230148008
24 29 0.04374579283486086
24 30 0.003908855107500584
24 31 -0.0015587094926218599
24 32 -0.1759774526176346
24 33 -0.019918225461473937
24 34 0.10552210939078685
24 35 0.08502434950624113
24 36 -0.0897939373848787
24 37 0.045184071779442045
24 38 0.04381380683378243
24 39 0.0922797316528135
25 25 0.0
25 26 -0.07032532508436416
25 27 -0.04173210869754786
25 28 -0.03998477674081517
25 29 0.046086056586570404
25 30 -0.06371137058678233
25 31 0.02999833860484614
25 32 -0.02421087412856547
25 33 -0.05743797671850977
25 34 0.03399693445993253
25 35 -0.00397483725668129
25 36 -0.02540590843708329
25 37 -0.022388381466865098
25 38 0.03709143448426878
25 39 0.015125257165599723
26 26 0.0
26 27 0.0036099316661267144
26 28 -0.041178007200035525
26 29 0.016089945575275422
26 30 0.052120931700901166
26 31 -0.013495629687311675
26 32 -0.10579612949137593
26 33 0.037870162561197455
26 34 0.07774712337357184
26 35 -0.04412266791591342
26 36 0.01611051400169107
26 37 -0.03421359218156936
26 38 -0.07180758325290736
26 39 0.05881703431637937
27 27 0.0
27 28 -0.0014766447555747907
27 29 -0.025307568318355574
27 30 -0.00939188084092767
27 31 -0.027884391857838607
27 32 0.04718874916295059
27 33 0.005246848908514805
27 34 -0.016034319974246425
27 35 -0.010569566680385738
27 36 -0.052400136403190314
27 37 0.005403279607697703
27 38 0.01758527551455996
27 39 0.013867659451537853
28 28 0.0
28 29 0.006483529250303903
28 30 -0.0003051389091765807
28 31 -0.13134934411381594
28 32 -0.002434224290683196
28 33 -0.02810508309497823
28 34 -0.08091753133533715
28 35 0.017332898106281795
28 36 -0.03581186214562693
28 37 -0.0496722935502015
28 38 0.08065297315811502
28 39 -0.15021173676861027
29 29 0.0
29 30 -0.002891525468686217
29 31 -0.011201919858038242
29 32 -0.07905778781943949
29 33 0.028419005155830217
29 34 0.051333181126603546
29 35 -0.18278457928596598
29 36 0.021807503576869947
29 37 -0.041612835684416025
29 38 0.03606765647916095
29 39 -0.006490975343420226
30 30 0.0
30 31 0.09148661500856783
30 32 0.020256181369250375
30 33 -0.07661785757538539
30 34 0.034780737879706716
30 35 0.08573371470888055
30 36 0.0414845366190783
30 37 -0.021633693392220328
30 38 -0.07204709263242483
30 39 0.0682382154279309
31 31 0.0
31 32 0.04089442955947002
31 33 0.007418118920425133
31 34 0.04361801049722443
31 35 0.10937248417002945
31 36 0.046117628460857006
31 37 0.11756216708457572
31 38 -0.021642054140360037
31 39 0.1012526934207976
32 32 0.0
32 33 -0.07749089632416895
32 34 -0.10707744492642994
32 35 0.10126001528548056
32 36 0.009234481320612518
32 37 0.04237731482393249
32 38 0.008505514413049649
32 39 -0.006872704931541606
33 33 0.0
33 34 -0.00636877492559911
33 35 -0.13453942217452222
33 36 0.01202933762336792
33 37 0.09724096399759662
33 38 0.04806080429892345
33 39 -0.04121869921538232
34 34 0.0
34 35 -0.03323758184748865
34 36 -0.013251821251863288
34 37 -0.02751934991561449
34 38 -0.041231525654444025
34 39 0.10019226018987677
35 35 0.0
35 36 -0.06534585163400367
35 37 0.08704383540936242
35 38 -0.024326410378970275
35 39 0.07663937254414631
36 36 0.0
36 37 -0.0640053512285549
36 38 -0.1105290089140166
36 39 -0.058352656760320046
37 37 0.0
37 38 0.09007984081032418
37 39 0.06149843627208247
38 38 0.0
38 39 -0.039619980834592054
39 39 0.0
