0 0 0.0
0 1 -0.023918003948814923
0 2 -0.023388784227680207
0 3 0.029408494315476718
0 4 0.009493626294408739
0 5 0.026565735083201425
0 6 -0.016795108772085388
0 7 -0.06779635258788066
0 8 -0.13291376036129432
0 9 -0.0787378934996078
0 10 -0.0050935502575591915
0 11 -0.0047243112420270374
0 12 -0.042894155790298406
0 13 0.02316404924488477
0 14 -0.12852580492466859
0 15 0.04720727567001044
0 16 0.028131034792423442
0 17 0.01934048954709457
0 18 0.037885454514322764
0 19 -0.09408273846578484
0 20 0.004761759140975511
0 21 -0.11211601491897208
0 22 -0.000687139027854037
0 23 0.10277461479594434
0 24 -0.09292986838392814
0 25 0.06395208110298879
0 26 0.026198739263258435
0 27 0.017732657967747534
0 28 0.003091948399108109
0 29 0.01635376199516083
0 30 -0.01995765963357916
0 31 0.12504259361603448
0 32 -0.09176251042884229
0 33 0.07593064627235628
0 34 0.04556821024902215
0 35 -0.0914253331890719
0 36 -0.08200995455964945
0 37 -0.04439266808540838
0 38 -0.027481926505084874
0 39 -0.02202435038420187
1 1 0.0
1 2 -0.04585225031133829
1 3 0.08310697189965542
1 4 0.10683746278992476
1 5 0.00652162944117371
1 6 0.005599206451043741
1 7 0.17639700500435268
1 8 -0.07099081173663971
1 9 0.012361864586900497
1 10 -0.05535056667945224
1 11 0.09747806751084458
1 12 0.08277315055681057
1 13 -0.08648334505816838
1 14 0.05122688732653781
1 15 0.01976797436037026
1 16 0.01765427267952174
1 17 -0.013002002443773447
1 18 0.04355669394819156
1 19 -0.0512669124148461
1 20 -0.0010313920576042232
1 21 0.1109133574179122
1 22 -0.06600311949476703
1 23 -0.0034480101439115104
1 24 -0.08754366441443281
1 25 -0.15496434921044183
1 26 0.05967157781404338
1 27 0.07414055884579077
1 28 0.12800299992372524
1 29 0.13790788318267705
1 30 -0.005107244288315713
1 31 -0.005105615688633296
1 32 0.019631422055470367
1 33 0.05438293011879699
1 34 -0.023647670341050257
1 35 0.2439606367753812
1 36 0.012142804471120096
1 37 -0.020448563455438586
1 38 -0.06433908163454158
1 39 -0.1722153368089033
2 2 0.0
2 3 -0.21068953180470876
2 4 0.015157514712626774
2 5 0.11551747734283921
2 6 0.0007375905560722859
2 7 0.04496330303552299
2 8 0.07244103232681921
2 9 -0.06133759345596072
2 10 0.012409506599226851
2 11 -0.006460583962509756
2 12 0.11227585736548158
2 13 -0.045962944119812096
2 14 0.1653663471919972
2 15 0.04602994658829027
2 16 0.17142207744045118
2 17 0.005597452472961238
2 18 0.19269777613301628
2 19 0.1363600866104629
2 20 0.11864830683708441
2 21 0.11614888988783352
2 22 -0.007061962540762616
2 23 -0.25025181650828604
2 24 0.15578642252817804
2 25 -0.027721793679031353
2 26 -0.1345009414300889
2 27 -0.09633541230911685
2 28 -0.007146537451964566
2 29 -0.03619601554504342
2 30 0.15480799571091416
2 31 -0.04788037441137542
2 32 0.007144067161107015
2 33 0.0642754066967102
2 34 -0.006553508752728661
2 35 -0.10132704957477574
2 36 -0.042802157208018596
2 37 -0.2129775233162301
2 38 0.04288159531329336
2 39 -0.0211486030613961
3 3 0.0
3 4 0.06926530011287582
3 5 -0.037293265665186114
3 6 -0.005157928584828969
3 7 0.002282938385854788
3 8 -0.10592558274658392
3 9 0.07730061130994968
3 10 0.0221772589257349
3 11 0.0170910052188853
3 12 -0.013693543398784896
3 13 0.029687560589846246
3 14 -0.0745009176452105
3 15 -0.028568576605951086
3 16 -0.07300755576158721
3 17 -0.01511019066578781
3 18 -0.12652996464811747
3 19 -0.07121807067699619
3 20 -0.021917864463507887
3 21 -0.011467905851749591
3 22 -0.015713697574245695
3 23 0.1697688249025045
3 24 -0.0972262494183144
3 25 -0.011079242028813949
3 26 0.0761746145450173
3 27 0.02604513442137545
3 28 -0.0092701694309289
3 29 0.06697755478960402
3 30 -0.09493665569488313
3 31 0.003881137581113814
3 32 -0.044763108134618965
3 33 0.025711490358729903
3 34 -0.009754309567603427
3 35 0.09468509835343468
3 36 0.02527345507659689
3 37 0.12536730030505747
3 38 -0.03481496889540691
3 39 0.0031286237146715247
4 4 0.0
4 5 -0.0019415014094843947
4 6 -0.03131046610147827
4 7 0.03944591495807079
4 8 -0.11187171287483141
4 9 0.0463981302629788
4 10 0.006264025293953536
4 11 0.005729038243059587
4 12 -0.008715959533478857
4 13 -0.004862504659516329
4 14 0.10259578288076668
4 15 -0.034386334471474475
4 16 0.0033725029095860518
4 17 0.013084887962089444
4 18 -0.018856977414833973
4 19 -0.00352092050469359
4 20 -0.005009625297363264
4 21 0.10629555606856463
4 22 -0.01726634053275654
4 23 0.014235355288929363
4 24 -0.024867004401380392
4 25 -0.044517178825092193
4 26 0.0053836427232749956
4 27 -0.034923515850034066
4 28 -0.002222109724305715
4 29 0.0677268542563194
4 30 -0.03435674968402432
4 31 -0.04647279636498773
4 32 0.013240501144056432
4 33 0.053854229099943085
4 34 -0.04681180766813989
4 35 0.07292890922150978
4 36 -0.06458589086416688
4 37 0.017116873278082638
4 38 -0.049464288126112324
4 39 -0.08333925788887454
5 5 0.0
5 6 0.04393949146377991
5 7 -0.007555680933272975
5 8 -0.05552641039899333
5 9 -0.07475639337266368
5 10 0.048478727020480485
5 11 0.07532570575600213
5 12 0.05348162375787653
5 13 0.07245447398083567
5 14 0.014295807111635032
5 15 0.01602633065585052
5 16 0.08975245012970576
5 17 -0.01788450318761118
5 18 -0.0019915702730096347
5 19 0.05074394554600429
5 20 0.06203113268365422
5 21 -0.004440038761517573
5 22 0.00046956282053269423
5 23 -0.037397475240299564
5 24 0.03921895070988755
5 25 0.0753070501177199
5 26 -0.05262143156728984
5 27 0.03695701743974418
5 28 0.04983553750736736
5 29 -0.025320180903842797
5 30 0.030295363994918
5 31 0.015395970709530868
5 32 -0.04517713720572789
5 33 0.047212263364569594
5 34 0.03634036651751391
5 35 -0.015585942661813568
5 36 0.038123567152800575
5 37 -0.04845212074860726
5 38 0.0709079553471684
5 39 0.020148255538096838
6 6 0.0
6 7 0.040798229233116864
6 8 -0.0695913564892292
6 9 -0.1275655905549546
6 10 0.01910177417672567
6 11 0.006654840011475781
6 12 0.00035812674381695893
6 13 0.07125713341225787
6 14 -0.005610137864059206
6 15 0.010803632966345136
6 16 0.02440988599783983
6 17 -0.03933887698108875
6 18 0.053606280233212414
6 19 -0.014678807610613298
6 20 0.005876979787515994
6 21 -0.0001390301028674472
6 22 -0.03397415006918756
6 23 0.029169899967547496
6 24 0.009078687970078683
6 25 0.034975430352517003
6 26 -0.05936922989595913
6 27 0.013916425108784408
6 28 0.01999310016877742
6 29 0.0008681053379418376
6 30 0.011550264720513265
6 31 0.004812257764341654
6 32 0.01856983916743483
6 33 0.01890742886773184
6 34 -0.030058683172583662
6 35 -0.0055454270393053146
6 36 0.1239612284757983
6 37 0.045296963129768046
6 38 -0.00046724457258626536
6 39 0.015252504865961242
7 7 0.0
7 8 -0.037434210033488735
7 9 -0.03833334241890048
7 10 -0.05016755014328034
7 11 0.04261387617163802
7 12 0.08760188633914935
7 13 -0.06818076168263057
7 14 0.11268207899336777
7 15 0.0186439074787271
7 16 0.01849942068519942
7 17 -0.027920190309324223
7 18 0.11880882671102637
7 19 -0.0023328430672912735
7 20 -0.01005079516257493
7 21 0.1282308583991234
7 22 -0.06810977735362649
7 23 -0.00650167775215737
7 24 -0.01625276117787391
7 25 -0.1438243840416386
7 26 -0.009584660138208367
7 27 -0.014191409400200073
7 28 0.06381380396203831
7 29 0.12336566290504772
7 30 0.04697642086974209
7 31 -0.08444721721914979
7 32 0.016629434605774866
7 33 0.035244943691531166
7 34 -0.07956157995427669
7 35 0.14595441282725163
7 36 0.08832410944916891
7 37 -0.027989975804536417
7 38 -0.08681210533440754
7 39 -0.0989591215791622
8 8 0.0
8 9 0.21277222606584748
8 10 -0.004144005389721536
8 11 -0.05110779533996629
8 12 0.016010916032188467
8 13 -0.09343543337739794
8 14 0.06734860027504161
8 15 0.006229186065558006
8 16 0.06767966299710806
8 17 0.027248067372618055
8 18 -0.08934311509333388
8 19 0.07812626228423987
8 20 0.00798319066525497
8 21 -0.028380174349790854
8 22 0.007673644950893785
8 23 -0.19336642759937045
8 24 0.157832695674125
8 25 -0.09215476728475
8 26 -0.010483099230863019
8 27 0.05855078413599642
8 28 -0.04104945914539128
8 29 -0.07555217200755582
8 30 0.029955290330356498
8 31 -0.026658501793267182
8 32 0.08203777742604665
8 33 -0.029496779546708228
8 34 0.08076073874258125
8 35 0.01390920255083788
8 36 -0.06183067291678514
8 37 -0.11610241377351527
8 38 0.06411640795084275
8 39 0.09864194875233975
9 9 0.0
9 10 0.04065392328132829
9 11 -0.015498365906002249
9 12 0.10367642509332915
9 13 -0.09176933166438984
9 14 0.01923271972699328
9 15 -0.036415894762681554
9 16 -0.009967151838786822
9 17 0.05294300535886791
9 18 -0.264399706446003
9 19 0.08594812362568066
9 20 0.01819864622774164
9 21 0.04211504595689181
9 22 0.02127574494851223
9 23 0.048918847523301015
9 24 0.09729281470073928
9 25 -0.14832589204950444
9 26 0.06183970897189374
9 27 0.008073470334396388
9 28 -0.07110194943998924
9 29 0.010658876538854332
9 30 0.004792168429923816
9 31 -0.1530052123326266
9 32 -0.07823198598213162
9 33 0.004300650211281177
9 34 0.016236643519145076
9 35 0.1336083652896622
9 36 0.0020408689611648044
9 37 0.004073204134203095
9 38 -0.011022953974878711
9 39 0.11508745799622608
10 10 0.0
10 11 -0.0016435980766605612
10 12 0.01718671634515069
10 13 0.07669996655409858
10 14 -0.016918394566392443
10 15 -0.021223936345427376
10 16 0.016952716055171412
10 17 -0.031240652195212926
10 18 -0.09700122708899837
10 19 0.030602696577519316
10 20 0.05480261470249882
10 21 -0.010900425636577348
10 22 0.0029151979237233877
10 23 0.028914091741222985
10 24 0.03256646568847725
10 25 0.06340609671581368
10 26 -0.019539829083808753
10 27 -0.015560384311372494
10 28 -0.05538116022656987
10 29 -0.022623249912182945
10 30 -0.038138930272050314
10 31 -0.008269170210429336
10 32 -0.03514973685299183
10 33 0.03548245664154406
10 34 0.022684676265874202
10 35 -0.03274158547185477
10 36 0.031066641115525297
10 37 0.049473771492272785
10 38 0.0604158008138516
10 39 0.09841901001879937
11 11 0.0
11 12 0.07710467641517907
11 13 -0.00581557227551388
11 14 0.00019628901635240645
11 15 -0.009566505835347815
11 16 -0.023532376226951486
11 17 -0.017976254650843345
11 18 -0.033828645824060796
11 19 0.041820549216659356
11 20 0.029238455138365465
11 21 0.03243836155730587
11 22 0.02570352989596656
11 23 -0.02498546698065951
11 24 -0.047907177032853306
11 25 0.02187454716138022
11 26 0.05660509998186205
11 27 0.03783966223526421
11 28 0.09007630274876863
11 29 0.019459159817203333
11 30 -0.005156704232834106
11 31 -0.005094724177348359
11 32 -0.04097465694017429
11 33 -0.03711708307564428
11 34 0.030981270952051804
11 35 0.09084765817312965
11 36 -0.0008934728300982542
11 37 -0.0036854782189190806
11 38 0.06288370493770143
11 39 -0.048727819369099624
12 12 0.0
12 13 -0.06323451261542967
12 14 -0.0014408793599574824
12 15 0.019429734774535596
12 16 0.01789019573619581
12 17 -0.021894790325890295
12 18 -0.004029711293429366
12 19 0.08389372730726896
12 20 0.09479598002545653
12 21 0.09226337684016955
12 22 -0.004280848882619098
12 23 -0.013950274408278673
12 24 0.027654036252708403
12 25 -0.08701017670748322
12 26 0.01664099094667526
12 27 -0.03128222655556106
12 28 0.030893344717284665
12 29 0.04125589312347715
12 30 0.07869227889123423
12 31 -0.09009565663881171
12 32 -0.09370203181610615
12 33 0.0069495896877603686
12 34 -0.011324609995009886
12 35 0.10109267602960068
12 36 0.09785418563650411
12 37 -0.029682827177660808
12 38 0.022394002212246605
12 39 0.012391161805365446
13 13 0.0
13 14 -0.019258481644159685
13 15 -0.022451895895039747
13 16 0.0264786264948923
13 17 -0.028897564988764817
13 18 -0.06940431590862248
13 19 -0.004415911296405138
13 20 -0.00025632873022996753
13 21 -0.05926383677570971
13 22 -0.004132721997452031
13 23 0.08021132645008915
13 24 0.026359849717171598
13 25 0.13706789261236246
13 26 -0.06689063151526162
13 27 0.021766989572665867
13 28 -0.028906179573044994
13 29 -0.04436349223278159
13 30 -0.04645662559031021
13 31 0.017319370644495593
13 32 -0.009611022151365847
13 33 0.03478970691369186
13 34 0.003058579277755401
13 35 -0.07554080962130576
13 36 0.08125421405444169
13 37 0.08228601680017765
13 38 0.04132591604355074
13 39 0.09354201988110813
14 14 0.0
14 15 -0.04298084596284132
14 16 0.06978495866407518
14 17 0.022135466789643947
14 18 0.04721305248173458
14 19 0.1107234061931043
14 20 -0.04583112225187576
14 21 0.16661534663341265
14 22 -0.020710567065948697
14 23 -0.1469257218930773
14 24 0.13401144354004657
14 25 -0.07979797563159238
14 26 -0.09549193429415684
14 27 -0.03776897383313707
14 28 0.014489852485214888
14 29 0.02791716597249421
14 30 0.05323658755472092
14 31 -0.16481732016165515
14 32 0.10144495015805366
14 33 0.006352676983106297
14 34 -0.08146832394230934
14 35 0.06181160808534323
14 36 -0.009581375879901885
14 37 -0.07862317437169163
14 38 -0.04122833425924927
14 39 -0.055644414368877425
15 15 0.0
15 16 0.07577884693107269
15 17 0.014307020455356622
15 18 0.07469274372466549
15 19 -0.039510941680278536
15 20 0.006710535469221253
15 21 -0.043373643274394656
15 22 -0.033940972983786434
15 23 0.011812063153298769
15 24 0.00805231130743107
15 25 -0.03888486215408177
15 26 -0.03011414342957137
15 27 0.04105493617919834
15 28 0.030186231434998673
15 29 0.01252384983854878
15 30 0.0539133160320475
15 31 0.043645498143636954
15 32 -0.026492459113878604
15 33 0.05990578734870403
15 34 0.011823672487651907
15 35 -0.009824431763707429
15 36 0.027820512976088497
15 37 -0.07651592309302227
15 38 -0.039924977509947876
15 39 -0.015539623338016246
16 16 0.0
16 17 0.03915893428543856
16 18 0.056582676616325954
16 19 0.0022810730328474576
16 20 0.012876426530695633
16 21 -0.03394410180772507
16 22 -0.07500684570134183
16 23 -0.039125228499978314
16 24 0.14305083256780288
16 25 -0.05777699105159091
16 26 -0.1463364211854932
16 27 0.09961912338336153
16 28 0.038790426582749435
16 29 -0.005909301364213562
16 30 0.10461484595461028
16 31 0.004817939267960028
16 32 -0.008640623080234142
16 33 0.16275031339569473
16 34 0.01554975632769758
16 35 -0.00882919529691549
16 36 0.06561706778661011
16 37 -0.16936205750770156
16 38 -0.05009251648902589
16 39 0.022737210907270527
17 17 0.0
17 18 0.00024223582569149463
17 19 0.00851872092815554
17 20 -0.052541204828292755
17 21 -0.018514959937811507
17 22 0.009205156894819199
17 23 0.0075421191202269654
17 24 0.050783543701071486
17 25 -0.03882287448264305
17 26 -0.030090616300277977
17 27 0.038382876096332876
17 28 0.02741193307006464
17 29 -0.025101433035393278
17 30 0.06132835459154377
17 31 -0.03240200449774019
17 32 -0.0031987794140321798
17 33 -0.003540606917006637
17 34 -0.014482508628279411
17 35 0.002957145784260485
17 36 0.0002872782446087185
17 37 -0.05915564338591038
17 38 -0.055107098722766826
17 39 -0.020142388609744297
18 18 0.0
18 19 -0.05017856329014088
18 20 -0.009207647216774114
18 21 0.05003134055765777
18 22 -0.04673688426437129
18 23 -0.10077881672277848
18 24 -0.025852831809023747
18 25 -0.05484554308444567
18 26 -0.07371805097614001
18 27 -0.05544735525958776
18 28 0.05898935217915321
18 29 0.036581143595307605
18 30 0.11258623345176197
18 31 0.05236219128121533
18 32 0.06308345199743162
18 33 0.020135409295181116
18 34 -0.06735570907616849
18 35 -0.06626149848891663
18 36 0.00022644476311054477
18 37 -0.11836936964422488
18 38 -0.09019364278613635
18 39 -0.15810426007945505
19 19 0.0
19 20 0.03741239559826191
19 21 0.09094872517553261
19 22 0.050741925172761534
19 23 -0.10597741976835189
19 24 0.11523264673367886
19 25 0.008592654726325366
19 26 -0.036700673696254106
19 27 -0.0487390578159305
19 28 -0.0027884838972845522
19 29 -0.05781741991997279
19 30 0.06566939179287712
19 31 -0.132729445205166
19 32 -0.005191773835591983
19 33 -0.07292364790988956
19 34 -0.017428746817078053
19 35 0.008394196525928746
19 36 0.03925462012368215
19 37 -0.01942749683447234
19 38 0.06898737989840796
19 39 0.04866640044927141
20 20 0.0
20 21 0.02913301486043788
20 22 0.006489042673841637
20 23 -0.061925289445837584
20 24 -0.01114588772137427
20 25 0.028662849706828086
20 26 0.022596275149576725
20 27 -0.052175517809098536
20 28 -0.03433675663990221
20 29 -0.0022683051532686
20 30 -0.014676250648190498
20 31 0.0372322706487087
20 32 -0.045769118316108984
20 33 0.0298797104953492
20 34 0.04909921355938309
20 35 -0.02155515953677708
20 36 -0.029294277653951723
20 37 -0.005396997224234442
20 38 0.09452184492384677
20 39 0.03810184119898624
21 21 0.0
21 22 -0.005201807211029963
21 23 -0.09186577209137245
21 24 0.029517868072658198
21 25 -0.09528990191694495
21 26 -0.009018084464212754
21 27 -0.09501390342585239
21 28 0.011783181433820913
21 29 0.05581615657459983
21 30 0.03706929042619876
21 31 -0.1420140288712205
21 32 0.046676423100075054
21 33 -0.03662043932204985
21 34 -0.0895409332479698
21 35 0.11206818305900801
21 36 0.028746501599570002
21 37 0.02076813172634859
21 38 -0.01626187312775941
21 39 -0.08039223195755205
22 22 0.0
22 23 -0.03900577990633518
22 24 -0.01456550345890133
22 25 0.06857849557623151
22 26 0.04568996085884204
22 27 -0.03371784161854262
22 28 -0.00797728982777978
22 29 -0.05608132450139863
22 30 -0.014184562677106032
22 31 -0.004006744775404041
22 32 -0.00897234569443313
22 33 -0.09356529943872484
22 34 0.023679126630444837
22 35 -0.042000257242636806
22 36 -0.06267138682282201
22 37 0.024772742405332778
22 38 0.06638248578905977
22 39 0.010561749048026462
23 23 0.0
23 24 -0.07456270450248945
23 25 -0.0035685249271282375
23 26 0.015511338055622836
23 27 0.022683993194549914
23 28 -0.03328000514800554
23 29 0.07803480557159734
23 30 -0.03114774513421874
23 31 -0.035356983017827165
23 32 -0.15251946886132378
23 33 0.0769725509892752
23 34 -0.0594176290660402
23 35 0.023640224039340334
23 36 0.17308722280870034
23 37 0.12991354852926973
23 38 -0.13047139812539044
23 39 0.08249207469445613
24 24 0.0
24 25 -0.048457478505406944
24 26 -0.15915236527047666
24 27 0.03206222906688665
24 28 -0.012162003448933967
24 29 -0.08047923000372491
24 30 0.12959912382669306
24 31 -0.13655292464234486
24 32 0.031192722288585988
24 33 0.025310335292299292
24 34 -0.03724285948142412
24 35 -0.015362781903840644
24 36 0.13472574527036602
24 37 -0.08265788620748178
24 38 -0.01727908500915207
24 39 0.09739831723392932
25 25 0.0
25 26 0.01274164163252261
25 27 -0.023730634662264084
25 28 -0.0371621335676716
25 29 -0.09485734875774438
25 30 -0.09029556576131408
25 31 0.10264053808093913
25 32 -0.009815943665936154
25 33 -0.05384638694617022
25 34 0.06698572253004895
25 35 -0.16545419958691682
25 36 -0.07165154644618488
25 37 0.07631701300822578
25 38 0.13627628418802484
25 39 0.07023421644277943
26 26 0.0
26 27 -0.026767893143048012
26 28 -0.00492014364111537
26 29 0.04519446209204093
26 30 -0.11188680862555647
26 31 0.06834278818057096
26 32 -0.03416868232130173
26 33 -0.06760500029038323
26 34 0.06036733666380595
26 35 0.04995368125432292
26 36 -0.14794568160595672
26 37 0.06017847208839745
26 38 0.05765668536428807
26 39 -0.04300988272339344
27 27 0.0
27 28 0.10285747893855975
27 29 -0.01922814554700174
27 30 0.01914239057705583
27 31 0.0560184762928681
27 32 0.017497655065642128
27 33 0.04657656681355181
27 34 0.051468828972694926
27 35 0.08456154926862482
27 36 0.054995878011344965
27 37 -0.053831421630609624
27 38 -0.016703298280140062
27 39 -0.011884499135600872
28 28 0.0
28 29 0.009155101510785827
28 30 0.06304135248855303
28 31 0.008180811140139823
28 32 0.01565099413157891
28 33 -0.020662066451097395
28 34 -0.0011669242997670885
28 35 0.10625141393938049
28 36 0.047091677864500234
28 37 -0.05694013849908425
28 38 -0.019370366080745435
28 39 -0.11052861466589001
29 29 0.0
29 30 -0.03131109876965886
29 31 -0.015958447468694847
29 32 -0.03807878579463449
29 33 0.07662143513909998
29 34 -0.0335778073289541
29 35 0.09573412876481267
29 36 -0.005626472450590407
29 37 -0.0017599190144202237
29 38 -0.07864169896595831
29 39 -0.0630478036041383
30 30 0.0
30 31 -0.10045020892529713
30 32 -0.021096499268703918
30 33 0.002753141856617848
30 34 -0.06337160165880006
30 35 0.012159806491540895
30 36 0.14569387771142644
30 37 -0.11062203212953763
30 38 -0.07549049418552459
30 39 -0.017794420356092293
31 31 0.0
31 32 0.021838028668310742
31 33 0.04356107704904373
31 34 0.12144885162952639
31 35 -0.09479788746774218
31 36 -0.17207240901560023
31 37 -0.02673922052149553
31 38 0.07018801649611126
31 39 -0.04329732721342081
32 32 0.0
32 33 -0.05527302935556007
32 34 -0.01699842971394599
32 35 0.012861306774219284
32 36 -0.0461086346388492
32 37 0.011969879160500352
32 38 0.012220514148768534
32 39 -0.0700262640333106
33 33 0.0
33 34 0.013857398195159906
33 35 0.00033281785016023465
33 36 0.01734372556270395
33 37 -0.08542170655390788
33 38 -0.0711858024736666
33 39 0.025420391051397446
34 34 0.0
34 35 -0.03805623912322475
34 36 -0.12736145008510263
34 37 -0.043488017818396826
34 38 0.10076408021597998
34 39 0.030107667795974104
35 35 0.0
35 36 0.09407572355208146
35 37 0.02708765814321191
35 38 -0.05234696774115512
35 39 -0.08926207815659208
36 36 0.0
36 37 0.08862703975118354
36 38 -0.09791213372715646
36 39 0.09629545792098279
37 37 0.0
37 38 0.03396749977241631
37 39 0.0545878170921719
38 38 0.0
38 39 0.0569245739703638
39 39 0.0
