0 0 0.0
0 1 0.25752373145633844
0 2 -0.0858694708479732
0 3 -0.014073284494884639
0 4 -0.12844215625122465
0 5 0.12645231206418256
0 6 0.08699115416607188
0 7 -0.09404455385507023
0 8 0.16042298922235668
0 9 0.04282528096627942
0 10 -0.11568800911757766
0 11 0.12341864498864838
0 12 -0.12755400800302538
0 13 -0.07108629659925826
0 14 -0.1972395853613072
0 15 0.02468948834981437
0 16 0.0023715538732984
0 17 -0.11942094245281584
0 18 0.18022465819206424
0 19 0.030282221376581674
0 20 -0.2224450087040628
0 21 0.03789178981642799
0 22 0.07948641153457583
0 23 -0.06857430978062222
0 24 0.19902879311765437
0 25 -0.028335402599138377
0 26 0.03860373403159234
0 27 0.09695812603104484
0 28 0.013952910540330484
0 29 0.1994585897383306
0 30 0.11174933775446931
0 31 -0.16564501388719347
0 32 0.26528445142649193
0 33 -0.10295848176329012
0 34 -0.053587786941181756
0 35 0.19462916382426118
0 36 -0.11310148775157543
0 37 -0.026427838334884168
0 38 -0.29515441492550265
0 39 0.121803529571097
1 1 0.0
1 2 0.25582322994050954
1 3 0.10013200209019568
1 4 -0.15518508810460313
1 5 0.0457341407947424
1 6 0.003183240518490493
1 7 -0.12944946626745274
1 8 0.19894077357508172
1 9 -0.024145928325734888
1 10 -0.1327961453698762
1 11 0.04239702550234604
1 12 -0.22911896788002775
1 13 -0.20325773375888506
1 14 -0.2955083874144878
1 15 0.03356376814423794
1 16 0.11752714780644853
1 17 -0.019068994068917117
1 18 -0.0072132695677283795
1 19 -0.08763637866020091
1 20 -0.11214760378206264
1 21 0.019493424350749664
1 22 0.11630298717664031
1 23 -0.06350050765245821
1 24 0.1423940468924637
1 25 0.0638073457634223
1 26 0.061311208079402935
1 27 0.02608338331856274
1 28 0.09026535172885981
1 29 0.12166864334111246
1 30 0.17975647353089164
1 31 -0.009195220184248796
1 32 0.3184972876706893
1 33 -0.25071057669890207
1 34 -0.10293656819334181
1 35 0.17950747763271346
1 36 -0.05414619875200153
1 37 0.06754978379507978
1 38 0.014421171463621272
1 39 0.02901065292016154
2 2 0.0
2 3 -0.01463310939097596
2 4 -0.10664288003572786
2 5 -0.030088086614984633
2 6 0.15826196237649442
2 7 0.05925284627561498
2 8 0.21690874625598763
2 9 -0.1430376103016346
2 10 -0.05254266337547168
2 11 0.0010225557096663997
2 12 -0.016248456237909326
2 13 -0.25229462143788056
2 14 -0.08888347251772669
2 15 0.15460645223786945
2 16 0.052761312232205905
2 17 0.14499621767502216
2 18 -0.16007350454658045
2 19 -0.06415062836035806
2 20 0.022624659202606413
2 21 -0.16825293468789787
2 22 -0.07214454648609644
2 23 -0.10835394446063676
2 24 0.12941046020693717
2 25 0.05816594115406883
2 26 -0.1017602738768216
2 27 -0.1287012799545113
2 28 0.0053507787890335855
2 29 -0.13182118435608667
2 30 0.15676955272585427
2 31 0.08685337329041498
2 32 0.018830046633361647
2 33 -0.15731693376758238
2 34 0.05370906536047372
2 35 0.2136536106377401
2 36 0.021247346161121446
2 37 0.03479123082991724
2 38 0.31120068009130947
2 39 -0.16109997406805737
3 3 0.0
3 4 -0.0729766206126791
3 5 0.25174426895828306
3 6 -0.011998267843689746
3 7 -0.005603829745619218
3 8 -0.16238575842800773
3 9 -0.02095238298324212
3 10 0.09385637526380773
3 11 -0.026314088590127137
3 12 -0.01501190915877178
3 13 0.09489658339059304
3 14 -0.006127730655578452
3 15 -0.07245807266348009
3 16 0.04717809698038599
3 17 -0.08187420856190275
3 18 -0.13165258965222554
3 19 -0.20533306948306293
3 20 -0.30630488439794135
3 21 0.045061923573992774
3 22 0.26458306785422436
3 23 -0.1661167963894992
3 24 0.024684638717839408
3 25 0.07033636225122455
3 26 -0.13954026497627517
3 27 0.19470979081283174
3 28 -0.0716893810547944
3 29 0.017391951009917386
3 30 0.11801072839976356
3 31 -0.012347345027399249
3 32 0.038926104072220094
3 33 -0.08178769629676141
3 34 0.07492454987474993
3 35 0.13582470481469816
3 36 -0.03161223657548444
3 37 0.06974189838656839
3 38 0.08138658752698649
3 39 -0.23269268761484177
4 4 0.0
4 5 0.022767327906154357
4 6 0.0691793458628817
4 7 0.045174010894401845
4 8 -0.04758803209122902
4 9 0.04989716223248018
4 10 0.08609953659781602
4 11 -0.06276962867848103
4 12 0.09128672735599054
4 13 0.03376956980778419
4 14 0.19793568115905785
4 15 -0.03808511503448264
4 16 0.0998607270903025
4 17 -0.05977752867357228
4 18 -0.07191625052965657
4 19 0.09202179778627423
4 20 0.20801353320705745
4 21 -0.03260435212958017
4 22 -0.13401252245919332
4 23 0.16924317802939348
4 24 -0.2678784779028341
4 25 -0.028035916127637107
4 26 -0.027874449376669237
4 27 -0.06540906917661694
4 28 0.09934061324802074
4 29 0.0855871149225513
4 30 -0.0185451100113343
4 31 0.08827421949861744
4 32 -0.005727932720974985
4 33 0.19869291492805424
4 34 -0.2123113214865676
4 35 -0.11273646148278775
4 36 0.07400415290616272
4 37 -0.06706477303906558
4 38 -0.021721590832525884
4 39 -0.029988849478760404
5 5 0.0
5 6 0.13397144710468656
5 7 0.029935081582178707
5 8 0.005286453705050508
5 9 0.026097227643894265
5 10 0.14290511065021838
5 11 -0.023299225432853364
5 12 0.05822129557385175
5 13 0.015187348587638603
5 14 0.011438182351231218
5 15 0.01661881130231319
5 16 0.019719520212055308
5 17 -0.000641132163430035
5 18 0.006659778951844773
5 19 -0.056995395867973864
5 20 -0.1848579205784819
5 21 -0.11491341316673387
5 22 0.10881559808369501
5 23 0.025284331912030462
5 24 -0.023017599492432348
5 25 -0.040004816962160225
5 26 -0.11201725904560955
5 27 0.15816483112329435
5 28 -0.10196320529600486
5 29 0.24713520142472878
5 30 0.1214037368812461
5 31 -0.03549417991045671
5 32 0.07569076157966992
5 33 0.053648397711004756
5 34 0.007526446695589927
5 35 0.20980925681842
5 36 0.00016117770962654072
5 37 0.0291038132045151
5 38 0.1511765271900248
5 39 -0.16073721460076812
6 6 0.0
6 7 0.12509857059125729
6 8 0.04620760536383019
6 9 -0.06307258879770514
6 10 -0.03597276383505989
6 11 0.27439167721013424
6 12 0.049275267170440624
6 13 0.018168556922384026
6 14 -0.09809210953740585
6 15 0.14078462171723632
6 16 0.042478984882500306
6 17 0.007520543499460753
6 18 0.14864657162487505
6 19 0.012010734455447413
6 20 -0.0803152547752177
6 21 -0.13200016555212
6 22 -0.04672162347257779
6 23 -0.009235091243804512
6 24 -0.09926045848118677
6 25 0.037668858749077695
6 26 -0.07596102096251935
6 27 0.003933942729463062
6 28 0.03021017789184498
6 29 0.0902662697596081
6 30 0.10387674792948795
6 31 0.13412134934994682
6 32 -0.0789276002240237
6 33 0.03572579249340688
6 34 -0.04478297372926501
6 35 0.13139592758354662
6 36 -0.09551637812086478
6 37 -0.10703918781298564
6 38 -0.0013638988719962956
6 39 -0.0284396867636294
7 7 0.0
7 8 0.02041688748158587
7 9 0.08561107479113496
7 10 -0.13640917838485148
7 11 0.07211597505786758
7 12 0.19900294586802383
7 13 0.059743891394943335
7 14 0.23928846763197825
7 15 -0.07703686086620866
7 16 -0.036662820487549416
7 17 0.14051968459539182
7 18 -0.0005129736983107846
7 19 0.056100240067488524
7 20 0.023586196214457254
7 21 -0.08613797538428174
7 22 -0.17323167680894452
7 23 0.05079069029378468
7 24 0.022282552877121522
7 25 0.07222376281148496
7 26 -0.07324617129820428
7 27 -0.10402305019270122
7 28 -0.12211978461564785
7 29 -0.09585883976094456
7 30 0.08757195533037786
7 31 0.04924147541386224
7 32 -0.03242185263128069
7 33 0.05207823300067695
7 34 -0.08934116583915144
7 35 0.09910149467169752
7 36 0.148736889607497
7 37 -0.05280401534354592
7 38 0.05949187490247261
7 39 -0.10876094591646981
8 8 0.0
8 9 0.09357679371510322
8 10 -0.10803879779546854
8 11 0.016668619678467753
8 12 -0.09608953350249791
8 13 -0.16902042750643523
8 14 -0.1280298924743288
8 15 0.08006824916314584
8 16 0.06660544604927472
8 17 0.05913745854674927
8 18 0.024497235273637914
8 19 0.06335717228569908
8 20 -0.05225062906143405
8 21 -0.023314280416660522
8 22 -0.0938551020610073
8 23 -0.0032123514959004435
8 24 0.11295327682224718
8 25 -0.07101897007787723
8 26 0.04733524547297823
8 27 -0.0414063746714503
8 28 -0.04051039355947724
8 29 0.12333077586587711
8 30 0.08575291881881304
8 31 -0.017581714057751257
8 32 0.1409406758008693
8 33 -0.03729869610285978
8 34 0.02992554369064431
8 35 0.18620994182630646
8 36 -0.04290958408349521
8 37 0.047809280309651786
8 38 0.03367277670003311
8 39 -0.017961548887380194
9 9 0.0
9 10 -0.14615145587585185
9 11 0.06239426307697776
9 12 -0.009894153030064448
9 13 -0.0007440328129622042
9 14 -0.06597843197989042
9 15 -0.0717858906899588
9 16 -0.06422505599295646
9 17 -0.059750874989855776
9 18 -0.07190765271270975
9 19 0.2173677516838754
9 20 -0.09350350475530458
9 21 0.12119093050269052
9 22 -0.07507993210625344
9 23 0.04825705395636
9 24 0.10546467505559301
9 25 -0.04801078789072265
9 26 0.07874445553211543
9 27 0.0506647304904053
9 28 -0.11741445281493576
9 29 0.13202873659303788
9 30 -0.133990448195037
9 31 -0.13724441933735204
9 32 -0.02544573154771147
9 33 0.11429352199175043
9 34 0.005877057411973315
9 35 -0.07768336495737585
9 36 -0.157479856624691
9 37 -0.11296322034501975
9 38 -0.05652497995432506
9 39 -0.07841398883237163
10 10 0.0
10 11 -0.14650324793541
10 12 -0.08528350886163605
10 13 0.023706253989453155
10 14 0.04234703778155948
10 15 0.03608559409457262
10 16 0.11608511678301145
10 17 -0.12638760503278096
10 18 -0.07260903884495157
10 19 -0.040715345666368724
10 20 0.10882920419930468
10 21 -0.10487926370334485
10 22 0.16325140037399666
10 23 0.038068603795715826
10 24 -0.14668761988750478
10 25 0.016184749446505938
10 26 -0.09421866974863799
10 27 0.15046390277279
10 28 0.02308154187229838
10 29 0.16297609450521883
10 30 0.013664829352004155
10 31 0.11081813284117356
10 32 -0.008532816298412875
10 33 -0.004645572315353713
10 34 0.03933635580671187
10 35 0.022030495467205036
10 36 0.1220817458915688
10 37 0.04325263550707695
10 38 0.14296346991950853
10 39 -0.1091313768718436
11 11 0.0
11 12 0.027060659484839433
11 13 0.07426646939962125
11 14 -0.1791709144226198
11 15 -0.06272105295048219
11 16 -0.05303749901235759
11 17 -0.04686181146712323
11 18 0.07773984703970246
11 19 0.1162016629072666
11 20 -0.09092251375338845
11 21 0.02919773123599398
11 22 0.0479955807751495
11 23 -0.1304518009844861
11 24 0.04073964266468395
11 25 0.170630911334302
11 26 0.03195158039573351
11 27 0.02297802271385063
11 28 -0.10197169827899384
11 29 0.0017417407247926312
11 30 0.0034992486599335327
11 31 -0.07788534538121769
11 32 -0.06679022920551679
11 33 -0.03133557293063583
11 34 -0.0511148247240548
11 35 -0.0995147381279389
11 36 -0.09453103685159261
11 37 -0.16794448345191842
11 38 -0.1683326834741715
11 39 0.014721482710351456
12 12 0.0
12 13 0.1262888280553201
12 14 0.28106374807812073
12 15 -0.1359873784179176
12 16 -0.21094156172906123
12 17 0.19025245537064958
12 18 0.05019853120577376
12 19 0.14114684860650825
12 20 -0.1268400129317241
12 21 -0.05861865233419057
12 22 -0.14753112255616033
12 23 0.12854341258109173
12 24 -0.024304805964629604
12 25 0.04930757717268051
12 26 -0.08669399575194196
12 27 -0.1650403774687744
12 28 -0.21878081905855312
12 29 -0.1494321345918052
12 30 -0.003414245335207541
12 31 -0.041619509585753334
12 32 -0.22596877187479197
12 33 0.1945114615740348
12 34 0.0327875030296743
12 35 -0.03285641024067295
12 36 0.10350002838656396
12 37 -0.19538996238807527
12 38 -0.0330306506376101
12 39 -0.09928904748606387
13 13 0.0
13 14 0.14223169555675316
13 15 -0.11026905463105763
13 16 -0.04623362737982846
13 17 -0.03523223135501809
13 18 0.0872609996011635
13 19 0.08406185970369665
13 20 -0.048345547543726566
13 21 0.002264845296453475
13 22 0.1031333424101403
13 23 -0.016948046410105545
13 24 -0.09559629220160909
13 25 0.04225940633383067
13 26 -0.04434760673782284
13 27 -0.02466688449207266
13 28 0.02391629387736118
13 29 -0.054526660559492214
13 30 0.023023950890723323
13 31 0.03220644223783388
13 32 -0.1353336986071419
13 33 0.047486898881775576
13 34 -0.06650412056602786
13 35 -0.15372288902374237
13 36 0.10788095809159112
13 37 -0.028963543963447646
13 38 -0.08376889576693694
13 39 0.018574576574089483
14 14 0.0
14 15 -0.17103997588635064
14 16 -0.0037887527076890365
14 17 0.06376871651527154
14 18 -0.11002682498801616
14 19 0.03437631503944197
14 20 0.16615181601501666
14 21 -0.12669626181467558
14 22 -0.2662052626846585
14 23 0.11127109464889484
14 24 -0.20519987680669036
14 25 0.013059371519600885
14 26 -0.10815532150009315
14 27 -0.15756717330030529
14 28 -0.013853615968670092
14 29 -0.17644443784156513
14 30 0.07385043258383224
14 31 0.017435814409729845
14 32 -0.0013010802985005635
14 33 0.1536937189707559
14 34 -0.14397245105504713
14 35 0.014373655264282395
14 36 0.26297938121526004
14 37 0.09096373433044605
14 38 0.09754205877884967
14 39 -0.08202969071150296
15 15 0.0
15 16 0.12539837924938077
15 17 0.07358332574436015
15 18 0.06336547202401405
15 19 -0.045877985179840736
15 20 -0.009112889189869636
15 21 -0.063597399311784
15 22 0.007824960210310268
15 23 -0.11203685796214384
15 24 0.07103081386804751
15 25 -0.1278599386444112
15 26 0.08342517032043043
15 27 -0.013434828876566343
15 28 0.10363597733861052
15 29 -0.027527407500328765
15 30 0.024390029040639437
15 31 0.14184396837309157
15 32 -0.11201702267623503
15 33 -0.055491291235994
15 34 0.12321974716924941
15 35 0.1303228979100161
15 36 -0.07006291787723798
15 37 0.003237376541826564
15 38 0.2758451325015939
15 39 0.09875986393561172
16 16 0.0
16 17 -0.11489298591177104
16 18 -0.012480756941671469
16 19 0.0018309600709345737
16 20 0.09823917421897665
16 21 -0.11855738598473635
16 22 -0.014757243288342376
16 23 -0.05355751702435618
16 24 -0.0777628192028357
16 25 0.0703611706993468
16 26 0.020516060863509527
16 27 0.05864043458197461
16 28 0.12801940354952862
16 29 0.11749270624413537
16 30 0.18747658339292958
16 31 0.21067809423319575
16 32 0.11906311928275386
16 33 -0.055995171517037465
16 34 -0.04371097713693532
16 35 0.02126337177682004
16 36 0.27115022635008673
16 37 0.06638715641942036
16 38 0.15099209080941542
16 39 0.0042567089334274305
17 17 0.0
17 18 0.01733296614911215
17 19 -0.08934151850008362
17 20 -0.002880326873103074
17 21 -0.04774554812476476
17 22 -0.10967684016594428
17 23 0.0914674902117545
17 24 0.0745743801029675
17 25 -0.1319646571781283
17 26 0.061115176638373445
17 27 -0.16938125145201202
17 28 -0.09246323838896287
17 29 -0.17868889432306895
17 30 0.004477471662009816
17 31 0.0012086726739381367
17 32 -0.12736932233824577
17 33 0.07455177215530731
17 34 0.05760331561328743
17 35 0.12752127717883893
17 36 0.009483141521273025
17 37 0.009476980284881672
17 38 0.2380250721930727
17 39 0.015402170900841339
18 18 0.0
18 19 0.0038508319837029558
18 20 -0.14080238296599998
18 21 0.022040915735483647
18 22 0.03605942993591417
18 23 0.05746197135508794
18 24 0.03720147069435119
18 25 -0.036646142755446906
18 26 0.016930905744476595
18 27 0.06981429774193229
18 28 0.01658091471404704
18 29 0.08055559447612672
18 30 0.05820029079880847
18 31 0.11890292434543086
18 32 -0.029941123239466006
18 33 0.001463588330921723
18 34 0.10416435935043655
18 35 -0.02191699231134115
18 36 0.04923918437769275
18 37 -0.01883677410508812
18 38 -0.2520245143776645
18 39 0.17328287544802173
19 19 0.0
19 20 0.007319397812345746
19 21 -0.025260956433345673
19 22 -0.054896322888452774
19 23 0.000005355378868015046
19 24 0.037485007762406646
19 25 0.10778379730160112
19 26 0.026009386659219664
19 27 -0.11026262840214293
19 28 -0.024492734160070095
19 29 0.058705206696759306
19 30 -0.020041714622091422
19 31 -0.02982674805881625
19 32 -0.07339122558803418
19 33 0.035498207877437536
19 34 -0.0909973890518979
19 35 -0.10363529799608925
19 36 0.06849310844478539
19 37 -0.2087703073145278
19 38 -0.07013293014545262
19 39 -0.01721114636317591
20 20 0.0
20 21 -0.0769975708363045
20 22 -0.11699479684244996
20 23 0.12066641477289478
20 24 -0.19450723632877542
20 25 0.023332935015095042
20 26 0.035285611318670564
20 27 -0.11899727668917785
20 28 0.1807251457533269
20 29 -0.07858283880364446
20 30 -0.054044183461877705
20 31 0.09209285785777306
20 32 0.02888652552306578
20 33 0.042065719814881566
20 34 -0.27822558874490233
20 35 -0.2332920829352632
20 36 0.1975207268377107
20 37 0.01822814902092046
20 38 0.10928086130143669
20 39 0.09519651597805119
21 21 0.0
21 22 0.09139187900583147
21 23 -0.03741835835723332
21 24 0.06390742672695694
21 25 -0.06903254918639577
21 26 0.10278867290407971
21 27 0.12258420861850905
21 28 0.000777146694171188
21 29 -0.1348550925094379
21 30 -0.14856450872635876
21 31 -0.035585041629086725
21 32 0.004719692199889175
21 33 -0.04283570607527818
21 34 0.08824887828615688
21 35 -0.10663713215337549
21 36 -0.268744500218539
21 37 0.012113530277402269
21 38 -0.32466314786061834
21 39 0.0988589844999392
22 22 0.0
22 23 -0.16096991044018422
22 24 0.11959578125027323
22 25 0.07497284640671534
22 26 -0.08216562841035435
22 27 0.2178075688881241
22 28 0.0570535387755702
22 29 0.1025861837445156
22 30 0.04539860432819967
22 31 0.006901137180473018
22 32 0.012816089665511034
22 33 -0.17681982841535293
22 34 0.007029456680679834
22 35 -0.10999173513474678
22 36 0.011263980934247202
22 37 -0.01620778479181028
22 38 -0.05995672708326914
22 39 -0.011516588330266518
23 23 0.0
23 24 -0.10178431576982847
23 25 -0.11596416470803032
23 26 0.020776755161339255
23 27 -0.08767774387457195
23 28 0.06311476599289215
23 29 0.10143420328171975
23 30 -0.08332302189615327
23 31 0.07946891469727048
23 32 0.012262078665707447
23 33 0.2050048759447106
23 34 -0.06635049528800216
23 35 0.07574398790538102
23 36 0.04456088431737666
23 37 -0.08269273111787138
23 38 -0.10866068794287245
23 39 0.007376472678874056
24 24 0.0
24 25 0.03527818909705617
24 26 0.013363569825415072
24 27 0.09911809376678901
24 28 -0.04396904322877918
24 29 -0.11017951580045034
24 30 0.008324927923842023
24 31 -0.09832611826256535
24 32 -0.00905870050730392
24 33 -0.11246231142221311
24 34 0.2263842743267946
24 35 0.084849262747024
24 36 0.040379016970556195
24 37 -0.09143286124468701
24 38 -0.009606941051892835
24 39 0.029434121367553318
25 25 0.0
25 26 -0.09467335455183444
25 27 0.04710334661302729
25 28 -0.03194394753627443
25 29 -0.008951360339021119
25 30 0.09528312714581103
25 31 0.027230855999242916
25 32 0.043020276166616904
25 33 -0.12474077369155778
25 34 -0.0764662806656112
25 35 -0.1289757799854831
25 36 0.22264075141694875
25 37 -0.10942316479812833
25 38 -0.06580947779453661
25 39 -0.07245898345103789
26 26 0.0
26 27 -0.11087706350759705
26 28 -0.011345583858749756
26 29 -0.0698865033685899
26 30 -0.09392718622393206
26 31 -0.017288120753635
26 32 -0.035351848145828486
26 33 -0.017858363229161275
26 34 -0.007258881044458994
26 35 0.022822078065255248
26 36 -0.14373912961898505
26 37 -0.04142169354837368
26 38 0.02197850368279556
26 39 0.1464274050053072
27 27 0.0
27 28 -0.04672172807117232
27 29 0.15778202632487942
27 30 0.02048233180923445
27 31 0.02193617540445127
27 32 0.07683360022283525
27 33 -0.00017485316156721608
27 34 0.26083265391493593
27 35 -0.16074096448752478
27 36 0.06362810951972049
27 37 0.11683550631168074
27 38 -0.12378379201344503
27 39 -0.028203146107220765
28 28 0.0
28 29 -0.06820700547466634
28 30 0.03150175229831096
28 31 0.15279923645621382
28 32 0.08584082883812513
28 33 -0.054666280708534444
28 34 -0.16199944691946142
28 35 -0.022686630266180775
28 36 0.048934471046561054
28 37 0.04560807208028996
28 38 -0.025357077360120345
28 39 0.17833135643744713
29 29 0.0
29 30 0.05286896551214167
29 31 -0.04779226322202641
29 32 0.20526620961175407
29 33 0.06151602212110652
29 34 -0.08500375297738307
29 35 0.06171865427889487
29 36 -0.0016050397025782481
29 37 -0.00020012167635836525
29 38 -0.054488287387200594
29 39 -0.11425369402126642
30 30 0.0
30 31 0.13091986391274438
30 32 0.15566802955911657
30 33 -0.11271595771824383
30 34 -0.08497769472121262
30 35 0.11524684793515275
30 36 0.2881220438051221
30 37 0.08997926527343479
30 38 0.09910284302288533
30 39 -0.046596912744375545
31 31 0.0
31 32 -0.061986646437152224
31 33 -0.06326459050693811
31 34 0.03689883847216642
31 35 0.00837084025859579
31 36 0.21080999175334902
31 37 0.012189593197375479
31 38 0.04140487171394135
31 39 0.03486656235042977
32 32 0.0
32 33 -0.13961035382368536
32 34 -0.19341388399553788
32 35 0.1836182351976593
32 36 0.03320425291970827
32 37 0.1688659602629045
32 38 -0.13289125709050442
32 39 -0.0025543929639105837
33 33 0.0
33 34 0.046177649927908515
33 35 -0.12592473738651797
33 36 0.03158709075269782
33 37 -0.05249280555306276
33 38 0.007821827901317878
33 39 -0.026692126847699095
34 34 0.0
34 35 0.04880586281081832
34 36 -0.05213042620824178
34 37 0.07536411815791112
34 38 0.03049708904520884
34 39 -0.0300754002248046
35 35 0.0
35 36 -0.24554636111818903
35 37 0.06323963941807778
35 38 0.18868223428302672
35 39 -0.13380617034934633
36 36 0.0
36 37 0.012399212955314237
36 38 0.15395782781486406
36 39 -0.013719410489844477
37 37 0.0
37 38 0.10964456504664696
37 39 0.011134496100353247
38 38 0.0
38 39 -0.1450528098367196
39 39 0.0
