0 0 0.0
0 1 -0.056202454569769425
0 2 0.04291927971054095
0 3 -0.06382465427645842
0 4 -0.01308346312461712
0 5 -0.056414810131396154
0 6 -0.06284158229502958
0 7 -0.03809743516847316
0 8 0.12934419140111775
0 9 0.09246353141637689
0 10 0.07236454247307642
0 11 0.006289658626688293
0 12 0.04844676645644162
0 13 0.061751582654296755
0 14 -0.021978223443881777
0 15 0.09524196660076352
0 16 -0.07806140492020067
0 17 -0.021541874938623477
0 18 -0.14380195036650786
0 19 0.045683329494348376
0 20 0.044144154182717325
0 21 -0.04736000764827133
0 22 0.07119435401133387
0 23 0.08119568062109814
0 24 -0.006663972002803206
0 25 0.14652421917737776
0 26 -0.10466180779465153
0 27 0.042357234401117376
0 28 -0.017360523501650918
0 29 -0.00885641939385977
0 30 0.12950736716259342
0 31 -0.02176112026032857
0 32 0.0655025912263447
0 33 0.06548577941209825
0 34 -0.004871910268517559
0 35 0.02469187313577547
0 36 -0.009303269194150317
0 37 0.037092277564973006
0 38 0.11506587531606119
0 39 -0.09668336702417525
1 1 0.0
1 2 -0.06589569530085396
1 3 -0.003643022008405826
1 4 0.12131052989564653
1 5 0.06791879709453032
1 6 0.022062340441668975
1 7 0.12473121676525031
1 8 0.009801960022700399
1 9 -0.018257434571278184
1 10 -0.10410566147019584
1 11 0.18192550818057426
1 12 0.16507082960517502
1 13 -0.028473136549254215
1 14 -0.1141038210751881
1 15 -0.12459908525319721
1 16 0.03716602968745776
1 17 0.06690739125624937
1 18 0.1302740528336845
1 19 -0.17522593980192278
1 20 0.1215756459600404
1 21 0.11042994957980883
1 22 0.028628337354596307
1 23 0.037511715906223195
1 24 -0.00022962297504283967
1 25 0.04446124976103165
1 26 0.11585701514576596
1 27 -0.052437456812380434
1 28 -0.0013273881780030985
1 29 0.05238856431136588
1 30 -0.15619851919505312
1 31 -0.1458232014552709
1 32 -0.016612656088206085
1 33 -0.1161969139587036
1 34 0.023566012002342537
1 35 0.09359945375089535
1 36 0.09340365980385969
1 37 -0.10640599612770052
1 38 -0.2924595485152965
1 39 0.0422656409130969
2 2 0.0
2 3 -0.10925633034543325
2 4 -0.1350147408343207
2 5 -0.019757143477270808
2 6 -0.035331018326388776
2 7 0.021333974889330094
2 8 0.09677033541611436
2 9 0.05098834078746474
2 10 -0.023768184680313144
2 11 0.00024522082609952417
2 12 -0.0927499914708442
2 13 -0.02612520236821189
2 14 -0.05287987423022748
2 15 0.11998967339733498
2 16 -0.0790821029063015
2 17 -0.11609039309995432
2 18 -0.03212701486367987
2 19 0.06358600484946983
2 20 -0.05613500019014879
2 21 -0.1733191381346237
2 22 -0.0159392507784113
2 23 -0.1608679804220374
2 24 0.013145706961889584
2 25 -0.016855520167043243
2 26 -0.007752035859375892
2 27 0.035230289299173115
2 28 0.00223205947324935
2 29 0.02793700684767465
2 30 -0.002478755808591763
2 31 0.140355503287672
2 32 -0.025554675296813156
2 33 0.05237607321906319
2 34 -0.004189466193095692
2 35 -0.06532678721211309
2 36 0.05240036072559512
2 37 0.05439706725984854
2 38 0.03623375442999417
2 39 -0.011667872409942494
3 3 0.0
3 4 0.06725431839119525
3 5 0.04309855072016815
3 6 0.047135354902170176
3 7 -0.10270474875759524
3 8 -0.07271110784949553
3 9 -0.09885903201826873
3 10 -0.0024225614331386336
3 11 -0.10674695949935673
3 12 0.003358175630577883
3 13 -0.05728223504242276
3 14 0.18535254834842932
3 15 -0.12535329612460283
3 16 -0.0038958038482386644
3 17 0.09097220950515719
3 18 0.02504914950206985
3 19 -0.14692684760543953
3 20 0.01105022950862818
3 21 0.2260013296852653
3 22 -0.006432762979249822
3 23 0.03514237007293633
3 24 -0.0034948746053716007
3 25 -0.03815867520083148
3 26 -0.06532834999328699
3 27 0.04261043435881871
3 28 0.05355057299846564
3 29 -0.06910890904796631
3 30 0.03369202750489064
3 31 -0.1936553049890843
3 32 0.08358845324354906
3 33 -0.02555744998796149
3 34 -0.01157550223543781
3 35 -0.030706505932213236
3 36 -0.12149370296549322
3 37 -0.06667191883848127
3 38 0.18343177223787238
3 39 0.04619495509709115
4 4 0.0
4 5 0.06696348155184903
4 6 0.018578263325049738
4 7 -0.02346897240326326
4 8 -0.1661197132843628
4 9 0.05322598177243828
4 10 -0.03886722294392962
4 11 -0.05311794398455394
4 12 0.12129959508990036
4 13 -0.00012055644094379804
4 14 0.02555516827796712
4 15 -0.16311205249318342
4 16 0.04747346325196504
4 17 0.019455459255224825
4 18 0.06659647489098028
4 19 -0.16733415334159513
4 20 0.000819390160321258
4 21 0.12010297080144813
4 22 -0.06458312490871085
4 23 0.2098054312332147
4 24 0.08999741563742322
4 25 0.08658663559439396
4 26 0.06450721442970811
4 27 0.05057787864567827
4 28 0.08551299758652126
4 29 -0.013130510081604933
4 30 0.06162772206938618
4 31 -0.18082216265188897
4 32 -0.028912995231100434
4 33 -0.04912823516147804
4 34 0.06171548987054282
4 35 0.07243064035569462
4 36 -0.01874360161126889
4 37 0.11266547889911907
4 38 -0.11639349753717783
4 39 -0.01551452601230414
5 5 0.0
5 6 0.11571049490328152
5 7 -0.09207430585585277
5 8 -0.08759373611873884
5 9 0.018574215070380665
5 10 -0.09787644342177193
5 11 -0.0003167637918810858
5 12 -0.0030091647354533275
5 13 0.04001304196030495
5 14 -0.17684161627168374
5 15 -0.07084656127401363
5 16 -0.018948236760286563
5 17 -0.11565994155615648
5 18 -0.0018004027687838022
5 19 -0.0389563937292982
5 20 0.11869083718279116
5 21 0.027903838520963776
5 22 -0.0783658411360975
5 23 0.07206392030231767
5 24 0.10891602198950723
5 25 -0.0710068493244713
5 26 0.04103755182024512
5 27 -0.0859913218656464
5 28 0.0630754662496701
5 29 -0.04086831433603218
5 30 -0.049267393077247375
5 31 -0.06704449317585735
5 32 -0.06355763377367732
5 33 0.02562367743581981
5 34 -0.08328258212455439
5 35 -0.001369861541045514
5 36 -0.08250951250924984
5 37 -0.04145163126561315
5 38 -0.08857771135519144
5 39 0.05546575931839705
6 6 0.0
6 7 -0.10641581015051241
6 8 -0.1807600459801075
6 9 -0.03685927409896429
6 10 -0.07271298039066137
6 11 -0.004864112404954777
6 12 -0.014204432272338197
6 13 0.0676637324172364
6 14 -0.11542234826481637
6 15 -0.08218382181775284
6 16 -0.03558014844607761
6 17 -0.09401201871902534
6 18 0.010320170275219174
6 19 -0.010668459365408105
6 20 0.08223975161178641
6 21 0.0885940545694495
6 22 -0.04479867142777602
6 23 0.11186401719860047
6 24 0.05437826800673815
6 25 -0.04928587779315848
6 26 0.07972182293065558
6 27 -0.17058645853788432
6 28 0.012965810921177217
6 29 -0.11590838995062673
6 30 0.0010404011145954913
6 31 -0.0725712288141176
6 32 0.026117584187660175
6 33 -0.03488976773718554
6 34 -0.01774335087065358
6 35 -0.0047689493980098896
6 36 -0.11305973405795448
6 37 -0.13123271996934482
6 38 -0.06485969670410961
6 39 0.1302738912688198
7 7 0.0
7 8 0.15625586554611876
7 9 -0.020876501695030553
7 10 0.004814398496383915
7 11 0.16223930007538373
7 12 0.09316990954388092
7 13 -0.08752541696771453
7 14 0.0673118114389686
7 15 0.009939623191438748
7 16 0.047209906452308395
7 17 0.09986636325460296
7 18 0.14326460259985402
7 19 0.03679483702583587
7 20 0.0020088444792010487
7 21 -0.036365349478065204
7 22 0.04413548472816774
7 23 -0.11526815814500832
7 24 -0.053548023152203805
7 25 -0.0005479947683891342
7 26 0.03026654836071337
7 27 0.089597383683258
7 28 -0.06828562514215324
7 29 0.17297438505139012
7 30 -0.11283506239616378
7 31 0.1244874300997667
7 32 -0.08364636003452555
7 33 -0.08754065210683079
7 34 0.04755788539543461
7 35 0.03840429391944841
7 36 0.18940081789905674
7 37 0.05240775478271893
7 38 -0.12220923001001163
7 39 -0.048059894636577796
8 8 0.0
8 9 0.04025263482713402
8 10 0.045660740380475656
8 11 0.11591244331534453
8 12 0.02435303767551644
8 13 -0.05392151268690661
8 14 0.051510027344850676
8 15 0.12447369538828176
8 16 -0.02753580524843722
8 17 0.07087362412238765
8 18 -0.03290559159292665
8 19 0.10510698245293497
8 20 0.034017497575806604
8 21 -0.09059500175443821
8 22 0.09882287751859639
8 23 -0.18577302407558577
8 24 -0.013951029044681956
8 25 0.007335220568421412
8 26 -0.1152062136203261
8 27 0.1551293510232459
8 28 -0.0822394916349454
8 29 0.157343965613662
8 30 -0.047908602781362546
8 31 0.11671622901165087
8 32 0.019256771943601286
8 33 0.04154801648452543
8 34 -0.05342126815886065
8 35 -0.011831788536916958
8 36 0.11891734121560389
8 37 0.05052194447211912
8 38 0.12089125662138396
8 39 -0.12903882626709434
9 9 0.0
9 10 -0.04580050678722079
9 11 -0.12085162703428284
9 12 0.03125816574712461
9 13 0.12465573273176658
9 14 -0.08894651589458226
9 15 0.05709493487719171
9 16 0.007986538082972727
9 17 -0.1491572542006256
9 18 -0.009927554664619297
9 19 0.10927473905696086
9 20 -0.05705514158621432
9 21 -0.15312116551268032
9 22 0.006083621692477592
9 23 -0.10605179018272526
9 24 0.153010801140359
9 25 -0.013743490857941723
9 26 -0.110105592053347
9 27 -0.055491987624346116
9 28 -0.08064615492718227
9 29 0.011822663021395069
9 30 0.01809995957371341
9 31 -0.05447668977541564
9 32 0.10369324816251532
9 33 0.004530648761512593
9 34 -0.016600428800045437
9 35 0.03889516502378232
9 36 0.012911925737983951
9 37 0.18530820432701406
9 38 0.04806661313127877
9 39 -0.10775838143526437
10 10 0.0
10 11 0.018175092197760322
10 12 0.009745330788982615
10 13 0.04996594331810816
10 14 0.12667360876166048
10 15 0.10935799202045629
10 16 -0.011642913614072829
10 17 0.09300495613249446
10 18 -0.04368433260572949
10 19 0.0918976797854159
10 20 -0.004308854854649083
10 21 0.03163491025050427
10 22 0.0859180993475628
10 23 0.09215887412854715
10 24 -0.12649296265668386
10 25 0.03269070270888809
10 26 -0.08683448110601441
10 27 -0.015307780072582858
10 28 -0.12582391581087454
10 29 0.02961895598503972
10 30 0.1076176956165829
10 31 0.05234109859519988
10 32 0.043673321278616124
10 33 0.04714662501746996
10 34 0.04125899868687271
10 35 -0.023163460951106808
10 36 0.05400376418182425
10 37 -0.08201866442525602
10 38 0.044702445627598564
10 39 -0.020670821006362975
11 11 0.0
11 12 0.07821597714053961
11 13 -0.03596207880615491
11 14 -0.08860710424997129
11 15 0.01646731958234319
11 16 0.0005678916316825878
11 17 0.1025574856176525
11 18 0.028729864352077715
11 19 -0.0062959600210439086
11 20 0.14785454400525408
11 21 0.05660488948853755
11 22 0.057172487249955696
11 23 0.06542569544514147
11 24 -0.08760738282830341
11 25 0.04041533472129664
11 26 0.0846682180505539
11 27 -0.0007360955744357816
11 28 -0.06634732646242422
11 29 0.10107830093146168
11 30 -0.09089896414513106
11 31 0.08713870472940365
11 32 -0.08292846143488078
11 33 -0.013292128858334229
11 34 -0.011770740539342553
11 35 0.020567511264868953
11 36 0.1231309981556864
11 37 -0.16289352832520645
11 38 -0.21101280813377127
11 39 0.030119814109040445
12 12 0.0
12 13 0.04084029142331452
12 14 0.0011332579878465458
12 15 -0.09044332233293431
12 16 0.05014662204566448
12 17 0.09131046164954601
12 18 0.08240440101326357
12 19 -0.01992071500845256
12 20 0.11458199057910483
12 21 0.09043890983023181
12 22 0.07047876791777818
12 23 0.11838106113727367
12 24 -0.011451150629629151
12 25 0.058240391381390345
12 26 0.00504152456729114
12 27 -0.04837290511353177
12 28 -0.027548588723299815
12 29 0.04934330394093509
12 30 -0.04549682552347876
12 31 -0.12142920400492196
12 32 0.00784883006659407
12 33 -0.11142501741496309
12 34 0.029075714004955504
12 35 0.1345393315071276
12 36 0.04257103492962297
12 37 -0.020088505251375132
12 38 -0.12776785107675245
12 39 -0.03657478739825322
13 13 0.0
13 14 -0.15781859067029486
13 15 0.07281559373643395
13 16 0.0420675110058881
13 17 -0.07898954110691618
13 18 -0.06537204332295606
13 19 0.12508273784585414
13 20 0.05276767935400032
13 21 -0.01617176579592333
13 22 0.04414746323473616
13 23 0.0940161525856853
13 24 -0.029064201005942803
13 25 0.002954984931955688
13 26 -0.12111755675002027
13 27 -0.26977277374380293
13 28 -0.15815730593832356
13 29 -0.08244035285147047
13 30 0.02721184952180337
13 31 -0.07088931029693049
13 32 0.08249556544899866
13 33 0.015074451065368422
13 34 -0.03291358391315478
13 35 0.04684691303321476
13 36 -0.04155337328922847
13 37 -0.08047694330856475
13 38 -0.04818082639717731
13 39 -0.009335090747317603
14 14 0.0
14 15 -0.04594267203316859
14 16 -0.07988497047846868
14 17 0.2120191672252644
14 18 0.12651635738403832
14 19 0.020464896607120555
14 20 -0.11726859690238181
14 21 0.12267875842609015
14 22 0.09267722567087631
14 23 -0.06509114338923157
14 24 0.07233059363126977
14 25 -0.08048103729869688
14 26 0.02726529275910449
14 27 0.33265257934765113
14 28 -0.0184646242584764
14 29 0.14761328525525078
14 30 0.13802274789746727
14 31 0.002556889259905033
14 32 0.1712183614074037
14 33 -0.040786017543954625
14 34 0.11998294038044932
14 35 -0.068629311604537
14 36 0.06925930649902248
14 37 0.07073962949567122
14 38 0.2550992194173666
14 39 -0.018555548230733472
15 15 0.0
15 16 -0.05346315142088444
15 17 -0.08274208292918138
15 18 -0.09077926255856342
15 19 0.13245086954672358
15 20 -0.06391122653813044
15 21 -0.15697864037385503
15 22 0.04250706466820359
15 23 -0.09557289678306433
15 24 -0.12590919221093327
15 25 0.021571711705195895
15 26 -0.14100054672789497
15 27 -0.08016947559504208
15 28 -0.16065005091017168
15 29 0.016092535644988307
15 30 0.06364607308395683
15 31 0.15920901417375147
15 32 0.01053331864051826
15 33 0.10802528152820183
15 34 0.008217200187604922
15 35 -0.08753966876943906
15 36 0.0976437036946934
15 37 -0.03549313001396837
15 38 0.0346946600428735
15 39 -0.03133512958421429
16 16 0.0
16 17 0.08068172839655767
16 18 0.0006886206519722933
16 19 -0.012296891056698315
16 20 -0.019906552818123167
16 21 0.03889690756935117
16 22 -0.020226092579353046
16 23 0.009974677747948545
16 24 -0.08763915905113588
16 25 0.02648111583273503
16 26 -0.07195421239588087
16 27 -0.09794544191283719
16 28 -0.026030497477564706
16 29 -0.03645878437893901
16 30 -0.1056027338454911
16 31 -0.04147053087779849
16 32 -0.06470063135265997
16 33 -0.04526131629974158
16 34 -0.0448092575933572
16 35 0.08603188066219769
16 36 -0.0286608454286079
16 37 0.04083527771979692
16 38 -0.04666240120553679
16 39 -0.0583578453226679
17 17 0.0
17 18 0.035659038208721044
17 19 -0.03592392575360057
17 20 0.0405664525777799
17 21 0.18813592336408355
17 22 0.10062588030421257
17 23 0.07393451831355949
17 24 -0.06867362303035171
17 25 0.02408376558150182
17 26 0.023935192986588825
17 27 0.14290397162582175
17 28 -0.02794679301661502
17 29 0.08345731707808393
17 30 -0.019910420448040124
17 31 -0.04596061563726789
17 32 0.05235628569683544
17 33 -0.047868878994406554
17 34 0.01418384447496035
17 35 0.049598245421469137
17 36 0.03366630457613394
17 37 -0.07501141074410464
17 38 0.03561874012508297
17 39 -0.03320551690563521
18 18 0.0
18 19 -0.010610186299595082
18 20 -0.008481111684756458
18 21 0.025327796861695284
18 22 0.010508823629746509
18 23 -0.07928536087631277
18 24 0.05240166338923994
18 25 -0.10521950520008974
18 26 0.11000916243196016
18 27 0.023856784317300987
18 28 -0.020308858062731895
18 29 0.11224343209044459
18 30 -0.08939815188731652
18 31 -0.00413415635084008
18 32 -0.006596966293275705
18 33 -0.13861340352759335
18 34 0.08568504218230817
18 35 0.029044137648366542
18 36 0.11492498471884897
18 37 0.01613551624324156
18 38 -0.14232784835864382
18 39 0.05171379093232263
19 19 0.0
19 20 0.03130724909272074
19 21 -0.13459878580432985
19 22 0.08645463024645725
19 23 -0.07756373371450967
19 24 0.08883705632168337
19 25 -0.14849297500559552
19 26 -0.07341181598594158
19 27 -0.05502140438224069
19 28 -0.18325028368922758
19 29 0.09641045761788639
19 30 0.017565279241844978
19 31 0.16262589649344347
19 32 0.08671624975350642
19 33 0.03095146877444993
19 34 -0.05126605876507926
19 35 -0.004747835274706877
19 36 0.03733106691866164
19 37 0.020873512162585185
19 38 0.08923218047638945
19 39 -0.05743879879456587
20 20 0.0
20 21 0.10767522790044373
20 22 0.051110007238154745
20 23 0.16599891976478234
20 24 0.02746874891493307
20 25 -0.0169067841998884
20 26 0.04114324738723932
20 27 -0.07754396668601185
20 28 -0.004046353665747556
20 29 0.02349884875095832
20 30 -0.05471057826541427
20 31 -0.059474265492929355
20 32 -0.02478804701776913
20 33 -0.018540599688887154
20 34 -0.07672713909645504
20 35 0.07022723590265831
20 36 -0.03652641716237243
20 37 -0.16227753867365105
20 38 -0.10938838412124337
20 39 0.03063980327884494
21 21 0.0
21 22 0.04134380842790952
21 23 0.20123623111933986
21 24 -0.02956311316394769
21 25 0.019823734563489587
21 26 0.014639582068061052
21 27 0.0020174127299092907
21 28 -0.01682494533908607
21 29 -0.0404453891713754
21 30 0.023413282798411702
21 31 -0.19734737710467642
21 32 0.08427962829756766
21 33 -0.04681260939939257
21 34 -0.0036180464613462795
21 35 0.023568703217673608
21 36 -0.07841710885231788
21 37 -0.17395107475608237
21 38 0.018399267902434683
21 39 0.0635757934005526
22 22 0.0
22 23 0.0033882274708746745
22 24 -0.021815108583480715
22 25 -0.007407297333823941
22 26 -0.035943707978643484
22 27 -0.009496469522782785
22 28 -0.12187475880614229
22 29 0.059602479819791845
22 30 0.014582829765538773
22 31 -0.027168368537346287
22 32 0.13176790614416564
22 33 -0.024607246323584513
22 34 0.017686371494464274
22 35 0.028874469411717153
22 36 0.05485285664948829
22 37 -0.09317286371775377
22 38 0.023147692618569773
22 39 -0.02261628955338713
23 23 0.0
23 24 -0.06661839511142742
23 25 0.14084666245768981
23 26 0.06716099055802113
23 27 -0.1019632788638066
23 28 0.044172736097228285
23 29 -0.09426101382926641
23 30 0.13054213851286295
23 31 -0.12929741599011368
23 32 -0.052784128472073144
23 33 0.014810346526684472
23 34 0.020209856227651583
23 35 0.0789430607466747
23 36 -0.09363616002046082
23 37 -0.15306551923172207
23 38 -0.1520350488560404
23 39 0.05505519371421571
24 24 0.0
24 25 -0.16882378139705642
24 26 0.1408949364919428
24 27 0.23681990266785324
24 28 0.07585265387571849
24 29 0.10431772304791842
24 30 0.0260205578824038
24 31 -0.054747908350303555
24 32 0.1541932011998121
24 33 0.010279654969467821
24 34 -0.05925397454763701
24 35 -0.010973218822480129
24 36 -0.060381494049213336
24 37 0.18427252635472754
24 38 0.12159303026496475
24 39 -0.0351845150581472
25 25 0.0
25 26 -0.05115462117340138
25 27 -0.019610766747026213
25 28 0.05781160259523951
25 29 -0.08458715577384522
25 30 0.06638539649389655
25 31 -0.052554632818037406
25 32 -0.07436517091252362
25 33 0.012807127809030988
25 34 0.047553247686521784
25 35 0.0507726122069501
25 36 -0.0006367871748247108
25 37 0.01468385372247793
25 38 -0.04573279108674504
25 39 -0.04610512767783831
26 26 0.0
26 27 0.1395404442890175
26 28 0.1633738448035623
26 29 0.059985676167716814
26 30 -0.03758697534115636
26 31 0.03747309177673079
26 32 -0.0483682851201771
26 33 -0.061065067468015155
26 34 0.058508283146280884
26 35 0.013253678215149412
26 36 0.0255784107352618
26 37 -0.026160520421457972
26 38 -0.19384357972227434
26 39 0.10886618182349657
27 27 0.0
27 28 0.1829245723340577
27 29 0.20055629533035102
27 30 0.08346206409448129
27 31 0.0910431751921836
27 32 0.022535090237263296
27 33 0.055312805415047905
27 34 0.015656887213128436
27 35 -0.07275042723665322
27 36 0.04909484649322891
27 37 0.24504521512693866
27 38 0.23620687068735097
27 39 -0.0979672424155124
28 28 0.0
28 29 -0.05605484163485791
28 30 -0.01747342651981336
28 31 -0.026021193845634512
28 32 -0.15950206250156862
28 33 -0.017055961030553183
28 34 -0.009841050562622421
28 35 0.03516306480405299
28 36 -0.1212188137726686
28 37 0.13472789725452888
28 38 0.022951119933794843
28 39 0.01247079937018285
29 29 0.0
29 30 -0.03175907690413067
29 31 0.11210490625568234
29 32 0.007063991280552566
29 33 -0.014377936053018694
29 34 0.019038729206530422
29 35 -0.010236990085760293
29 36 0.15596233404773333
29 37 0.06903540894100622
29 38 -0.02552494003671215
29 39 -0.053627098179510724
30 30 0.0
30 31 -0.009567376857464052
30 32 0.09303653332102442
30 33 0.08803273235386362
30 34 0.058442725335176283
30 35 -0.06966814678907388
30 36 -0.028658857669000344
30 37 0.024006100110475784
30 38 0.14380719360487518
30 39 -0.0068566752491000015
31 31 0.0
31 32 -0.15185427493792694
31 33 0.07231663021150628
31 34 0.004597033752214069
31 35 -0.08995501194879549
31 36 0.1240064972027946
31 37 0.05423610182261772
31 38 -0.018211614848942285
31 39 -0.009045723660273331
32 32 0.0
32 33 -0.0026301666913538134
32 34 0.01310744347195501
32 35 -0.02541702450009254
32 36 -0.026593847153271937
32 37 -0.05802634603709261
32 38 0.18455860523880802
32 39 -0.008173388861324687
33 33 0.0
33 34 -0.05582794650103921
33 35 -0.09258613612701444
33 36 -0.02497596284234811
33 37 0.002850479732562443
33 38 0.09858598795382087
33 39 -0.02536123372562899
34 34 0.0
34 35 -0.004758239224221414
34 36 0.08893212285454939
34 37 0.0016256454954508743
34 38 -0.0795744712672691
34 39 0.03858242454392361
35 35 0.0
35 36 -0.022234977899177406
35 37 0.022418855766069723
35 38 -0.09302551778772071
35 39 -0.04233193606461883
36 36 0.0
36 37 0.0011082815511805487
36 38 -0.15351957533994248
36 39 -0.013349215556591285
37 37 0.0
37 38 0.16105060014583752
37 39 -0.16169547157066744
38 38 0.0
38 39 -0.11468334559069067
39 39 0.0
