0 0 0.0
0 1 0.027276387596894387
0 2 0.030119143226570146
0 3 0.03420638761833781
0 4 0.060074102884392064
0 5 -0.12184129473275988
0 6 0.04904144883299482
0 7 -0.025805910281715305
0 8 0.0991844437635462
0 9 -0.015853728681989747
0 10 0.1488714904650085
0 11 -0.0681195533100486
0 12 0.10840133454185048
0 13 0.21385480256112724
0 14 0.1655985209172025
0 15 0.14634300613674134
0 16 0.07969841914625908
0 17 0.08116991637911163
0 18 -0.0014121648502011185
0 19 -0.2459204377349753
0 20 0.0015319001370454684
0 21 0.1421976354547033
0 22 -0.16501034758777294
0 23 0.009451214385688344
0 24 0.1383175919212743
0 25 0.0836345815193255
0 26 -0.15814029975286942
0 27 -0.07626486561528242
0 28 0.0794103679325052
0 29 0.0908957520690243
0 30 -0.0383483986091444
0 31 -0.10720438417465177
0 32 -0.04345496690031461
0 33 -0.10580916888166854
0 34 -0.08823644910885174
0 35 -0.037015856479020476
0 36 0.10477812110689048
0 37 -0.07385658906990511
0 38 -0.025889650077459407
0 39 0.061225524746886785
1 1 0.0
1 2 0.023097558574022882
1 3 0.04847727080543943
1 4 0.0017125724574902673
1 5 0.0029613225800835196
1 6 -0.08938429967472754
1 7 -0.046466565272163675
1 8 0.14429812964014438
1 9 -0.14282346403927487
1 10 0.13836019270333813
1 11 -0.04185608937630796
1 12 -0.060332884385425764
1 13 -0.3062428228250543
1 14 0.034004430632610036
1 15 0.10804051819408007
1 16 0.1645201451132723
1 17 0.020470867651262176
1 18 -0.005868172506932425
1 19 -0.0003076287448058847
1 20 -0.03152100680872113
1 21 0.13256372381206377
1 22 -0.11095902294620183
1 23 -0.09895467967704491
1 24 -0.0312263464931604
1 25 -0.08317486274101805
1 26 -0.19317820131328303
1 27 0.010282848022828025
1 28 -0.1454150155242459
1 29 0.02599852586963803
1 30 0.08993321197763579
1 31 -0.09451038255031065
1 32 0.06794840458369508
1 33 0.055610096846122815
1 34 0.14484284340257828
1 35 0.19199797431449775
1 36 -0.015073524732385022
1 37 0.049634444164775596
1 38 0.0007848970652791269
1 39 -0.08953518857020666
2 2 0.0
2 3 0.036177833072769554
2 4 -0.09212663605125591
2 5 -0.05360439232911657
2 6 -0.048129890011075246
2 7 -0.041047539128875044
2 8 0.01540134191830939
2 9 0.057740314712461806
2 10 -0.19471788317394795
2 11 0.08454001345668902
2 12 -0.10720860818962079
2 13 0.047612361004376574
2 14 -0.02290795037482099
2 15 -0.11725081147129787
2 16 0.005209768072172968
2 17 0.12048751896605396
2 18 -0.13419441693806164
2 19 -0.023731527946328063
2 20 -0.03238302424440798
2 21 -0.12653251094064916
2 22 -0.13769058846947607
2 23 -0.01893145705357454
2 24 -0.0464660066801759
2 25 0.15749169209654268
2 26 -0.12281660735590332
2 27 0.08237918837673494
2 28 -0.09286961483237288
2 29 -0.030510596656850835
2 30 0.027160185528563224
2 31 -0.05040429387377512
2 32 0.004406250655392678
2 33 -0.040482762411584036
2 34 0.01840742228105968
2 35 -0.0044658009471168795
2 36 0.1186936679137437
2 37 -0.11311581698005838
2 38 -0.007102470440452017
2 39 0.07371579958012339
3 3 0.0
3 4 0.02237639764577174
3 5 -0.034340649835425216
3 6 -0.03709151506399118
3 7 0.053084303242986665
3 8 0.08390683441152777
3 9 -0.012034442599827017
3 10 -0.06955942328415775
3 11 -0.04933781614651016
3 12 0.009448831378035346
3 13 -0.07980503274790143
3 14 -0.027022448933098603
3 15 0.11788469222305689
3 16 -0.06957049779638436
3 17 -0.0348549495449131
3 18 -0.07419816346109354
3 19 -0.04185070425543921
3 20 0.1277405027657873
3 21 -0.11249120197194477
3 22 -0.03697297995266412
3 23 -0.11235711521296159
3 24 0.04456932419993218
3 25 0.0018527971215091354
3 26 -0.08958484120528412
3 27 -0.054211251870403245
3 28 0.1136715993602628
3 29 0.06583331844429587
3 30 -0.14026904672873236
3 31 -0.040004511052244784
3 32 -0.047164888531078204
3 33 -0.015687299600729145
3 34 0.057582802153801606
3 35 -0.19591635531638044
3 36 -0.00593443540769023
3 37 0.03842406329465724
3 38 0.09336615807158488
3 39 -0.083849799717887
4 4 0.0
4 5 0.04736205145287277
4 6 -0.07840732545555713
4 7 0.09681036434895188
4 8 0.14294276658432065
4 9 0.10429794571256905
4 10 0.09184839120572207
4 11 -0.06830532636289843
4 12 -0.0652999477635124
4 13 0.12628741015539324
4 14 0.051341760338796394
4 15 0.0981695548245478
4 16 0.0049625198497903426
4 17 -0.019948297062194136
4 18 0.16898335640505333
4 19 0.05732763133297586
4 20 0.12415848174880814
4 21 0.03485116906843379
4 22 -0.09209805967021797
4 23 0.028672783657874762
4 24 0.05252557938268917
4 25 0.09009852113391205
4 26 0.07663433976001191
4 27 -0.1459446708577572
4 28 -0.004880526056631715
4 29 0.0684868139428601
4 30 -0.01579009500629114
4 31 -0.1251810131543864
4 32 0.08523843191292911
4 33 -0.011432974892126958
4 34 -0.04262637494366219
4 35 -0.1393082877909192
4 36 -0.09968339380334348
4 37 -0.10299718110451714
4 38 0.08110501778898628
4 39 0.0024278090107791987
5 5 0.0
5 6 0.015311498903328452
5 7 -0.09107035048940094
5 8 0.09156552268168637
5 9 0.01932846317417693
5 10 0.03425063434056759
5 11 0.03103452129855947
5 12 -0.03565477283461974
5 13 -0.005349112089095035
5 14 -0.1092874560364944
5 15 -0.043911688313789034
5 16 -0.04046653231310405
5 17 0.09529555340706537
5 18 0.004811334973533058
5 19 0.15175546716219118
5 20 0.031126861913562388
5 21 0.024862344534277624
5 22 0.14263843894226375
5 23 0.010423153305448641
5 24 -0.10140496076063514
5 25 0.11024876979970351
5 26 0.019061023265142422
5 27 -0.048904241067708895
5 28 -0.07678105423075755
5 29 0.07887647214669766
5 30 -0.0022649140425987048
5 31 0.036628000540235905
5 32 0.09758737350012568
5 33 0.13645384730412177
5 34 0.04349577447266681
5 35 0.004874552399806191
5 36 -0.10755967660161221
5 37 -0.031063486699619187
5 38 0.0381067476292282
5 39 -0.03520151026295386
6 6 0.0
6 7 -0.03927694706151111
6 8 -0.09725153360111544
6 9 0.043195544268103
6 10 0.1949552620720705
6 11 0.03673525729608745
6 12 0.11461688875613377
6 13 -0.020579506146826253
6 14 0.1419641180976547
6 15 -0.09766787214997019
6 16 -0.04234045178686015
6 17 -0.05421551436348371
6 18 -0.2269498859576741
6 19 0.0965571864292468
6 20 -0.16640136004968611
6 21 -0.0004360402593791864
6 22 -0.026242019421554085
6 23 0.14344058001977575
6 24 -0.06350865257504093
6 25 -0.03857366999693309
6 26 0.004196757376311149
6 27 -0.054471896963701874
6 28 0.15527886727207957
6 29 -0.08322449307172233
6 30 -0.2986686830208206
6 31 -0.1370495733817253
6 32 0.041404462207811216
6 33 0.18761016873154082
6 34 0.10310031362562815
6 35 0.0023449836148173066
6 36 0.11061841145826157
6 37 -0.13738575962031468
6 38 -0.1615253939656137
6 39 0.03733985325559338
7 7 0.0
7 8 -0.02693548242579897
7 9 0.009998761394960028
7 10 0.004780700077535431
7 11 -0.06298017943408406
7 12 0.07037327451729712
7 13 0.00870704187123395
7 14 0.10827174330589869
7 15 0.037190364634160714
7 16 0.024840101869320605
7 17 -0.019712578965482005
7 18 0.02091089667800337
7 19 -0.10011069063079565
7 20 -0.14192554885862416
7 21 -0.09856203504212566
7 22 -0.17231343719559863
7 23 -0.08605308748151522
7 24 0.12391858510585899
7 25 -0.002667228357950528
7 26 0.013967859537411559
7 27 0.07371313649226231
7 28 0.06935562076152946
7 29 -0.03193879283947667
7 30 0.08878769982311034
7 31 -0.10398279007619478
7 32 0.023758515368581704
7 33 -0.09347957296060477
7 34 -0.06626699803906855
7 35 0.03873710052543722
7 36 -0.031471113784319105
7 37 0.06738901366037622
7 38 0.10709928847224195
7 39 0.022627676953303068
8 8 0.0
8 9 -0.033989440076737265
8 10 0.12107506134947874
8 11 0.06428103195819346
8 12 -0.11180010261745392
8 13 0.032963787641444406
8 14 -0.015209151631457845
8 15 0.021155904109327887
8 16 -0.18505383105762882
8 17 0.17022637435747973
8 18 0.018565729965681316
8 19 -0.0014635494052583776
8 20 0.06354380162677083
8 21 0.014393089790834215
8 22 0.09555085345954425
8 23 0.06183377593967539
8 24 0.01939087848534781
8 25 0.23624794836172117
8 26 0.0166583579750526
8 27 -0.005087196211456873
8 28 -0.09273427183653372
8 29 -0.016174582058042997
8 30 0.1613386206151151
8 31 -0.08507509801375031
8 32 0.011791178743618347
8 33 -0.04770814754710987
8 34 0.01788229032818182
8 35 -0.11213602654246195
8 36 0.012771136825244462
8 37 -0.007639952258241822
8 38 0.14046355687626877
8 39 0.04461968896892905
9 9 0.0
9 10 -0.15256681558523716
9 11 -0.026858736675887274
9 12 0.042517518473098065
9 13 0.09340436217752902
9 14 0.004681465655351838
9 15 -0.08363874420977661
9 16 -0.021459096226198755
9 17 -0.023315218930834387
9 18 0.0025461002142213615
9 19 0.015586797991381624
9 20 -0.023692519101192636
9 21 -0.05285153325037466
9 22 -0.08812280167250909
9 23 0.04962492726859387
9 24 0.025350717131186296
9 25 0.1370121097333822
9 26 -0.00692649348889707
9 27 -0.020315558334137555
9 28 0.057310292309114795
9 29 0.026069038435213753
9 30 -0.12434695144970717
9 31 -0.01693176037235728
9 32 -0.05352736317182918
9 33 -0.03382956240914729
9 34 -0.09311737304614884
9 35 -0.09597385393716762
9 36 0.023444113224754398
9 37 -0.12403128771751251
9 38 -0.049561792063760254
9 39 0.042578718141687184
10 10 0.0
10 11 0.03871573277955546
10 12 -0.10501443038673837
10 13 -0.0015872498979618756
10 14 0.10825204827991246
10 15 0.10473850754377112
10 16 -0.08354455593330593
10 17 -0.16192067891492493
10 18 -0.0642295614298949
10 19 0.18893365556502778
10 20 -0.09435407254441576
10 21 0.22858986169429332
10 22 -0.05936192926560789
10 23 0.14058844649748808
10 24 -0.00690152278994347
10 25 -0.2035378232532051
10 26 0.17188596487566526
10 27 -0.09194860884773025
10 28 0.09055423997402244
10 29 -0.15551944674230983
10 30 0.036858233263725136
10 31 -0.13620229916364687
10 32 0.026154245027331297
10 33 0.1610489633414654
10 34 0.022780652974237182
10 35 0.09055809501453764
10 36 0.03734840921995983
10 37 -0.06145135238030606
10 38 0.057587625298143874
10 39 0.07363599411926172
11 11 0.0
11 12 -0.03783574252295028
11 13 0.011408066995728054
11 14 -0.09139722495097845
11 15 -0.12613737191383087
11 16 -0.061135129606066
11 17 0.10994367374422369
11 18 -0.08038540375632496
11 19 0.08409289896767086
11 20 0.001249601843547672
11 21 -0.12732476182022961
11 22 0.06989289628202
11 23 0.11399874595222874
11 24 -0.0831452025407388
11 25 0.00011751525859671971
11 26 0.11272214888555325
11 27 0.010738670750737003
11 28 -0.11213073370419901
11 29 -0.09165153235592702
11 30 0.15112934894343596
11 31 -0.0485680841181912
11 32 0.02249815786142481
11 33 0.06367981784308926
11 34 0.11156581814142294
11 35 0.017573584507463536
11 36 0.09513237584712461
11 37 -0.06950172880652315
11 38 0.041609063160425716
11 39 0.055226847223782474
12 12 0.0
12 13 -0.0622906865718056
12 14 -0.10573344134055244
12 15 -0.0276101282762522
12 16 0.14261384904590976
12 17 0.11113571118067112
12 18 -0.008936509202081692
12 19 -0.19709088454728727
12 20 -0.10142884588902745
12 21 -0.0821006223483421
12 22 0.03572518599644589
12 23 0.02468105196663205
12 24 0.1999222760817969
12 25 0.06904281931369179
12 26 -0.1269509153925517
12 27 -0.1070169522492049
12 28 0.0886828716767306
12 29 0.12023309392742765
12 30 -0.042574676219197534
12 31 -0.08258232441446242
12 32 0.023117909962397546
12 33 -0.08127519769515446
12 34 -0.11744900408950705
12 35 0.014824205116037428
12 36 -0.0023313845398025435
12 37 0.025970849924174588
12 38 -0.055512275999227104
12 39 -0.04903582986971519
13 13 0.0
13 14 0.08656518670395115
13 15 -0.08796443993328312
13 16 -0.02841024093909337
13 17 0.10624951252272655
13 18 -0.013598249438428082
13 19 -0.1513204954884509
13 20 0.04326747447176228
13 21 -0.003588732411714616
13 22 -0.03404844327536677
13 23 -0.011019013315208041
13 24 -0.061952874660283666
13 25 0.046757447507516876
13 26 0.27173618647369235
13 27 -0.047885359878921514
13 28 -0.09333300892719956
13 29 0.14407085978057316
13 30 -0.11845326639193295
13 31 0.0814911550182408
13 32 -0.16806094992624743
13 33 0.07779470204113849
13 34 -0.18590816309617056
13 35 0.0199041706888209
13 36 0.00867043248303057
13 37 0.08895655673444411
13 38 0.15293049676675424
13 39 -0.05104161917173376
14 14 0.0
14 15 0.05829648149224835
14 16 0.002767174626990241
14 17 -0.10192186443787483
14 18 -0.04386175883966177
14 19 -0.1011757344079437
14 20 -0.18690635110417303
14 21 0.08760147548925888
14 22 -0.2345350028230914
14 23 -0.09704539619969735
14 24 0.022580512772199027
14 25 -0.08238353759260453
14 26 -0.01965733061841241
14 27 0.10696593551829899
14 28 0.09821022672852217
14 29 -0.0447183911663449
14 30 -0.11683135572674988
14 31 -0.06383168194027602
14 32 -0.06317722696063832
14 33 0.04511067397846776
14 34 0.07888541950391009
14 35 0.11401852659127405
14 36 0.06447556186137496
14 37 0.010651857383457555
14 38 -0.040552611628970434
14 39 0.0007975043505383372
15 15 0.0
15 16 0.11086198700622411
15 17 -0.12929418069198967
15 18 0.08633398138649503
15 19 -0.028746291403862156
15 20 0.12180189272220247
15 21 0.1600652034609994
15 22 -0.08103609471361747
15 23 -0.13423684820079645
15 24 0.06705720336069973
15 25 -0.16515911432773067
15 26 -0.06709308613702722
15 27 -0.05798897743795236
15 28 0.03995027524179734
15 29 0.10410312847466545
15 30 0.02588598215587585
15 31 0.008311968483996696
15 32 0.021152418939604498
15 33 -0.03430313247793895
15 34 0.07516234581316793
15 35 -0.06490069481696778
15 36 -0.06858340249731773
15 37 0.030797593998386046
15 38 0.045764191434745874
15 39 -0.07214664140509332
16 16 0.0
16 17 0.06519366697008208
16 18 0.054536866022884226
16 19 -0.11497649193181066
16 20 -0.00848691362512899
16 21 0.026551098698608368
16 22 -0.22150942251927147
16 23 -0.11133448007463687
16 24 -0.1184200794384721
16 25 -0.2478057814241556
16 26 -0.14792416820579346
16 27 -0.034047167672791846
16 28 -0.14189825365500425
16 29 0.20839625895471717
16 30 0.02955228304043611
16 31 -0.047628655810727547
16 32 0.1316702931534591
16 33 0.08392974546985921
16 34 0.1170100960250298
16 35 0.25770884876205424
16 36 -0.0649465759697478
16 37 0.02013307164367601
16 38 -0.06238449327331741
16 39 -0.09238134067644924
17 17 0.0
17 18 -0.013452205944952726
17 19 -0.15120405978005835
17 20 -0.016598457652356534
17 21 -0.16195748002706176
17 22 0.12820642367022383
17 23 0.0584700962680335
17 24 -0.07827449650236706
17 25 0.3264374994694374
17 26 -0.13111759700310763
17 27 0.025582353676512837
17 28 -0.20096639323120197
17 29 0.09569610491976895
17 30 0.16980944360505917
17 31 -0.10760546060958154
17 32 0.19915994701389977
17 33 -0.02826251503681747
17 34 0.017912835247155184
17 35 0.060387421728920074
17 36 -0.020967030383846123
17 37 0.01703237605255909
17 38 0.04309554623248122
17 39 0.054203178934188204
18 18 0.0
18 19 -0.10116666214706234
18 20 0.16742582578123033
18 21 0.0243133997232463
18 22 0.08337466725781854
18 23 0.008768223621971756
18 24 0.0464164962707561
18 25 -0.03582697040849529
18 26 0.016755728808050076
18 27 -0.03695990676704851
18 28 0.04807633081975021
18 29 0.04353310459459535
18 30 0.13524031637459463
18 31 0.12188008611849584
18 32 -0.027018260610489186
18 33 -0.14807978252233267
18 34 -0.14871729103839332
18 35 0.02072668632496704
18 36 -0.15233811461746005
18 37 0.10500434957724585
18 38 -0.001237634728131365
18 39 0.00949584334597155
19 19 0.0
19 20 0.03512543261939926
19 21 0.07667797333232504
19 22 0.05540266901924704
19 23 0.06455165858870335
19 24 -0.09447104596343583
19 25 -0.03330164990807679
19 26 0.11526453934688896
19 27 -0.07538331719102384
19 28 -0.04761889443638605
19 29 -0.0934466147110587
19 30 -0.02873207490524473
19 31 -0.023526028886627866
19 32 0.12829256100543893
19 33 0.18872028787514616
19 34 0.147400745507842
19 35 -0.08920959743067156
19 36 -0.0220600370328696
19 37 -0.2063454505593718
19 38 -0.007173125333112205
19 39 0.0162159074596203
20 20 0.0
20 21 -0.02043457307722488
20 22 0.20954658613061947
20 23 0.048178612207415865
20 24 -0.09569617289063254
20 25 -0.08038678645558538
20 26 0.0692204451510925
20 27 -0.17992178547542564
20 28 -0.023164970011066235
20 29 0.10072774585107228
20 30 -0.08531661901009033
20 31 0.09919302912438886
20 32 -0.0034429573785242917
20 33 -0.009657843350250144
20 34 0.03917306595988319
20 35 -0.24383113181097174
20 36 -0.08430465864772542
20 37 0.03199263075977032
20 38 0.010694336443882853
20 39 -0.07913948883693991
21 21 0.0
21 22 0.0017273171767387674
21 23 -0.023687010584023553
21 24 0.05905230601693837
21 25 -0.05252419178250352
21 26 -0.005236785311164657
21 27 -0.018512797054603895
21 28 -0.04385421083014375
21 29 0.02786764027505993
21 30 0.004942947912757718
21 31 0.06835740904771641
21 32 -0.009029342248419042
21 33 0.0004917624440574644
21 34 -0.02862912284492225
21 35 0.021756448169216333
21 36 -0.02134118021898518
21 37 -0.028678834135017213
21 38 -0.059768491701793124
21 39 -0.014914788381856725
22 22 0.0
22 23 0.18524110079532471
22 24 -0.07268054607535851
22 25 0.1260313115657769
22 26 0.13294306885447554
22 27 -0.05812606437248744
22 28 -0.05559897545136584
22 29 -0.0323193015560635
22 30 0.010208925584840522
22 31 0.1487438228023556
22 32 0.04005631562741353
22 33 -0.025624556951782878
22 34 -0.0239522245238706
22 35 -0.17110456604113036
22 36 -0.07907747484911687
22 37 0.1393055361052366
22 38 -0.04426186014788978
22 39 -0.017466465005504733
23 23 0.0
23 24 -0.09187006737505017
23 25 0.09405474428372605
23 26 0.1114126797140231
23 27 -0.044060689593756634
23 28 0.0417638584747283
23 29 -0.20214317576355884
23 30 -0.010041109568744221
23 31 -0.10911659107002769
23 32 0.03614562033423673
23 33 -0.08123577923064547
23 34 -0.071601095882202
23 35 -0.1407088618685663
23 36 0.1165186672626762
23 37 -0.11219975555898162
23 38 -0.16292000290218336
23 39 0.2145828946144936
24 24 0.0
24 25 0.1762429554615819
24 26 -0.08805614139633593
24 27 -0.024558550208587958
24 28 0.12088896964355071
24 29 -0.020262917312436183
24 30 0.10948105172680825
24 31 -0.03912063947185047
24 32 -0.05600982483806181
24 33 -0.22230566620047312
24 34 -0.1899517157739153
24 35 -0.11056757468835635
24 36 0.021259557672877977
24 37 -0.04890535831354121
24 38 0.05986447901543066
24 39 0.022562054208181255
25 25 0.0
25 26 -0.22321690871839536
25 27 0.02313488968169695
25 28 -0.03527004885615122
25 29 -0.01301362865629426
25 30 0.06670462038586539
25 31 -0.12702308774210014
25 32 0.17351384996549757
25 33 -0.21587573170302865
25 34 -0.20637530422905326
25 35 -0.2249014042858572
25 36 0.00288734051977138
25 37 -0.1774423132551219
25 38 -0.008340716064427201
25 39 0.17779324965381177
26 26 0.0
26 27 -0.02091338328965298
26 28 -0.07203837269509109
26 29 -0.0906127894284212
26 30 0.04416171128243013
26 31 0.09286178088207332
26 32 -0.16619781888092214
26 33 0.10644071402778985
26 34 -0.0027212434343832723
26 35 -0.01643674627549354
26 36 0.01964722903688394
26 37 0.10451772525259799
26 38 0.1306450421191171
26 39 -0.04342957222789912
27 27 0.0
27 28 -0.03974911311476344
27 29 -0.1049810189781784
27 30 0.1673431265209239
27 31 0.05165259583633223
27 32 -0.06190661777011245
27 33 -0.09178960472740079
27 34 0.0036457529756890434
27 35 0.12981632711955174
27 36 0.0562284328994313
27 37 0.08627053931696685
27 38 0.007255668750030293
27 39 0.07797379112233117
28 28 0.0
28 29 -0.09099226399863629
28 30 -0.25648934992930206
28 31 0.009099082158437254
28 32 -0.1256075956022862
28 33 -0.07380629425591605
28 34 -0.15806444806917705
28 35 -0.11678408166630956
28 36 0.0079312953869749
28 37 -0.012219861463862149
28 38 -0.09451619690537848
28 39 0.06561148757232227
29 29 0.0
29 30 -0.0909732842107832
29 31 0.06488162823229877
29 32 0.030712692711665306
29 33 0.09961882604444984
29 34 0.03081046326147021
29 35 0.042297720754837696
29 36 -0.13399167019786146
29 37 0.06186846489006111
29 38 0.07342215452526543
29 39 -0.18818615794085664
30 30 0.0
30 31 -0.01396540789819389
30 32 0.08238080773179828
30 33 -0.2032026306996641
30 34 0.014983005993142066
30 35 0.14225939952806782
30 36 0.012836489870651873
30 37 0.019278085211303326
30 38 0.181582841687369
30 39 0.1296374954882478
31 31 0.0
31 32 -0.19525011673195966
31 33 0.000948314066460194
31 34 -0.08702663469123938
31 35 0.05220928063832416
31 36 -0.08286152925013915
31 37 0.17771617277899665
31 38 0.0204507336911234
31 39 -0.1007720988317374
32 32 0.0
32 33 0.051970136320005335
32 34 0.1478367956027464
32 35 -0.013381469317124172
32 36 -0.0911505192526262
32 37 -0.15642663817584773
32 38 -0.05608402955936213
32 39 0.06258058004941766
33 33 0.0
33 34 0.2323914098446802
33 35 0.15406551923619924
33 36 -0.04908032329717564
33 37 -0.015154127542191512
33 38 0.03439435169979632
33 39 -0.1659717382557634
34 34 0.0
34 35 0.036887138647737225
34 36 0.03911341127348531
34 37 -0.07115404034327681
34 38 -0.006659977090732669
34 39 -0.10076575682778685
35 35 0.0
35 36 -0.04210327935349186
35 37 0.14918216064826523
35 38 0.02648047558336984
35 39 -0.06768074735053956
36 36 0.0
36 37 -0.09977177368828365
36 38 -0.05826633449859969
36 39 0.09694196811607328
37 37 0.0
37 38 0.09862220894574332
37 39 -0.14144261034199263
38 38 0.0
38 39 -0.08883625531096254
39 39 0.0
