0 0 0.0
0 1 0.09437032170316366
0 2 -0.001088092291113106
0 3 -0.01122369090378798
0 4 -0.13970544474252697
0 5 -0.012878177039076325
0 6 -0.0032937452763138948
0 7 0.005384826357384848
0 8 0.04385542117355938
0 9 -0.06326829862488477
0 10 0.04264754080279583
0 11 -0.033388871778760806
0 12 0.016273315170485997
0 13 -0.057798291784326605
0 14 -0.04463526316051184
0 15 0.09256591946101286
0 16 -0.018519971589735527
0 17 -0.056044787155434636
0 18 0.13672388300558408
0 19 0.037646412703759194
0 20 -0.031816672086180935
0 21 -0.10033963557218428
0 22 -0.005241996794841509
0 23 -0.13224861815808128
0 24 -0.12164638230928235
0 25 -0.06324006558135012
0 26 0.03684238685017461
0 27 0.13919591995457334
0 28 0.13664149110170115
0 29 -0.01946489672893885
0 30 -0.055252378042771624
0 31 -0.05187544463194484
0 32 -0.00906789401250915
0 33 0.0634814365718113
0 34 -0.016509337888567597
0 35 -0.09313479042107645
0 36 -0.024517057431554835
0 37 -0.05170954692368081
0 38 0.039506706139143186
0 39 -0.027522446569218713
1 1 0.0
1 2 0.1348959496732127
1 3 -0.16022861190205895
1 4 -0.04941374483076776
1 5 -0.09110781344112125
1 6 0.0004707130060151169
1 7 -0.10855132702953589
1 8 0.10671990141925285
1 9 -0.21719021531248445
1 10 0.10064921427290877
1 11 0.11307337891550637
1 12 -0.022456761030312366
1 13 -0.04745096878969653
1 14 -0.07056591291062847
1 15 -0.09235595972501555
1 16 -0.20599818449150184
1 17 -0.06962759345685539
1 18 0.07031525610955607
1 19 -0.03352991650354377
1 20 -0.015261141879402968
1 21 -0.19048646728612553
1 22 0.10409249211503542
1 23 0.07562485719168763
1 24 -0.06827718370807966
1 25 -0.0075290630790600084
1 26 0.04043550295405927
1 27 0.07486149615438624
1 28 0.20872242856661588
1 29 -0.03490092641431286
1 30 0.13107900166853453
1 31 -0.16537079430603208
1 32 0.023039008834489515
1 33 -0.07183604010934533
1 34 -0.09853633948758805
1 35 0.1625026889896662
1 36 0.07566915498211704
1 37 -0.1638637341666523
1 38 -0.0047525583989561394
1 39 -0.14845931401528328
2 2 0.0
2 3 -0.06999524831587535
2 4 -0.07297701490131073
2 5 -0.06436125385239135
2 6 0.06944303790950382
2 7 -0.06786460359158217
2 8 0.09441156543195903
2 9 -0.06297929268414866
2 10 0.07886602391784384
2 11 -0.015289351647776502
2 12 0.020357357844783083
2 13 -0.03186694472825366
2 14 0.01480310434541674
2 15 -0.012571460329439815
2 16 -0.041311008739537004
2 17 0.08773828956291271
2 18 -0.07111737422791212
2 19 -0.051454562937516234
2 20 0.04476964448531607
2 21 -0.03582735397633852
2 22 0.024010098634861424
2 23 0.03907104109342153
2 24 -0.08521955534281325
2 25 0.10784147753814577
2 26 -0.011728845629350022
2 27 0.01396941455675595
2 28 0.04760965954970879
2 29 -0.03894593696230748
2 30 -0.027866429533525167
2 31 0.008650357807464258
2 32 -0.029246990638899996
2 33 -0.06709713683863858
2 34 -0.1338171607551261
2 35 0.020214545716593393
2 36 -0.013240453108057573
2 37 -0.006464005207893678
2 38 -0.07174536420574382
2 39 -0.038509699210716695
3 3 0.0
3 4 0.1180638156681681
3 5 0.07240550102826504
3 6 0.077685529660611
3 7 0.02826031089476762
3 8 -0.04243324653360015
3 9 0.0059918373552100435
3 10 -0.017809226963959316
3 11 -0.034993061894035525
3 12 -0.03091753432246568
3 13 -0.0666517270440726
3 14 0.0013373493183722366
3 15 0.030114160722205147
3 16 0.11089563987018751
3 17 0.03962063807498904
3 18 -0.012833916811910696
3 19 -0.06807601150668535
3 20 -0.10789633496883369
3 21 0.12168288341306063
3 22 -0.08094366787082359
3 23 -0.12703996146350371
3 24 0.01800258365539651
3 25 -0.11683923247704127
3 26 -0.09417419662886323
3 27 -0.19600177834264304
3 28 -0.019049205831936516
3 29 0.10229977941366863
3 30 -0.08839349903467765
3 31 -0.05659201469856805
3 32 -0.07141431121514295
3 33 0.04210749202278059
3 34 0.015457881688192513
3 35 -0.03971632850763849
3 36 -0.008588378179254126
3 37 0.01739254554547091
3 38 0.06653495527718715
3 39 0.06129691532550001
4 4 0.0
4 5 0.11924079088098265
4 6 -0.015476329147677456
4 7 0.016386521004163483
4 8 -0.0680794044284859
4 9 0.02211973417383264
4 10 -0.06232719637129471
4 11 0.02217508597245172
4 12 -0.012848623134102292
4 13 -0.039456745691161754
4 14 -0.021057744076636402
4 15 -0.0015929018644601817
4 16 0.06865157765798438
4 17 0.04516736763189658
4 18 -0.09708239649282221
4 19 -0.07740321877739517
4 20 -0.014970516970179013
4 21 0.07055273143406147
4 22 -0.12840355905176945
4 23 0.05877524374394434
4 24 0.11036930543437513
4 25 -0.05829094918825095
4 26 -0.030320417470334298
4 27 -0.2280897192994356
4 28 -0.0646595159145532
4 29 0.05688111244060423
4 30 -0.01633618860473784
4 31 -0.054138416740468584
4 32 -0.005397941862625234
4 33 -0.012013551081117147
4 34 0.06777520858864514
4 35 0.08220142269129113
4 36 0.033548467287460464
4 37 -0.0691012527959952
4 38 0.09027111852314838
4 39 0.06908844835803049
5 5 0.0
5 6 0.010742440198260973
5 7 0.031129078844393497
5 8 -0.09163812491377613
5 9 0.0497873416995089
5 10 -0.04447084208544964
5 11 -0.16357839222862677
5 12 0.10623286217943584
5 13 -0.07714608433576596
5 14 0.06566364585314324
5 15 0.09624642634642805
5 16 0.022435832280949846
5 17 0.039536562919655065
5 18 -0.03753462299923254
5 19 -0.015417643954770804
5 20 -0.10810139872585119
5 21 -0.02885905155091726
5 22 -0.031182642313574576
5 23 -0.033697802681093916
5 24 0.009835723495017965
5 25 -0.05568000336887343
5 26 -0.026863715167735648
5 27 -0.06896830015721153
5 28 -0.05601499682887366
5 29 -0.01890448482456259
5 30 -0.16600143641958182
5 31 -0.04695237107589038
5 32 0.0291141709132914
5 33 0.04460832199143547
5 34 0.04449990704557798
5 35 0.00694093281032791
5 36 0.016837916081977235
5 37 0.02596212976537963
5 38 0.04937422888946967
5 39 -0.0011962026871896185
6 6 0.0
6 7 0.027606181962702307
6 8 0.015673184160977474
6 9 -0.02089973323296545
6 10 0.021336818697907677
6 11 -0.0646639655152493
6 12 0.02202122207186945
6 13 -0.09481820983782713
6 14 0.020735407604610588
6 15 -0.015949053104291
6 16 -0.029863935309636123
6 17 0.07458465398238541
6 18 -0.030053188654360224
6 19 -0.0595399325153513
6 20 -0.06914281445483075
6 21 0.06484143791489844
6 22 0.00025619278775069923
6 23 -0.14229044331144508
6 24 0.01902501519558122
6 25 0.0593181999281764
6 26 -0.09606923759590187
6 27 -0.08280098009607308
6 28 0.011818403979642896
6 29 0.036445842052653075
6 30 -0.05861756904743544
6 31 -0.05466296554583493
6 32 0.014002832141428731
6 33 -0.05328116627395718
6 34 -0.054407099166751474
6 35 0.029245969799802825
6 36 0.02669603976773525
6 37 0.06979958285552404
6 38 -0.06265178240586643
6 39 -0.01600878721366779
7 7 0.0
7 8 -0.061238487123488825
7 9 0.08460283088651371
7 10 -0.04815314917430339
7 11 0.06291140012263095
7 12 0.050655798661091565
7 13 -0.038428060649542926
7 14 0.10925764973062264
7 15 0.05808081646044995
7 16 -0.01166511519309711
7 17 0.059236791100098184
7 18 0.05317887687978321
7 19 0.045913972688892975
7 20 -0.019855866003571934
7 21 0.15130451787228436
7 22 -0.0911224808982573
7 23 -0.05815201095009618
7 24 0.11006617349270464
7 25 0.0982697236787407
7 26 -0.07146890950450961
7 27 -0.039017913479252306
7 28 -0.06982055494934823
7 29 0.12579193724536608
7 30 -0.05308586509781932
7 31 0.006469696785952278
7 32 0.1193668831393174
7 33 0.005169455364782329
7 34 0.19155109877121174
7 35 -0.05808809684061613
7 36 0.11272987943449009
7 37 -0.08215151748570507
7 38 -0.05231764831433613
7 39 0.06645030690767709
8 8 0.0
8 9 -0.0011193565646299391
8 10 0.03789503535100788
8 11 0.031215400999882608
8 12 -0.0017176974315750854
8 13 0.020580783863841545
8 14 -0.11009158773167387
8 15 0.013495732203884014
8 16 0.04559181633741505
8 17 -0.02268528331377014
8 18 0.008433314185562224
8 19 -0.032752286731491734
8 20 0.05515511009271895
8 21 0.011259615159052298
8 22 0.04006575345201429
8 23 0.06622402058073172
8 24 0.012569133475849545
8 25 0.009906216181655369
8 26 0.033033258553828146
8 27 0.008501359537599366
8 28 0.07468472473577621
8 29 0.006293829592406941
8 30 0.024954455861481834
8 31 0.003276360476617412
8 32 -0.014226095309067164
8 33 -0.0925096636926886
8 34 -0.13868264575991385
8 35 0.03141975391055007
8 36 -0.0002758851147244118
8 37 -0.004243263901925319
8 38 -0.051192606562844044
8 39 -0.006471380425759385
9 9 0.0
9 10 -0.10368951282605299
9 11 -0.08898757934496689
9 12 0.11097518010927387
9 13 0.07139900373051565
9 14 -0.03669788013764209
9 15 0.017392114530233253
9 16 0.12783183747299134
9 17 -0.07215548919724976
9 18 0.003961351470397589
9 19 -0.0958837310630641
9 20 0.07039288581504485
9 21 0.21089588900285325
9 22 0.04956853202902349
9 23 0.10369015276320315
9 24 0.14749530355239376
9 25 0.030442990948299404
9 26 -0.0155344945760275
9 27 -0.15785304077532353
9 28 -0.16758753406239107
9 29 -0.0011875699538126472
9 30 -0.0748322327696124
9 31 0.09347398873472537
9 32 0.04448360557889672
9 33 -0.10330737118494822
9 34 0.040922957109038
9 35 0.048835673555104576
9 36 0.004891766669716308
9 37 0.1633833769688521
9 38 -0.041190325894881016
9 39 0.1527354670458074
10 10 0.0
10 11 -0.028259515410424912
10 12 -0.048770082574147625
10 13 -0.08903414232318128
10 14 -0.013668507018453338
10 15 -0.01378030887451881
10 16 -0.00991382186953192
10 17 0.06902404250309596
10 18 -0.005304829730064412
10 19 0.02308345062629219
10 20 0.037117108538227514
10 21 -0.0677941520624515
10 22 0.030738006718169453
10 23 -0.008581892822893237
10 24 -0.09594876892607437
10 25 0.009964895885009227
10 26 0.040994663667986056
10 27 -0.0130064071683138
10 28 0.04697180923478479
10 29 0.0006810102256184162
10 30 -0.014395974980897275
10 31 0.041224040767406225
10 32 -0.009448441276905986
10 33 0.005728412316743417
10 34 -0.05206997471114415
10 35 0.005925820894696796
10 36 -0.03891426432513846
10 37 -0.06793339489445763
10 38 0.00010332105295068322
10 39 -0.04534197237658103
11 11 0.0
11 12 -0.0842748097027261
11 13 0.16050582247856077
11 14 -0.08308907701132326
11 15 -0.04938897981294947
11 16 -0.153658503946116
11 17 -0.031024845972682874
11 18 0.07106163605612521
11 19 0.10542109055671708
11 20 0.035390702610688766
11 21 0.18064542706158587
11 22 -0.04811435456816966
11 23 0.11879549900437358
11 24 -0.007067914365575992
11 25 0.018013469800149985
11 26 -0.07069515034112105
11 27 0.013734565632095783
11 28 0.0565995677001697
11 29 0.0036884468755282278
11 30 0.22402544363478422
11 31 0.009643343657917006
11 32 -0.02575507600172499
11 33 -0.008850723342254244
11 34 0.06982486241422856
11 35 -0.08521400083874893
11 36 0.012022072910446921
11 37 -0.18251030908300972
11 38 0.023019812548565836
11 39 0.08809876290145886
12 12 0.0
12 13 0.005005005350762524
12 14 0.04827452191247275
12 15 0.08103996813143668
12 16 -0.027764889339868575
12 17 -0.003586809415613865
12 18 0.004477772237130323
12 19 -0.025944592595955135
12 20 -0.06626022538384486
12 21 0.03397882360744911
12 22 0.04804714432105812
12 23 0.043066321673781285
12 24 0.016529766228648816
12 25 0.027985998957881026
12 26 -0.04389228653603622
12 27 -0.0025904290241831147
12 28 -0.033191010623612204
12 29 -0.03926509644974737
12 30 -0.1235038590684356
12 31 -0.02783358991887146
12 32 0.04509125754330917
12 33 -0.03861182345336265
12 34 -0.013408794521504539
12 35 0.008157268590258348
12 36 0.04423313121115631
12 37 0.05424574442454082
12 38 -0.04443289705416014
12 39 0.008238943816831355
13 13 0.0
13 14 -0.009958427552240683
13 15 -0.032255759936991285
13 16 -0.02197785018734199
13 17 -0.11580541448073405
13 18 0.024348083471769262
13 19 0.03038489827120433
13 20 0.015054847829557488
13 21 0.061975688903317616
13 22 0.06767509250116334
13 23 0.1652960852079292
13 24 0.01593847505256406
13 25 -0.02490336888992176
13 26 -0.005354959353659816
13 27 0.0973240068142994
13 28 -0.02674022859926655
13 29 -0.051266076683765316
13 30 0.11637320493006689
13 31 0.03263813024586157
13 32 -0.05453345669948743
13 33 -0.004621168081645305
13 34 -0.012267689679378496
13 35 -0.042130302081390215
13 36 -0.008531682508724098
13 37 0.044883240603123
13 38 -0.015626847424576512
13 39 0.03166828373312157
14 14 0.0
14 15 -0.03897267536455626
14 16 -0.06556488422036574
14 17 0.05421122451718172
14 18 -0.026253998459803397
14 19 -0.045557522703028715
14 20 -0.11945217980261216
14 21 -0.10064350715351775
14 22 0.00491150687473918
14 23 -0.01562605429780211
14 24 -0.06646181371357847
14 25 0.05527394721000055
14 26 -0.07391417300970721
14 27 0.07031376377372354
14 28 -0.06517298895343582
14 29 0.08008129623895621
14 30 -0.09242591134396963
14 31 -0.08061438477420288
14 32 -0.011701180260873918
14 33 0.11575989888199383
14 34 0.14127427513090093
14 35 -0.026749113543879193
14 36 0.1115460186464629
14 37 -0.032793300363074776
14 38 -0.037036356215041456
14 39 -0.09654087569518817
15 15 0.0
15 16 0.09270785455878541
15 17 0.08554685822810225
15 18 -0.008175097037223236
15 19 0.10287708495237465
15 20 -0.004552333039744655
15 21 0.0125240221505119
15 22 -0.1163778467878059
15 23 -0.03521729464631598
15 24 -0.0334320254077861
15 25 -0.003369740702728543
15 26 0.026848399452862194
15 27 0.0756649213485469
15 28 0.01658929063870498
15 29 -0.02122764108808378
15 30 -0.15691004022627705
15 31 0.06003787579069451
15 32 0.022712926138719773
15 33 0.04360721002857061
15 34 -0.022778746385721145
15 35 -0.16203544259181102
15 36 -0.03935842335263233
15 37 -0.045167556842380455
15 38 0.01323937491686665
15 39 0.048742994984763185
16 16 0.0
16 17 0.0216229693061036
16 18 -0.06582159806310474
16 19 -0.06045885324916761
16 20 0.09150912579279791
16 21 0.03207579102337928
16 22 -0.08917995496773834
16 23 0.03308477357115404
16 24 0.10451885078549243
16 25 -0.06554567223270663
16 26 0.09315471036343242
16 27 -0.10051893304224471
16 28 -0.05989886345523261
16 29 0.10923517029660908
16 30 -0.10248835681761059
16 31 0.0853137792506117
16 32 -0.030766597254992516
16 33 -0.017646765718062098
16 34 -0.052861045839029765
16 35 -0.0148154665339326
16 36 -0.028172841667968147
16 37 0.04176892950662027
16 38 0.012089539073862154
16 39 0.06576894014666221
17 17 0.0
17 18 -0.13422003975225302
17 19 0.06582000204667872
17 20 0.05148627270792759
17 21 0.042673409081932685
17 22 -0.14872206963608234
17 23 -0.07131366676497494
17 24 -0.057461207595563946
17 25 0.13993428434903146
17 26 -0.027650380383199512
17 27 -0.04414551557809006
17 28 -0.049804852878951575
17 29 0.001036538847912506
17 30 -0.10988295855517367
17 31 0.1077785625717246
17 32 0.01912574029035044
17 33 0.021352859454461935
17 34 0.0022145338636663644
17 35 -0.10336382829957018
17 36 -0.05083273085315865
17 37 -0.05940871529502212
17 38 -0.025748562273159088
17 39 0.036221534891536296
18 18 0.0
18 19 0.02573766467026653
18 20 -0.060916581649606075
18 21 0.001389392730272159
18 22 0.07804618715515305
18 23 -0.03611046230144301
18 24 -0.011682789919450338
18 25 -0.08380727356014415
18 26 -0.005135896269903606
18 27 0.05879178613440165
18 28 0.0744599530748363
18 29 0.026112921419998096
18 30 0.046413521623659346
18 31 -0.06934242714402929
18 32 0.021727682868137876
18 33 0.023504266668637468
18 34 0.057034868943074725
18 35 -0.008657867178088769
18 36 0.04234982605690126
18 37 -0.03968473232727912
18 38 0.02030025855407289
18 39 -0.014047516482647019
19 19 0.0
19 20 0.030141779164454163
19 21 -0.01762501940612602
19 22 -0.0440494700062215
19 23 -0.035195507066927804
19 24 -0.042177205024400734
19 25 0.04122278029562944
19 26 0.052028282211594445
19 27 0.19900867540661976
19 28 0.012984371943083342
19 29 -0.06625008620469733
19 30 0.04157904056154121
19 31 0.12976093760032223
19 32 0.0636293385564699
19 33 0.07540495246022208
19 34 0.03923675797171779
19 35 -0.16528593298092426
19 36 -0.06455102799558787
19 37 -0.0649528699043663
19 38 -0.006120048331519171
19 39 -0.006937451332139607
20 20 0.0
20 21 0.02989606072724968
20 22 -0.08269500971149381
20 23 0.07794487661390087
20 24 0.00991026662743234
20 25 0.12000178475329035
20 26 0.11744284553748274
20 27 0.004349915557562297
20 28 -0.05184859891132988
20 29 -0.05139093623281469
20 30 0.0642179510788753
20 31 0.1904778003116332
20 32 0.01746379264189192
20 33 -0.05032865725540532
20 34 -0.005608395561981056
20 35 -0.022269338808100874
20 36 -0.09891227168259883
20 37 -0.017057072384803865
20 38 -0.0041883897108542555
20 39 0.10035953038917807
21 21 0.0
21 22 -0.03766055183015777
21 23 0.0370927360655429
21 24 0.12637986507742766
21 25 0.06014993801318973
21 26 -0.14838913750294608
21 27 -0.268631119643235
21 28 -0.12545177879594763
21 29 0.04510469116010996
21 30 0.001555373890318292
21 31 0.09887266212325795
21 32 0.019951002361701553
21 33 -0.11375903472217949
21 34 0.04784698035139692
21 35 -0.04513366521509547
21 36 -0.009280415286215494
21 37 0.04845768296368747
21 38 -0.03838013065402978
21 39 0.22388023995366663
22 22 0.0
22 23 0.12119955323881719
22 24 0.013234146419461917
22 25 -0.06640528501864183
22 26 -0.0024542559444756694
22 27 0.004746581355406908
22 28 0.010652790693404801
22 29 -0.03340961441225729
22 30 0.05304363755710721
22 31 -0.048464593927105254
22 32 0.010661145045622315
22 33 -0.07566683221678636
22 34 -0.08936231766104892
22 35 0.15304504867365037
22 36 0.0467695909743055
22 37 0.10999058889253877
22 38 -0.06772456019290864
22 39 -0.10406621898636222
23 23 0.0
23 24 0.05713383285530264
23 25 -0.026227317326012977
23 26 0.06072284592310021
23 27 -0.06934647977670236
23 28 -0.05714992369239631
23 29 -0.01016022312893007
23 30 0.06462050203800793
23 31 0.05333766166195133
23 32 -0.013334537080668951
23 33 -0.09182611484206916
23 34 -0.043999904155843754
23 35 0.10854383767475786
23 36 0.046990026430450686
23 37 -0.07791859954093917
23 38 -0.02116070943933763
23 39 0.017089048527874424
24 24 0.0
24 25 0.02468288966554073
24 26 0.004191460010870042
24 27 -0.12019971710818453
24 28 -0.07223894131411435
24 29 0.14489057091414131
24 30 0.06118859152737268
24 31 -0.032794375396942535
24 32 0.13892844377859243
24 33 -0.1484305513389459
24 34 0.03096929548677128
24 35 0.16895633330838297
24 36 0.14591465046623447
24 37 0.057225216860159654
24 38 -0.09434181689373414
24 39 0.012246738453023443
25 25 0.0
25 26 -0.018964054856297416
25 27 0.05494550636695047
25 28 -0.06701994206980014
25 29 -0.03319396402117231
25 30 0.001600920892710335
25 31 0.1081278436401222
25 32 0.08681778057416453
25 33 -0.0625719627560967
25 34 0.02742527235986746
25 35 -0.030616178847765758
25 36 0.0025072661695908272
25 37 0.019865333090129215
25 38 -0.11531533006164815
25 39 0.03260718888098589
26 26 0.0
26 27 0.10527793825270246
26 28 0.022324689086017705
26 29 -0.024255594225940764
26 30 0.02799342498219447
26 31 0.0749592905809869
26 32 0.022532903370530676
26 33 0.011020802279581219
26 34 -0.03164983996869437
26 35 0.01637128322066218
26 36 -0.04196107227568963
26 37 -0.028166775328351733
26 38 0.0193716572097506
26 39 -0.037614643748181534
27 27 0.0
27 28 0.11255512198007527
27 29 -0.10652845794477084
27 30 0.06476814190492289
27 31 0.017125870910709044
27 32 0.01655366446675081
27 33 0.12351263312043845
27 34 -0.0201827759013228
27 35 -0.16532889063133444
27 36 -0.024850654724295693
27 37 -0.0038512675487673296
27 38 -0.0463542855094802
27 39 -0.14704548265342302
28 28 0.0
28 29 0.00197323531346221
28 30 0.04569026201615352
28 31 -0.11551724327789208
28 32 -0.028523766681618268
28 33 0.013638267814812288
28 34 -0.08566195115418457
28 35 -0.003116272684435476
28 36 0.017439762752282303
28 37 -0.08703034119678289
28 38 0.020079707375777224
28 39 -0.08822879108425925
29 29 0.0
29 30 -0.009415265044894688
29 31 -0.08699243821595562
29 32 0.03748379349056039
29 33 -0.019985772684185055
29 34 0.06749947896127871
29 35 0.06525060026980659
29 36 0.1461947436082853
29 37 -0.08585182302443589
29 38 -0.038486559573355464
29 39 -0.030113025210224603
30 30 0.0
30 31 -0.00950734605782449
30 32 0.001667458478659057
30 33 -0.03707657437050741
30 34 0.013801191583974342
30 35 0.07033606988606662
30 36 0.010974270013328572
30 37 -0.02987544293169934
30 38 -0.003943662171842959
30 39 -0.023530973223274305
31 31 0.0
31 32 0.01626025042070191
31 33 -0.0008665026781534818
31 34 0.00022896376340166507
31 35 -0.12569874778342086
31 36 -0.14805010163057647
31 37 0.0399394988916213
31 38 -0.01663307963561161
31 39 0.11699156027859722
32 32 0.0
32 33 -0.06411685727939806
32 34 0.06097607922333394
32 35 0.06261987585219204
32 36 0.08031527643156931
32 37 -0.012761243832171249
32 38 -0.07378826539257273
32 39 -0.02017010001076115
33 33 0.0
33 34 0.09669405210687228
33 35 -0.14665852226123338
33 36 -0.05137844690750822
33 37 -0.061987421375014416
33 38 0.09226088096957943
33 39 -0.02346296310031608
34 34 0.0
34 35 -0.04491291753647283
34 36 0.059155184345472026
34 37 -0.09784298024084331
34 38 0.0521739864952505
34 39 0.05545426652751419
35 35 0.0
35 36 0.12379086920144841
35 37 0.0447831239326569
35 38 -0.04393691420757811
35 39 -0.08622263411992395
36 36 0.0
36 37 -0.0603313873237004
36 38 -0.0714386192228054
36 39 -0.08253046057493359
37 37 0.0
37 38 -0.06459202269774222
37 39 0.011413383734217587
38 38 0.0
38 39 0.04613985256056804
39 39 0.0
