0 0 0.0
0 1 0.01106429397431857
0 2 0.047831116040516174
0 3 0.16749254856031034
0 4 -0.18761575859144983
0 5 0.10519254436594797
0 6 0.1720123910134901
0 7 -0.10089025908704523
0 8 0.17224061614196456
0 9 0.016932251836398748
0 10 0.04480522439538817
0 11 0.03247779591768305
0 12 -0.1472181868641299
0 13 0.06042454971420362
0 14 -0.042149753604740776
0 15 0.16315298789261698
0 16 -0.03090542461262911
0 17 0.08947472184082192
0 18 -0.15743558573503832
0 19 -0.005075949609769484
0 20 -0.2335032457002198
0 21 0.15961244742531977
0 22 -0.07212586434272202
0 23 0.041703183461877395
0 24 -0.2286410339109139
0 25 0.04139622111151288
0 26 0.06949007660723101
0 27 -0.2662751785657261
0 28 -0.02352644640743034
0 29 -0.013782006161174967
0 30 -0.024268413486151726
0 31 0.15460260501462778
0 32 0.06485469543822063
0 33 0.1684202498550703
0 34 0.19570607461326078
0 35 0.06860800075834168
0 36 -0.05473681455101277
0 37 -0.05512298857305413
0 38 0.030854183419149472
0 39 0.13113957504868373
1 1 0.0
1 2 0.021520276099203827
1 3 0.035907665234299474
1 4 0.03205922672820523
1 5 0.03972563651216214
1 6 -0.02909974651717031
1 7 -0.04804222550191024
1 8 0.06210887311510457
1 9 0.001035034527882945
1 10 -0.03462186929691336
1 11 0.03870362963995689
1 12 0.03690526455879316
1 13 0.2315277897791525
1 14 0.2068119023047486
1 15 -0.33539443415420783
1 16 -0.060648343885999115
1 17 -0.09715223220461153
1 18 -0.09267910994825071
1 19 -0.07636770426946657
1 20 -0.06650988859753168
1 21 0.017564199682843895
1 22 -0.08088853696111173
1 23 0.02308855524712789
1 24 -0.2983797279317709
1 25 0.01933413632657188
1 26 0.05610946574893436
1 27 0.010408316208523689
1 28 0.12809565649861782
1 29 -0.07489726812862715
1 30 0.1040136951679701
1 31 -0.1722219628487032
1 32 -0.048939338114828916
1 33 -0.042203313259524575
1 34 -0.09449503788119543
1 35 -0.118602751203674
1 36 0.09933718849310426
1 37 0.0808365755184582
1 38 0.05983025889366041
1 39 0.14051206382128606
2 2 0.0
2 3 0.06493431586545043
2 4 -0.10577568973890177
2 5 -0.0024606789473369615
2 6 0.10962277125180686
2 7 0.08294279273728654
2 8 -0.1370538135024155
2 9 -0.0423762794350731
2 10 0.00509030459283423
2 11 0.015191563526540924
2 12 0.05748937923788329
2 13 0.06950155006906675
2 14 -0.1396141468258913
2 15 0.018430108336301664
2 16 0.0019177703507786289
2 17 0.0065780218553188816
2 18 0.10239123009892978
2 19 0.13498533183393643
2 20 0.027677079468860305
2 21 -0.001636489285690937
2 22 -0.10924986087485508
2 23 0.0034888183552922716
2 24 0.08154734146786087
2 25 0.016270997378084177
2 26 0.021344796679717382
2 27 0.028247551657540754
2 28 -0.07672867990353195
2 29 -0.02294491220925808
2 30 -0.11221675911279383
2 31 0.07982797241628546
2 32 0.10326204456529742
2 33 0.000057035720330230304
2 34 -0.04683680285486334
2 35 0.02679167824871962
2 36 0.058851507740324015
2 37 0.00037423009427446034
2 38 -0.003562565547022737
2 39 0.1121795110168646
3 3 0.0
3 4 -0.0031603851225661243
3 5 0.05112645571691121
3 6 -0.04690261826004816
3 7 0.12432811120702322
3 8 -0.05436891604330866
3 9 -0.05801346114341828
3 10 -0.028241397886142255
3 11 0.047593633127201745
3 12 -0.12632721182574128
3 13 0.06305097885702854
3 14 -0.22963020263850836
3 15 -0.10748712877906494
3 16 -0.05733551760852621
3 17 0.08747501479315817
3 18 0.15851036162328178
3 19 0.13687852673928233
3 20 -0.15850661951243866
3 21 -0.037485244938257674
3 22 -0.0261919034013754
3 23 -0.1365024552573018
3 24 -0.21127270882355514
3 25 0.007449849970655953
3 26 0.10403126015753765
3 27 -0.014687401297265165
3 28 -0.07490939142517654
3 29 0.035522748286815946
3 30 0.09649060159697155
3 31 0.08671120921794787
3 32 0.055530343738233
3 33 -0.018171609593817997
3 34 0.0573639964166596
3 35 -0.07578836597137734
3 36 0.009657956042555578
3 37 -0.14444143027530426
3 38 -0.1613736777351104
3 39 0.042827634549737884
4 4 0.0
4 5 0.013337196790907821
4 6 -0.14680719320585514
4 7 0.02184304008058667
4 8 -0.061584691157554695
4 9 0.06888279574253055
4 10 -0.033386165695373594
4 11 -0.06471816085888485
4 12 -0.1009450128994848
4 13 0.0068356217668640515
4 14 0.1574154542850574
4 15 -0.03991633401833246
4 16 -0.016313234392831187
4 17 0.0275230383643486
4 18 -0.040454311983334997
4 19 0.03370745448170924
4 20 0.07528383118478994
4 21 -0.11154963661198151
4 22 -0.04319554394082835
4 23 -0.05442474518073485
4 24 -0.03858665031217641
4 25 -0.04494986764264064
4 26 -0.07359807074003813
4 27 0.051524645828507146
4 28 0.08217595649663115
4 29 0.13016572454007033
4 30 0.03915641889814776
4 31 -0.07090428214911919
4 32 -0.0918634046164081
4 33 -0.031590590233264604
4 34 -0.012267369523123442
4 35 -0.09639022340447548
4 36 0.07741669219324529
4 37 -0.06929984233075825
4 38 -0.17221618199807204
4 39 -0.03480448522715836
5 5 0.0
5 6 0.050032175376721756
5 7 -0.007196765111302038
5 8 0.046631410567216154
5 9 0.04880019795364773
5 10 -0.0766470704312938
5 11 -0.04659308697094335
5 12 -0.04816895238634142
5 13 0.022018734629720094
5 14 0.000239207187303512
5 15 0.01713787190858592
5 16 0.06261020350256423
5 17 0.05134665248569329
5 18 -0.055949167424436716
5 19 -0.024246532781751644
5 20 -0.13757295144040174
5 21 0.05852725527144058
5 22 -0.006849385744744559
5 23 -0.03895676781869519
5 24 -0.106747627475692
5 25 -0.06458456075512156
5 26 -0.01587765593076674
5 27 -0.06655507001256462
5 28 0.024920037852052424
5 29 -0.018169421114761875
5 30 0.027360860084758458
5 31 -0.006471829616856654
5 32 0.015544572079449806
5 33 0.10222396285923888
5 34 0.05704826853054078
5 35 -0.06684854599530668
5 36 -0.0786114385041009
5 37 -0.05649117377216404
5 38 -0.04318691996301115
5 39 0.0819419886817711
6 6 0.0
6 7 -0.08482849919860688
6 8 0.13758997705419812
6 9 -0.0059548586092685344
6 10 -0.06631662550530679
6 11 -0.16124829736328497
6 12 0.09963511555664332
6 13 0.01762787117678588
6 14 -0.1618468891770211
6 15 -0.052073040763321476
6 16 0.1268043398710643
6 17 -0.024448379882889903
6 18 -0.08223349765818977
6 19 0.12472501755575353
6 20 -0.042760951962585086
6 21 0.05096203516151269
6 22 0.023526356743522596
6 23 0.20091105317049132
6 24 0.19346071499793832
6 25 -0.07128449503307902
6 26 -0.04548537843368216
6 27 -0.02589861684273432
6 28 -0.03225394808672623
6 29 -0.15976701696563192
6 30 -0.10100046580724546
6 31 -0.04352319463702754
6 32 0.016821681412358135
6 33 0.006413980036610746
6 34 0.09264906655089034
6 35 0.11237593126279792
6 36 -0.08518311471652867
6 37 0.03888421754333712
6 38 0.03456711359386843
6 39 -0.11278631870351133
7 7 0.0
7 8 -0.3336135601128155
7 9 -0.10763589269104523
7 10 0.012357683905569568
7 11 0.021091780679702098
7 12 0.13151518389700126
7 13 0.0333580064598305
7 14 0.06652319523777989
7 15 0.06305906697735
7 16 -0.012346925806272054
7 17 0.26222256626947743
7 18 0.19346928710009617
7 19 0.11381460256261629
7 20 0.03991163001588508
7 21 -0.15937927697966486
7 22 -0.15006275295551078
7 23 -0.18003765776247246
7 24 -0.06606060326009014
7 25 0.003658336089683531
7 26 0.07311327333398096
7 27 -0.010687702468786909
7 28 0.08354440118140129
7 29 -0.1179094084465843
7 30 0.014435371731211316
7 31 -0.06600399182461303
7 32 0.012050787655503098
7 33 -0.058459784154413705
7 34 -0.10672613234344337
7 35 -0.02714419192187989
7 36 0.04507811082669525
7 37 -0.28028649776008
7 38 0.06359594032943418
7 39 0.2076922655006359
8 8 0.0
8 9 0.01488334960700316
8 10 -0.04258212722376177
8 11 0.022099561201700143
8 12 -0.1250666278718268
8 13 0.058929935547583
8 14 -0.1302742328195253
8 15 -0.08527709573584075
8 16 0.008381740343458724
8 17 -0.1395804660905185
8 18 -0.2575172350672782
8 19 -0.0022994077191882604
8 20 -0.09177024744123925
8 21 0.08947514881398397
8 22 0.1497307801507053
8 23 0.15291294657687568
8 24 -0.18293339469779363
8 25 0.058090072376604754
8 26 -0.051472728172752204
8 27 -0.06337709384998455
8 28 0.00460395025852266
8 29 -0.07260779046955637
8 30 -0.08452548705454523
8 31 -0.04064752044817603
8 32 0.06749403153476936
8 33 0.2035299774099172
8 34 0.07645666916999387
8 35 0.02508065213738489
8 36 -0.11404249824221313
8 37 0.09766569688766137
8 38 -0.0690207488151978
8 39 -0.18238205902172078
9 9 0.0
9 10 0.11630504747060996
9 11 0.006732680619280754
9 12 -0.06815714184224447
9 13 -0.11206444244176816
9 14 -0.12021715922931346
9 15 -0.0545114603077579
9 16 -0.10765956896073418
9 17 0.027569410899925317
9 18 -0.2035161082031467
9 19 -0.013195499906038105
9 20 -0.12823468005291686
9 21 0.13087359561188255
9 22 0.34192188800742873
9 23 -0.02426751343946784
9 24 -0.10473322116021981
9 25 -0.13218930516530597
9 26 -0.06788579371678725
9 27 -0.17270621816829398
9 28 0.06272003291966112
9 29 -0.018182433022929007
9 30 0.1308200029381485
9 31 0.13743659363599142
9 32 0.020274790967814364
9 33 -0.11500112327003338
9 34 0.00917147972073894
9 35 -0.09212201635501979
9 36 -0.044094313126581894
9 37 0.08810742370975035
9 38 -0.14361331761505708
9 39 -0.023990961421376238
10 10 0.0
10 11 0.2093931615721071
10 12 0.16882571330625926
10 13 -0.07298701463472908
10 14 0.047155311491274374
10 15 -0.03236218078294793
10 16 -0.14104596638686032
10 17 0.06954661818217932
10 18 -0.12128493755228717
10 19 0.05112858342034471
10 20 0.12172735374665611
10 21 -0.10435936103655027
10 22 0.07142010882793842
10 23 0.065009826910151
10 24 -0.20753772654822292
10 25 -0.03698926505844054
10 26 0.043803656460176726
10 27 -0.1390835821269414
10 28 0.10821610780412849
10 29 0.13605626181754976
10 30 -0.035147642403468266
10 31 0.09730550685891932
10 32 0.09557774480009906
10 33 0.08459754490585167
10 34 -0.041646560075199804
10 35 0.06608809919482475
10 36 0.10238217276023358
10 37 0.23237711418869167
10 38 0.11816256738677171
10 39 -0.0872623345950197
11 11 0.0
11 12 -0.032807087648487165
11 13 -0.08549033504441424
11 14 -0.06570250272374925
11 15 0.03654001752123793
11 16 -0.15165101631650066
11 17 0.03829638670258213
11 18 -0.18539213052597026
11 19 -0.07892319048939682
11 20 0.05374519829029639
11 21 0.043927243517090916
11 22 -0.0028423012964058575
11 23 0.038855826469703744
11 24 -0.17995382235626672
11 25 0.030214925756039242
11 26 0.1687987392991905
11 27 -0.06510207122744319
11 28 0.02375545398805688
11 29 0.0940280464470356
11 30 -0.04456492473127986
11 31 0.1312477081101872
11 32 0.033424827685753264
11 33 0.13189870026005496
11 34 -0.07325451181135907
11 35 -0.03151345333995841
11 36 -0.03977014192208409
11 37 0.02836491655458845
11 38 -0.04289496533785785
11 39 0.11804331736000406
12 12 0.0
12 13 0.025450538358352343
12 14 0.07884928119812157
12 15 -0.16832582793645542
12 16 0.18100344625865278
12 17 -0.018964448696876048
12 18 0.04828694051344083
12 19 0.08034800034086839
12 20 0.07212361420007334
12 21 -0.12416412734226387
12 22 -0.06723859282749786
12 23 0.1303347835793795
12 24 0.16533101549011248
12 25 -0.06576282672012403
12 26 -0.005648309527815578
12 27 0.05620829884324004
12 28 0.04910975850751305
12 29 -0.13559263783829265
12 30 -0.08903347680492049
12 31 -0.10760084054634875
12 32 -0.008234534253352866
12 33 0.01171764370366368
12 34 -0.0746903625124913
12 35 0.04375205749143064
12 36 0.07848470636193365
12 37 0.09230855751747875
12 38 0.19915239036298665
12 39 -0.07901337481716417
13 13 0.0
13 14 0.12882484880537082
13 15 -0.11268733441442773
13 16 0.023771783594302598
13 17 -0.026221043034091514
13 18 -0.09608235446922839
13 19 0.05954391816750794
13 20 0.05657094062385633
13 21 -0.017336158219089896
13 22 -0.22689303548089157
13 23 -0.04487950295453557
13 24 0.004636929745131464
13 25 0.05557898980839027
13 26 -0.10615707861986304
13 27 -0.014244554068651983
13 28 -0.00010529607116094651
13 29 -0.18409661677204164
13 30 -0.05584734968719348
13 31 -0.11635674348440479
13 32 0.04386052599137542
13 33 -0.04739008500613963
13 34 0.0670099647098941
13 35 0.00027632981039932183
13 36 0.17350417580383554
13 37 0.019101201280347237
13 38 -0.0780802617922747
13 39 0.10994925189889797
14 14 0.0
14 15 0.02649843394292393
14 16 0.06671974641448343
14 17 0.05223272629130486
14 18 -0.13390534161891027
14 19 -0.17927533479860647
14 20 0.10014592425413853
14 21 -0.03599465872368094
14 22 -0.3275097930453231
14 23 -0.020895854005907762
14 24 -0.05779796580423683
14 25 0.03928070731018724
14 26 -0.09728902737796097
14 27 -0.014624204381083519
14 28 0.13220251435317437
14 29 0.19618141529327796
14 30 -0.10516578801781504
14 31 -0.1866304470988151
14 32 -0.1250942509355974
14 33 0.029613359894924713
14 34 -0.04080017883713041
14 35 0.05224256471396606
14 36 0.13169832441191537
14 37 0.010413741129544763
14 38 0.2010129527509164
14 39 0.21154635201640287
15 15 0.0
15 16 -0.009866749447126313
15 17 0.12319788923103261
15 18 -0.030907867906538926
15 19 -0.13280792904130181
15 20 0.019510143327843777
15 21 0.0781647356706319
15 22 -0.13986348554105815
15 23 -0.07719947757014342
15 24 0.14799630096849645
15 25 -0.008885198026444063
15 26 -0.031308779904495584
15 27 -0.11359353015891667
15 28 0.0639193807469522
15 29 -0.03331802240892613
15 30 -0.0028962775484812136
15 31 0.07397562891301293
15 32 -0.012220270352205173
15 33 0.23583286145114948
15 34 0.17500355177099097
15 35 0.11854509187693582
15 36 -0.030420233340110875
15 37 -0.14288764058274556
15 38 0.04705086913385056
15 39 0.19972949438164794
16 16 0.0
16 17 -0.07111442347833091
16 18 0.02414606786006985
16 19 0.16488502840324942
16 20 -0.03206111560758283
16 21 -0.026827906887788088
16 22 -0.28478640590553106
16 23 0.12194304188319786
16 24 0.26499469131378245
16 25 -0.07226959227364732
16 26 -0.0902046532743935
16 27 0.05574475565314434
16 28 0.08581120247052493
16 29 -0.02036710734749543
16 30 -0.22058933858468016
16 31 -0.06438019212992334
16 32 -0.15379724354778593
16 33 0.11145054002306894
16 34 0.06933365553975593
16 35 0.0643705339704451
16 36 0.014278244521732746
16 37 -0.1497456031604557
16 38 -0.045011486416825376
16 39 -0.12309616849794522
17 17 0.0
17 18 -0.0038574308526536953
17 19 0.02920617035261346
17 20 -0.022433971533054195
17 21 -0.03361834648689753
17 22 -0.0484399672332664
17 23 -0.11051551590075248
17 24 -0.16917927383652326
17 25 -0.0315200040414922
17 26 0.04818859850978226
17 27 -0.1504638071812886
17 28 0.07418555784721088
17 29 -0.0128899544720469
17 30 0.0027652391328165664
17 31 0.0465017504130447
17 32 0.042277058076448035
17 33 0.018339691655055376
17 34 0.00005558791500064931
17 35 -0.029047930150428565
17 36 -0.05424591536773845
17 37 -0.1834256787221078
17 38 0.024690681991818644
17 39 0.15929583270191852
18 18 0.0
18 19 0.11716367183612822
18 20 -0.059703642704890855
18 21 -0.16920528837730847
18 22 0.04505380215142087
18 23 -0.20433417267906653
18 24 -0.060147612314612645
18 25 0.11623358091670573
18 26 0.07539960908485963
18 27 0.17193124562243622
18 28 -0.06739471356796815
18 29 0.04374297614204788
18 30 0.11522553796632987
18 31 0.001537207706793299
18 32 0.044929098582695545
18 33 -0.14687457020739797
18 34 -0.15349624217259353
18 35 -0.021646801082762658
18 36 0.04143074416225516
18 37 -0.1411354996022119
18 38 0.21959906303716195
18 39 -0.09634654171063509
19 19 0.0
19 20 0.05359235119059652
19 21 -0.18823670802181974
19 22 -0.1150786199286477
19 23 0.05653388100573527
19 24 -0.017742963730357077
19 25 0.054094348302769546
19 26 -0.03605649680487719
19 27 0.006603189028519685
19 28 0.071270903011028
19 29 -0.01893172014434007
19 30 -0.21466642511881373
19 31 0.019616811987280772
19 32 0.012621302746867716
19 33 -0.017791674083718317
19 34 -0.045866330634804144
19 35 0.08062098854934757
19 36 0.12582002027522057
19 37 -0.18186864479892498
19 38 -0.13532951585806283
19 39 -0.20660861387051402
20 20 0.0
20 21 -0.08837044429277904
20 22 -0.16744724036874953
20 23 0.04527136582610729
20 24 0.3019166991134606
20 25 0.01018141632681613
20 26 -0.07416216925145011
20 27 0.09755341904897508
20 28 0.05830468093254817
20 29 0.07275803849403392
20 30 -0.13008654325046828
20 31 -0.045470269952693175
20 32 -0.06426124074367165
20 33 -0.2149649322719227
20 34 -0.05003582122414936
20 35 0.1454102130838789
20 36 0.12424702920985846
20 37 0.12169059830565995
20 38 -0.05418507430812125
20 39 -0.09831225675570555
21 21 0.0
21 22 0.07030188723950957
21 23 -0.0024641039594325903
21 24 0.07463577137267056
21 25 -0.045429088913588864
21 26 -0.007664487412508231
21 27 -0.07794435277565959
21 28 -0.07602908474328862
21 29 -0.00021727176750915177
21 30 0.04286617299247546
21 31 0.09752771200325135
21 32 0.0004345414162196092
21 33 -0.04175300837209023
21 34 0.08683585385536617
21 35 0.0006377951760160015
21 36 -0.13376676981097418
21 37 0.0818687948725348
21 38 -0.04836813789898329
21 39 0.12421502103076021
22 22 0.0
22 23 -0.06163723413491342
22 24 -0.19451416005401695
22 25 -0.056093204702782916
22 26 0.0055426952187258
22 27 0.002786155108876006
22 28 -0.09680775604817651
22 29 -0.05288402233237453
22 30 0.27098975311267715
22 31 0.031803723394788666
22 32 0.16495217397690637
22 33 -0.06401672941614141
22 34 -0.07983341023539489
22 35 -0.09242345783144558
22 36 -0.19745536647980538
22 37 0.21935818965928844
22 38 0.04309017296099099
22 39 -0.1618695897501993
23 23 0.0
23 24 0.2055316767001794
23 25 -0.026623548934200762
23 26 0.029496060997952787
23 27 -0.0013090484022571535
23 28 -0.008765421408337786
23 29 -0.058758474783629853
23 30 -0.2147351230768033
23 31 0.015164206950509757
23 32 -0.07436014276176516
23 33 0.10205424245612289
23 34 0.053373762065151
23 35 0.05776466518982367
23 36 0.0032529307004676247
23 37 0.05744247938588707
23 38 0.06367610000714374
23 39 -0.18405473586976334
24 24 0.0
24 25 -0.1412440156520603
24 26 -0.16543217939355565
24 27 0.24283522845979483
24 28 -0.2041258555021726
24 29 -0.11684184366380672
24 30 -0.11938125115023704
24 31 -0.025347111349347945
24 32 -0.1993713362219402
24 33 -0.2884912945467069
24 34 0.18157262771117816
24 35 0.19053504557227852
24 36 0.066776907493625
24 37 0.12000604429498414
24 38 -0.14909207233147134
24 39 -0.12553290529184155
25 25 0.0
25 26 0.05940132697096837
25 27 -0.0006353258356253972
25 28 -0.04462450447202898
25 29 0.016828617390557
25 30 -0.07337866504483936
25 31 0.04112290103994426
25 32 0.03394725667916817
25 33 -0.007155505314469704
25 34 -0.08495241095720277
25 35 0.03157328903828882
25 36 0.07474829645159839
25 37 -0.09340921326498396
25 38 0.07220298659857298
25 39 0.002634294267435216
26 26 0.0
26 27 -0.04784467258318774
26 28 -0.010319827246948595
26 29 0.010319804573582385
26 30 0.07312371405178117
26 31 0.10943214523732547
26 32 -0.02670031663331285
26 33 0.02555774830341682
26 34 -0.06232604675737502
26 35 -0.07755506232479364
26 36 -0.03739865423413464
26 37 -0.09813726672754239
26 38 0.08107662928441933
26 39 0.0635718676862859
27 27 0.0
27 28 -0.10282831450705017
27 29 0.05753466386826629
27 30 -0.0009288296132039927
27 31 -0.15275627503881226
27 32 -0.030644356123396665
27 33 -0.06134637098820848
27 34 -0.08185277185300241
27 35 0.026146222589940732
27 36 0.018827118096633587
27 37 0.07509090235280588
27 38 -0.026911601588730023
27 39 -0.08847020485437232
28 28 0.0
28 29 -0.028317380297615602
28 30 0.0018452993282134643
28 31 -0.10291435709576094
28 32 -0.09974138251401608
28 33 0.05391437322987329
28 34 -0.036746882617566416
28 35 0.022060292538629265
28 36 0.04653490830850006
28 37 -0.09394523385147806
28 38 0.036053244613439846
28 39 -0.01854355941118279
29 29 0.0
29 30 -0.08743165474386878
29 31 0.11933551918690546
29 32 -0.03044151515060086
29 33 0.0076560104132522245
29 34 -0.07531601724623016
29 35 0.04747599688419185
29 36 -0.02380420787445321
29 37 0.08602992816025097
29 38 -0.05577963398427349
29 39 -0.03818222179040829
30 30 0.0
30 31 -0.04146408255974391
30 32 -0.03474496448175939
30 33 -0.1518386624920563
30 34 0.034535186217828334
30 35 -0.1351215832765013
30 36 -0.023349266305759918
30 37 0.09881400742972997
30 38 0.0007998059652130794
30 39 0.07634242276491846
31 31 0.0
31 32 0.035035827882883654
31 33 -0.04475335622171211
31 34 0.03631168639338053
31 35 -0.04057564663430728
31 36 -0.022248468293262175
31 37 -0.03724550205455161
31 38 -0.0659310759730184
31 39 0.0035297144434702265
32 32 0.0
32 33 0.11895761772333453
32 34 -0.043853753735338424
32 35 -0.020453296030937703
32 36 -0.055004898289343795
32 37 0.10134635390660511
32 38 0.06972944551739231
32 39 0.04363742081398829
33 33 0.0
33 34 0.05203048998187151
33 35 -0.046355257307304894
33 36 -0.08203281683559242
33 37 -0.0637615376277256
33 38 0.07826761129315106
33 39 0.08739797293886462
34 34 0.0
34 35 0.03634092413056826
34 36 0.005841249569798933
34 37 0.02090901975573227
34 38 -0.10590598791941117
34 39 -0.0010279287572930115
35 35 0.0
35 36 0.03664870331119814
35 37 0.06191513948747669
35 38 0.04296896242384967
35 39 -0.08487074593956592
36 36 0.0
36 37 0.01372885137049532
36 38 -0.02526994955209979
36 39 -0.0226061572127529
37 37 0.0
37 38 0.06350825085357506
37 39 -0.10477869131574144
38 38 0.0
38 39 0.021912247848365592
39 39 0.0
