0 0 0.0
0 1 -0.06851568989658564
0 2 0.02074075346754916
0 3 -0.19392470179941398
0 4 0.00010993368256204746
0 5 0.001210484758112107
0 6 0.09595044270473037
0 7 -0.09720465863505
0 8 0.12868013777565052
0 9 -0.1499104113092278
0 10 0.0057917842992765605
0 11 0.11761719959655723
0 12 -0.08430916710866185
0 13 0.02463807758984204
0 14 0.10285381091752932
0 15 0.02726483734988861
0 16 -0.044886615935923586
0 17 -0.21412819493594903
0 18 0.13416977111118697
0 19 -0.14137435557668981
0 20 -0.2843284381783899
0 21 0.13064546962201862
0 22 -0.0686972984292401
0 23 -0.11769807496084717
0 24 -0.10087114871651545
0 25 0.03828368444631524
0 26 0.031361358512945234
0 27 -0.11106134274157169
0 28 -0.10933795933675208
0 29 -0.07588831182375327
0 30 0.018742763454726766
0 31 -0.0437629380570205
0 32 -0.03197279952488082
0 33 -0.0004508367811178058
0 34 -0.023211568607531586
0 35 0.15290187663179333
0 36 0.03531348361039389
0 37 -0.0786085602437273
0 38 -0.07254928204375087
0 39 0.006290509346843387
1 1 0.0
1 2 0.06680738358274851
1 3 0.08215867140994251
1 4 0.2160487477955401
1 5 0.08091400893922096
1 6 0.12344565777846066
1 7 0.02572047630024199
1 8 -0.01146940469410493
1 9 0.10886490485788072
1 10 0.15676603861053284
1 11 -0.014162176725465056
1 12 -0.12013000269166348
1 13 0.2270614554502119
1 14 -0.023648614053094145
1 15 -0.21855727207950895
1 16 0.09363998173814453
1 17 0.08226947738160054
1 18 -0.2514945644695849
1 19 0.039689499260123405
1 20 -0.02702484955369122
1 21 0.228359048626889
1 22 -0.08378184226586684
1 23 -0.09294658981882666
1 24 0.12914865445220575
1 25 0.1085966059248191
1 26 -0.09325873462425634
1 27 -0.040790445791015414
1 28 -0.06956524598874432
1 29 -0.18539436124715167
1 30 -0.19653096432867118
1 31 0.21601356382944892
1 32 -0.12209316702228641
1 33 0.05162410202779662
1 34 -0.016212867662236785
1 35 0.008542112079678948
1 36 0.14621528779267093
1 37 -0.04492926825846317
1 38 -0.16590102069164897
1 39 0.22963355015269454
2 2 0.0
2 3 0.0724292710056963
2 4 0.06581037293502234
2 5 0.09223011990603767
2 6 -0.0252076104916322
2 7 -0.05521147726254173
2 8 -0.14354993107869587
2 9 0.03661056357916078
2 10 -0.0884393013181273
2 11 -0.00783886597785107
2 12 0.23823352891730937
2 13 0.19998173159386815
2 14 0.10951536161534722
2 15 -0.032397929240693464
2 16 0.11127805218895452
2 17 0.00726921042209743
2 18 -0.2145371584704618
2 19 -0.027564279058806245
2 20 -0.14768835344228531
2 21 0.008832237408214769
2 22 -0.11672497960076038
2 23 0.10049543650905327
2 24 -0.3417587776436305
2 25 -0.11466441869311687
2 26 0.04048128792736555
2 27 -0.23244399618168182
2 28 -0.06124306460507972
2 29 0.04636398927371264
2 30 -0.05061174869232177
2 31 0.051776799965307665
2 32 -0.09201095525229773
2 33 -0.03366247554280524
2 34 -0.15461963505039797
2 35 -0.028233182778152743
2 36 -0.2774210442665143
2 37 -0.2369877039504345
2 38 -0.06402757150465173
2 39 0.15560095213508549
3 3 0.0
3 4 0.12520478611170055
3 5 0.20140915312949445
3 6 -0.13656630677450488
3 7 -0.07844722712228433
3 8 -0.00858735872828
3 9 0.031204822398036854
3 10 -0.19483277132629667
3 11 -0.04801534886481306
3 12 0.18556599718705596
3 13 0.021727720847179707
3 14 -0.3989740978409042
3 15 0.05808085257049328
3 16 -0.10809894259414551
3 17 0.1830757418843947
3 18 -0.06833709073705924
3 19 -0.03443671487654687
3 20 0.09760968510979501
3 21 -0.023252983490693595
3 22 0.23021378452127603
3 23 0.013654141043715397
3 24 0.1094391634962433
3 25 0.12719684618170596
3 26 -0.05328098585089393
3 27 0.006283050505099972
3 28 0.19597958136890442
3 29 -0.1749264075849602
3 30 -0.037846280294249225
3 31 -0.0280670927623451
3 32 -0.1603404353044698
3 33 -0.18038471172599796
3 34 -0.009024372578209521
3 35 -0.20326181717742825
3 36 0.08615947965861816
3 37 -0.02400052944593168
3 38 0.13459578370790962
3 39 0.0988311150181315
4 4 0.0
4 5 0.15045601785782411
4 6 -0.08398838388704229
4 7 -0.031000140073365035
4 8 0.1033614964952724
4 9 0.1426571190770634
4 10 -0.025606635263978834
4 11 -0.2067696413430829
4 12 0.24815484212601996
4 13 0.3021219871695294
4 14 -0.09041741946218988
4 15 -0.1878849330663354
4 16 -0.06831595627726525
4 17 -0.022089127516601983
4 18 -0.269495151547834
4 19 -0.07169785848489695
4 20 0.07455411540876704
4 21 0.05738112820982407
4 22 -0.09821215987282694
4 23 0.0040237500042021365
4 24 0.2285428028694187
4 25 0.13118981763920753
4 26 -0.29190765134838953
4 27 0.032939514043760824
4 28 0.03795982527533631
4 29 -0.2301752628249131
4 30 0.009584149715457136
4 31 -0.15013432664606136
4 32 -0.211111549619205
4 33 -0.2129607051657625
4 34 -0.18134193280629649
4 35 0.16553372314762133
4 36 0.024353419823906243
4 37 -0.07335657475665043
4 38 0.052146637510979935
4 39 0.016873780299815858
5 5 0.0
5 6 0.01938268647395095
5 7 -0.07490879781931718
5 8 -0.05998259280747934
5 9 0.0555617064800414
5 10 0.05772702236025741
5 11 -0.07805715487294543
5 12 0.02561195713367047
5 13 0.12029706651092054
5 14 -0.2642161614537483
5 15 -0.04205090493583794
5 16 -0.2248018625173686
5 17 0.030617277972091655
5 18 -0.10601890590057414
5 19 -0.12470745010265041
5 20 -0.10004069501531876
5 21 0.01754468834480819
5 22 0.07358274800923259
5 23 -0.016628989619292277
5 24 -0.047773870576506526
5 25 0.11654839982456792
5 26 0.003576385748277064
5 27 0.05523618504988368
5 28 0.22077883092731715
5 29 -0.17730686974373738
5 30 -0.20425978998910116
5 31 -0.006307572539828531
5 32 -0.09608102915689416
5 33 -0.014786188096424463
5 34 -0.18476342797269835
5 35 0.10934117463145177
5 36 0.043042673514908134
5 37 -0.06606063101110934
5 38 0.061152891368672455
5 39 0.09349243233235588
6 6 0.0
6 7 0.043838322844098374
6 8 -0.053644952017919946
6 9 0.04823195212121491
6 10 0.08257228060238637
6 11 0.17010207898966262
6 12 -0.1499212834056192
6 13 -0.0360096081152745
6 14 0.035226635747341244
6 15 -0.11321971132445204
6 16 -0.0942586789684638
6 17 -0.06423229013106829
6 18 0.036419356425861873
6 19 -0.01683065961837631
6 20 -0.07205520479641832
6 21 0.11447732020106309
6 22 0.010768936596305543
6 23 -0.17465420959599867
6 24 0.05081682480401591
6 25 -0.07467762418952441
6 26 -0.01608785348897633
6 27 -0.02909620515477939
6 28 0.016943250803688616
6 29 -0.047577690638849285
6 30 -0.13872073188165757
6 31 0.13478097480265758
6 32 -0.10505938482570638
6 33 0.2008119792733675
6 34 0.049876765628298916
6 35 0.09748662566416641
6 36 -0.05400608383063847
6 37 0.03259115384107936
6 38 -0.08610163214681917
6 39 0.01860132441305735
7 7 0.0
7 8 -0.11767843271622665
7 9 -0.035979286005628115
7 10 0.09571721958405391
7 11 -0.041056103190195634
7 12 -0.021361579413935343
7 13 -0.09127347106865644
7 14 0.06870612850343844
7 15 -0.09744296085441498
7 16 0.05991550735660093
7 17 0.06741573273293869
7 18 -0.15320205141543936
7 19 0.09650097642611484
7 20 0.049311867027099374
7 21 0.033157986842577016
7 22 -0.10410823268503414
7 23 0.1258332844839336
7 24 -0.007109636573684382
7 25 -0.020042157349631055
7 26 0.06770686421143976
7 27 -0.0028403077480912762
7 28 -0.0011380526482742761
7 29 0.0708926811745785
7 30 0.058204639010439076
7 31 0.030687188139578415
7 32 0.09714870772399604
7 33 0.14095554294588808
7 34 0.08015424464385769
7 35 0.04043003617434823
7 36 -0.002891616994196345
7 37 0.09577569251478707
7 38 0.0291412523224955
7 39 -0.042595662727689096
8 8 0.0
8 9 0.08310276799309944
8 10 -0.04904858520060124
8 11 0.18700286892604792
8 12 -0.0243828037795656
8 13 0.1855532407657133
8 14 0.011061150827608633
8 15 -0.009173394856791275
8 16 -0.0997840074065445
8 17 -0.07166494966674011
8 18 0.13159216203294682
8 19 -0.11736126853370506
8 20 0.06918949408665544
8 21 0.04037838872889061
8 22 -0.031438039517297046
8 23 -0.04147333617690796
8 24 0.1693347289392574
8 25 0.03691114848607085
8 26 -0.06726488608991191
8 27 -0.018725264215740254
8 28 -0.08899765944900345
8 29 -0.12083543325477578
8 30 0.13205060261550333
8 31 0.013018651158509356
8 32 -0.08001410015422114
8 33 -0.1540106670562456
8 34 -0.050813932653657544
8 35 -0.0610617129653744
8 36 0.18383560469546475
8 37 0.06113539246430054
8 38 0.044913137720992265
8 39 0.05202744730977558
9 9 0.0
9 10 0.11884901105288767
9 11 0.08111999303210368
9 12 0.06008536437247147
9 13 0.1294343196661672
9 14 -0.049655033576636906
9 15 0.0551121767146638
9 16 -0.056405741146979396
9 17 0.09974434493731667
9 18 -0.15721643242358138
9 19 0.07467618023659661
9 20 0.22460706865263366
9 21 0.00231110925657086
9 22 -0.1105371826376427
9 23 -0.006233180116033543
9 24 -0.009698672564423149
9 25 -0.14369136135897398
9 26 -0.01911403692609895
9 27 0.024591830417393788
9 28 0.08643333633711814
9 29 -0.06297535986625051
9 30 -0.0327743890012733
9 31 -0.06576668896043877
9 32 -0.07373347874924346
9 33 -0.006698783148599343
9 34 -0.06428849051780049
9 35 0.06130453354576119
9 36 -0.16237858472966862
9 37 0.12676972587161528
9 38 0.20129883756080122
9 39 0.028392152194211845
10 10 0.0
10 11 -0.007994252725880892
10 12 -0.3602672325225476
10 13 -0.06975786104873469
10 14 -0.04287087746763887
10 15 -0.027186835167461017
10 16 -0.02361181797786844
10 17 -0.09331153740384425
10 18 -0.15446253293357168
10 19 0.05628139338707412
10 20 0.0034220829267883187
10 21 0.1072381267950179
10 22 -0.2759661328059161
10 23 -0.027437343033365435
10 24 -0.13154250281516516
10 25 0.11381504425862006
10 26 0.2315357952081214
10 27 0.02236312583121531
10 28 -0.02171737743870239
10 29 0.06116286682561896
10 30 -0.12782681385374317
10 31 0.13815934740660119
10 32 0.031917097178996476
10 33 0.14709890310615326
10 34 -0.05761409327593796
10 35 0.21942795589475006
10 36 0.3295641789370401
10 37 -0.059008482988073985
10 38 0.00982958114581171
10 39 0.13857599804038284
11 11 0.0
11 12 -0.1972040921373923
11 13 -0.01434347837781042
11 14 0.1094378612965385
11 15 0.11278288208883432
11 16 -0.09221058142601182
11 17 -0.04656840399597001
11 18 0.12758123847714767
11 19 -0.060167156946753855
11 20 0.010279629096277155
11 21 0.0344884041272258
11 22 0.06576650954069241
11 23 -0.0568197703041334
11 24 -0.022596952969123858
11 25 -0.0651434306432566
11 26 0.027251354427462054
11 27 -0.073593003597039
11 28 -0.055800994619663244
11 29 0.002583710489220915
11 30 -0.021855265206010784
11 31 0.1062719141689062
11 32 -0.07687561998407207
11 33 0.043145783112784206
11 34 0.07486295009455159
11 35 -0.053764908045089224
11 36 -0.023331828347180335
11 37 -0.032874905227467735
11 38 0.016121320025115425
11 39 0.10565405757389232
12 12 0.0
12 13 0.09661695302086439
12 14 -0.000312507566880289
12 15 -0.10585346021300299
12 16 -0.04919057488429547
12 17 0.12588393865934538
12 18 0.0007096723680065123
12 19 -0.007788162947326297
12 20 0.09519700486252662
12 21 -0.08489526887031904
12 22 0.01943315357645202
12 23 0.20630491713128385
12 24 -0.1376436681011323
12 25 -0.09652988369245909
12 26 -0.05657740658909789
12 27 -0.0955487718958248
12 28 -0.00047274437223271057
12 29 -0.06786390679118434
12 30 0.2521454773025974
12 31 -0.2012480289351149
12 32 -0.0710086926046602
12 33 -0.08509954489665274
12 34 -0.10799646507301955
12 35 -0.12484588884921863
12 36 -0.3259762703582483
12 37 0.011849833113133933
12 38 0.14852987395373804
12 39 -0.10146393213371267
13 13 0.0
13 14 0.12000380477029568
13 15 -0.18553360899066867
13 16 -0.040373041310309894
13 17 0.07248604537624659
13 18 -0.18335420454654439
13 19 -0.0867958732521146
13 20 0.03535857806510153
13 21 0.03354997204157637
13 22 -0.02739488463394199
13 23 -0.015084897193509056
13 24 0.03656947861165043
13 25 -0.010945215901745683
13 26 -0.24217096459032977
13 27 -0.0845766285182856
13 28 -0.055434898526536346
13 29 -0.19241252097032296
13 30 -0.10187152009708336
13 31 0.030802614253496025
13 32 -0.13594441981998417
13 33 -0.0819966806488954
13 34 -0.19473495123725826
13 35 0.06327095319655783
13 36 -0.08339531253038057
13 37 -0.033872904210211816
13 38 -0.11932627758226566
13 39 0.12256107114723383
14 14 0.0
14 15 -0.12899339202609922
14 16 0.2071043313116184
14 17 -0.10398646096512505
14 18 -0.014432853313000395
14 19 0.07778395209316995
14 20 -0.1486200440285852
14 21 0.00909671934347033
14 22 -0.1198590294696333
14 23 0.07201736369507702
14 24 -0.0015940198152863086
14 25 -0.2093822553064014
14 26 0.07741513321650753
14 27 -0.004739384107194305
14 28 -0.2849781394094089
14 29 0.1642797186343363
14 30 -0.03098109615452533
14 31 0.16794777781700418
14 32 0.20674629913214743
14 33 0.10128676500156934
14 34 -0.0348153991090033
14 35 0.06835652179557956
14 36 -0.38416330983121794
14 37 -0.08875597715173768
14 38 -0.24722933253816531
14 39 -0.12351718964417742
15 15 0.0
15 16 0.06999460469443122
15 17 -0.04433450220999165
15 18 0.17600396110434569
15 19 0.10436410759468355
15 20 0.06592977520865344
15 21 -0.15773935108523704
15 22 0.11248703392690933
15 23 0.029764957816355457
15 24 -0.1846764142862526
15 25 -0.021509888945146362
15 26 0.05822073549727078
15 27 -0.008153644368056403
15 28 0.1375104775216855
15 29 0.0386473109520992
15 30 0.05296003241589189
15 31 -0.17003864638473726
15 32 0.12814180076730716
15 33 -0.06869162109651972
15 34 0.022834728919160732
15 35 -0.04889578299277416
15 36 -0.050689469590439094
15 37 0.004652737748554399
15 38 0.10633320440395352
15 39 0.007872107203816056
16 16 0.0
16 17 -0.14656937465794545
16 18 -0.1484260653517568
16 19 0.14183760914802404
16 20 -0.09593861562213804
16 21 0.032847307639203044
16 22 -0.26674235253889805
16 23 0.06220985543826842
16 24 0.010933395199918426
16 25 -0.10473938568134826
16 26 -0.006469236469191525
16 27 -0.08284708930889023
16 28 -0.11685016090802514
16 29 0.18544072196300895
16 30 0.05346028100026806
16 31 0.1443899284760624
16 32 0.16476157246334347
16 33 0.01266281102058835
16 34 0.08834932134857418
16 35 -0.06729809624112763
16 36 -0.16409365520354796
16 37 -0.011917778375396131
16 38 -0.23773346825361089
16 39 0.10989509814164988
17 17 0.0
17 18 -0.10431425604363828
17 19 0.10034294913047717
17 20 0.06494472710705294
17 21 -0.05492978459985305
17 22 0.11980877163942796
17 23 0.14318674180309235
17 24 -0.09953774116443856
17 25 -0.039687270630626915
17 26 -0.052970849713672094
17 27 -0.08929231180491799
17 28 0.08397693276794764
17 29 0.009095931129063616
17 30 -0.009117489137961034
17 31 -0.12820764777203716
17 32 0.1252109533375952
17 33 -0.14169794997231328
17 34 -0.015442043385057827
17 35 -0.23831259556119416
17 36 -0.11322800717631591
17 37 0.11965108186057716
17 38 0.20980991668936486
17 39 -0.08932265240394663
18 18 0.0
18 19 -0.0002298311409181385
18 20 0.07529713965939024
18 21 -0.1006219467110191
18 22 0.22752093041882562
18 23 -0.2036072617866776
18 24 -0.019277683263102245
18 25 0.04155062045638734
18 26 0.07680517109124924
18 27 0.07258024791682219
18 28 0.05111260276789337
18 29 -0.08730823988303
18 30 0.10171753228503917
18 31 -0.055319203781358406
18 32 0.062453740571370944
18 33 0.12700535453063974
18 34 0.10422687334548823
18 35 -0.0242952302978665
18 36 0.029532886439981858
18 37 0.14853852153594588
18 38 -0.008746498988256298
18 39 -0.14997905334925676
19 19 0.0
19 20 0.12238318759441436
19 21 -0.04634518301299959
19 22 -0.027544715899715595
19 23 0.028370740663362704
19 24 -0.057402225941675086
19 25 -0.05749712871924519
19 26 0.10167373390682928
19 27 -0.013176482180917826
19 28 0.051545140471103756
19 29 0.048922245583938956
19 30 0.08893396589148476
19 31 -0.01565482504272608
19 32 0.15453686825381086
19 33 0.05783317388388518
19 34 0.047933193260897816
19 35 -0.0687741211241397
19 36 -0.09826644529620746
19 37 0.08653852777412588
19 38 -0.0576223700221431
19 39 -0.05815790227153408
20 20 0.0
20 21 -0.17429616327420452
20 22 0.18567429545982944
20 23 0.04776069640050243
20 24 0.12045872669124089
20 25 -0.025893317354528995
20 26 -0.18904754438486715
20 27 0.07569271231315695
20 28 -0.0457716086983372
20 29 -0.03706007279793304
20 30 0.12279656796457306
20 31 -0.11647952508933838
20 32 -0.18066287767868652
20 33 0.05429060299167511
20 34 0.10368071027514855
20 35 -0.07210856491388208
20 36 0.17190409794268174
20 37 0.12108539961307027
20 38 0.20817335827193623
20 39 -0.016545843621506344
21 21 0.0
21 22 -0.12176718687946637
21 23 -0.11655132584674033
21 24 0.036112368600715435
21 25 0.09766718090737542
21 26 0.09610647576010936
21 27 -0.08428206767701778
21 28 -0.1417782237610496
21 29 -0.12323196647623731
21 30 -0.009197977577929997
21 31 0.10716382578484451
21 32 -0.08997116614235526
21 33 0.06891263351533625
21 34 0.10243485380998148
21 35 0.061573880391091115
21 36 0.18061757594323077
21 37 0.004901601560322627
21 38 -0.08125011145771749
21 39 0.08699344821179922
22 22 0.0
22 23 -0.06730907571346473
22 24 0.11300055584914537
22 25 0.03303208853902079
22 26 -0.19479056242247744
22 27 0.15381447543795274
22 28 0.0047759587909019146
22 29 -0.18466556806048962
22 30 -0.10725441020531754
22 31 -0.1552634059405279
22 32 -0.11025935715394033
22 33 -0.01272351486509142
22 34 0.11584343776702108
22 35 -0.15402090028900267
22 36 0.09478628130143898
22 37 0.002465198438810961
22 38 0.08296486165017725
22 39 -0.13544962596218424
23 23 0.0
23 24 -0.24454613123343347
23 25 -0.0689718377221122
23 26 0.04157504440457517
23 27 0.009365908537746548
23 28 -0.04397110684432366
23 29 0.1344107302243382
23 30 0.15769988574323823
23 31 -0.09980320252967906
23 32 0.20620292392173392
23 33 -0.01912845584110289
23 34 -0.14496513146709486
23 35 -0.1567908792376142
23 36 -0.1443469732631527
23 37 -0.045778867286032324
23 38 0.12640960725067354
23 39 0.09058597655686072
24 24 0.0
24 25 0.05502060618069945
24 26 -0.33053879445624273
24 27 0.28546292786339117
24 28 0.08602035642985642
24 29 -0.06138142106345581
24 30 -0.08700181274920489
24 31 0.1520069536871531
24 32 -0.16824539857368348
24 33 -0.1888282068167302
24 34 0.11087978199956132
24 35 -0.04247123389054918
24 36 0.05360674035567923
24 37 0.12259240258518485
24 38 -0.18502395458080506
24 39 -0.09068066137790351
25 25 0.0
25 26 0.049123217391875064
25 27 0.093692741651117
25 28 0.041002639530309616
25 29 -0.17477983769222888
25 30 0.006846040493747199
25 31 -0.03234684600323372
25 32 -0.036837287500723515
25 33 -0.01962414292536222
25 34 0.03584489730088518
25 35 0.08836681518238945
25 36 0.3563286017906836
25 37 -0.016450276514758215
25 38 -0.004458444260140584
25 39 0.051358947703212074
26 26 0.0
26 27 -0.04848094928623011
26 28 0.026217524101305963
26 29 0.0823581956299529
26 30 0.09082937059117667
26 31 0.14040990099488504
26 32 0.1976203372811366
26 33 0.1626655894472547
26 34 0.0010586996647472676
26 35 0.011381080461840495
26 36 0.07158211965118663
26 37 -0.005746885143994739
26 38 -0.012250657102689643
26 39 0.012514500633931499
27 27 0.0
27 28 0.1298454288910404
27 29 -0.029208856667927753
27 30 -0.050944019386366834
27 31 -0.026440746744422244
27 32 0.09998310879638155
27 33 0.030816504162371933
27 34 0.008308919502841251
27 35 0.0612692803260156
27 36 0.036540254060924746
27 37 0.08403922335402178
27 38 -0.0551204627805818
27 39 -0.11098298742748454
28 28 0.0
28 29 -0.10114265828928382
28 30 -0.13378818836343062
28 31 -0.017627694914762706
28 32 0.1421235388781932
28 33 0.0006951260466912692
28 34 -0.16803381097978892
28 35 0.09874116007088532
28 36 -0.24327539976255125
28 37 0.16320134492509236
28 38 0.046953279854895905
28 39 -0.03921362917910471
29 29 0.0
29 30 0.09199429674519258
29 31 0.05399807072405588
29 32 0.12188942689677154
29 33 -0.084711076170501
29 34 0.027011981602566053
29 35 -0.13058970335543568
29 36 -0.13370323724978778
29 37 -0.10254666666109724
29 38 -0.04236101276912756
29 39 -0.03976369032053154
30 30 0.0
30 31 -0.2511820399006753
30 32 0.04705302818614879
30 33 -0.10447324923869857
30 34 0.14652373260338786
30 35 -0.17781805561152503
30 36 0.045530813291458035
30 37 0.10734800606118249
30 38 0.02808539438025607
30 39 -0.11142916823373965
31 31 0.0
31 32 -0.02380553060371924
31 33 0.15582906918502487
31 34 -0.04608254069414873
31 35 -0.01807899757085627
31 36 0.011189038494235692
31 37 -0.07409021829524157
31 38 -0.237353983055822
31 39 0.2121697340285363
32 32 0.0
32 33 0.0738763127458733
32 34 -0.05634398312359355
32 35 -0.014365562790102166
32 36 -0.23499795520910385
32 37 0.15218027805217152
32 38 -0.059383231588513066
32 39 -0.10990836113860107
33 33 0.0
33 34 0.08913447201042989
33 35 0.196769680165736
33 36 -0.0028093073257282756
33 37 0.15004582783042839
33 38 -0.047075207869715176
33 39 0.03633337040815478
34 34 0.0
34 35 -0.059310072457718
34 36 0.1945794494448762
34 37 0.13694484107255683
34 38 0.0018761492591055408
34 39 -0.10735831164104795
35 35 0.0
35 36 0.02067403761936903
35 37 0.03385070261142381
35 38 0.028421739857784012
35 39 -0.05759066942096734
36 36 0.0
36 37 -0.058389827295236715
36 38 0.1052037029515949
36 39 0.12549056236010278
37 37 0.0
37 38 0.07306504182509695
37 39 -0.14622085055784861
38 38 0.0
38 39 -0.07937321239699104
39 39 0.0
