0 0 0.0
0 1 -0.01046746430965603
0 2 -0.11364063754553658
0 3 0.05242846872991549
0 4 -0.05044279337775083
0 5 -0.09368765116066959
0 6 -0.047103820492113216
0 7 -0.013214739311237183
0 8 -0.03202686178835508
0 9 -0.02706257435238888
0 10 -0.013243749419900062
0 11 -0.04212581247309656
0 12 0.0037445848826303794
0 13 -0.08344786558803552
0 14 -0.03348477491142558
0 15 -0.0514433478176208
0 16 0.04006944109841065
0 17 -0.029251156013292794
0 18 -0.03226970234392355
0 19 0.006442248853640117
0 20 0.10739325621481091
0 21 0.05038631555571428
0 22 -0.0020077745941111448
0 23 0.02267900640171604
0 24 0.0003221748753535087
0 25 -0.07331139122974685
0 26 0.029542457306595722
0 27 0.002046752912732974
0 28 -0.004558370131939511
0 29 0.08923895037481498
0 30 -0.08365215368153911
0 31 0.014463846177449636
0 32 -0.08548579256992574
0 33 -0.020094520884720708
0 34 0.11226123337695074
0 35 -0.02729567254990494
0 36 -0.021687594323486457
0 37 -0.1511053958821073
0 38 0.01262018300365927
0 39 0.0016703143121658023
1 1 0.0
1 2 -0.03185684229963569
1 3 0.018495935470256963
1 4 -0.07119546335083589
1 5 0.04017612799609169
1 6 0.006179101294783192
1 7 -0.07845797918746063
1 8 0.028933475820895643
1 9 0.020169093598135117
1 10 -0.023678926293511374
1 11 0.01741970166985275
1 12 -0.012093648276267386
1 13 -0.05920641854341374
1 14 0.012468151831451101
1 15 -0.023900380733478204
1 16 -0.06203022366276876
1 17 0.033601892778942814
1 18 -0.06545184505700295
1 19 0.08110991927803964
1 20 0.05613663038382122
1 21 -0.007768064301447231
1 22 0.047760636860317576
1 23 0.009036804378179912
1 24 0.004169567132053188
1 25 -0.02950358450831981
1 26 0.035686081352106054
1 27 0.08735225158132205
1 28 0.02657960597089291
1 29 -0.0026470935517621014
1 30 -0.0007289120851294462
1 31 0.04327988599117183
1 32 0.0692196915018804
1 33 -0.06311082883045184
1 34 -0.015174024151968123
1 35 -0.042789012668169805
1 36 0.04175409569094572
1 37 0.023680518253936182
1 38 -0.017865154644447635
1 39 0.026665390894852942
2 2 0.0
2 3 -0.1368309848770714
2 4 0.05404565315933013
2 5 0.04837024588965015
2 6 -0.030803417819194427
2 7 -0.004117219906882292
2 8 0.09522919960591172
2 9 0.09650059009145273
2 10 -0.08126098884040915
2 11 0.04323493725848708
2 12 -0.0842216841235271
2 13 0.11516874717530681
2 14 0.07445261607994731
2 15 0.048472844319757395
2 16 -0.037619926204220236
2 17 -0.053603814540454875
2 18 0.06623435071479218
2 19 0.061671260671942854
2 20 -0.10632959854346924
2 21 -0.06309916545517061
2 22 -0.051055088385983285
2 23 -0.04710248473057364
2 24 0.01743324836070207
2 25 0.04712648373628227
2 26 0.06254314125288472
2 27 -0.019660002943249977
2 28 0.06705835633674909
2 29 -0.015305006009989994
2 30 -0.022773371804893715
2 31 0.028460926266663883
2 32 -0.09141880088697582
2 33 0.023465728122492608
2 34 -0.05448151004971761
2 35 0.04545810899491518
2 36 0.004099141184887042
2 37 0.15605895047877155
2 38 0.0714254453356627
2 39 0.005034962023560201
3 3 0.0
3 4 -0.05072372181829319
3 5 -0.041415089115911116
3 6 0.052241285099679194
3 7 -0.02567032949183067
3 8 -0.10552742464686515
3 9 -0.1162211630401802
3 10 0.11645525759677813
3 11 0.029011116829352777
3 12 0.025474470429497124
3 13 -0.15012159898072905
3 14 -0.031279864171270634
3 15 -0.035692871829735524
3 16 0.02275032671792278
3 17 0.01837018398678573
3 18 -0.07010812709181688
3 19 -0.008418510031046614
3 20 -0.024202015543042882
3 21 0.038110589259449976
3 22 0.06431195579086248
3 23 0.022833809230776127
3 24 0.03491733290971781
3 25 -0.036353255187909744
3 26 -0.16716215039452373
3 27 -0.052560643006060816
3 28 -0.10062113291880144
3 29 -0.045834747990357985
3 30 -0.005435041089897276
3 31 0.04905161438546947
3 32 0.09112896884153522
3 33 -0.04005339098923716
3 34 0.051194310203347325
3 35 0.06988553552581198
3 36 0.015324467716365342
3 37 -0.04547601808239394
3 38 0.04417486291204295
3 39 -0.03358922842863519
4 4 0.0
4 5 -0.07096152664476775
4 6 -0.011764615166996489
4 7 -0.09070050840440015
4 8 0.009810393378420663
4 9 -0.0006098008343247281
4 10 0.048210878870176964
4 11 -0.031639031833351705
4 12 -0.010580344246060667
4 13 -0.000625528706147279
4 14 -0.058577743520775674
4 15 0.032109996188334926
4 16 -0.03431523235518542
4 17 -0.02957491726900262
4 18 0.029096057132528958
4 19 -0.07414865551059106
4 20 0.04821118619293307
4 21 0.06383006117347642
4 22 -0.17445808105003208
4 23 -0.018192106204946126
4 24 -0.03415288357812147
4 25 0.04180825221917005
4 26 -0.049706476021908474
4 27 -0.03874400255673795
4 28 0.03606079143600237
4 29 -0.05609399858048366
4 30 0.023536874656058807
4 31 -0.09686540251741668
4 32 -0.10717935166975093
4 33 0.07436349237100244
4 34 -0.04494742811029409
4 35 0.06139524306157368
4 36 0.023603786093285867
4 37 -0.0012554629193268548
4 38 -0.056770124575452344
4 39 -0.12687195777329477
5 5 0.0
5 6 -0.02629457247528897
5 7 0.050987726254836274
5 8 0.056181209670504405
5 9 0.016464793864908515
5 10 -0.10752855411286892
5 11 0.02350837996539576
5 12 0.014602761028880213
5 13 0.07259751489856528
5 14 0.10642317946984381
5 15 0.02223487766150461
5 16 -0.04178034334351149
5 17 -0.006790033103432264
5 18 0.00841980593929326
5 19 0.0037405486324977094
5 20 -0.13685628034946654
5 21 -0.14553372966237282
5 22 0.14591602284142194
5 23 0.03823381318770809
5 24 0.006968917467830675
5 25 0.042130936363317176
5 26 0.0552354814328652
5 27 -0.013660944368279674
5 28 -0.036044062728823024
5 29 0.03141840497815155
5 30 0.06564614496603789
5 31 0.03955013465014756
5 32 0.03167856059982904
5 33 0.011861869246879563
5 34 -0.06923138674611176
5 35 -0.026877436761600426
5 36 -0.026861111734852127
5 37 0.09823998532967279
5 38 0.05325494588129846
5 39 0.05272120550368151
6 6 0.0
6 7 0.17096434305656197
6 8 -0.12451611948488021
6 9 -0.01249743288030115
6 10 0.15616787284422887
6 11 0.07796922320453306
6 12 -0.07723137995093629
6 13 -0.007285833171758899
6 14 -0.041247234482448915
6 15 -0.04594826278067005
6 16 0.012891000005455197
6 17 0.10108169133107503
6 18 0.005333631224607743
6 19 0.06301665897434902
6 20 0.004413901362135638
6 21 0.08135216850808696
6 22 -0.013564442851429642
6 23 -0.08739689431597958
6 24 0.017618545302088135
6 25 0.03354360176611966
6 26 -0.10571877403014526
6 27 0.0705733426246775
6 28 0.05007543417979545
6 29 -0.03336834619753213
6 30 -0.014877908010174823
6 31 -0.024457760467899263
6 32 0.13729610577318932
6 33 -0.04240081247543714
6 34 0.0894622692974841
6 35 0.025513599442958657
6 36 -0.011263087752914472
6 37 0.08340706412242686
6 38 -0.05930546840115675
6 39 0.009848458127477453
7 7 0.0
7 8 -0.1524362518554075
7 9 0.0036451187433094202
7 10 0.043389476428751655
7 11 0.09741450027169568
7 12 -0.08768960370053508
7 13 0.17661294241141215
7 14 0.019703271400316885
7 15 -0.023726207465703676
7 16 0.09525826679219064
7 17 0.09711286708908193
7 18 0.1073516542626779
7 19 0.04076790648722678
7 20 -0.12831026843407883
7 21 -0.04485955545689484
7 22 0.1307466842816713
7 23 -0.11011964195568802
7 24 0.012656641936704205
7 25 0.10014547958167756
7 26 0.01543667371749938
7 27 0.020609272081420577
7 28 0.011902328629267092
7 29 0.1136711856720306
7 30 -0.00047507196591380996
7 31 -0.0032427228178372102
7 32 0.10694167456283632
7 33 0.011339270634291925
7 34 0.160967244504193
7 35 -0.04403800658544583
7 36 -0.13646623060686755
7 37 0.13444271424271476
7 38 -0.013380501816723478
7 39 0.10517081626906069
8 8 0.0
8 9 0.07852995745077126
8 10 -0.13403232224769446
8 11 -0.05940358188852999
8 12 0.04736725734019091
8 13 0.06013564508046613
8 14 0.0636584415909097
8 15 0.034387196908248874
8 16 -0.027738366705988872
8 17 -0.05943056802151282
8 18 0.01002554565853093
8 19 -0.015959548717648535
8 20 0.0011949199113472256
8 21 -0.0610964399129855
8 22 -0.014501304972051529
8 23 0.05792502447160806
8 24 -0.012692440551982116
8 25 -0.02769611593732042
8 26 0.125278201433813
8 27 0.010630634321029805
8 28 0.03096792452910277
8 29 -0.0005449688625793976
8 30 0.010066768597782667
8 31 -0.0006626789023921836
8 32 -0.07473936990732061
8 33 0.01131974930938915
8 34 -0.11400032642872619
8 35 -0.04498078879571107
8 36 0.026342726498741635
8 37 -0.02813240367014368
8 38 0.01943665893128383
8 39 0.04182644464620357
9 9 0.0
9 10 -0.029882018505245994
9 11 -0.022455311620836766
9 12 -0.018370486763578477
9 13 0.10165887299106909
9 14 0.037350602739148295
9 15 -0.013639568372121227
9 16 0.011365789804240327
9 17 0.01628918192457575
9 18 0.04169278514954602
9 19 0.040317567636203845
9 20 0.04145561644130752
9 21 0.026219613726806285
9 22 -0.06138168825782904
9 23 -0.0177290925012264
9 24 -0.002782405390519504
9 25 -0.022043628001096948
9 26 0.10017477496258134
9 27 0.10090432773897444
9 28 0.12421094900369548
9 29 -0.0013024187846636158
9 30 -0.038593614567306686
9 31 -0.04503634785266207
9 32 0.0023471152258821384
9 33 -0.02748265947287355
9 34 -0.026060941358523094
9 35 -0.058015413015766515
9 36 0.004866913387515071
9 37 -0.0030724843665577454
9 38 -0.045120503443076984
9 39 0.0943349250977771
10 10 0.0
10 11 0.012239184886433987
10 12 -0.011538206297723386
10 13 -0.06789589137176887
10 14 -0.020709635802338634
10 15 -0.10603879501531577
10 16 0.06271549513011299
10 17 0.08920527961663419
10 18 -0.001443807237459098
10 19 -0.03947941874010626
10 20 0.00543280111764292
10 21 0.19400770840817322
10 22 -0.11657455798878993
10 23 -0.02107549031594146
10 24 0.04303017105120504
10 25 -0.03777866207839998
10 26 -0.272987155526407
10 27 0.05676828635252723
10 28 0.08082005645493132
10 29 -0.1399326120747751
10 30 -0.04638833644627187
10 31 -0.1369089002133967
10 32 0.14918525997797907
10 33 -0.052155954139776195
10 34 0.059332482384932175
10 35 0.10801893803238938
10 36 0.007943547823225679
10 37 -0.07142396519522351
10 38 -0.07320607530764281
10 39 0.01781907790572635
11 11 0.0
11 12 -0.0905914025688169
11 13 -0.021798734518073622
11 14 -0.007720891604220964
11 15 0.005502554513910984
11 16 -0.04250483450253375
11 17 0.027152540271226606
11 18 -0.013024164401258309
11 19 0.09337518193404196
11 20 -0.048570857423963346
11 21 -0.031030763306725984
11 22 0.05349599646162181
11 23 -0.06741693007301305
11 24 0.017094752798951302
11 25 0.05058046750201095
11 26 -0.027958980603570698
11 27 -0.0012034727980963173
11 28 -0.016046187661793068
11 29 0.016421046866336435
11 30 -0.0016277185509402023
11 31 0.07471130803921468
11 32 0.036753177761656305
11 33 -0.01735472584253137
11 34 0.056675477032276836
11 35 0.0318498136478385
11 36 -0.004118793099695493
11 37 0.14754637324827663
11 38 0.03486464149097817
11 39 -0.03532461081166039
12 12 0.0
12 13 0.02285237072047857
12 14 0.006428261917726372
12 15 0.02081032718396837
12 16 0.08601984405437874
12 17 -0.020768334896594718
12 18 0.006356920513443537
12 19 -0.12139585013792098
12 20 -0.007912639869476762
12 21 -0.0034680825089145766
12 22 0.024101606140975868
12 23 0.09115369469011089
12 24 -0.006375295027798473
12 25 -0.05788512177185138
12 26 0.007121543800975831
12 27 -0.043460163420727706
12 28 -0.06934922057465014
12 29 -0.045330320921410004
12 30 0.03746831058963435
12 31 -0.028739633512751255
12 32 0.04483410571498986
12 33 0.007952800147931961
12 34 -0.0893573005269097
12 35 -0.0379083251740875
12 36 0.007257902906713773
12 37 -0.15826348999581466
12 38 -0.003979147157508775
12 39 0.0704946014556495
13 13 0.0
13 14 0.058101242658400686
13 15 0.034750864152373516
13 16 0.08198690735490613
13 17 0.011238275230594312
13 18 0.11858676942095456
13 19 -0.03485267033126005
13 20 -0.07879792356309409
13 21 -0.05127091823005776
13 22 0.009433197089290763
13 23 -0.01943865859391871
13 24 -0.010557284081837348
13 25 0.03606346497730682
13 26 0.12663687597010603
13 27 0.021578570287865802
13 28 0.05626124422224445
13 29 0.027841491909076827
13 30 0.016323229460966128
13 31 -0.050166374262266264
13 32 0.014905352418574791
13 33 0.03168957356932299
13 34 -0.041490409227236
13 35 -0.07449198011213769
13 36 -0.059234480815795645
13 37 0.02759516700904931
13 38 -0.021663852285173014
13 39 0.13324053355789256
14 14 0.0
14 15 -0.06963779052841365
14 16 -0.03366848028597087
14 17 -0.03739075064895469
14 18 0.022228541594823868
14 19 -0.051187692540304953
14 20 -0.2200303942101931
14 21 -0.10683072939752136
14 22 0.1057957193973845
14 23 0.10072402691276561
14 24 0.04999570224680208
14 25 -0.0016296581412304147
14 26 -0.07857685091179624
14 27 -0.015350412278103062
14 28 0.041112202833045876
14 29 0.0032558229863077805
14 30 0.008549930582644538
14 31 -0.06496463780173853
14 32 -0.021316354300753494
14 33 0.008566235511028208
14 34 -0.05855524306704406
14 35 0.06456139762781236
14 36 -0.057977009077100725
14 37 0.02171965871865827
14 38 0.09301287035275109
14 39 0.08556825289836661
15 15 0.0
15 16 0.0035421747176903003
15 17 -0.0334185132728434
15 18 0.014439179096227921
15 19 0.003963057789705882
15 20 0.014638687280371473
15 21 -0.05828390775056448
15 22 0.007044496820260744
15 23 -0.0289682868152994
15 24 -0.030348220659847724
15 25 0.03730462205466732
15 26 0.1073068542672359
15 27 -0.06676677012304184
15 28 -0.08285450033131414
15 29 0.014162475479304904
15 30 0.04295400074001755
15 31 0.0843171381029589
15 32 -0.0379925433595835
15 33 0.038477700870590756
15 34 -0.0434604504667066
15 35 -0.03611480062414632
15 36 0.021049594852910716
15 37 0.05228019992335801
15 38 0.0185954345603877
15 39 -0.0465736786117044
16 16 0.0
16 17 0.02087930566164337
16 18 0.05974744076667956
16 19 -0.052381826324252555
16 20 -0.00039868010027597524
16 21 0.06814262138717282
16 22 -0.008420429817519965
16 23 -0.0018834937901930301
16 24 0.017690607144601293
16 25 -0.06181174405988923
16 26 0.004961565396014602
16 27 -0.012914226370511938
16 28 -0.023081947407616727
16 29 -0.0324146332466464
16 30 -0.041639154410035246
16 31 -0.008879416490797484
16 32 0.0934068369584932
16 33 -0.029080214018898393
16 34 0.023218790442250784
16 35 -0.03961118636125774
16 36 -0.022663609919244772
16 37 -0.1338686080420797
16 38 -0.006072179428760061
16 39 0.13618371293361392
17 17 0.0
17 18 -0.001877114401165212
17 19 0.04355832401816624
17 20 0.05435484113990961
17 21 0.06689049917063745
17 22 -0.007284821423329179
17 23 -0.047958737870376834
17 24 0.000474089974182876
17 25 0.000020661996796077002
17 26 -0.01965937731800694
17 27 0.09431988314834835
17 28 0.05248941168485183
17 29 -0.021153088510665746
17 30 -0.005793687975220755
17 31 -0.026525454112449602
17 32 0.12852602094106305
17 33 -0.04751889827007123
17 34 0.04197938363518443
17 35 -0.03701253456108528
17 36 0.0027847666836685416
17 37 0.015398110083847765
17 38 -0.07878433034942431
17 39 0.049895755618693485
18 18 0.0
18 19 -0.03990002807906181
18 20 -0.0523732737029138
18 21 -0.004311198626986307
18 22 -0.02623565784976497
18 23 -0.01654567944652574
18 24 -0.0019288054492933664
18 25 0.02288890173734611
18 26 0.02720111310844724
18 27 -0.01296569401875478
18 28 0.029377365247105748
18 29 0.004695859371976287
18 30 -0.0015853661534498483
18 31 -0.046789902734972084
18 32 -0.012857393318261402
18 33 0.030700518061694704
18 34 -0.00617100810108098
18 35 -0.008918974309023438
18 36 -0.03965720825163826
18 37 0.0028174196620467163
18 38 -0.007167290956549062
18 39 0.05131290191362351
19 19 0.0
19 20 0.08501104016294322
19 21 0.007409761180908204
19 22 0.022349764461557477
19 23 -0.10414512850446438
19 24 0.00876225624916336
19 25 0.004037380931987237
19 26 0.09532276735694288
19 27 0.09461700080862152
19 28 0.045368899050234696
19 29 0.043084293625392095
19 30 -0.057689660670240984
19 31 0.12815463772185862
19 32 0.04384039401837989
19 33 -0.0776601674803474
19 34 0.0822883919829315
19 35 -0.04504947181026879
19 36 0.036318290903410905
19 37 0.13512676153038009
19 38 0.0028054369659279684
19 39 0.005572379803500029
20 20 0.0
20 21 0.17476587877249108
20 22 -0.17979639837662362
20 23 -0.0787725872810236
20 24 -0.0675596868994134
20 25 -0.06220269637997702
20 26 0.15834427387486819
20 27 0.14715844604369624
20 28 0.08213362222571902
20 29 0.015004284359991599
20 30 -0.05587374330197583
20 31 0.002683740267357835
20 32 -0.002316350214306393
20 33 -0.05176878346937155
20 34 0.05680594840369927
20 35 -0.1343368735758194
20 36 0.08665214121810509
20 37 -0.11566902635133558
20 38 -0.1743123292459203
20 39 -0.043936628680204655
21 21 0.0
21 22 -0.18801874530663695
21 23 -0.04831381484748422
21 24 0.0014066996205472626
21 25 -0.07057098807623954
21 26 -0.08527967936847258
21 27 0.10220170758688518
21 28 0.10887205877858294
21 29 -0.09129287459955547
21 30 -0.07849548482121078
21 31 -0.09489103973582041
21 32 0.07497216857232038
21 33 -0.05874932909301781
21 34 0.05668864175041037
21 35 0.0071288724012252115
21 36 0.04527819522853964
21 37 -0.1256283542707032
21 38 -0.11884278864944313
21 39 0.017509011464203757
22 22 0.0
22 23 0.051566415369827125
22 24 0.029390855196906308
22 25 0.025703275342242267
22 26 0.027991554970214765
22 27 -0.06434744514771955
22 28 -0.1362656680695486
22 29 0.08790393264829684
22 30 0.054533420833467516
22 31 0.12749329538667234
22 32 0.06746043544530195
22 33 -0.010949422953575313
22 34 0.007665471439933101
22 35 -0.026896642003475846
22 36 -0.05717121727786345
22 37 0.08024719760457644
22 38 0.12151123305951565
22 39 0.06735356529925006
23 23 0.0
23 24 0.013118941285121635
23 25 -0.040978525265231616
23 26 -0.051629571937029814
23 27 -0.04443222457525224
23 28 -0.03158958358440202
23 29 -0.017508301595612234
23 30 0.027571195158534345
23 31 -0.050966071995540894
23 32 -0.027733925548059236
23 33 0.017723534875570428
23 34 -0.07792302135595415
23 35 0.02483771342173619
23 36 -0.011560808300954309
23 37 -0.10369923675945592
23 38 0.04303249621555173
23 39 0.029347617494594542
24 24 0.0
24 25 -0.020104196915199497
24 26 -0.06695965371788386
24 27 -0.00678145998345976
24 28 0.0024441616197060615
24 29 -0.025125259120783255
24 30 -0.024013720008663024
24 31 0.0063253934015355855
24 32 0.03501098256137063
24 33 -0.026207020905288304
24 34 0.009760758532179168
24 35 0.04111145298962183
24 36 -0.0070902736928446595
24 37 0.0022930650760803802
24 38 0.04401976450438588
24 39 0.03825565178425933
25 25 0.0
25 26 0.006321441774796108
25 27 -0.040733762190853125
25 28 -0.02333121955592753
25 29 0.03823829255654364
25 30 0.05683573860930443
25 31 0.006345096066879138
25 32 -0.04338214412521115
25 33 0.059834645465870605
25 34 0.004573201261907525
25 35 0.0208953792862605
25 36 -0.028418498469346992
25 37 0.13856790218124088
25 38 0.0032727339905718363
25 39 -0.08218349453645683
26 26 0.0
26 27 0.06155414145568722
26 28 0.004222552477991056
26 29 0.1378312692353099
26 30 0.0022029011391552227
26 31 0.11837920731024525
26 32 -0.07277745971191998
26 33 0.003784193432024103
26 34 -0.01742730853217892
26 35 -0.21021034811749617
26 36 0.01245628564957436
26 37 0.022446574874436045
26 38 -0.039221736463024466
26 39 0.05781628074714786
27 27 0.0
27 28 0.16276436551882373
27 29 -0.007622448506777138
27 30 -0.0496164166724852
27 31 -0.058999488186134555
27 32 0.10200335224149175
27 33 -0.0835313726320535
27 34 0.03249275596183547
27 35 -0.08672473646675043
27 36 0.02603972824331331
27 37 -0.016544632106262794
27 38 -0.12375366189697674
27 39 0.09294564786484805
28 28 0.0
28 29 -0.02234677323904726
28 30 -0.06620958238654825
28 31 -0.13403540799020203
28 32 0.005423719530565371
28 33 -0.039285168584867594
28 34 0.019170950291062975
28 35 -0.015556754981165299
28 36 0.0029064624964407
28 37 -0.01284900075200993
28 38 -0.10097364555434556
28 39 0.06357598824953162
29 29 0.0
29 30 0.00008103280426919633
29 31 0.05707332186197876
29 32 -0.09479723699422471
29 33 0.029854288527645056
29 34 0.06978788738655672
29 35 -0.06745361346166313
29 36 -0.05168395470918322
29 37 0.043291440234411414
29 38 0.02131515646933744
29 39 -0.017193465825680758
30 30 0.0
30 31 -0.004455387493542462
30 32 0.002441953970841895
30 33 0.05172485190433177
30 34 -0.06714332663110568
30 35 -0.0034598059481972857
30 36 -0.006507866121108058
30 37 0.04985102424751371
30 38 -0.00429026745289427
30 39 -0.0487900716350301
31 31 0.0
31 32 0.013113674919801088
31 33 -0.03446856964032636
31 34 0.033005146823717496
31 35 -0.04022728892152902
31 36 0.03187299231553686
31 37 0.10478943179894071
31 38 0.10088598948560364
31 39 -0.020918234253013833
32 32 0.0
32 33 -0.10874641775073324
32 34 0.009642462968867383
32 35 -0.04439616688411033
32 36 0.020394620850167165
32 37 -0.011213193039195702
32 38 -0.057386002489862795
32 39 0.15445080089748514
33 33 0.0
33 34 -0.030751382735655496
33 35 0.027522730822463332
33 36 -0.02957450936624507
33 37 0.02478156085259196
33 38 0.012840132336505366
33 39 -0.0820986717536997
34 34 0.0
34 35 -0.0021113815827206255
34 36 -0.033231011769011984
34 37 0.020541003835472853
34 38 -0.010076343389464141
34 39 -0.011623041119388876
35 35 0.0
35 36 -0.006135747585775123
35 37 0.042391826545365115
35 38 0.0748338552991347
35 39 -0.08631915665621534
36 36 0.0
36 37 -0.009213354847146873
36 38 -0.022551737995601468
36 39 -0.029442146535325543
37 37 0.0
37 38 0.0541263775704773
37 39 -0.09636240309840066
38 38 0.0
38 39 -0.005469316874867354
39 39 0.0
