0 0 0.0
0 1 -0.16298797416486693
0 2 0.1381548573909032
0 3 0.055357445463991614
0 4 -0.027382484212703045
0 5 0.11985900030999139
0 6 -0.145241211229626
0 7 -0.007157721160881888
0 8 0.16398481994901032
0 9 -0.033803023737932994
0 10 0.08417743976762496
0 11 -0.009528401574795477
0 12 -0.16932019698106024
0 13 0.0622302993487396
0 14 0.06581855792746069
0 15 -0.0718766051459376
0 16 0.01966653984700973
0 17 -0.060357826686002744
0 18 0.014376473967151077
0 19 -0.00276148140565655
0 20 -0.1582661685159824
0 21 0.06205450641331815
0 22 -0.04386314428795815
0 23 0.02185491160878417
0 24 0.03288463189644235
0 25 0.12163544970654458
0 26 0.11752287997894077
0 27 -0.012517444029965435
0 28 0.15710239923791827
0 29 -0.05759659561177401
0 30 0.1466771041106562
0 31 0.0970537809822127
0 32 0.08785871798788823
0 33 0.007134626641397766
0 34 0.004357320101227079
0 35 -0.15172344264089851
0 36 -0.029358744054395515
0 37 0.09649714654705024
0 38 -0.10931401110022114
0 39 -0.14383444375691262
1 1 0.0
1 2 -0.21092772333690527
1 3 -0.08394137788854203
1 4 -0.03268754539836778
1 5 -0.10656971696404353
1 6 -0.29103488401367567
1 7 0.0402822905009496
1 8 -0.1221180487698847
1 9 0.010045992668234149
1 10 0.013577758139194212
1 11 0.2009921579528307
1 12 0.1368573402104429
1 13 0.003647963299578979
1 14 0.16192878011270556
1 15 0.10761316338891816
1 16 -0.2513204456950341
1 17 0.06741515634106764
1 18 0.08235870479811157
1 19 0.1833614519457287
1 20 0.011916241008981872
1 21 -0.11103367464961977
1 22 0.03133332386608426
1 23 0.020403537388585906
1 24 0.043483612328506636
1 25 -0.0942005539396816
1 26 -0.08271232613674846
1 27 0.2563578449924985
1 28 -0.002801687966096694
1 29 0.05872134675447451
1 30 -0.07026298190396432
1 31 -0.013832473758297544
1 32 0.22778808097056974
1 33 0.06443039394976467
1 34 0.024657671528207716
1 35 0.08905193170796095
1 36 0.01916444982040002
1 37 0.16540516184772536
1 38 0.004700682530616746
1 39 -0.043590630286486645
2 2 0.0
2 3 0.1625643188280586
2 4 -0.14207138092465232
2 5 0.14886797652570194
2 6 -0.0037833784307965365
2 7 -0.033026868107948706
2 8 0.08446302012092749
2 9 -0.03391751954905283
2 10 -0.037422873564334824
2 11 0.08714585531651363
2 12 0.061261579633294
2 13 0.027052423491047684
2 14 -0.09607154811360466
2 15 -0.06413759951297507
2 16 0.07078995553284981
2 17 -0.07184845994941903
2 18 -0.08295657664909954
2 19 0.012640622912740212
2 20 -0.0989253075886756
2 21 0.13507868254690514
2 22 0.02690967302653306
2 23 0.019004634874461884
2 24 0.004410985260331049
2 25 0.11764559883404044
2 26 0.06533563574337849
2 27 -0.012169568271013564
2 28 0.02114185127996634
2 29 -0.08045858766815926
2 30 0.03646607225446905
2 31 0.06029909049135986
2 32 0.0017915136460220104
2 33 0.014953159187073194
2 34 -0.09789766834525018
2 35 -0.015664418211637457
2 36 -0.015831167137958273
2 37 0.07622700597874613
2 38 -0.011109508110578169
2 39 -0.0037235042401233243
3 3 0.0
3 4 -0.0011595196091774703
3 5 0.0726497020964182
3 6 -0.0542983450342263
3 7 -0.04818367772835632
3 8 0.28795506226844864
3 9 -0.1844450611496054
3 10 -0.004189002828738806
3 11 0.24095406876008735
3 12 0.160136494392297
3 13 0.008979692571211378
3 14 -0.0464230488709235
3 15 0.07122440538806324
3 16 -0.179104669297599
3 17 0.12016576914108064
3 18 0.10754807385618785
3 19 0.13698421082695328
3 20 -0.0904140267715217
3 21 -0.07012343043775435
3 22 -0.08113394702425594
3 23 0.10098545345071094
3 24 0.03582909569484463
3 25 -0.17137314890775648
3 26 -0.09178692615428655
3 27 -0.057007243704610765
3 28 -0.16565483538192377
3 29 0.07115047034209503
3 30 -0.02606046375136148
3 31 -0.0159711792116674
3 32 0.007768395761034765
3 33 0.0735845484899615
3 34 0.023780221180052873
3 35 0.03720689427575603
3 36 -0.035781477777113616
3 37 0.06371063652990443
3 38 -0.08123999542663055
3 39 0.09587983136673504
4 4 0.0
4 5 -0.059697227648603135
4 6 0.013461704158766612
4 7 0.027494462121496328
4 8 -0.013463737923106952
4 9 -0.03543147934822148
4 10 -0.03608522627842964
4 11 -0.023540093767992577
4 12 -0.06537581147829412
4 13 -0.010736462582779485
4 14 0.11783088155870143
4 15 -0.04685194778843359
4 16 0.13985142854676305
4 17 -0.08275861018949479
4 18 0.12273145472674366
4 19 -0.17683566795361697
4 20 -0.05358151396030643
4 21 -0.06817442281842873
4 22 0.0750485583381372
4 23 -0.09802852837305782
4 24 -0.04464106576329006
4 25 0.03384086960583073
4 26 -0.04639857595168212
4 27 -0.19980866919337764
4 28 -0.00009578567328420137
4 29 0.043479128599379316
4 30 -0.03761280196009379
4 31 -0.13619841643282313
4 32 -0.07475162528205279
4 33 0.07452961409309182
4 34 0.12177504631167883
4 35 -0.06611922253180932
4 36 0.0652927770020359
4 37 -0.11142280960687398
4 38 0.06622533705905467
4 39 0.024620602521462656
5 5 0.0
5 6 -0.15006855991441992
5 7 0.11597763294622213
5 8 0.0958041010308173
5 9 0.019387793856560708
5 10 0.07810423619667341
5 11 -0.05535488037665622
5 12 -0.05132665273518646
5 13 -0.09899360927522752
5 14 -0.046981743111039656
5 15 -0.03644522262184899
5 16 0.021228997025341336
5 17 -0.07743431664492276
5 18 -0.07800812673735082
5 19 0.01612417535230795
5 20 -0.10213806152773472
5 21 0.03778826128201841
5 22 0.037123858933753695
5 23 -0.005302141834033705
5 24 0.07197579874153469
5 25 0.019442599654399963
5 26 -0.06598179694379583
5 27 0.027283410893124138
5 28 0.03210731967202856
5 29 -0.015069577150077378
5 30 0.14472122298380902
5 31 -0.05795344789236395
5 32 0.0863390387525455
5 33 -0.054903195784427795
5 34 -0.012449082506333689
5 35 0.06812679422563174
5 36 -0.03588718438879979
5 37 0.06254154775489536
5 38 -0.11020641087598379
5 39 -0.16733370458634195
6 6 0.0
6 7 -0.027114795463346237
6 8 -0.03924228567871073
6 9 0.15756287870832425
6 10 -0.012088295125552394
6 11 -0.006818068499413828
6 12 -0.0491460120704222
6 13 0.12688992867300475
6 14 -0.0763073853683333
6 15 0.012154358499816133
6 16 0.028172750244144968
6 17 0.021925759714688915
6 18 0.11000290249413036
6 19 -0.16486834348255516
6 20 0.028459351933564407
6 21 -0.029723307672830233
6 22 -0.04846685687119922
6 23 0.01824457756041345
6 24 -0.16210843773949282
6 25 -0.17197427674849586
6 26 0.043090415647865137
6 27 -0.12897227992441432
6 28 0.012304668945104232
6 29 0.08463448449278596
6 30 -0.003355118954389806
6 31 0.07847185271165025
6 32 -0.2739725366657865
6 33 -0.10450408646788063
6 34 -0.01706590530002412
6 35 -0.17685069454622154
6 36 -0.08796661236248877
6 37 -0.15513878081993018
6 38 -0.04030569209666996
6 39 0.3118051615717742
7 7 0.0
7 8 0.02934059414372762
7 9 0.07042785426733429
7 10 0.09393478444187436
7 11 -0.11090206596393111
7 12 -0.08576845180920697
7 13 -0.08982824612059695
7 14 -0.010484847210802287
7 15 0.02434054248336726
7 16 -0.06553279754530934
7 17 -0.032863073928270085
7 18 0.06145498475883866
7 19 -0.024902071919917355
7 20 -0.009904559972906919
7 21 -0.07152569153916573
7 22 -0.0418271017039119
7 23 -0.023445059007090794
7 24 0.039164524923297736
7 25 0.03854135046544878
7 26 -0.07696333924344742
7 27 0.01284731196316379
7 28 0.0389788527480254
7 29 0.016083183602647797
7 30 0.10068581174037558
7 31 -0.046455489206114337
7 32 0.06395419813626559
7 33 -0.030224851752532034
7 34 0.029898817971869544
7 35 0.012337559819422667
7 36 -0.08058007752044491
7 37 0.05489943256533929
7 38 -0.03632170608635811
7 39 -0.030259809704410834
8 8 0.0
8 9 -0.14963298788530863
8 10 0.011797380216845345
8 11 0.08665521024456858
8 12 0.052871069951491025
8 13 0.03928655008979086
8 14 -0.08577408988167355
8 15 0.1138746271857621
8 16 -0.1809382326046592
8 17 0.033425299305844855
8 18 0.07779176518917197
8 19 0.13650506428456882
8 20 0.010045100319439716
8 21 0.036604393159503555
8 22 -0.0913717775070187
8 23 0.13823321844816017
8 24 0.09007810024354364
8 25 -0.05219188246491263
8 26 -0.04196698896904853
8 27 -0.06113787381516691
8 28 -0.04000309544283455
8 29 0.0515696132589835
8 30 0.138725188298855
8 31 0.09489941958828499
8 32 -0.023214701135859463
8 33 0.05446321762478991
8 34 0.03211699180792141
8 35 0.03735165026724588
8 36 -0.1938032390842621
8 37 0.04983983350579494
8 38 -0.016225924706431298
8 39 -0.00886281635789967
9 9 0.0
9 10 0.163049427885
9 11 -0.005650296706837603
9 12 -0.17647968964845545
9 13 0.003787079193465625
9 14 0.10062589488873501
9 15 -0.011549009829185181
9 16 -0.0968355096167573
9 17 0.042705304604607426
9 18 0.04608153802125624
9 19 -0.07984111707146854
9 20 -0.09670207276403239
9 21 -0.1335218155948818
9 22 0.10819784897129672
9 23 -0.0002946148464884931
9 24 -0.15218923251803484
9 25 -0.10005892647252115
9 26 -0.01105553453003195
9 27 0.16587765938662052
9 28 0.13737871920456546
9 29 0.08389279202655639
9 30 0.07030088966848809
9 31 0.036440352581338556
9 32 0.05396522989441347
9 33 -0.07993584297588825
9 34 -0.12637924427511213
9 35 -0.17013951586486545
9 36 -0.10076745410374668
9 37 0.09560026972011576
9 38 -0.06819757578096966
9 39 0.019342466127258373
10 10 0.0
10 11 -0.10757502425454049
10 12 -0.144387745813012
10 13 -0.05651627438344474
10 14 0.1486763101747426
10 15 -0.055451893330216516
10 16 -0.1884769493247035
10 17 0.12062207389696034
10 18 0.2933669153454159
10 19 -0.07833096393996788
10 20 -0.06085693637079163
10 21 -0.14623665320425508
10 22 0.02383084429761104
10 23 -0.05337442484706848
10 24 -0.030291087366766018
10 25 -0.07646432484344509
10 26 -0.08905666777353934
10 27 0.22885814127918397
10 28 0.08971935151401486
10 29 -0.025413352231116244
10 30 0.04502008277253648
10 31 0.1960081152296363
10 32 0.19551311923817175
10 33 0.05356998400390774
10 34 -0.0671506942738804
10 35 -0.09539662614835284
10 36 -0.118100860385477
10 37 0.1328912434788527
10 38 -0.07919152124027583
10 39 -0.0007554888542770889
11 11 0.0
11 12 0.2510586746963162
11 13 0.1788029417186847
11 14 0.10235930204129592
11 15 0.04919315057034551
11 16 -0.17846331538587212
11 17 0.011384464930966884
11 18 0.08481935793848833
11 19 0.14283680674282945
11 20 -0.21557188589409154
11 21 -0.04188087501660452
11 22 0.09691377779747698
11 23 0.17288370328033462
11 24 -0.1406410500477338
11 25 -0.31942465089288896
11 26 -0.054369293093991654
11 27 0.09094009162290537
11 28 -0.003280327511997845
11 29 0.2032933470335489
11 30 -0.06054825569119904
11 31 0.02342472232915961
11 32 0.07099439861993065
11 33 0.09000315146564011
11 34 -0.14348483607276377
11 35 0.0019815577634338796
11 36 -0.03078505788336134
11 37 0.15161299055096158
11 38 -0.12711085068872868
11 39 0.10568961545195535
12 12 0.0
12 13 0.02511132084562569
12 14 -0.011844259428294066
12 15 0.02320332345394164
12 16 0.02591110491819344
12 17 0.01612325338651979
12 18 -0.09422483773792706
12 19 0.10011640612496567
12 20 0.10249191733705745
12 21 0.07108179984764279
12 22 -0.042188349635492596
12 23 0.04389815937094299
12 24 0.012069931328646881
12 25 -0.09553463072306387
12 26 -0.07971179702877969
12 27 0.0056074859295732905
12 28 -0.15899914945359583
12 29 0.07454117670238236
12 30 -0.1238284573374688
12 31 0.07667776340542239
12 32 -0.016053355450972518
12 33 0.07754671145325123
12 34 -0.03879856195754987
12 35 0.2653861359009534
12 36 0.0022143719334653455
12 37 0.056596963670790965
12 38 0.057628702832717635
12 39 0.06871468236567134
13 13 0.0
13 14 0.06408785627946749
13 15 0.024745289921743314
13 16 0.010401507392879253
13 17 -0.028336866637459646
13 18 0.0014517723580404834
13 19 0.011991106062167117
13 20 -0.08022739118039139
13 21 0.04018163748477878
13 22 0.07860357048306654
13 23 0.043688825612726925
13 24 -0.07540113850663549
13 25 -0.19513872098433185
13 26 0.14186421254064863
13 27 0.0006154518620048348
13 28 0.008211367405369438
13 29 0.011639372195025028
13 30 0.046207357986029166
13 31 0.08822358743941598
13 32 -0.07440689579430673
13 33 -0.017098485556343558
13 34 0.000893159534544318
13 35 -0.18110407499844253
13 36 -0.025272037763722333
13 37 -0.07181735761231942
13 38 -0.03296301021511954
13 39 0.0203855272489029
14 14 0.0
14 15 -0.00966284315909436
14 16 0.003602809247542825
14 17 0.04524587889822145
14 18 0.04746334948022036
14 19 -0.07283223752363056
14 20 -0.09055083980461429
14 21 -0.09902539272647366
14 22 0.08248182976733873
14 23 -0.06694647151906633
14 24 -0.14203437031691263
14 25 -0.1384197404039691
14 26 -0.05058074248435211
14 27 0.11275104235574047
14 28 0.017083384787772785
14 29 0.028366778484379553
14 30 -0.055578430974182844
14 31 0.10998053234494468
14 32 0.10568825536120652
14 33 0.09910221041993988
14 34 -0.018033016626243275
14 35 -0.08581151572265233
14 36 0.013214330551718246
14 37 0.12127604340244177
14 38 -0.01413928970021327
14 39 -0.11267271110291233
15 15 0.0
15 16 -0.16407707658177656
15 17 0.08610797511054397
15 18 -0.06101997706624013
15 19 0.15185498831515157
15 20 0.04479210879165058
15 21 -0.047106041859154
15 22 -0.05980643447541247
15 23 0.10255228309609787
15 24 -0.01173054263932569
15 25 -0.12127364830999265
15 26 -0.04094204976388914
15 27 0.001012635637814133
15 28 -0.11146706044806265
15 29 0.005590021004855154
15 30 0.013282630594416919
15 31 -0.06465608072779228
15 32 -0.03287841391420805
15 33 0.022077519190043603
15 34 0.01892754003329249
15 35 0.0017694007550951424
15 36 -0.06703882908345574
15 37 0.014435097419109425
15 38 0.03672733019205426
15 39 -0.05262414140768938
16 16 0.0
16 17 -0.13295938259424264
16 18 -0.3285191287600181
16 19 -0.24496902097991963
16 20 0.02501732598760447
16 21 0.1660006786635425
16 22 0.0076116262130959495
16 23 -0.1684421268490416
16 24 -0.021366945619170737
16 25 0.15612479372434773
16 26 0.14111386465222375
16 27 -0.22922505713734204
16 28 -0.09830567099085646
16 29 -0.16274674122755045
16 30 0.003146905324641437
16 31 -0.16110222737001317
16 32 -0.17445578083349086
16 33 -0.01123208081496666
16 34 0.06017913517112512
16 35 0.11497841651454592
16 36 0.0903677349433008
16 37 -0.1989588917900071
16 38 0.1919141428400764
16 39 -0.16569070338688058
17 17 0.0
17 18 0.035485773462845024
17 19 0.06101865442969136
17 20 0.016063178267685482
17 21 -0.19840583998823338
17 22 -0.15438497158321474
17 23 0.03598591575172377
17 24 -0.0052780792574427995
17 25 -0.21658097244116573
17 26 -0.0051504656298334
17 27 0.1565103713315918
17 28 -0.1751804409009216
17 29 0.008904810393153991
17 30 0.03538769263593051
17 31 -0.036570056651719786
17 32 0.02324698645661965
17 33 -0.008685325171749343
17 34 0.02470093091693056
17 35 0.03421689954887213
17 36 -0.1909983040735273
17 37 0.06143813718840041
17 38 0.07050782505077904
17 39 0.039048289464042506
18 18 0.0
18 19 -0.09710509984456725
18 20 -0.13219025955366132
18 21 -0.08124296622748137
18 22 0.05630021261632816
18 23 -0.024352398404103453
18 24 0.024700366970597694
18 25 -0.006094714563905955
18 26 -0.09614669846119356
18 27 0.12474176862213768
18 28 0.20617444619551223
18 29 -0.009823480185379551
18 30 -0.04120315241561727
18 31 0.1720857275128676
18 32 0.11791158654260137
18 33 0.13889539810483867
18 34 0.03742794402078789
18 35 -0.18721794480937196
18 36 -0.05913918946021398
18 37 0.024600988771259186
18 38 -0.09715025089680909
18 39 0.3178109102811355
19 19 0.0
19 20 0.04131845622264918
19 21 0.0024257772956675708
19 22 -0.03603765996427001
19 23 0.14883261848519785
19 24 0.0713183311876874
19 25 -0.08114017487803828
19 26 -0.029006862050942515
19 27 0.08879673192363992
19 28 -0.058673735068610955
19 29 0.05739721462754238
19 30 -0.0013373511731416623
19 31 0.0007121856806370751
19 32 0.07072768510689112
19 33 -0.014678454071182418
19 34 -0.025800093557925573
19 35 0.06867582969669142
19 36 0.0007862932943738518
19 37 0.0902043200129291
19 38 -0.060856453267472556
19 39 -0.057466027637902296
20 20 0.0
20 21 0.05652857359856227
20 22 -0.10902731142026505
20 23 -0.017853973113988376
20 24 0.0725778690552001
20 25 0.13597026820057184
20 26 -0.032720965314623054
20 27 -0.054599765200100035
20 28 -0.08761301074125019
20 29 0.005004699781770725
20 30 -0.08647598700262701
20 31 0.11932199189749278
20 32 -0.07992436655063256
20 33 -0.011995678605373655
20 34 0.02455364286054493
20 35 0.17561222867946466
20 36 0.01103037911256274
20 37 -0.03956863890098262
20 38 0.1273343993779696
20 39 0.034032200076658164
21 21 0.0
21 22 0.11606300931959698
21 23 -0.024005380456831083
21 24 0.09318103409096119
21 25 0.24477104729822258
21 26 0.08503084601311447
21 27 -0.05723466853008772
21 28 0.10612803675173746
21 29 -0.1721103796190631
21 30 -0.02789102773279682
21 31 0.11040834287633654
21 32 -0.10960422807833851
21 33 0.039970973965207324
21 34 0.029768223632179108
21 35 0.056346898439784354
21 36 0.1021044369309458
21 37 -0.11123128866195735
21 38 0.07729898991334581
21 39 -0.06426010009473236
22 22 0.0
22 23 -0.025471911888974897
22 24 -0.0773840489612315
22 25 -0.002873446400729154
22 26 -0.0003564510742524684
22 27 0.08775482189847814
22 28 0.14057485287036475
22 29 -0.03434735644024785
22 30 -0.0621807227757787
22 31 0.049437790549082504
22 32 0.040146496563202586
22 33 0.0654931897283935
22 34 -0.10116065941669028
22 35 -0.12684308285321824
22 36 0.1271937423502833
22 37 -0.05453380560629695
22 38 -0.0031694440547287983
22 39 -0.08507655240813933
23 23 0.0
23 24 -0.029494842258841115
23 25 -0.11986239465400199
23 26 -0.02188995899445776
23 27 0.021056689323384843
23 28 -0.014999347561021928
23 29 0.09070563814879605
23 30 0.025292640645391346
23 31 -0.0006836364502960492
23 32 0.014350918772382685
23 33 0.0043971946115825816
23 34 -0.09232736057082161
23 35 0.012838814153492358
23 36 -0.06800707964151506
23 37 0.05826585268040211
23 38 -0.05523241008752485
23 39 0.009631542714146884
24 24 0.0
24 25 0.15190014762684653
24 26 0.02903311661565127
24 27 0.0010954961035374029
24 28 0.009988956624320556
24 29 -0.06654655760473925
24 30 0.07992873200694267
24 31 -0.02791683744275631
24 32 0.000977377248445378
24 33 -0.06331261807776319
24 34 0.16395580532297369
24 35 0.09802036131897365
24 36 -0.005168479687604675
24 37 -0.050910043463678153
24 38 0.0073619984673339274
24 39 -0.001999216058123536
25 25 0.0
25 26 0.06865866933693619
25 27 -0.11135345688899664
25 28 0.19836823631568523
25 29 -0.21765333601302173
25 30 -0.06580083734074002
25 31 0.054803324200631345
25 32 0.021679601245450646
25 33 0.09181556106440694
25 34 0.017720909288343634
25 35 0.04571843470565652
25 36 0.1240050507556121
25 37 0.02754502509494035
25 38 0.19646535651358357
25 39 -0.017098552135661135
26 26 0.0
26 27 -0.02186664604485588
26 28 0.03168355370123184
26 29 -0.10766996202166904
26 30 0.08901171706507326
26 31 -0.01972268173857072
26 32 -0.0847743720734469
26 33 -0.07137091701266067
26 34 0.05212108226393902
26 35 -0.13624199730953218
26 36 -0.017546964708051224
26 37 -0.0979152596636538
26 38 0.06674315949213973
26 39 -0.021344734221934076
27 27 0.0
27 28 0.08113490082151095
27 29 -0.014575340171325548
27 30 0.03931340538435881
27 31 0.16117642778919863
27 32 0.2147169346782579
27 33 0.01845218592192762
27 34 -0.10610866599320341
27 35 -0.0027621321749657303
27 36 -0.12895442731808265
27 37 0.18296536175851558
27 38 -0.02570587911884481
27 39 -0.0414328777443093
28 28 0.0
28 29 0.031140599270818976
28 30 0.04108180025516192
28 31 0.171108559835181
28 32 0.06689627262826026
28 33 -0.03431317227225279
28 34 -0.03564360069247423
28 35 -0.16865811100117767
28 36 0.04235577947654581
28 37 0.061145330519319065
28 38 -0.13229076177757176
28 39 0.07777688426945135
29 29 0.0
29 30 0.018032156894061537
29 31 0.049008141344140575
29 32 -0.0044812475719790855
29 33 -0.13741678458672263
29 34 -0.03181329088952399
29 35 0.018614876507081587
29 36 -0.03545842916279104
29 37 0.10472511024241411
29 38 -0.21099103586235407
29 39 0.1600130210043973
30 30 0.0
30 31 -0.06326971652062682
30 32 -0.013389676909908188
30 33 -0.13752138810819742
30 34 0.07999700640672057
30 35 -0.04953193800025401
30 36 -0.23312138935325205
30 37 0.004720680137490779
30 38 -0.03629689068628579
30 39 -0.08068902045097226
31 31 0.0
31 32 0.06218651487335549
31 33 0.057441576313197976
31 34 -0.10495481556831113
31 35 -0.05329963568131013
31 36 -0.04374184405662675
31 37 0.14619215942053887
31 38 -0.0659759535783424
31 39 0.11870273811290633
32 32 0.0
32 33 0.10562316335871431
32 34 -0.140900791254075
32 35 0.03632893080646574
32 36 -0.010178130817150856
32 37 0.2207673369011156
32 38 -0.05626121083645722
32 39 -0.11038677826910206
33 33 0.0
33 34 -0.11698175955669994
33 35 0.05514936338429921
33 36 0.007114488952208715
33 37 0.06709375850491871
33 38 0.1681973136281047
33 39 -0.06702691353790624
34 34 0.0
34 35 -0.028102394756321182
34 36 0.027391981423751953
34 37 -0.15412190984232962
34 38 -0.01690807694161473
34 39 0.045451392529561256
35 35 0.0
35 36 -0.04478293120482031
35 37 0.05383625493158859
35 38 0.11707899479563481
35 39 -0.0818683890792024
36 36 0.0
36 37 -0.110202472268821
36 38 -0.10734980601209694
36 39 -0.01853177202339463
37 37 0.0
37 38 -0.05108724843924228
37 39 -0.022855827894321036
38 38 0.0
38 39 -0.09518078551458145
39 39 0.0
