0 0 0.0
0 1 -0.14556047958929916
0 2 0.15749402658803513
0 3 -0.011839728388824728
0 4 0.028060194871264998
0 5 0.10894561016376099
0 6 -0.03261762861532276
0 7 -0.06103415150008218
0 8 0.02275057418003158
0 9 0.08837353224153828
0 10 -0.029458432354186336
0 11 0.026179194991383093
0 12 -0.007581932320071888
0 13 -0.061609184253191375
0 14 0.06332753010229371
0 15 0.0963662982542984
0 16 -0.059236963402161794
0 17 -0.16245372114662343
0 18 -0.09390972133985324
0 19 -0.07550626484987479
0 20 -0.09970047139318158
0 21 -0.1699790908620391
0 22 -0.03225642339227089
0 23 -0.12770802083144397
0 24 -0.12104017468222976
0 25 -0.026601862366839025
0 26 -0.0340921423873702
0 27 0.09278026953046689
0 28 0.04994865520416528
0 29 -0.1408948494320681
0 30 -0.060378279689359216
0 31 0.012172663866348158
0 32 -0.15337398272880645
0 33 0.09716482203306606
0 34 -0.12235657446809885
0 35 0.03942357956725633
0 36 -0.09223603106601583
0 37 0.10912345468340286
0 38 -0.08492294225672994
0 39 0.09927148220893314
1 1 0.0
1 2 -0.37063658116691467
1 3 -0.048599782342624
1 4 -0.04147516966244313
1 5 -0.09296079153505132
1 6 -0.00044863743152958365
1 7 -0.08772026128334119
1 8 -0.012249074063063772
1 9 -0.16987669446274875
1 10 0.0883680107030815
1 11 -0.13347628663646413
1 12 0.06231610565527921
1 13 -0.05060452252369444
1 14 -0.030439342169284556
1 15 -0.1564745398883922
1 16 0.14318793139537261
1 17 -0.032827987154533625
1 18 -0.16631090475179847
1 19 0.025329415644215793
1 20 -0.004865343360649253
1 21 -0.15008508731451425
1 22 0.022814670986887
1 23 0.13919419031515115
1 24 0.21947479355382327
1 25 -0.17223064147984204
1 26 0.026382796451056123
1 27 0.0036523285033263466
1 28 -0.024329532686447063
1 29 0.23821229604767216
1 30 0.06342795591819476
1 31 0.061689283483395106
1 32 0.12018882743968731
1 33 -0.026379272125592046
1 34 0.020532038288449954
1 35 0.007519347082544363
1 36 -0.18189809068156113
1 37 -0.03906151517450788
1 38 0.1581882785698055
1 39 -0.056990194686688755
2 2 0.0
2 3 0.12969965213318402
2 4 0.08453735624866063
2 5 0.23362533710671918
2 6 -0.08050039943978105
2 7 0.1789313143752868
2 8 0.10708278768024493
2 9 -0.21159947851210398
2 10 -0.1850617422159822
2 11 0.10076437931067214
2 12 0.15535255577015997
2 13 -0.06958825449967093
2 14 -0.2932454496498019
2 15 0.031305993843619956
2 16 -0.1722550122048608
2 17 -0.10646338808481111
2 18 0.2912765351334833
2 19 0.04957080581874457
2 20 -0.05738286456603294
2 21 0.1408187123334716
2 22 0.09451424716501755
2 23 -0.1762852478700016
2 24 -0.20754442321214497
2 25 0.2904835903694151
2 26 -0.0042736362237878345
2 27 0.12478981102897695
2 28 -0.21248596997451658
2 29 -0.24520180019654303
2 30 -0.3061383954715653
2 31 -0.17725080489389516
2 32 0.024950865752466612
2 33 -0.002039385037422324
2 34 -0.1332265408533529
2 35 -0.034116247456941015
2 36 0.15753448399852774
2 37 0.04108812680678866
2 38 -0.21296395464315254
2 39 0.1317931306376368
3 3 0.0
3 4 0.06790108564838224
3 5 -0.1317873728948162
3 6 -0.04647703405878217
3 7 0.1899135370456713
3 8 0.1270433220854426
3 9 0.07049529938900996
3 10 0.0019155901853366072
3 11 -0.019159037284373178
3 12 0.020224859606779444
3 13 -0.008771421731606836
3 14 -0.03387022546867219
3 15 0.06774867530820772
3 16 -0.11204436097749641
3 17 -0.0013793267204463369
3 18 0.08869913210465122
3 19 0.04584875552295632
3 20 -0.0007970547337033746
3 21 0.03430342970843151
3 22 0.08804086127267208
3 23 0.0751732895159797
3 24 -0.1992743145292631
3 25 0.11641944439239618
3 26 -0.022135914065740687
3 27 -0.000690644643681413
3 28 -0.02848899829028414
3 29 0.05732447046068033
3 30 -0.1726988068355412
3 31 0.020725652576189593
3 32 0.015071783076831425
3 33 0.03065334580115035
3 34 0.03201636828338632
3 35 0.08614981253208961
3 36 0.07516553318652623
3 37 -0.10545681265458136
3 38 0.0332804100894091
3 39 0.18029378242702393
4 4 0.0
4 5 -0.12177731237039487
4 6 -0.11725342786618839
4 7 0.1813234668732467
4 8 0.025022786603993562
4 9 -0.0013758416975147088
4 10 0.015654217226629637
4 11 -0.16361934323445318
4 12 0.02425300234382459
4 13 0.13800009118368523
4 14 -0.20362429474507932
4 15 -0.07804439854855387
4 16 -0.013839863393442167
4 17 -0.03914181179549096
4 18 0.19931716951544887
4 19 -0.02123811716074502
4 20 -0.13185769325136315
4 21 0.0045145899168642185
4 22 0.16412873254066587
4 23 -0.10338760842749062
4 24 -0.006615493905519726
4 25 0.29586856986779225
4 26 -0.042651430670225504
4 27 0.04696990171045788
4 28 -0.04493497318461542
4 29 -0.1464434747573157
4 30 -0.16824713849709766
4 31 0.04405550595250661
4 32 -0.16114267512491826
4 33 -0.2000674130472281
4 34 -0.15518350386510257
4 35 0.060884658368425174
4 36 -0.013301482977366927
4 37 -0.049816150099751745
4 38 -0.12110233661505557
4 39 -0.23618894504981677
5 5 0.0
5 6 0.12625546629295545
5 7 -0.06567552872283991
5 8 -0.10065440003462515
5 9 -0.21649624375772158
5 10 -0.07996132054847496
5 11 0.08952354548752424
5 12 0.024832212047471117
5 13 -0.015051496655032925
5 14 -0.10838135095702191
5 15 0.002272078618465041
5 16 0.11619602293568043
5 17 -0.039253330996972216
5 18 -0.0779376526669048
5 19 -0.00913188968885513
5 20 0.05091880186063785
5 21 0.0846572055731276
5 22 -0.005925797062204322
5 23 -0.19449840033301707
5 24 0.0791017179577356
5 25 -0.06872532484612011
5 26 0.08990155366549749
5 27 -0.025931846535837827
5 28 0.027892311420135662
5 29 0.019717168674298877
5 30 -0.03839623377717507
5 31 0.07323779717637272
5 32 -0.19476237508601996
5 33 0.03864260450746132
5 34 -0.1102480495105456
5 35 -0.3045845858625171
5 36 0.0410585256561187
5 37 0.0012394317430538047
5 38 -0.09883726050201805
5 39 -0.1811443516403092
6 6 0.0
6 7 -0.16955349584993878
6 8 0.013227528753709384
6 9 0.028175762269060413
6 10 0.04037369974270973
6 11 0.05419982972031849
6 12 0.060364270766614325
6 13 -0.08051929569874353
6 14 0.0223857287632253
6 15 0.10144745284612591
6 16 0.015056321338923356
6 17 0.14913616448024877
6 18 -0.07836166175761165
6 19 -0.0027905937616500794
6 20 0.0013709224148998867
6 21 0.2131012099522008
6 22 -0.053679336095320405
6 23 0.0031795837709137583
6 24 0.11401904553369009
6 25 -0.01760012117698462
6 26 0.04415174199895914
6 27 -0.06091073872317432
6 28 -0.007185173108177452
6 29 -0.10579684129749016
6 30 0.08860992680094007
6 31 0.08441987265888846
6 32 -0.06174595932163114
6 33 -0.019358788050393552
6 34 0.20036132755282057
6 35 0.12702734957518358
6 36 0.05965976671830221
6 37 -0.13315010056691706
6 38 0.04031906654255239
6 39 -0.10160216894070433
7 7 0.0
7 8 -0.03918392665299964
7 9 -0.014324009851010733
7 10 -0.0209221207950014
7 11 -0.1326154157481535
7 12 -0.11231627104046948
7 13 0.19056653493516845
7 14 -0.12862486056537267
7 15 -0.028084859012335657
7 16 0.016184534047068638
7 17 0.040999496467723086
7 18 0.12083218258945747
7 19 0.04270770622086463
7 20 0.01311297349079055
7 21 0.11677101773276377
7 22 0.17292359168885274
7 23 -0.005243516970319216
7 24 -0.18688581015888964
7 25 0.05869511102657325
7 26 0.0024304472745003466
7 27 -0.06066314551601466
7 28 -0.03126118273428048
7 29 0.1218222929970175
7 30 -0.1330012822105151
7 31 0.03876699573988211
7 32 0.0074544375168752175
7 33 -0.0862061470552119
7 34 -0.07499262750472066
7 35 -0.07418303943935715
7 36 0.11853267424784664
7 37 -0.06241678998142466
7 38 -0.06599800345062588
7 39 -0.01509537166574508
8 8 0.0
8 9 0.048962376512478416
8 10 -0.002767202473584189
8 11 0.08335741083920864
8 12 0.17122409262296812
8 13 0.004198089992692446
8 14 -0.002752170882788357
8 15 0.10368265318640468
8 16 -0.14045001509124747
8 17 -0.0025568035995537875
8 18 0.08140898190988857
8 19 0.009501005512760887
8 20 -0.018618185848242673
8 21 -0.08591402455653872
8 22 -0.09236827840350251
8 23 0.1346069651861383
8 24 -0.02878033003698895
8 25 0.14428718948826796
8 26 -0.13518943199105743
8 27 0.05355860680148093
8 28 -0.015905357738506133
8 29 -0.012872192576508878
8 30 -0.06539777328839827
8 31 -0.029253950775447866
8 32 0.031927311707931914
8 33 0.11898402235654623
8 34 0.08174143593576821
8 35 0.15262107838904718
8 36 0.019697047585178144
8 37 0.014124470798624663
8 38 0.08163322702559968
8 39 0.15589086202557617
9 9 0.0
9 10 0.06270564717368293
9 11 0.06678471422521214
9 12 -0.1722350710851369
9 13 0.16063872867946402
9 14 0.2598657259745885
9 15 0.22717804831475386
9 16 -0.2157727593917393
9 17 0.12702034790335642
9 18 0.0038401710720450564
9 19 -0.17110461868637655
9 20 0.05356259997007995
9 21 0.0006070240805721619
9 22 -0.11086847632681973
9 23 -0.04276646475926678
9 24 -0.240164359908561
9 25 -0.09302814635802625
9 26 -0.04922344569276621
9 27 0.0636842848418324
9 28 0.04474816317228078
9 29 -0.09181821059480832
9 30 0.18581395171685897
9 31 0.03553752408494809
9 32 -0.22994618721614768
9 33 0.0708289128469761
9 34 0.17282243909798678
9 35 0.2571185749591728
9 36 -0.010798807789089204
9 37 -0.1402729277989995
9 38 0.16473994162482852
9 39 0.17838110190640055
10 10 0.0
10 11 -0.08467045459896233
10 12 0.04507547528824007
10 13 0.09050136505534848
10 14 0.06331206733104282
10 15 -0.007271732450242307
10 16 0.10292091502618264
10 17 -0.0039036267022482724
10 18 -0.07345160972602556
10 19 -0.04300162426976006
10 20 -0.06257511658223358
10 21 0.03730610847358438
10 22 -0.13137488979127426
10 23 0.08271544277402568
10 24 0.03790478973519211
10 25 -0.08156808301332015
10 26 -0.02253521991941241
10 27 -0.02117660312049244
10 28 0.14087310856324128
10 29 0.003770269614759301
10 30 0.07452592144919065
10 31 0.07986762390972042
10 32 -0.0441261384606835
10 33 -0.012438059745866797
10 34 0.06970159698862761
10 35 0.13760469531714398
10 36 0.014975450350399974
10 37 -0.12056094581414796
10 38 -0.028012172394487295
10 39 0.04965139560374662
11 11 0.0
11 12 -0.06672791182641778
11 13 0.015022320741185346
11 14 0.10519722296509512
11 15 0.1989175898665949
11 16 -0.15113454476173566
11 17 -0.00603781688373803
11 18 0.07953950526102646
11 19 -0.020039288263120784
11 20 0.03958718316444959
11 21 -0.021461719711170314
11 22 -0.10582789106824901
11 23 0.022106943405921595
11 24 0.022186855717560326
11 25 0.10552124442951068
11 26 0.06606858946013666
11 27 0.04163401517257733
11 28 0.04480060147592139
11 29 -0.09580076028689094
11 30 0.006566605401431861
11 31 -0.14114896058589202
11 32 -0.08384920683578491
11 33 0.1473523300052209
11 34 0.11340214498619117
11 35 -0.032147857804039545
11 36 0.05595069421154699
11 37 0.06270646031333695
11 38 0.05828333559634995
11 39 0.040110338271612936
12 12 0.0
12 13 -0.1149078340301243
12 14 -0.16689216508092747
12 15 -0.07022440162093747
12 16 0.05183874114227875
12 17 0.0015248654004283088
12 18 0.021054618874058167
12 19 0.09134185861880709
12 20 0.016962034933245503
12 21 -0.016156907706131797
12 22 -0.19475693812944395
12 23 0.058633210262568534
12 24 0.06520439628903263
12 25 0.08299848373732563
12 26 -0.19341365105427397
12 27 -0.01862374263183801
12 28 -0.0723867376557134
12 29 -0.026606070411852277
12 30 -0.07779555965343823
12 31 -0.02875663332231167
12 32 0.13245989832745683
12 33 0.0462134239593011
12 34 -0.035566027075540955
12 35 0.09778199345299769
12 36 -0.012573413976927624
12 37 0.0018355843054851198
12 38 -0.029901673512425387
12 39 0.06879656559312107
13 13 0.0
13 14 0.023454403394574552
13 15 0.08342747759831481
13 16 -0.047952233044787
13 17 0.08399645123420109
13 18 0.09585217194546343
13 19 -0.08819982039672677
13 20 0.035255007878637536
13 21 0.08469611770737737
13 22 -0.1084859442613659
13 23 -0.007799680274094197
13 24 -0.011682016571800926
13 25 -0.01687522579870301
13 26 -0.020059247082581798
13 27 -0.03792699812945759
13 28 0.042070862938015784
13 29 0.09130318444199635
13 30 0.18204981590586916
13 31 0.04999607740314248
13 32 -0.18173101071640047
13 33 -0.004198852126416391
13 34 0.11017110358756395
13 35 -0.03946922562277527
13 36 0.06499300626696361
13 37 -0.07681876660675255
13 38 0.041016158560560914
13 39 -0.11348907045895454
14 14 0.0
14 15 0.13855940114760232
14 16 -0.0020652002046366814
14 17 0.006456901201527516
14 18 -0.1494375244278072
14 19 -0.041919294975632224
14 20 0.0407012895851229
14 21 -0.11084289504731157
14 22 -0.07913971275717681
14 23 0.09700433441330224
14 24 -0.0677366701677318
14 25 -0.12678277114887387
14 26 0.018818710589732116
14 27 0.06394772576801859
14 28 0.1572976484691606
14 29 0.06983325267651135
14 30 0.19549253773759795
14 31 0.03859079894417819
14 32 -0.015121486931753348
14 33 0.18527479717923953
14 34 0.1486397829026952
14 35 0.007303031376429782
14 36 -0.042347708173806294
14 37 0.07729036068254151
14 38 0.07748185601234277
14 39 0.15586248946064524
15 15 0.0
15 16 -0.13709330938808012
15 17 0.023476473213559456
15 18 -0.0401789942292994
15 19 0.00617417728958438
15 20 0.01832157381076403
15 21 -0.011302485350665852
15 22 -0.1740901660175979
15 23 0.018346759498605182
15 24 -0.1152599901339274
15 25 0.025892333149879997
15 26 -0.026753126511710697
15 27 -0.006527504541606849
15 28 0.030166790190621528
15 29 -0.13952798469502667
15 30 0.04232904645118656
15 31 -0.07198163437394765
15 32 -0.1423309901901224
15 33 0.1789960360764077
15 34 0.19641478246635613
15 35 0.16861350158000557
15 36 0.05056093432320017
15 37 0.034259508313768706
15 38 0.052356247750948104
15 39 0.013801620821110458
16 16 0.0
16 17 0.07174353660913076
16 18 -0.2207262908058291
16 19 0.13225677535046917
16 20 0.07659139629577974
16 21 -0.0013031268210316337
16 22 -0.1056572882016766
16 23 0.042110571193514953
16 24 0.14057892543376238
16 25 -0.11509867180071354
16 26 -0.006648512353251421
16 27 -0.06400975247897814
16 28 0.13884005350300407
16 29 0.17781049874559385
16 30 -0.0259027106528457
16 31 0.04239316276607288
16 32 0.07810836691701112
16 33 0.05334068440839458
16 34 -0.14535504394850712
16 35 -0.17622504250540058
16 36 -0.12128852303511488
16 37 0.04830634524213954
16 38 -0.10439135442375905
16 39 -0.13938163871946055
17 17 0.0
17 18 0.023713540760980086
17 19 0.05144722258824956
17 20 0.15448631467145765
17 21 0.24554819260555863
17 22 -0.06921092361682915
17 23 0.0316963622385947
17 24 0.03573786635401667
17 25 0.009645405500313755
17 26 -0.019556388868155535
17 27 -0.09799692173277508
17 28 -0.07040111690783074
17 29 0.0635976734381648
17 30 0.11356800232762303
17 31 0.013623307820394578
17 32 0.047828844354952514
17 33 -0.016901627634794948
17 34 0.14598716027393738
17 35 0.029963405915212883
17 36 0.02319295213004341
17 37 -0.11334885158260052
17 38 0.10052091233273652
17 39 -0.0782426251052195
18 18 0.0
18 19 -0.026661226134927152
18 20 -0.017335980226585848
18 21 0.16668773405139364
18 22 0.14863411948716415
18 23 -0.019979751756829846
18 24 -0.054746391210577616
18 25 0.3021875877359363
18 26 0.01654302834724253
18 27 0.06283819574716873
18 28 -0.1075661624176448
18 29 -0.1285231915601033
18 30 -0.09601523262447151
18 31 -0.08158357423501272
18 32 0.003895017555211084
18 33 -0.14498938347843365
18 34 0.0306684077832561
18 35 0.0014338066552190558
18 36 0.21492842850223387
18 37 -0.09039187745822402
18 38 -0.04134685984832895
18 39 -0.007655642523279281
19 19 0.0
19 20 0.13299994665599127
19 21 0.02578884351093747
19 22 -0.05997061122659858
19 23 0.03316844867434492
19 24 -0.02417506860119791
19 25 0.0665895018551
19 26 -0.03432577336134217
19 27 -0.04383230463625008
19 28 -0.11727095813390509
19 29 0.07951373720533025
19 30 -0.059319969019061704
19 31 -0.10212757549338802
19 32 0.18717744376577244
19 33 0.09068453599559839
19 34 0.011960458538521401
19 35 -0.09006776411503811
19 36 -0.03124836680011033
19 37 0.08733203344077728
19 38 -0.02513017207027688
19 39 -0.05489929273503487
20 20 0.0
20 21 0.049854682922614454
20 22 -0.11377640343359059
20 23 -0.03283389312817786
20 24 -0.07178018104300542
20 25 -0.0599542908832845
20 26 -0.026634963775908467
20 27 -0.02619430597328825
20 28 -0.13310248657185814
20 29 0.1993420927775314
20 30 0.09273614354576228
20 31 -0.06723717375356957
20 32 0.07625672628419783
20 33 0.13396239789005715
20 34 0.05754547199849865
20 35 -0.19203157172062377
20 36 -0.042317636323119814
20 37 0.0018126889912851991
20 38 0.11141258127803737
20 39 -0.021564774657021005
21 21 0.0
21 22 0.08513450410193599
21 23 -0.07070951638875465
21 24 -0.009592944428557808
21 25 0.09349364874370028
21 26 0.12379906199369753
21 27 -0.08042928555407533
21 28 -0.11937599958543736
21 29 -0.10263370189011185
21 30 0.05833167341444415
21 31 0.04578036572250488
21 32 -0.00013662049986624432
21 33 -0.18822481893314352
21 34 0.20298002834955428
21 35 0.037936268185560076
21 36 0.2320228013214778
21 37 -0.27324639873386747
21 38 -0.06186567918911353
21 39 -0.11517960771799399
22 22 0.0
22 23 -0.04993060853632621
22 24 -0.0435641453991343
22 25 0.10524926362364222
22 26 0.19835434766526028
22 27 0.13796664862774355
22 28 -0.10900579563228288
22 29 0.05398423069709883
22 30 -0.1333673083733078
22 31 0.14909673387519023
22 32 0.01549419263243228
22 33 -0.24152898089755176
22 34 -0.050886653212591205
22 35 -0.130091966580962
22 36 0.10562606221474855
22 37 -0.08902457712366628
22 38 -0.014349389682921413
22 39 -0.07131004796228282
23 23 0.0
23 24 0.09226072198140575
23 25 0.01802452019846594
23 26 -0.09932666620566191
23 27 -0.06859915613886416
23 28 0.18384577440506583
23 29 0.12977990233677555
23 30 -0.005677586677270198
23 31 0.038441673259973004
23 32 0.1646633084365386
23 33 0.06466073741633885
23 34 0.09797938237727852
23 35 0.09568726036267927
23 36 0.10104508707650324
23 37 0.038939334155539476
23 38 0.06228480826019679
23 39 0.10810339323769166
24 24 0.0
24 25 0.00008808575288387517
24 26 0.03344314455579166
24 27 -0.07788996974058385
24 28 0.1010479821340845
24 29 0.009213707367713667
24 30 0.06114577389540947
24 31 0.030140042105137387
24 32 0.022450828980448638
24 33 -0.0892468752135059
24 34 -0.006439616168422884
24 35 -0.03675839525388779
24 36 -0.04854017303751276
24 37 0.032715777840465296
24 38 0.01653829312452718
24 39 -0.23018654343476713
25 25 0.0
25 26 -0.0077199969002624035
25 27 0.049781627599829105
25 28 -0.04585990525258762
25 29 -0.18788912794087376
25 30 -0.21951022124988578
25 31 -0.09776897115988684
25 32 0.0006952297832558439
25 33 -0.058599123918254115
25 34 -0.017729483506174017
25 35 0.018325890181645668
25 36 0.12452240483933608
25 37 0.013513964214545423
25 38 -0.10280189966308773
25 39 -0.06737421067867616
26 26 0.0
26 27 0.12107218207990708
26 28 -0.0908440381742814
26 29 -0.01532285135219788
26 30 0.005191498280243314
26 31 -0.028729510113439237
26 32 -0.06350204846371697
26 33 -0.06960966760466664
26 34 0.07140342040102965
26 35 -0.07950473285620144
26 36 -0.0545654760587268
26 37 -0.12026784097968804
26 38 0.022201577692164236
26 39 -0.04092391208718333
27 27 0.0
27 28 -0.20514540478701854
27 29 -0.037296342574778305
27 30 0.007995244399635042
27 31 -0.09182685492990891
27 32 -0.0003065413082707833
27 33 0.0783274361274701
27 34 0.07577194440259764
27 35 0.05345395478695499
27 36 -0.154817954902065
27 37 -0.038604838462535374
27 38 0.06701958615212505
27 39 0.1544143760938001
28 28 0.0
28 29 0.02318522053091103
28 30 -0.06144756926518054
28 31 0.18075502130203708
28 32 -0.16736466066462927
28 33 0.016157385408802915
28 34 -0.15037807806139858
28 35 -0.049122143515957485
28 36 0.178706739566675
28 37 0.06302289833150951
28 38 -0.13205468001181414
28 39 0.006212644809690976
29 29 0.0
29 30 0.06253514909975036
29 31 0.13016758613336937
29 32 0.1157983826848813
29 33 0.1192548760701454
29 34 -0.033968518355168495
29 35 -0.31797622769678474
29 36 -0.0829022805972098
29 37 -0.00107981844210679
29 38 0.16452168962392716
29 39 0.04938290770744054
30 30 0.0
30 31 0.03977982863463185
30 32 0.011910311282854264
30 33 0.03195500098563123
30 34 0.23926672190363774
30 35 0.02956863950471251
30 36 -0.04178952385052405
30 37 -0.018557800743039397
30 38 0.12812884728602908
30 39 -0.04673575895308836
31 31 0.0
31 32 -0.1300056305088459
31 33 -0.1022587476472799
31 34 -0.02264515273860705
31 35 -0.058828142816465145
31 36 0.1154429147160179
31 37 -0.11014178156162324
31 38 -0.010161298970007468
31 39 -0.06355791394947966
32 32 0.0
32 33 0.02864501468362275
32 34 0.04707329563304725
32 35 0.007452147498144037
32 36 -0.026517467477632783
32 37 0.13375376742806724
32 38 0.01574174199714105
32 39 0.13593765034257924
33 33 0.0
33 34 0.05614043328684919
33 35 -0.048864119802880315
33 36 -0.13942362935801575
33 37 0.14374350095105798
33 38 0.08444383394928676
33 39 0.173280343164852
34 34 0.0
34 35 0.2151696739648013
34 36 0.08431484101356851
34 37 -0.148508709495135
34 38 0.16516662381386044
34 39 0.02697572857319246
35 35 0.0
35 36 -0.01666071308930988
35 37 -0.12653828142672813
35 38 0.05685172374584524
35 39 0.16786255671834757
36 36 0.0
36 37 -0.08199435985002837
36 38 -0.1302909425762528
36 39 -0.06798736777703039
37 37 0.0
37 38 -0.0766351097949705
37 39 -0.03444606595891102
38 38 0.0
38 39 0.07434595403717445
39 39 0.0
