0 0 0.0
0 1 0.08417161742684018
0 2 -0.08966272697075403
0 3 -0.020203258533489594
0 4 0.13588654007403345
0 5 -0.005437444859392124
0 6 0.027363014174964544
0 7 0.08533917892568996
0 8 -0.10006248910935697
0 9 0.0192432311976388
0 10 0.04406430869749024
0 11 -0.07065363654935655
0 12 -0.0809712695833677
0 13 -0.09589931154174096
0 14 0.06273121537306658
0 15 0.04081227742003511
0 16 0.024570793486067655
0 17 0.07813201644249711
0 18 -0.09023078086301627
0 19 0.06052640734494167
0 20 -0.03522539862463924
0 21 -0.017111953048689253
0 22 -0.04494644556924113
0 23 0.09819305402337933
0 24 0.05343245875304353
0 25 0.12344484190109369
0 26 -0.05574029834785664
0 27 0.20354782662919
0 28 -0.11157012629156508
0 29 -0.031389534100631396
0 30 0.1973878177381475
0 31 -0.10232999927176234
0 32 -0.035862406714825025
0 33 0.1481861599086148
0 34 0.05293373034079869
0 35 0.08727308616331167
0 36 -0.040773436886902305
0 37 0.05585206897246893
0 38 0.002626955080524659
0 39 0.15887158174398536
1 1 0.0
1 2 -0.06478018004483291
1 3 -0.07472392486519037
1 4 0.09210936786881749
1 5 -0.22001011082459015
1 6 -0.08725491469464394
1 7 0.06184295631564146
1 8 0.08276463418608895
1 9 -0.04891864170217784
1 10 0.09507091824370431
1 11 -0.10460995035722669
1 12 -0.16215572027439723
1 13 -0.21566179897641727
1 14 -0.16732902457004634
1 15 -0.18702433340073407
1 16 0.38747096476301335
1 17 -0.12642699136504246
1 18 0.09960456834730128
1 19 0.11190446991576115
1 20 -0.12960932955241675
1 21 0.031380877031118276
1 22 -0.09020924331141021
1 23 0.09928224924013007
1 24 0.021671958252580503
1 25 0.07708471163478556
1 26 -0.043935276330035085
1 27 0.13173533794419595
1 28 0.057745480867259794
1 29 0.11585636113037337
1 30 0.06366535442596202
1 31 0.05870745108521443
1 32 -0.1493418308568311
1 33 -0.0494565803719305
1 34 0.034765601453950974
1 35 -0.08891815098022852
1 36 -0.062057467725986956
1 37 0.022113876105371025
1 38 0.15563534158345713
1 39 -0.05066018256810616
2 2 0.0
2 3 -0.0190020988670548
2 4 -0.04173238393075966
2 5 0.05324434918014137
2 6 0.08607251657371864
2 7 -0.125786115075809
2 8 -0.0184210196662372
2 9 0.07992626450156978
2 10 -0.06955664242880101
2 11 0.039523509252295315
2 12 0.19543273161445154
2 13 -0.017308778808622912
2 14 -0.017027213666235642
2 15 -0.15851677246070642
2 16 0.06485024668351677
2 17 -0.10414594790021085
2 18 0.02850351893676678
2 19 0.10023161463719421
2 20 -0.08784364515019275
2 21 0.048668157151337044
2 22 -0.12124421878350951
2 23 -0.05391479008496588
2 24 0.007588478831664918
2 25 0.1713541108584604
2 26 -0.0037074879039533056
2 27 -0.056250833446862526
2 28 -0.022275119815052112
2 29 -0.0420881489224893
2 30 -0.1347043393117056
2 31 0.08393625981864422
2 32 0.11074549061649559
2 33 0.0762453719612786
2 34 -0.0640641696814207
2 35 0.01510979925773959
2 36 0.15412314800863294
2 37 0.15109509408127586
2 38 -0.04035902377114374
2 39 -0.08776180305229106
3 3 0.0
3 4 0.09310447015027722
3 5 0.050530141066157754
3 6 0.17031061617581944
3 7 0.04468563304999454
3 8 0.009358973495707782
3 9 0.27702932049076956
3 10 0.02445883909922652
3 11 -0.14944862543775578
3 12 0.02904131565725975
3 13 -0.12135629185215484
3 14 -0.028206429305783588
3 15 -0.055478476226637576
3 16 -0.09179212467095724
3 17 0.0007022972009122036
3 18 -0.33049583596177506
3 19 -0.03199731215831937
3 20 -0.10265154384147221
3 21 0.13203045247338865
3 22 0.1341568839329434
3 23 0.03945762173677998
3 24 -0.015263465012653823
3 25 0.09671248806037794
3 26 0.0805330536750694
3 27 0.10925808094131018
3 28 0.17378727661117616
3 29 -0.011857606931132397
3 30 -0.12134252343784077
3 31 0.0415544420985068
3 32 0.012135787771965334
3 33 -0.07660459737018128
3 34 -0.099868574112571
3 35 -0.11516406275191711
3 36 0.05202967979678434
3 37 0.22417140887458692
3 38 -0.03316438226949148
3 39 -0.03483719240692608
4 4 0.0
4 5 -0.05327516447381231
4 6 0.11939838444114477
4 7 -0.003933288825264008
4 8 -0.09805234333378024
4 9 0.13210539619405762
4 10 0.0012098646112021735
4 11 -0.06518591060030209
4 12 -0.017524186775976728
4 13 -0.2682673255703917
4 14 -0.04469842411462323
4 15 0.004291223330259764
4 16 0.042326794501701334
4 17 0.13409777545009272
4 18 -0.19712319004578507
4 19 0.03171935791275539
4 20 0.05444419770387884
4 21 -0.00027616897020988214
4 22 -0.03770887765548286
4 23 0.11357805543195768
4 24 -0.04405075971940184
4 25 0.14449128614238385
4 26 -0.11495675516345354
4 27 0.03901134865118501
4 28 0.07633873402848015
4 29 0.005760398323117841
4 30 0.0861234851501352
4 31 -0.07100673725682145
4 32 -0.11880103031893643
4 33 0.04298930707901712
4 34 -0.03615419095759474
4 35 -0.10163391131975266
4 36 0.09852453408756193
4 37 0.1520940638385861
4 38 0.09521480056935111
4 39 0.008586471415149661
5 5 0.0
5 6 -0.026851171860047002
5 7 0.0012267270162145982
5 8 -0.11164798264792308
5 9 -0.0648796431887873
5 10 -0.11613292145690804
5 11 0.1437342748213874
5 12 0.0690917511386331
5 13 0.16164977996127355
5 14 0.04340022511249232
5 15 0.2489968498528922
5 16 -0.2304842987889708
5 17 -0.0567947193522661
5 18 -0.0045197792673344036
5 19 0.17484286746862437
5 20 -0.0326055761335966
5 21 0.0734554417997638
5 22 0.04992037603493585
5 23 0.16466539899653954
5 24 0.022249423747416706
5 25 -0.04323936760077088
5 26 0.03068813897313476
5 27 0.07760977818574698
5 28 0.14086771515213797
5 29 -0.02191295169278443
5 30 0.06798951902128715
5 31 0.13287289627784146
5 32 0.13179132772608398
5 33 0.17673549799106816
5 34 -0.08843115180368964
5 35 0.020731929345215235
5 36 0.10836287395903477
5 37 -0.15378743604617767
5 38 -0.07229682929559758
5 39 0.13713083337283777
6 6 0.0
6 7 0.19500071145966794
6 8 0.028150096144583615
6 9 0.09946494351811351
6 10 0.09982609266210517
6 11 0.06552498369786416
6 12 0.0009397448356785147
6 13 -0.1251311083733337
6 14 -0.042964070100156876
6 15 0.08024980409897399
6 16 -0.08058682009296449
6 17 0.1173961597750874
6 18 -0.14052393411964048
6 19 -0.09732299426638788
6 20 -0.004190305495681498
6 21 -0.11292536268515889
6 22 -0.004533164549726045
6 23 0.08781858330922637
6 24 0.015363628822178796
6 25 0.24723043834056252
6 26 -0.08076343719017187
6 27 0.01878753055359001
6 28 -0.008973747599490888
6 29 -0.13407913178031772
6 30 0.013344293156727471
6 31 -0.03263245410947553
6 32 0.08959843658849893
6 33 -0.05377701016247177
6 34 -0.11989209622041008
6 35 -0.07192956617086836
6 36 -0.06805193788206207
6 37 0.15514967563081586
6 38 0.01477057954502703
6 39 0.054226937823784814
7 7 0.0
7 8 -0.11045700770635727
7 9 -0.21239366190801517
7 10 0.16609262647201123
7 11 0.16192183249318232
7 12 -0.1434606906607991
7 13 -0.07672424565788286
7 14 0.039655578865215806
7 15 0.2697125422697104
7 16 -0.031355747974090374
7 17 -0.02024510555789502
7 18 0.09273581010982562
7 19 -0.08063961648153252
7 20 -0.0019826641465059114
7 21 -0.1372194389769216
7 22 0.02442170014279259
7 23 0.1424012896561601
7 24 0.02327878634401178
7 25 0.09449054085048941
7 26 0.01502675814350836
7 27 0.034517733290894206
7 28 -0.08389614041630772
7 29 -0.1342466530579119
7 30 0.19595824878506468
7 31 0.008693847473114224
7 32 0.028471860117852937
7 33 -0.09558759701571903
7 34 -0.06536430811649209
7 35 -0.039043939552590126
7 36 -0.12411636793692649
7 37 -0.02542797277138905
7 38 0.025697072928669296
7 39 0.09851557649417582
8 8 0.0
8 9 0.01689377718205349
8 10 0.13288987663773333
8 11 -0.09953837057952182
8 12 -0.005673891438071675
8 13 0.15264365900832702
8 14 -0.16602392184808581
8 15 -0.1480852932736719
8 16 -0.08114038694972163
8 17 0.02586923378102579
8 18 0.02649496658064605
8 19 -0.08260165286851699
8 20 -0.07653065871582637
8 21 0.0003436871662076127
8 22 0.1316329754666367
8 23 -0.14410581159891042
8 24 0.1038129047942092
8 25 -0.03887748694328104
8 26 -0.05084331033315943
8 27 -0.10737571987458847
8 28 -0.021926476228489877
8 29 0.036792076576637335
8 30 -0.0973893470937773
8 31 0.042800818250924515
8 32 0.10601677411950332
8 33 -0.1825199594870086
8 34 0.10312763946756867
8 35 0.09683694988656977
8 36 -0.24968371354131597
8 37 0.040596363471759114
8 38 -0.013911233885133387
8 39 -0.07107784494153323
9 9 0.0
9 10 0.010157537417351464
9 11 -0.08256984606918613
9 12 0.08015430641797822
9 13 -0.034209656665741446
9 14 0.03146759982356687
9 15 -0.21202404855943593
9 16 0.029308422397258234
9 17 0.1787710454212501
9 18 -0.1590927833926539
9 19 -0.009355831083475813
9 20 -0.03546388487725689
9 21 0.06525391873125314
9 22 0.0475514140880703
9 23 0.00478052472920805
9 24 -0.04891057712814148
9 25 0.14744044415451313
9 26 0.03423489661251838
9 27 0.136067052676166
9 28 0.1232880266694711
9 29 0.05285641100163681
9 30 -0.1788341002797897
9 31 0.03888856089603538
9 32 0.07478749001034266
9 33 0.020592372525970543
9 34 -0.14951896756236233
9 35 -0.08472359992701887
9 36 0.12161810351093212
9 37 0.2394088756563934
9 38 -0.019605565077150097
9 39 -0.04119962058815752
10 10 0.0
10 11 -0.01873991022621039
10 12 -0.1450722805361762
10 13 -0.03571511450566778
10 14 -0.13981221359935475
10 15 0.0885405044307466
10 16 -0.033536118576777206
10 17 0.08695681607806127
10 18 0.21391637996042817
10 19 -0.09367433706042551
10 20 0.028172099668173634
10 21 -0.03433236913419764
10 22 0.04310522880722956
10 23 -0.0075965841847489435
10 24 0.08188841536984853
10 25 0.11871772977899646
10 26 -0.030554524910688836
10 27 -0.023092014296244346
10 28 0.01782958713057818
10 29 0.051429711578845495
10 30 0.02800917096049895
10 31 -0.03917462393273224
10 32 0.1685041765060494
10 33 -0.09039871623278296
10 34 -0.1664308469950681
10 35 0.04009540551024435
10 36 -0.1699575490341631
10 37 0.04294257872115033
10 38 0.1178781592458241
10 39 0.007715947048120703
11 11 0.0
11 12 -0.05447013669807153
11 13 0.1909700892218175
11 14 -0.1255129783692116
11 15 0.14910983527530958
11 16 -0.0443163761791336
11 17 0.04896789001167641
11 18 0.12021491286750216
11 19 0.09366186123909662
11 20 -0.018411946449707756
11 21 -0.19070208918902315
11 22 0.10134515767678176
11 23 0.18990484646075204
11 24 0.092970004915938
11 25 0.15205268439373526
11 26 0.12140736281846731
11 27 -0.1774709412083799
11 28 0.00913363455406662
11 29 -0.12036247907224751
11 30 0.31405669333298947
11 31 0.1738890058447891
11 32 0.1510753104890467
11 33 0.06165243544138388
11 34 -0.19296396020576054
11 35 -0.048117843167288156
11 36 -0.05071668907792898
11 37 -0.2067417114575302
11 38 -0.04547406656925985
11 39 -0.004071598562840849
12 12 0.0
12 13 0.013721417239946635
12 14 0.05606334922984596
12 15 -0.15832223623190783
12 16 -0.054867796422234126
12 17 -0.07040720860866423
12 18 -0.03249928907081603
12 19 0.05601423860738377
12 20 -0.03942099384604234
12 21 0.06331051766747656
12 22 0.05551654100530708
12 23 -0.0702772384484657
12 24 -0.09281595605483238
12 25 0.004758784899939544
12 26 -0.05645234430763798
12 27 -0.05799253763986652
12 28 -0.03241859672863196
12 29 0.08161987183729058
12 30 -0.2040182218943573
12 31 0.03650591748418592
12 32 0.04641310144613446
12 33 0.033433588541911405
12 34 0.06746971672846595
12 35 0.0589833073018734
12 36 0.21992960674887999
12 37 0.1682406298403731
12 38 -0.13324389983874368
12 39 -0.055842430966674364
13 13 0.0
13 14 0.09981208212946095
13 15 0.044110336409839454
13 16 -0.18338663443015166
13 17 0.09267232713731652
13 18 0.19898944449432246
13 19 -0.003665526514594153
13 20 -0.044709803944478176
13 21 -0.10288174014561513
13 22 0.18272861396027545
13 23 -0.019537418351971883
13 24 0.07893761508724358
13 25 -0.04462185477906053
13 26 0.04079181570914292
13 27 -0.12664463143179078
13 28 -0.05145311265820118
13 29 0.015364354315023879
13 30 -0.04987280103414994
13 31 0.24455269678301422
13 32 0.18769107515580302
13 33 -0.05938487735781892
13 34 -0.11546505518061548
13 35 0.04920784251041209
13 36 -0.27118341365010057
13 37 -0.14215591049929416
13 38 -0.08643454031946562
13 39 0.10364886615432281
14 14 0.0
14 15 -0.01222140273569024
14 16 0.10510875658694349
14 17 0.13032074943659072
14 18 0.015587155467957811
14 19 -0.005737137106703638
14 20 -0.03248647083034372
14 21 -0.16914618683158358
14 22 -0.03232108423542744
14 23 -0.1523666147617886
14 24 -0.15711834944397118
14 25 -0.20361499314141143
14 26 -0.05014891198391393
14 27 0.23851313432048404
14 28 -0.05057105992047103
14 29 -0.030682168880842638
14 30 -0.11509629666927657
14 31 0.08338119560658638
14 32 0.05049854061859851
14 33 -0.05967916101438624
14 34 0.046731494868619335
14 35 -0.10699352818269574
14 36 0.11289258918233636
14 37 0.0858603663880693
14 38 -0.16951710619104782
14 39 0.1500036609033757
15 15 0.0
15 16 -0.37550793442957164
15 17 0.07721675960273004
15 18 0.17733318957455238
15 19 -0.1187796328759175
15 20 0.3503241117037568
15 21 -0.012200245870191185
15 22 -0.12400506423303645
15 23 0.2227475466331345
15 24 0.08044419677277054
15 25 -0.14777027320115557
15 26 0.0168222185608038
15 27 0.05357414841635977
15 28 0.10285331891488991
15 29 -0.2514535124553857
15 30 0.21257399193184695
15 31 -0.03349227192257628
15 32 0.029492125400291662
15 33 0.11394576188408981
15 34 -0.09731158498545726
15 35 -0.03178871149171296
15 36 -0.0830915220409038
15 37 -0.2747641053918697
15 38 0.16673520926095434
15 39 0.1096584739583953
16 16 0.0
16 17 -0.07444238551649793
16 18 -0.003414790957091623
16 19 0.11170500154156131
16 20 -0.18963679598465688
16 21 -0.11145881304068266
16 22 -0.10093321301820694
16 23 -0.09978360792849764
16 24 -0.08445013731535958
16 25 0.06435281085174233
16 26 -0.007711591745939735
16 27 0.0964308954104552
16 28 -0.024487028550637824
16 29 0.12298431113638808
16 30 -0.014879736066028104
16 31 0.034380883758754935
16 32 -0.10675921374062428
16 33 -0.06521304226686228
16 34 -0.007913369238147496
16 35 -0.15822578698126627
16 36 0.08499622599679324
16 37 0.09097845091619329
16 38 -0.0250105457409222
16 39 -0.03844719628540532
17 17 0.0
17 18 -0.047652744969466074
17 19 -0.10194663502830961
17 20 0.10828591755594649
17 21 -0.2571937904619922
17 22 0.11206587970585354
17 23 0.006086319774684013
17 24 0.003294547967635743
17 25 0.015175769237030548
17 26 -0.14334112800841553
17 27 -0.006143939967508961
17 28 0.030053384894458347
17 29 -0.032180932206626225
17 30 0.09244033960939914
17 31 0.1013137518406692
17 32 0.05891314491074758
17 33 -0.09322616436756685
17 34 -0.14159984740518575
17 35 -0.16565150776482238
17 36 -0.19268961177467872
17 37 0.10619207211599932
17 38 -0.0011317340440546234
17 39 0.048572623820707005
18 18 0.0
18 19 -0.041146579664417086
18 20 0.13069987589959225
18 21 0.012513350275315452
18 22 -0.08705354601999137
18 23 0.009889894099500387
18 24 0.01180839705132849
18 25 -0.10603368471679284
18 26 0.037577392950616816
18 27 0.0011664100079567762
18 28 -0.02376196058363824
18 29 0.06998754576469286
18 30 -0.08503598083905753
18 31 0.08322307944564662
18 32 0.1701053216160887
18 33 -0.00952792067244704
18 34 -0.1092461883468481
18 35 0.0817782820122865
18 36 -0.014497402019641384
18 37 -0.1713200574268726
18 38 0.07476187689086793
18 39 0.009280555094343614
19 19 0.0
19 20 -0.21647106824517565
19 21 0.07063109694192882
19 22 0.01856087446408086
19 23 0.10044605572253362
19 24 -0.006054618368044107
19 25 0.1011279593308199
19 26 0.003037927989494436
19 27 0.06587120466172677
19 28 0.09610625129512297
19 29 0.09660907431555502
19 30 0.0886334052631207
19 31 0.11696363118633893
19 32 0.060039308534986346
19 33 0.1438550198839245
19 34 -0.03262139979374251
19 35 0.022630058113423137
19 36 0.17977811252374987
19 37 -0.028765181682566327
19 38 -0.04829598686173585
19 39 0.0713495934019908
20 20 0.0
20 21 -0.016878482508819535
20 22 -0.14259686035662544
20 23 0.009651561510698015
20 24 -0.01212887330111433
20 25 -0.14137770681856737
20 26 -0.0383729354488666
20 27 -0.11107279030342458
20 28 0.01222274714993129
20 29 -0.14192827995549986
20 30 -0.00433751913695136
20 31 -0.1291724932213969
20 32 -0.11286721657245627
20 33 0.026825402420004814
20 34 -0.003514807286646538
20 35 -0.05442686214195597
20 36 0.0038468981319747194
20 37 -0.0551892716053979
20 38 0.17695867151506023
20 39 -0.08605403413327918
21 21 0.0
21 22 -0.22492546910365152
21 23 0.0634057089252683
21 24 0.05455665171222342
21 25 0.04717298683179623
21 26 0.23795483668479203
21 27 0.10948546517260911
21 28 0.113930287750543
21 29 0.013228963123342461
21 30 -0.16591495765781375
21 31 -0.14213722368615858
21 32 -0.06223797686959494
21 33 0.07862807858103203
21 34 0.08853181381254142
21 35 0.24005232550530345
21 36 0.27484703001095073
21 37 -0.04426847139977034
21 38 0.16166407537261085
21 39 -0.027974322769924197
22 22 0.0
22 23 0.0195571254834443
22 24 -0.03164889664003513
22 25 -0.03964229389049878
22 26 -0.10638789716924671
22 27 -0.10961599872057057
22 28 0.0033352454129116104
22 29 0.2254223639997655
22 30 0.02148808556167704
22 31 0.17515092821539271
22 32 0.10199331098281525
22 33 -0.09022665206440897
22 34 -0.06071309953400629
22 35 -0.048275966384540354
22 36 -0.1767232440635884
22 37 0.05552189338081923
22 38 -0.22976074584212025
22 39 0.01255557117833816
23 23 0.0
23 24 0.006357557597307212
23 25 0.2078347226364629
23 26 0.004459151972109951
23 27 0.0950847638704276
23 28 0.10808569381572827
23 29 0.054640476343245314
23 30 0.13184422785104005
23 31 0.03518936667624785
23 32 -0.03254421108331509
23 33 0.2009662441076679
23 34 -0.225097296856962
23 35 -0.03185250116157539
23 36 -0.006730160055208984
23 37 -0.15301251668202495
23 38 0.10495754067030252
23 39 0.14945609934992868
24 24 0.0
24 25 0.04170990673457943
24 26 0.08522058515473316
24 27 -0.018810619353073276
24 28 -0.0343637823048609
24 29 -0.13737287316414773
24 30 0.20074752280582236
24 31 0.04729586434910315
24 32 0.05360055691160517
24 33 -0.015602861296444592
24 34 0.02843669867658144
24 35 0.07289732728388873
24 36 -0.20283978620907495
24 37 -0.05257962205994008
24 38 0.023345890691875835
24 39 -0.031172729961375035
25 25 0.0
25 26 -0.031771204652061
25 27 -0.18846286680759652
25 28 -0.055825970938790284
25 29 -0.012010831525606048
25 30 0.03186394814082502
25 31 -0.02785267493289953
25 32 0.020198595567293483
25 33 0.06707303242421948
25 34 -0.28300827297490466
25 35 0.026163933417215113
25 36 -0.018024156395747396
25 37 0.21033787909599813
25 38 0.19679616460310428
25 39 0.06962525112877262
26 26 0.0
26 27 0.08701833154579929
26 28 0.034340780990817915
26 29 -0.12339339310930389
26 30 0.03804256352393669
26 31 -0.030413356319328354
26 32 0.033180374213659505
26 33 0.028429434839742092
26 34 0.020331571852573303
26 35 0.10244246282559248
26 36 0.09184081703473947
26 37 -0.15446395473006433
26 38 0.013031418323444104
26 39 -0.05580588345794877
27 27 0.0
27 28 0.0817841576841108
27 29 0.0403586911787853
27 30 -0.013573121422848574
27 31 -0.025671896888399538
27 32 0.09378270892678857
27 33 0.16833258061450418
27 34 0.058417213944462254
27 35 0.02332314341186876
27 36 0.12946954772452968
27 37 -0.08924364353618378
27 38 -0.16935578060070478
27 39 0.2151567326171009
28 28 0.0
28 29 0.05391282771008783
28 30 -0.04929939248864582
28 31 0.1241803380612582
28 32 0.04639130803382254
28 33 -0.001198689922628174
28 34 -0.16871793593917037
28 35 -0.16719208997262852
28 36 0.13991207485989093
28 37 -0.05563695267364048
28 38 0.08499183733081825
28 39 -0.012692673559203055
29 29 0.0
29 30 -0.19591567558055095
29 31 0.03988124846971321
29 32 -0.00867086094419355
29 33 0.02452548121040053
29 34 -0.11682316513583343
29 35 -0.010604084869010457
29 36 0.03482685926488742
29 37 0.002616200431769634
29 38 -0.11470156021981001
29 39 0.0752181576402597
30 30 0.0
30 31 0.04297879475601808
30 32 -0.02181047621032649
30 33 0.07301195228290971
30 34 0.04467640716672423
30 35 -0.013771669050887012
30 36 -0.19078022712142612
30 37 -0.15726760192650424
30 38 -0.01050760610677693
30 39 0.025201055816843693
31 31 0.0
31 32 0.13260021412994052
31 33 -0.1403242920974101
31 34 -0.16013087655167044
31 35 -0.20899640630755756
31 36 -0.12288637328006355
31 37 0.07072739204498428
31 38 -0.11515107920914429
31 39 -0.02663714893977372
32 32 0.0
32 33 0.008698111099950993
32 34 -0.10761101463044857
32 35 0.07686251675032252
32 36 0.007843443417386391
32 37 -0.006430448569524875
32 38 -0.13080996176258056
32 39 0.06690357187616407
33 33 0.0
33 34 -0.03697413915235182
33 35 0.1372971410860498
33 36 0.17224135861574583
33 37 -0.17486335197374972
33 38 0.0007271166146707628
33 39 0.11072349484417428
34 34 0.0
34 35 0.20644827986669853
34 36 0.08102998113595894
34 37 0.011068272113001447
34 38 -0.12071397007707549
34 39 -0.09009154179124271
35 35 0.0
35 36 0.06377689752056512
35 37 -0.09830231272148313
35 38 -0.015700433101130208
35 39 0.04522000644939224
36 36 0.0
36 37 0.08099444746679677
36 38 -0.006065970672589278
36 39 -0.04220841861514257
37 37 0.0
37 38 -0.026330586245697934
37 39 -0.11329678733996824
38 38 0.0
38 39 -0.037370417149859295
39 39 0.0
