0 0 0.0
0 1 -0.12766462252989508
0 2 -0.0536813152704246
0 3 0.15117084924010668
0 4 0.0012277245009751604
0 5 -0.039141989228301
0 6 -0.010751331193658271
0 7 0.0868240880041205
0 8 0.09949623320609835
0 9 -0.0989754376032484
0 10 -0.10081971673310788
0 11 -0.05538162740383836
0 12 -0.10171470751740382
0 13 -0.05231964948644272
0 14 0.1369749350566777
0 15 -0.04192587639012886
0 16 0.0020760016918391516
0 17 0.05946404331504544
0 18 -0.1521244977953186
0 19 0.11180100143884972
0 20 -0.18013403157853586
0 21 -0.26859513457991324
0 22 -0.0044315533719077906
0 23 -0.02363547825312114
0 24 -0.20093563293408517
0 25 0.2129479019908762
0 26 0.1191387250670816
0 27 -0.17989351814568827
0 28 0.029806336658476623
0 29 0.2215122494975242
0 30 0.005329341162919232
0 31 0.01579561272260823
0 32 -0.15954817415088046
0 33 -0.040238344071753425
0 34 0.04997311231498224
0 35 0.034170203009389374
0 36 0.18836920519190908
0 37 -0.07462326474082129
0 38 0.032693338997933766
0 39 -0.15891451970237075
1 1 0.0
1 2 0.04363670408380244
1 3 -0.11419558756790024
1 4 0.061719908243976954
1 5 0.007286189490619395
1 6 -0.0827995506457757
1 7 0.04665188659556875
1 8 -0.184895811850885
1 9 0.07514075339835742
1 10 -0.05032069631661421
1 11 0.006530088429018287
1 12 0.0202152407373972
1 13 0.06858525667811825
1 14 0.1361026661030137
1 15 -0.1903897800330388
1 16 -0.0014452444251466477
1 17 0.03958267819893248
1 18 -0.0990907513499254
1 19 -0.06195507043171774
1 20 0.05074555833720593
1 21 0.1701038480306532
1 22 0.07798549810595896
1 23 -0.004854753778267751
1 24 -0.031079466617148506
1 25 -0.1040493521957208
1 26 -0.12831089994382533
1 27 0.007750450992715062
1 28 -0.08542211803131786
1 29 0.01519960606592408
1 30 0.025721018179498217
1 31 -0.13627074002272274
1 32 -0.015760078066195764
1 33 0.05112169397403958
1 34 -0.14222646050818138
1 35 0.1223095784220212
1 36 -0.10940356482872234
1 37 -0.1857728069971939
1 38 -0.09033066433232677
1 39 0.16105165062165636
2 2 0.0
2 3 0.10028656502885509
2 4 -0.027608704650416465
2 5 -0.07604588458872523
2 6 -0.03956742622349539
2 7 -0.14329499571298748
2 8 0.09872305170231407
2 9 -0.13488769117348742
2 10 0.012648245363659768
2 11 0.05829862127776939
2 12 -0.04438728993205231
2 13 -0.057973881636814065
2 14 -0.024752336637715044
2 15 0.13942665585376426
2 16 -0.10097330962204418
2 17 -0.04604205642359355
2 18 0.0025567755826348764
2 19 -0.08204055518684776
2 20 0.05959624557154829
2 21 0.06392844497649523
2 22 -0.0033476391634070938
2 23 -0.12991159120152324
2 24 0.03692730627155884
2 25 0.05753236678141347
2 26 -0.06494966193402782
2 27 -0.12296850337042357
2 28 0.05966736975278043
2 29 -0.16572755010729182
2 30 -0.047388057722515406
2 31 -0.01773865301827157
2 32 0.06563716093718724
2 33 0.02189033919683602
2 34 -0.07036032898410835
2 35 0.046712118811388745
2 36 -0.06987060024060111
2 37 -0.0937710229418807
2 38 -0.06525831617325048
2 39 -0.03825906479892091
3 3 0.0
3 4 0.034466909041563056
3 5 -0.13581487614733784
3 6 0.007860298703697118
3 7 -0.1676283190598895
3 8 0.04998218805897994
3 9 -0.1809405816221819
3 10 -0.03853223188136881
3 11 -0.0586926702719988
3 12 -0.12261470313478354
3 13 -0.0604055892997445
3 14 -0.08095358141537642
3 15 0.09329228465285054
3 16 -0.0582174736404172
3 17 -0.06255699575512122
3 18 0.06312594661686761
3 19 0.04439201098786262
3 20 -0.0803113039821007
3 21 -0.06138396854713485
3 22 0.014930098115376817
3 23 -0.21691865333694915
3 24 -0.22547891096438102
3 25 0.050864152677667716
3 26 0.18224784216986795
3 27 -0.19092342079980792
3 28 -0.11383766000195208
3 29 -0.08459532707648988
3 30 -0.07416617886825319
3 31 0.025509654340055553
3 32 0.011565569755298112
3 33 -0.00500897861567295
3 34 0.1262925108680308
3 35 0.017120567703173377
3 36 0.10144912363005713
3 37 -0.08545619346850211
3 38 0.04680072094795933
3 39 -0.09529096665286123
4 4 0.0
4 5 0.009667094979955526
4 6 0.2614534541715581
4 7 -0.12573314509159422
4 8 -0.06875358892505981
4 9 0.12915454037618007
4 10 -0.04698174173844435
4 11 0.023280624556605553
4 12 0.029379874656332943
4 13 -0.04655101225844952
4 14 -0.03231453801098875
4 15 0.031274394679602656
4 16 -0.18341763762229193
4 17 0.048398825878131914
4 18 0.08451525472695812
4 19 0.10065717049471831
4 20 -0.11848638063835337
4 21 -0.05794454405414766
4 22 0.06271999924165585
4 23 0.06389323224301077
4 24 -0.249070085819911
4 25 -0.01863483279710163
4 26 -0.042480628616486715
4 27 -0.07946241631181229
4 28 0.07831869065810224
4 29 0.08763364371390853
4 30 -0.07266183882089636
4 31 -0.0761002927644114
4 32 0.03937261797721878
4 33 -0.06598295857394657
4 34 -0.009036230963343123
4 35 0.028107463062999022
4 36 -0.016688609545794885
4 37 0.0008043764515322686
4 38 -0.15742883432156468
4 39 -0.05542958267246574
5 5 0.0
5 6 0.002063595029309926
5 7 0.04517558510189422
5 8 0.12505389656072227
5 9 0.09227066862438446
5 10 0.0935090861968927
5 11 0.17970898240492789
5 12 0.011550770127378433
5 13 0.07666574044482845
5 14 0.009264303508695105
5 15 -0.12416859227961444
5 16 0.08388666766777517
5 17 0.08535534468596473
5 18 -0.031018022226999536
5 19 0.012803313028281993
5 20 0.24130088994039403
5 21 -0.15739006701627803
5 22 -0.21930885097518188
5 23 -0.04325154712661346
5 24 0.07433312746112888
5 25 -0.030057126158585735
5 26 -0.12567577502060695
5 27 0.08779019495704204
5 28 -0.01708147993536333
5 29 0.10935822517267471
5 30 0.061613307610062305
5 31 0.05066603471102375
5 32 0.005801423287218808
5 33 0.08297302130386586
5 34 -0.10142408029839263
5 35 -0.04600439921473815
5 36 0.026518684726313285
5 37 0.1566827111667573
5 38 -0.089561718907832
5 39 0.09487481496590869
6 6 0.0
6 7 -0.16808077272333616
6 8 0.1386518776420819
6 9 0.10911331431683986
6 10 0.07560717951654937
6 11 0.02371742392753184
6 12 0.07158408270010617
6 13 -0.026231205582878354
6 14 -0.11362767548259774
6 15 0.2070189013053405
6 16 -0.17425872352573052
6 17 0.0018053352534637638
6 18 0.2737334752823054
6 19 0.012313054454872395
6 20 -0.10164793462331896
6 21 -0.033329333994104135
6 22 0.12197899281633448
6 23 0.009323527081908726
6 24 -0.0396671066263205
6 25 0.10825767235052822
6 26 -0.13248696877900107
6 27 0.06412599304485139
6 28 0.12319331619376392
6 29 -0.04283466497022352
6 30 0.006221737941911959
6 31 -0.08184261988489558
6 32 0.1466248029899253
6 33 -0.11392569584691056
6 34 0.05790183782111967
6 35 0.036609162847361126
6 36 -0.13340785512049355
6 37 0.14490525093907963
6 38 -0.12989834346198761
6 39 -0.0442985993228122
7 7 0.0
7 8 -0.04063322234406486
7 9 0.06078599988143006
7 10 0.03656218459001552
7 11 -0.09063781008211297
7 12 0.010185738676029461
7 13 -0.01350463038432877
7 14 0.08968882965775002
7 15 -0.15753508920254514
7 16 0.12273820784157388
7 17 0.11680326739803437
7 18 -0.18600909884565203
7 19 0.01985295044567232
7 20 -0.04833686347807053
7 21 -0.021853927707295495
7 22 -0.14484105676474346
7 23 0.13861192930071958
7 24 0.02626188621738824
7 25 0.028227342751039088
7 26 -0.05850700912386599
7 27 0.09693790780124499
7 28 0.02338572881321637
7 29 0.22817186952569074
7 30 0.037789744792970564
7 31 -0.0013401764741309704
7 32 -0.13959492762228476
7 33 -0.03334012833186584
7 34 -0.06097638139206061
7 35 -0.00018956098601287673
7 36 0.1214503512513633
7 37 0.053629415560744555
7 38 0.07603070909045004
7 39 0.019834269628003522
8 8 0.0
8 9 -0.01847496562924402
8 10 0.20694391185680425
8 11 0.030865199375708825
8 12 -0.03531104767644363
8 13 -0.03410862325907501
8 14 -0.04437746613155729
8 15 0.0689772106827438
8 16 -0.08276638053996711
8 17 0.15466091734433707
8 18 0.07183056316365884
8 19 -0.045681200468539365
8 20 0.08031380071606606
8 21 -0.1310516533388703
8 22 -0.1814894496643139
8 23 -0.29619553156820516
8 24 -0.027792853635292013
8 25 0.02626376084088993
8 26 -0.23403670903778656
8 27 0.24104417393013255
8 28 0.07268687066531146
8 29 -0.014698494405284096
8 30 -0.04676446100867931
8 31 0.05256896878249866
8 32 -0.042445815101777154
8 33 0.0390130364175861
8 34 -0.15139958702090758
8 35 -0.24320589552956728
8 36 -0.0442942313392433
8 37 0.21463271245808618
8 38 -0.0403560527208939
8 39 0.011496875957534972
9 9 0.0
9 10 0.015136349161613216
9 11 -0.009952532475062743
9 12 0.04548148420031545
9 13 0.08909931945363128
9 14 0.09505362719826177
9 15 -0.13576471785172198
9 16 0.014912063354438593
9 17 0.045595625908388636
9 18 0.043434675086553055
9 19 -0.00032417519623672533
9 20 -0.004475105385020699
9 21 0.05340022764339808
9 22 0.04208203184117741
9 23 0.13612896652968542
9 24 0.004249106495985625
9 25 -0.13603733127270762
9 26 -0.12247055377778104
9 27 0.24973567066886831
9 28 0.035048405709303045
9 29 0.12803135312388408
9 30 0.016453082834941936
9 31 -0.04614484102098958
9 32 -0.02297595897267257
9 33 0.042164599798769145
9 34 -0.09398471530536598
9 35 -0.09635491761928804
9 36 -0.07853278890026989
9 37 0.09669065739243357
9 38 -0.04267664965257945
9 39 0.09137462287101171
10 10 0.0
10 11 -0.051558990399236115
10 12 0.000023874855627961493
10 13 0.003053299401083215
10 14 -0.06811582242925794
10 15 0.02182050308448092
10 16 0.019651701236445544
10 17 0.15794482294950357
10 18 0.09089128507366642
10 19 -0.02440849722509395
10 20 0.1263449829604161
10 21 -0.02018769146806034
10 22 -0.12649333422921186
10 23 -0.10407834842926615
10 24 -0.02379695067448081
10 25 -0.04310570061197827
10 26 -0.07773013034536488
10 27 0.2284750623148208
10 28 0.03345848658984483
10 29 -0.03558143696244382
10 30 -0.035925047050885325
10 31 0.011286417468483318
10 32 -0.023330840224672623
10 33 -0.030005371254980366
10 34 -0.055043729872848314
10 35 -0.10556568726589721
10 36 -0.021608997708056566
10 37 0.1825606816275199
10 38 0.061216949889957885
10 39 0.06095120273452469
11 11 0.0
11 12 0.10345671534302174
11 13 -0.007499873368836155
11 14 -0.06018408657167988
11 15 0.09770971668653197
11 16 -0.06871756350518303
11 17 -0.10750761629644975
11 18 -0.007185952799999973
11 19 -0.0566420931258926
11 20 0.1313445023858039
11 21 -0.055031789653026
11 22 -0.03037843302719498
11 23 0.04696789731464294
11 24 0.181545942484341
11 25 0.07617087161075561
11 26 -0.18074356865512328
11 27 -0.11645273240241291
11 28 0.06579394074288354
11 29 -0.029510109931697115
11 30 0.10508215707917959
11 31 0.012988612073345718
11 32 0.13634544458747394
11 33 0.09622451114912109
11 34 -0.03929169088385718
11 35 0.007968950928262438
11 36 -0.0768256007656016
11 37 0.024482923450037428
11 38 -0.17659645627299658
11 39 -0.01669473631030537
12 12 0.0
12 13 -0.024905646630790708
12 14 -0.10860300364825141
12 15 0.037994517784387415
12 16 -0.06718408965248011
12 17 0.05892405495734952
12 18 0.0014054055447451043
12 19 0.01148122598216624
12 20 -0.040766527044913056
12 21 -0.00632506742573685
12 22 0.0029478636675846566
12 23 0.08469627076343442
12 24 0.15789927723808975
12 25 -0.00870814186129467
12 26 -0.1461364096192847
12 27 0.027109811493020487
12 28 0.04280800463912136
12 29 -0.05697359948047509
12 30 0.05562935503445604
12 31 0.0018631926678255844
12 32 0.061473678035918765
12 33 -0.07385792498415301
12 34 -0.03499655356958282
12 35 -0.08904345828791708
12 36 -0.1161091741145838
12 37 0.09152669030187964
12 38 -0.08959828553807546
12 39 0.10259083534102942
13 13 0.0
13 14 0.11922384684828646
13 15 -0.13393407699689258
13 16 0.10437931779916791
13 17 -0.027753512444764383
13 18 -0.019223746594467423
13 19 -0.02311333241199215
13 20 0.11296220370032509
13 21 0.0008526166057955199
13 22 0.08003494753473636
13 23 0.014904583862026347
13 24 -0.0021261289985526543
13 25 -0.09538103933249796
13 26 0.035880179668386226
13 27 0.1751203998159339
13 28 -0.08938611337220659
13 29 0.010339398584203711
13 30 0.04845319095719493
13 31 -0.041140221344906074
13 32 -0.06205344319476138
13 33 0.08004014996479364
13 34 -0.03379049994446391
13 35 -0.051070738387597944
13 36 -0.017189672751442356
13 37 -0.01905951874546583
13 38 0.039416636386115436
13 39 0.11346859348180616
14 14 0.0
14 15 -0.21069672092298508
14 16 0.12333794039728423
14 17 0.12203052487689141
14 18 -0.10941686911493373
14 19 -0.01266694466222008
14 20 0.0012905586080653756
14 21 -0.07915956433690707
14 22 0.19264100218863672
14 23 0.26543452125918293
14 24 -0.02907932462626634
14 25 0.07487035189724733
14 26 0.09197667761259534
14 27 0.045278196767570514
14 28 0.19587830443830506
14 29 0.24549968170630523
14 30 0.04717527816869232
14 31 -0.06807055002118614
14 32 -0.16806772152654983
14 33 0.08996915244853157
14 34 -0.12271697480387359
14 35 0.0396622234123435
14 36 -0.04228717073891777
14 37 -0.10560790296288743
14 38 0.10157282356066258
14 39 -0.03448001606071422
15 15 0.0
15 16 -0.15408574752761087
15 17 -0.19025636909493118
15 18 0.1376787052362681
15 19 -0.05775355640713851
15 20 -0.025365273724065114
15 21 -0.005669463183372524
15 22 0.02310395437198386
15 23 0.08567438948823264
15 24 0.14406825675067989
15 25 0.2425991277730455
15 26 -0.046183781407789365
15 27 -0.19778962721066445
15 28 0.200476557645726
15 29 -0.17089063319675157
15 30 0.01373818487082008
15 31 0.0010830227630860842
15 32 0.20168134400419452
15 33 -0.07838144586718944
15 34 0.11697406639605974
15 35 0.09732042153555989
15 36 -0.01946834890000499
15 37 0.05990924005982383
15 38 -0.07854138444388928
15 39 -0.2083995641363968
16 16 0.0
16 17 0.012409965451967837
16 18 -0.05634057309763364
16 19 0.0006564470065678643
16 20 0.08628582354723378
16 21 -0.014199181112248604
16 22 -0.015322734741207888
16 23 0.07287550139044671
16 24 0.04692314049604543
16 25 -0.04286170058536719
16 26 0.1568277164970433
16 27 0.09474925649786937
16 28 -0.07408527069730263
16 29 0.07046274477992469
16 30 0.0434752083081702
16 31 0.03276205605465808
16 32 -0.08833935701774373
16 33 0.0475768770539466
16 34 0.0322373828438956
16 35 -0.0008797362330687338
16 36 0.07726702780104003
16 37 0.010298197985678449
16 38 0.16280743917246748
16 39 0.05585449754319586
17 17 0.0
17 18 -0.04005091177438914
17 19 0.12039100871077815
17 20 -0.004067274690703414
17 21 -0.15109977434232638
17 22 -0.05926394631356509
17 23 -0.05228660646413208
17 24 -0.12106088887106185
17 25 -0.07740710433413298
17 26 0.024849771744653238
17 27 0.15461955094790808
17 28 0.12722887548358883
17 29 0.10476207107836402
17 30 -0.10226562930774634
17 31 0.050653790792523315
17 32 -0.20031727783888081
17 33 -0.13802348093260047
17 34 -0.13169496283935173
17 35 -0.10368813731370119
17 36 -0.0645533431695228
17 37 0.0957521313847737
17 38 0.08951660088343323
17 39 0.07631536883875215
18 18 0.0
18 19 -0.06676142416358977
18 20 -0.0015319757333180097
18 21 0.1294692577354025
18 22 0.10324677783399769
18 23 -0.021764920685117616
18 24 0.004680422983401433
18 25 -0.0425446269767664
18 26 -0.017685978542869265
18 27 0.07122347825944357
18 28 0.02318656404832564
18 29 -0.08508795760220107
18 30 0.011422831137705283
18 31 0.014950555941369204
18 32 0.22160822718080736
18 33 0.06965398005168429
18 34 0.12694401196916905
18 35 -0.038665444636143007
18 36 -0.16919687177064052
18 37 0.16838014714872077
18 38 0.0373389182171601
18 39 -0.029464367075237842
19 19 0.0
19 20 -0.08436492958950834
19 21 -0.1429002838676871
19 22 -0.019249305579657122
19 23 -0.0026845464788190668
19 24 -0.12633689443633012
19 25 -0.016738081825350273
19 26 0.15813863868456993
19 27 -0.05461990895781125
19 28 -0.006350599836450829
19 29 0.04852987046542385
19 30 -0.07211972630541441
19 31 0.04677198547395921
19 32 -0.10876826208282306
19 33 -0.12762228529592487
19 34 0.044073061070759444
19 35 -0.0017047571344712797
19 36 0.09327950652885422
19 37 -0.01035483682071512
19 38 0.031718795796747
19 39 -0.023529369832472564
20 20 0.0
20 21 -0.0253319842926407
20 22 0.009200340772942784
20 23 -0.06848488676693741
20 24 0.09859174386030235
20 25 -0.1215928903054759
20 26 -0.04087870384099287
20 27 0.16930232039841475
20 28 -0.0046869122870465425
20 29 -0.08258924516598375
20 30 0.07175321497920409
20 31 0.03992977675633721
20 32 -0.014029450435817303
20 33 0.1759004371137885
20 34 -0.02169693195686998
20 35 0.030329997709902412
20 36 -0.06494309246035407
20 37 -0.01286416561854655
20 38 0.003587741712468032
20 39 -0.0036730245966854966
21 21 0.0
21 22 0.05521106146105712
21 23 -0.0702368369502985
21 24 0.13214824942005102
21 25 -0.18059694781123725
21 26 -0.11433619178856973
21 27 0.07347570788571378
21 28 -0.134988990295233
21 29 -0.16345911664439694
21 30 -0.017612719928879562
21 31 -0.042748182817962395
21 32 0.1571931557428042
21 33 0.07295162179828457
21 34 -0.012275521381301738
21 35 0.05774560503251145
21 36 -0.1570469129111453
21 37 -0.06996594205821821
21 38 -0.015565742082239788
21 39 0.10934454891634297
22 22 0.0
22 23 0.21136450600117054
22 24 0.02131394809761883
22 25 0.007040115928596148
22 26 0.15349952562403082
22 27 -0.02653908620065983
22 28 0.12146069751267266
22 29 -0.033119292811553576
22 30 0.06374643449815016
22 31 -0.060975149940574715
22 32 0.0067103360212396514
22 33 0.04356900690033359
22 34 0.11310048975962483
22 35 0.14750351289664704
22 36 -0.1822720932765906
22 37 -0.1919163879358517
22 38 0.04927873643460506
22 39 -0.11266500484083235
23 23 0.0
23 24 0.20702504919366146
23 25 0.24348561672281727
23 26 0.07894506590919306
23 27 -0.10826034420438742
23 28 0.4299980485628664
23 29 0.256721704239915
23 30 0.14023026030408403
23 31 -0.0555224699221169
23 32 0.031538846199556755
23 33 -0.013632003185043578
23 34 0.047027732543782785
23 35 0.12206775265417222
23 36 -0.021066132001137224
23 37 0.051250206833196234
23 38 0.06011711688273904
23 39 -0.20168693310983682
24 24 0.0
24 25 0.07923982540667546
24 26 -0.13463667027538057
24 27 -0.0198374338795076
24 28 0.18081524431772303
24 29 -0.16335572388181152
24 30 0.10985629639798389
24 31 0.0737883450463251
24 32 0.16190573254918736
24 33 -0.006862151909827888
24 34 -0.03607919779478012
24 35 0.07080372965190264
24 36 -0.19394616066700165
24 37 0.05319377915542948
24 38 -0.051072121213221376
24 39 0.014580012384251726
25 25 0.0
25 26 -0.005681308746644092
25 27 -0.3029319796261556
25 28 0.2653672457519667
25 29 0.10679660498470114
25 30 0.09175338273803056
25 31 -0.05727982539235338
25 32 0.06757244195485942
25 33 -0.0789414340265728
25 34 0.04870780955002203
25 35 0.16091019684624902
25 36 0.08594703645599851
25 37 0.015350778856619946
25 38 -0.034422415052057745
25 39 -0.2073465957672065
26 26 0.0
26 27 -0.16955570546234916
26 28 -0.034095856070562106
26 29 -0.03559774783004703
26 30 -0.09275071922428312
26 31 0.0943457686078796
26 32 -0.1372092576080765
26 33 -0.11616651127852233
26 34 0.2308708697366859
26 35 0.13548922060540697
26 36 0.15682467419341925
26 37 -0.1469993810483195
26 38 0.26399254792969595
26 39 -0.12627730937737675
27 27 0.0
27 28 -0.08817215669748485
27 29 0.01614426591854102
27 30 -0.00950114354423818
27 31 -0.01933517283319802
27 32 -0.1406760341078862
27 33 0.08203576669699103
27 34 -0.15503375095760674
27 35 -0.3185733494222076
27 36 -0.09865716944213473
27 37 0.21580587080677138
27 38 0.08572601040242929
27 39 0.23231220650489962
28 28 0.0
28 29 0.12517146121078934
28 30 0.016604889683989148
28 31 0.004505408288918632
28 32 0.008712514505437892
28 33 -0.07737754302446676
28 34 -0.061146165250767694
28 35 0.08793200356217126
28 36 -0.11216272852811422
28 37 0.08014314783986595
28 38 -0.006520994205415949
28 39 -0.2590786111674727
29 29 0.0
29 30 0.0763813805803549
29 31 -0.03824951112357762
29 32 -0.11314557723614715
29 33 0.08995462458127289
29 34 -0.04082065342543969
29 35 -0.029506678579050226
29 36 0.12152855996427822
29 37 0.07454959204146844
29 38 0.03422268826202871
29 39 -0.09500759651223561
30 30 0.0
30 31 -0.03878130354189051
30 32 0.0701737593875322
30 33 0.11473425754649298
30 34 0.03265816597240812
30 35 0.021876180658082216
30 36 -0.032271357120011654
30 37 0.022717486659058556
30 38 -0.0269883015813338
30 39 -0.009349614140971591
31 31 0.0
31 32 -0.012771414187638053
31 33 -0.010468354007222645
31 34 0.05441778322770363
31 35 -0.03903198388140356
31 36 0.010580076543837316
31 37 0.04425389325609696
31 38 0.058324817487937664
31 39 -0.04862306422613852
32 32 0.0
32 33 0.06902174469178582
32 34 0.07815251119790492
32 35 0.06083688287884499
32 36 -0.1170285153026954
32 37 0.07256667424956853
32 38 -0.105720421508534
32 39 -0.02430490063570895
33 33 0.0
33 34 -0.013359442014485958
33 35 -0.0735537983784581
33 36 -0.050639287279264325
33 37 -0.0034862489502867126
33 38 -0.011861739478382928
33 39 -0.007277753312597819
34 34 0.0
34 35 0.12861207881553302
34 36 0.07002441125737416
34 37 -0.03284766329160209
34 38 0.09768276613187026
34 39 -0.15154134860297774
35 35 0.0
35 36 0.006935771909558987
35 37 -0.24744123067319895
35 38 -0.029483550606918246
35 39 -0.1858104195275921
36 36 0.0
36 37 -0.007328946357391311
36 38 0.0636636443561118
36 39 -0.06397932649570633
37 37 0.0
37 38 0.028384856495101106
37 39 0.06253837038813126
38 38 0.0
38 39 -0.02661583535289825
39 39 0.0
