0 0 0.0
0 1 -0.07614460862072413
0 2 0.21960340262141825
0 3 -0.028136512249788147
0 4 0.19672600492041953
0 5 -0.03511011664991988
0 6 -0.09832036580050284
0 7 -0.009428459967721093
0 8 0.06183898667465543
0 9 -0.25669896451905305
0 10 0.10019053358081967
0 11 -0.06172923842947549
0 12 0.013517012574515375
0 13 0.03270140385093493
0 14 0.015882477699759753
0 15 -0.0021394106455639873
0 16 -0.1095629409989974
0 17 0.04691287156218894
0 18 0.1204390688288107
0 19 -0.034834940361826494
0 20 -0.16980613572422393
0 21 -0.08882574803317969
0 22 0.02669357092690582
0 23 -0.15489739894757587
0 24 -0.06666358301835545
0 25 0.28137603487014246
0 26 -0.14431503604624338
0 27 0.004463326361624392
0 28 0.17048557454369812
0 29 0.061418915935953985
0 30 -0.2676081364453938
0 31 -0.04167490634532095
0 32 -0.24534757879370267
0 33 0.08015424544147985
0 34 0.10259378390069925
0 35 -0.24407492721327378
0 36 -0.06901944946372292
0 37 0.004241165335573453
0 38 -0.026444855083453372
0 39 -0.05596476421437938
1 1 0.0
1 2 0.10416286008717521
1 3 -0.004395446570534375
1 4 -0.11955063980104715
1 5 -0.05005921668828497
1 6 0.07330834104021189
1 7 0.10583975150509053
1 8 0.02963526258198871
1 9 0.01853570581177116
1 10 0.01726923288578685
1 11 -0.025766393722920812
1 12 0.06085299376333383
1 13 0.008247505038528582
1 14 0.012353073850662106
1 15 -0.0024932298363192352
1 16 0.013567460971366282
1 17 0.037065367069644875
1 18 -0.055191546586375595
1 19 -0.041744201180322904
1 20 0.17127892193989183
1 21 -0.005006408465364475
1 22 0.04050538328677088
1 23 -0.0182439472964848
1 24 -0.010979554770807625
1 25 -0.03969321989973869
1 26 0.008126010611719539
1 27 -0.03765690031209602
1 28 0.07639820005681695
1 29 0.036637871894944496
1 30 0.0055205206526725914
1 31 0.025379151445445662
1 32 0.07070495477270625
1 33 0.03914888850136437
1 34 -0.13337710577006717
1 35 0.06080999341979217
1 36 0.08722043050876013
1 37 0.012520801976055141
1 38 -0.09961400883774299
1 39 -0.09568623900807155
2 2 0.0
2 3 -0.032022445990544934
2 4 -0.05215763488314662
2 5 -0.013673280988737973
2 6 -0.21418125616377276
2 7 -0.09399530150180148
2 8 0.0873750021747504
2 9 -0.011613740845888483
2 10 0.07060393565776006
2 11 -0.05496308517802948
2 12 0.07725630096194766
2 13 -0.010690326571999312
2 14 -0.045990773738230975
2 15 0.0660477613572801
2 16 -0.0787833548076201
2 17 0.04072855481900494
2 18 -0.15264750351052742
2 19 0.12127448877872257
2 20 -0.06693239790018599
2 21 -0.19122240519903116
2 22 0.0733862595880273
2 23 -0.16698766986102018
2 24 -0.08368427339177446
2 25 0.12757746734275682
2 26 -0.05828151075172709
2 27 -0.07718511728425316
2 28 0.3020742074090567
2 29 -0.09953438556790035
2 30 -0.23062170176585023
2 31 -0.037924061962656665
2 32 -0.03896854000125509
2 33 0.13392723723876607
2 34 0.0037470825459298127
2 35 -0.061814188948749606
2 36 -0.1627590559551893
2 37 -0.04506876068080607
2 38 0.019570159156578577
2 39 -0.10300225287036899
3 3 0.0
3 4 -0.021607255183925568
3 5 0.08776404413846862
3 6 -0.1052715621804197
3 7 0.030027717512592172
3 8 -0.004738980653938371
3 9 -0.026306907914703963
3 10 0.03585473573085972
3 11 0.08641740759060672
3 12 0.03881648065590563
3 13 0.04813992716075932
3 14 -0.04425816996594674
3 15 -0.15971826708625053
3 16 0.015198487089791907
3 17 -0.05878677117607165
3 18 -0.007228432388951406
3 19 0.02500532942324138
3 20 -0.024719181875454584
3 21 0.04579396489148339
3 22 -0.11737230932385145
3 23 -0.02154741953635873
3 24 0.04119529003686391
3 25 -0.009435184934499284
3 26 -0.03583719632289215
3 27 0.04149979573427383
3 28 -0.09223467348202724
3 29 -0.002638907547022143
3 30 -0.0036198722397307406
3 31 -0.044773818725883
3 32 0.04247690556852706
3 33 -0.14025590805021187
3 34 -0.007010851401376347
3 35 -0.14874661243130788
3 36 0.020033720693050865
3 37 0.07257781383890707
3 38 -0.0678289497360223
3 39 -0.035351224611472075
4 4 0.0
4 5 -0.07064871630777754
4 6 -0.004415677793706607
4 7 -0.0651054784001309
4 8 -0.09894628864846947
4 9 -0.1223840269961042
4 10 -0.0031214359101283274
4 11 0.13817536862117447
4 12 -0.012205792029611752
4 13 -0.0033723363160929032
4 14 -0.08981481827534234
4 15 -0.038331063221655054
4 16 -0.024032532704110786
4 17 0.05349401144082645
4 18 0.07599744289916487
4 19 -0.020715462692705435
4 20 -0.10285910527112485
4 21 0.04624428797556762
4 22 0.057445775076374675
4 23 -0.05045201648079596
4 24 -0.09306702546188056
4 25 0.05573494223782547
4 26 0.052652813740860185
4 27 -0.005658931058909337
4 28 -0.12835395612583084
4 29 0.12906114917905367
4 30 -0.07176756118742456
4 31 0.021388790652938704
4 32 -0.1406608995367917
4 33 -0.06505242694247718
4 34 0.11462007883686065
4 35 -0.052376242319760444
4 36 0.04014850709962487
4 37 0.007490920450552019
4 38 0.037542885061379754
4 39 0.0033690927800412913
5 5 0.0
5 6 -0.0552453205758176
5 7 -0.08044203302112408
5 8 -0.014081717750862857
5 9 0.13401276970604392
5 10 0.010134596981542999
5 11 0.02348302950445539
5 12 -0.0518369136453644
5 13 0.12754810083910462
5 14 -0.002117301902043005
5 15 0.02247402653432929
5 16 -0.007448868009980947
5 17 0.01006322653707021
5 18 -0.10811669392724246
5 19 0.05076527097323883
5 20 -0.066522754950956
5 21 -0.0052564481429441265
5 22 -0.12005132340920888
5 23 -0.06049842136918356
5 24 0.12293344187822912
5 25 -0.01577456450511226
5 26 -0.14231297661551023
5 27 -0.030056686568470742
5 28 -0.018887287041301482
5 29 -0.07752813120568239
5 30 -0.03569429346820592
5 31 -0.03334023337283429
5 32 0.04266815887517046
5 33 -0.1121772196467626
5 34 0.052035225377473605
5 35 -0.06625567062571713
5 36 -0.028172585604837864
5 37 0.017520406760257467
5 38 0.08727828749836697
5 39 0.06067592611249648
6 6 0.0
6 7 0.12874447176876244
6 8 0.019311252302547356
6 9 0.18689582439373148
6 10 -0.11916587930387482
6 11 -0.02708769731513992
6 12 -0.14050009119103643
6 13 0.03456221506139998
6 14 -0.0076244728500299615
6 15 0.0011360087577096
6 16 -0.03803994395674395
6 17 0.048439904348014304
6 18 0.13325995301330743
6 19 -0.20152958737247856
6 20 0.030292363210736074
6 21 0.030563258758561064
6 22 0.09063280365713174
6 23 0.07494052423173747
6 24 -0.03172339256606442
6 25 -0.02957561501949499
6 26 0.014990850912640232
6 27 -0.01596904249528362
6 28 0.0572598068911321
6 29 0.08026176463776907
6 30 0.13172539774053743
6 31 0.1640991600016981
6 32 0.026795124952850018
6 33 0.12390192476501269
6 34 -0.11279043111222456
6 35 0.2159323590745748
6 36 0.2185338580754616
6 37 -0.03851640842779831
6 38 0.06823778593152618
6 39 0.1365320857179195
7 7 0.0
7 8 0.013185707103513928
7 9 0.07740050506565586
7 10 0.0656967964195401
7 11 -0.07954092086955641
7 12 -0.0010304253620477461
7 13 0.03494749325121317
7 14 -0.023625899685882114
7 15 -0.12219323502316048
7 16 0.03210347791057171
7 17 -0.07151659868342149
7 18 0.1831325449786498
7 19 -0.05627436777196615
7 20 0.22432439314330602
7 21 0.05618281509748939
7 22 -0.08226534882762707
7 23 0.04743706453094737
7 24 0.06739464523491337
7 25 0.025913153714912967
7 26 -0.025566066064618826
7 27 0.020363017948243838
7 28 -0.050767267594581666
7 29 0.14542374373092465
7 30 0.21045810225681943
7 31 0.05586407936476399
7 32 0.10122910936488758
7 33 0.05018339732759618
7 34 -0.13148226683603395
7 35 -0.061457746238863166
7 36 0.15327635345788893
7 37 -0.04847479031266943
7 38 -0.17648716177728135
7 39 -0.08696556848861552
8 8 0.0
8 9 0.08716069636346178
8 10 -0.02923604523321164
8 11 0.00392157661160716
8 12 -0.01515916184762917
8 13 -0.06395556038365278
8 14 0.09518516564140919
8 15 -0.037928277867798274
8 16 -0.04705048184846679
8 17 -0.018558877973143463
8 18 0.05054457174370754
8 19 0.004304482032515981
8 20 -0.06785121073645672
8 21 -0.08981977062956042
8 22 0.06270536299793848
8 23 -0.01685546652999285
8 24 0.07395332420969795
8 25 0.08065575970506711
8 26 -0.03881259118820513
8 27 -0.0034563906662004084
8 28 0.07688848789856031
8 29 -0.09791939898544585
8 30 -0.10171620195909062
8 31 0.08417532523573465
8 32 -0.010451741214816063
8 33 0.06503514638337218
8 34 -0.04846789014671218
8 35 0.045763785438291196
8 36 -0.1380869115277705
8 37 0.02922208861149128
8 38 0.025096680793626154
8 39 -0.010279370702140366
9 9 0.0
9 10 0.018706181721168478
9 11 0.03821652624101549
9 12 -0.11090441597669087
9 13 0.1358087176844714
9 14 0.014588487703596751
9 15 -0.049539079652031255
9 16 -0.003416010615856808
9 17 0.12631545672899816
9 18 0.04226903177706256
9 19 -0.0012652749704099818
9 20 -0.045898254477397545
9 21 -0.08300796171218985
9 22 0.047814628304328866
9 23 -0.017504031057947362
9 24 0.21102479257897663
9 25 -0.0017991117998343094
9 26 -0.02637836373366237
9 27 -0.11203769724526942
9 28 -0.11118299588622335
9 29 -0.0870063734149217
9 30 0.12518081244673313
9 31 0.21977893449617025
9 32 0.13465386343141955
9 33 -0.008494140176607452
9 34 -0.0789256263033115
9 35 0.30712248737416153
9 36 -0.12842208029606406
9 37 -0.14469374658604878
9 38 0.09083235282565723
9 39 0.08606522689219562
10 10 0.0
10 11 -0.07735106116432175
10 12 0.0833604687745372
10 13 0.14958993644579963
10 14 0.0806081987561438
10 15 -0.02187074240981638
10 16 0.05920485875281005
10 17 0.15560661643012147
10 18 0.02605920094034121
10 19 -0.03267137881911874
10 20 0.04728598628266418
10 21 -0.05078393006732303
10 22 -0.030455638245350424
10 23 -0.09179031066267465
10 24 0.05744928905518215
10 25 0.09955508027983948
10 26 -0.01866868322972709
10 27 -0.06498136750716563
10 28 -0.07719979963312487
10 29 0.034553635099591376
10 30 -0.015180155946443636
10 31 0.006534411901231048
10 32 -0.03063717436781943
10 33 -0.07414782215995239
10 34 -0.032486376483664876
10 35 -0.013391048819876235
10 36 -0.050816972132793826
10 37 -0.10817774534924222
10 38 -0.1367711549249875
10 39 -0.0872816869299352
11 11 0.0
11 12 0.00802246499236121
11 13 0.03727543550760492
11 14 -0.07284732732362853
11 15 -0.11676645800184711
11 16 -0.03665999473853782
11 17 -0.006878346658367468
11 18 0.03909644297231316
11 19 0.04225239054420446
11 20 -0.042361430293652566
11 21 0.15179200248056965
11 22 -0.004222251317524952
11 23 -0.21165888811949812
11 24 0.08827062737494885
11 25 -0.1649065279925691
11 26 0.046586343666660986
11 27 -0.056127809455900436
11 28 -0.25708835189658963
11 29 0.05153182687542196
11 30 -0.07950081064407408
11 31 0.1616592587731944
11 32 0.04356847924394015
11 33 -0.23187853059697647
11 34 -0.05037213123720299
11 35 0.018282407201512432
11 36 -0.06764750067083355
11 37 0.16850009953525255
11 38 -0.03089480853700796
11 39 -0.05960184278484533
12 12 0.0
12 13 -0.033797298269554264
12 14 0.018017711247495384
12 15 -0.07078400747707764
12 16 0.04558686074676374
12 17 0.06384419131647677
12 18 -0.12263873788083328
12 19 0.006073565136577083
12 20 0.09359466239632445
12 21 0.002547126458004394
12 22 0.008107083828503055
12 23 0.0472575056980748
12 24 -0.06692193760347945
12 25 0.03980755711932163
12 26 0.0597631482165205
12 27 0.015169536120371044
12 28 -0.12411730547563911
12 29 0.01452422725374274
12 30 -0.05314987816851787
12 31 -0.07798481148737725
12 32 0.02786845086122696
12 33 0.004414230132626634
12 34 0.007600288299572879
12 35 -0.05545260597382494
12 36 0.01351914496522052
12 37 0.06604854509264756
12 38 -0.151526048492666
12 39 -0.11613070711983124
13 13 0.0
13 14 0.08491656300967174
13 15 -0.007449730891050674
13 16 -0.01225438390415767
13 17 0.243513525295498
13 18 0.018716298378431064
13 19 -0.07392852600149821
13 20 -0.04347302264007323
13 21 0.11907766696505424
13 22 -0.11710510842332222
13 23 -0.20927643383362873
13 24 0.03710634269492293
13 25 -0.040422214632016326
13 26 -0.07735021925335567
13 27 -0.05464585597983174
13 28 -0.038451033768336744
13 29 0.061062938761497244
13 30 0.028590083199736837
13 31 0.060094178059749724
13 32 0.01806852276572823
13 33 -0.12674557941175518
13 34 -0.15034779957949507
13 35 0.05246956281431651
13 36 0.00685615221037855
13 37 -0.030027478353863584
13 38 -0.022022813961264695
13 39 0.10085986095589453
14 14 0.0
14 15 0.1536627684554484
14 16 0.042692035583586446
14 17 0.2635015408090988
14 18 -0.09005903219454375
14 19 -0.09397035022812557
14 20 0.006156556268205793
14 21 -0.022199619669470354
14 22 -0.0022219397721905784
14 23 -0.04243630897373852
14 24 -0.0641776725669769
14 25 0.08027819556168361
14 26 0.014684394064085962
14 27 -0.031877280891860205
14 28 0.017961951737614
14 29 -0.07531734452100705
14 30 -0.13727024784157044
14 31 0.10085162014792795
14 32 -0.04372487595435322
14 33 0.07142102986654442
14 34 -0.15944279879473178
14 35 0.11270921830005705
14 36 -0.004752801295322883
14 37 0.046372223467673244
14 38 0.15476147735188228
14 39 0.17570105985088028
15 15 0.0
15 16 0.020703620381502273
15 17 0.04167993130139091
15 18 -0.10658218574839765
15 19 0.010850305379401352
15 20 0.08195224727994474
15 21 -0.069046033991639
15 22 0.026154424788708656
15 23 -0.09350025308819329
15 24 -0.023371112675429823
15 25 -0.05658771190087488
15 26 -0.016562556251922326
15 27 -0.11146194725877205
15 28 0.17796331315768926
15 29 -0.05344328887211902
15 30 -0.059923357044089
15 31 0.04121195661845686
15 32 -0.032319820924252944
15 33 0.0958903516517969
15 34 0.0023233228319810865
15 35 0.07694397729496101
15 36 0.020697758647079727
15 37 -0.06696475258720987
15 38 0.16765002683082492
15 39 0.07270254329015657
16 16 0.0
16 17 0.013500099607319817
16 18 -0.02974147771020248
16 19 -0.00945730538427107
16 20 0.10939265588146359
16 21 -0.01622923465708321
16 22 -0.013501718582273595
16 23 0.04749010029076277
16 24 0.02604711086334523
16 25 -0.014934714265408381
16 26 0.04561131656095715
16 27 -0.02541903341480369
16 28 -0.10092102865829526
16 29 0.012726265442562477
16 30 0.054275736158446
16 31 -0.004532942187781342
16 32 0.03090269419190232
16 33 -0.043346016405807056
16 34 0.00414054663842422
16 35 0.01563316786783895
16 36 0.048717417091289524
16 37 -0.040272342440738976
16 38 -0.04652560364837014
16 39 -0.044759848519129744
17 17 0.0
17 18 -0.13670907584281305
17 19 -0.10747453925896552
17 20 -0.04676861475626655
17 21 0.045396969598456356
17 22 0.10795087618703111
17 23 -0.05769413181878574
17 24 -0.09316383464508424
17 25 0.08097084718893799
17 26 0.030014151253138326
17 27 -0.04805727067943181
17 28 -0.06478410581748148
17 29 0.04824862044251157
17 30 -0.12490571843557843
17 31 0.03541134309669945
17 32 -0.09141349879995593
17 33 -0.02270169683894522
17 34 -0.1317120370731422
17 35 0.259614043325905
17 36 -0.04479853636688598
17 37 -0.022261706599842074
17 38 0.06924325031767793
17 39 0.11584464101261427
18 18 0.0
18 19 -0.06052551018938992
18 20 -0.033199124972375975
18 21 0.019720990502670614
18 22 0.0030371832905710396
18 23 -0.10072312360138616
18 24 0.1744903003769473
18 25 0.006532441201086975
18 26 -0.01683433557443508
18 27 -0.0175920188836051
18 28 -0.04716205607629994
18 29 0.08927983899082778
18 30 0.1257437833621683
18 31 0.16122482312905423
18 32 -0.04164985983937285
18 33 -0.0685068371861331
18 34 -0.03704002911208393
18 35 0.001095272016632739
18 36 -0.07202742545294585
18 37 -0.10049056289416962
18 38 -0.13596236446354318
18 39 -0.07602564266685816
19 19 0.0
19 20 -0.007184894096508155
19 21 0.007971012697626498
19 22 -0.013087339824750733
19 23 -0.002093002375135745
19 24 0.09196550176936635
19 25 -0.05825934169458533
19 26 -0.027979515245122488
19 27 0.021431991168805543
19 28 0.004968035891819386
19 29 -0.048973996066975264
19 30 -0.009511399411841455
19 31 -0.10007594651720604
19 32 0.020506924702553473
19 33 -0.0681132161611446
19 34 0.0834735199008611
19 35 -0.053120382816016776
19 36 -0.19019530165655346
19 37 0.009169290211638993
19 38 0.0065614116730003304
19 39 -0.09091129306435278
20 20 0.0
20 21 0.051179227577922794
20 22 -0.012425961874146182
20 23 0.017197985905296524
20 24 0.08688466446636398
20 25 -0.12523926871408902
20 26 0.036223259110644127
20 27 -0.07461237202354035
20 28 -0.09950703383517122
20 29 0.12781662399902932
20 30 0.13560055518407593
20 31 0.017636453752137904
20 32 0.12825433766948507
20 33 -0.025923396247274112
20 34 -0.095865268242829
20 35 0.015633768716818694
20 36 0.16653984578736603
20 37 -0.015287939388162478
20 38 -0.20130993216254792
20 39 -0.2138823899136831
21 21 0.0
21 22 -0.09744505695122777
21 23 -0.03198906868418322
21 24 -0.022206453466084262
21 25 -0.20461535281039622
21 26 0.021488352913952243
21 27 0.09274143810726457
21 28 -0.130184955377734
21 29 0.13269559971861922
21 30 0.11632815065383921
21 31 -0.058519184780183975
21 32 0.05517004007688987
21 33 -0.13277455481008688
21 34 -0.11415213274658476
21 35 -0.0007331670050274257
21 36 0.04090156143966964
21 37 0.14689152601642488
21 38 -0.0705329675226387
21 39 0.04293113833733527
22 22 0.0
22 23 0.06458458104951462
22 24 0.017888638491638652
22 25 0.058757801410361535
22 26 0.06261952232758924
22 27 -0.04028171032003987
22 28 0.03616331300866237
22 29 0.007269007527705575
22 30 -0.10177925069345577
22 31 0.035426310444607756
22 32 -0.10954904235684886
22 33 0.03637923189464511
22 34 0.03645179934221203
22 35 0.23251283371293666
22 36 -0.12567852961206472
22 37 -0.06747263858889971
22 38 0.015088684005940555
22 39 -0.09525158627143103
23 23 0.0
23 24 -0.13625521396675866
23 25 0.09430531035228032
23 26 0.07377980506967756
23 27 0.18441805358157776
23 28 -0.005615376372673179
23 29 -0.02435862392167179
23 30 0.1394530418278705
23 31 -0.22494219560099618
23 32 0.007922191519252183
23 33 0.17392491675496122
23 34 0.13071426319590823
23 35 0.026355961316270833
23 36 0.10171956021802084
23 37 -0.012122944914405949
23 38 0.04554317146890519
23 39 0.06743964344278151
24 24 0.0
24 25 -0.08534083359761455
24 26 -0.10890531905296799
24 27 -0.11311563352063406
24 28 -0.15269909947357488
24 29 -0.012861286962911741
24 30 0.049426101367494625
24 31 0.11278913901093249
24 32 0.04068223473746837
24 33 -0.2520070592334502
24 34 0.011176995269272044
24 35 0.08781573996517866
24 36 -0.2658018513374971
24 37 -0.0937298563288213
24 38 -0.1563626755708883
24 39 -0.23359306167055377
25 25 0.0
25 26 -0.04679872516831524
25 27 0.015397497826867529
25 28 0.0753189621103852
25 29 -0.04349233049406339
25 30 -0.14056987258436288
25 31 -0.02659605626948917
25 32 -0.12958841180011965
25 33 0.1572492001323157
25 34 0.10354965509924481
25 35 -0.08567876657007563
25 36 0.00022759017100918997
25 37 -0.07582594644078094
25 38 0.05261521505947564
25 39 0.028520970934265248
26 26 0.0
26 27 0.008699120177786979
26 28 -0.11024898552036448
26 29 0.017456721130168225
26 30 0.05315543206573514
26 31 0.036051066388324324
26 32 0.024822126335321652
26 33 0.03133403168591686
26 34 -0.02040839014960709
26 35 0.09752260103682685
26 36 0.046647658846800825
26 37 0.007021950567237464
26 38 -0.01188045360161891
26 39 0.015591995632744613
27 27 0.0
27 28 0.04011326397869004
27 29 0.0056013932715480354
27 30 0.05672980616358869
27 31 -0.17365127641642664
27 32 -0.013942193540680787
27 33 0.05381868536556693
27 34 0.026861873615510436
27 35 -0.08069031830529085
27 36 0.017037681428013447
27 37 0.07961776886005727
27 38 0.011891095168939216
27 39 0.0777358218193872
28 28 0.0
28 29 -0.09208872507846398
28 30 -0.09681786775504422
28 31 -0.10657484156324545
28 32 -0.09021931661369474
28 33 0.24107353925903188
28 34 -0.03463654782168354
28 35 -0.04524960535614085
28 36 0.016595983513219753
28 37 -0.06374061313928261
28 38 0.1783648142457012
28 39 0.11096377065168332
29 29 0.0
29 30 0.07485503331554777
29 31 -0.007661856062341603
29 32 -0.026044394542573557
29 33 -0.07547640136963615
29 34 -0.043165789344584087
29 35 -0.013955271745597964
29 36 0.11890701218993296
29 37 0.0021314169322436604
29 38 -0.12301573066074714
29 39 -0.08662869336407164
30 30 0.0
30 31 -0.020588010464633072
30 32 0.1539670780911287
30 33 0.00820615105641109
30 34 -0.043056437903407345
30 35 0.046184368506511406
30 36 0.10919240773793777
30 37 -0.09109931901251521
30 38 -0.10576444517144996
30 39 0.025186403784745976
31 31 0.0
31 32 0.04977710850995652
31 33 -0.01880912977209498
31 34 -0.12933226640876538
31 35 0.1447548017519372
31 36 0.012754114696182142
31 37 -0.03354618774041919
31 38 0.029774673807789503
31 39 0.022444970282082026
32 32 0.0
32 33 0.010518223593185407
32 34 -0.08283014031483368
32 35 0.0010914590770988756
32 36 0.0812078857292329
32 37 0.03919114777566899
32 38 -0.06298414874418157
32 39 0.0031467324357001185
33 33 0.0
33 34 0.008005853715502177
33 35 -0.010532495856812988
33 36 0.1476983529066363
33 37 -0.02084306127568586
33 38 0.13605106457380695
33 39 0.16968838899398125
34 34 0.0
34 35 -0.11944981112464362
34 36 -0.05223665554561548
34 37 -0.05060381265543049
34 38 0.039357019792745085
34 39 -0.05368586859418436
35 35 0.0
35 36 -0.1537981560007298
35 37 -0.10894638418598993
35 38 0.062406899336090296
35 39 0.03906221879840352
36 36 0.0
36 37 0.061385588525261624
36 38 0.04235940729638875
36 39 0.13769208734572763
37 37 0.0
37 38 0.014900961804693236
37 39 0.04730003178126595
38 38 0.0
38 39 0.3121796521774554
39 39 0.0
