0 0 0.0
0 1 -0.22694152291287648
0 2 -0.01882129287694654
0 3 -0.057456666814863645
0 4 -0.17740285378096785
0 5 0.022584449034784484
0 6 0.04590781543919475
0 7 0.08133496675340535
0 8 0.027923021947584753
0 9 0.009915441399817483
0 10 -0.0032131029629163844
0 11 -0.03803236742785286
0 12 -0.061735122828908216
0 13 -0.08185925501480802
0 14 -0.08702599928410254
0 15 -0.000016337067751884767
0 16 -0.11356496514437495
0 17 0.18366705417813117
0 18 -0.07740999786171833
0 19 -0.01956839526596594
0 20 -0.07545102733473677
0 21 0.1845828552529729
0 22 0.13661511973863918
0 23 0.14932214772263855
0 24 -0.046554603976243426
0 25 -0.002410051890240677
0 26 -0.04421395798749345
0 27 0.035356155708280004
0 28 -0.0388624954175358
0 29 0.09212221536672453
0 30 0.1549827593757004
0 31 -0.06891041839090735
0 32 0.07025424837293241
0 33 0.039446799013401534
0 34 -0.03618098622097406
0 35 -0.16137121397264537
0 36 0.04739413056389931
0 37 0.05839874446285968
0 38 -0.011316285231499244
0 39 0.1240794718858836
1 1 0.0
1 2 0.013149788767587451
1 3 0.05538686087826521
1 4 0.017023247703615102
1 5 -0.09590023171295373
1 6 0.07859736566057705
1 7 -0.06511159792643088
1 8 0.03221422199922035
1 9 -0.03108074022122185
1 10 0.03344329922207253
1 11 0.09469096531298021
1 12 0.09353613565714192
1 13 0.06826348530120617
1 14 0.0523128725899447
1 15 0.11488787100748017
1 16 0.023393908005844764
1 17 -0.1302775061276032
1 18 0.0512390403036697
1 19 0.04236411896587307
1 20 0.049411776569551764
1 21 -0.057335455554382006
1 22 -0.06581424089800403
1 23 -0.0925307447139501
1 24 0.03430393783329245
1 25 -0.013149382193197875
1 26 0.042646224233668914
1 27 -0.07344242330626906
1 28 0.08368956857010437
1 29 -0.03582414236169763
1 30 -0.07236819099439981
1 31 0.027795414567782062
1 32 -0.03366979955151019
1 33 -0.06219485435362128
1 34 0.06388861267252613
1 35 0.0908840118048078
1 36 -0.028294076559498622
1 37 0.10189855823157583
1 38 0.005244460251789161
1 39 -0.1725870150876595
2 2 0.0
2 3 0.034566951843093455
2 4 -0.0015729222735467539
2 5 -0.058305633523269965
2 6 -0.058221940233492066
2 7 -0.07322810166513606
2 8 -0.046077706316203046
2 9 -0.008153114911154705
2 10 0.007142160563514864
2 11 0.009443696906932088
2 12 -0.0381400234913125
2 13 -0.07751228549062136
2 14 -0.08378086572795222
2 15 0.12119329170193331
2 16 0.05371345480538332
2 17 -0.019933135582725116
2 18 0.023365778574681022
2 19 0.06714385272427686
2 20 -0.09469038212188355
2 21 -0.05514452507742599
2 22 0.10335563091620512
2 23 0.0004856772815552574
2 24 0.02441055709737324
2 25 -0.0053166206171169975
2 26 -0.00022883175946286212
2 27 0.012758841400922882
2 28 0.023790278423204036
2 29 -0.004227391857503397
2 30 -0.08671495596747356
2 31 0.06592256663683527
2 32 0.09177497296658631
2 33 0.08629163678610417
2 34 -0.011436672199257153
2 35 0.0772974221298173
2 36 0.07680509974581491
2 37 -0.1784819742648163
2 38 0.010223262068208328
2 39 0.10538593750683585
3 3 0.0
3 4 -0.04492245613358939
3 5 -0.021117543193497606
3 6 -0.010633490365126142
3 7 0.009719038419005649
3 8 0.021474952833143584
3 9 -0.012220876134405752
3 10 0.043390202126529366
3 11 0.11968486269095428
3 12 0.04409443574724969
3 13 0.07463646422920686
3 14 0.014421166045512832
3 15 0.059229022383905795
3 16 0.02788274403312363
3 17 -0.012555977534941379
3 18 0.040523034858173976
3 19 0.11985213449326622
3 20 -0.08400776183633925
3 21 0.061319575564281324
3 22 0.09119474217045812
3 23 0.018827897108706727
3 24 -0.034445491869975794
3 25 -0.09555603204914184
3 26 0.09240989192179026
3 27 -0.03916807016198476
3 28 0.07985940910613767
3 29 -0.04470705712099648
3 30 -0.04117748832059031
3 31 0.08539353790208142
3 32 0.1485089478869634
3 33 0.017332105429443745
3 34 -0.05180038021100556
3 35 0.13031559362227402
3 36 -0.016379890009580532
3 37 -0.030722507672237147
3 38 0.004960726212152298
3 39 -0.03852280104823997
4 4 0.0
4 5 0.05283360416781715
4 6 -0.008814427980536336
4 7 0.022850552480369147
4 8 0.01976810831750339
4 9 0.21562435416809977
4 10 -0.0808992054403721
4 11 0.0210113393803815
4 12 -0.10526895478680691
4 13 -0.07855848266928792
4 14 0.16719993572735786
4 15 -0.1007404337056178
4 16 0.2030003189893072
4 17 -0.044941676098421424
4 18 -0.04182026028183171
4 19 -0.002404840538065969
4 20 0.10967649024849366
4 21 -0.0046125590488404755
4 22 -0.08341745194571103
4 23 0.04785191102393961
4 24 -0.19544590554486266
4 25 0.09949623024997874
4 26 -0.08147972159644837
4 27 -0.07328763159706375
4 28 -0.1668171551405156
4 29 0.06251404675027164
4 30 -0.014154233537550357
4 31 -0.04473608012193499
4 32 -0.04021436245734442
4 33 -0.05583862286800023
4 34 0.11140290169496103
4 35 0.0022421579883553666
4 36 0.00492216477707926
4 37 -0.2163520311428977
4 38 0.042247851626159044
4 39 -0.007060328089787354
5 5 0.0
5 6 0.09276554481074958
5 7 -0.054043490518244044
5 8 0.08864944168973374
5 9 0.029031835605760163
5 10 0.07920537759004623
5 11 0.08582911178704321
5 12 -0.01903669480874934
5 13 0.16376152252968765
5 14 0.16539848524160744
5 15 -0.25963632191893515
5 16 -0.1935811633008449
5 17 0.10743772911076795
5 18 -0.10075243367729596
5 19 -0.0685717321894833
5 20 0.07451893030463101
5 21 -0.006018098230717932
5 22 0.010599331444681373
5 23 0.008493987388781848
5 24 -0.06774951660966302
5 25 0.07106421075939298
5 26 0.08224624992512125
5 27 0.20430227761342268
5 28 0.011009876505381367
5 29 -0.05874757383530188
5 30 0.006774377464304345
5 31 0.1204030846254539
5 32 -0.055729094736186424
5 33 0.0622438163880184
5 34 -0.0280002676382733
5 35 0.07155277629647154
5 36 -0.0418656806374776
5 37 -0.06089146680052515
5 38 0.011566807426704571
5 39 0.07941725188966246
6 6 0.0
6 7 -0.1350977209175507
6 8 -0.0023471817835341176
6 9 0.017945539958912092
6 10 0.07547400135556392
6 11 0.21970148082931723
6 12 0.030735785583507376
6 13 0.10828238467294564
6 14 0.2623791709558609
6 15 -0.006239205620982658
6 16 0.07575967209833087
6 17 -0.0946855179534461
6 18 -0.07225632059954987
6 19 -0.00604655775206683
6 20 -0.10074761224336652
6 21 0.18222239319966088
6 22 -0.12365533851231847
6 23 0.04803004146493718
6 24 -0.12159132546806668
6 25 -0.0806290006776699
6 26 0.030667496078454086
6 27 0.1133206655050419
6 28 0.035083549551737675
6 29 -0.1677137617064734
6 30 -0.03896405568843045
6 31 -0.10677549352745179
6 32 0.07687500018714896
6 33 0.02048528185153065
6 34 0.12551513686683577
6 35 0.12466261679258808
6 36 -0.05181582905717336
6 37 0.17333185274912094
6 38 -0.11072644634883007
6 39 -0.0034598008461689095
7 7 0.0
7 8 0.019315477467176198
7 9 0.064116143875367
7 10 -0.12002106721742205
7 11 -0.07175187900747909
7 12 -0.008796630716381149
7 13 0.05626377591873975
7 14 -0.019436093509381726
7 15 -0.05452004748762902
7 16 0.04453047553306716
7 17 0.050584906410609407
7 18 -0.07620824874028777
7 19 -0.044332641011547866
7 20 0.132800243754737
7 21 -0.05612574734055862
7 22 -0.05016684713767294
7 23 0.13199603499489376
7 24 -0.03982901540168674
7 25 -0.02035444687128457
7 26 -0.09613923133849836
7 27 -0.029099448699695253
7 28 -0.1313255695664981
7 29 0.13349695784913776
7 30 0.08348219533544021
7 31 0.06841171810865229
7 32 0.03506769373217431
7 33 -0.14140950824235174
7 34 -0.026789221544302178
7 35 0.053059335573341346
7 36 -0.027978218378739504
7 37 -0.07769326291551837
7 38 0.18879721990735732
7 39 -0.035559444107247054
8 8 0.0
8 9 -0.027152919283950538
8 10 -0.02575614742200613
8 11 0.0835918324342286
8 12 0.028105383406703943
8 13 -0.05528823590198095
8 14 0.020618597587171102
8 15 0.014520327841426803
8 16 -0.11676780890171032
8 17 0.12328001142962297
8 18 -0.09689911419526101
8 19 0.06700240348455441
8 20 0.1322010878302641
8 21 -0.013645393206956003
8 22 0.012384174508961905
8 23 -0.09563009782431205
8 24 -0.0478817407107169
8 25 0.08050318046758624
8 26 -0.05276463242651941
8 27 -0.1100227722380918
8 28 0.06119170378065177
8 29 0.02306870564323477
8 30 0.11261516329792087
8 31 -0.0405727533522572
8 32 0.022122205040010702
8 33 -0.13860063520414817
8 34 -0.010736393920834126
8 35 -0.09937833955079016
8 36 -0.04255624267047244
8 37 0.047483697204524514
8 38 0.12485755114852651
8 39 -0.18285615757202534
9 9 0.0
9 10 0.0011078377070249212
9 11 -0.06657062789071469
9 12 -0.09860901708114432
9 13 0.012839465913604539
9 14 0.11784205462965107
9 15 -0.01892297561072526
9 16 0.05144961803740905
9 17 0.016422210507939843
9 18 -0.023368075219140933
9 19 -0.04479586264486339
9 20 0.08877018454179011
9 21 0.11309020625838465
9 22 -0.024152339251967407
9 23 0.15553169364080788
9 24 -0.25427838700428507
9 25 0.018810287838299345
9 26 -0.011968482605635457
9 27 -0.11997106191050691
9 28 -0.21949404812894419
9 29 0.102843056665439
9 30 0.01563491160291685
9 31 -0.054627096610645486
9 32 -0.053417711213473204
9 33 0.013588177526117387
9 34 0.058611897961759085
9 35 0.003850142612484608
9 36 0.04874907302496205
9 37 -0.025503797448968534
9 38 -0.08010418050343901
9 39 0.029894575194284446
10 10 0.0
10 11 -0.1503004863954901
10 12 0.10994913094688397
10 13 0.0965579510569406
10 14 -0.12723600137519606
10 15 0.1628194561085749
10 16 -0.12430909969405339
10 17 0.02218837750794698
10 18 -0.06036439138264145
10 19 0.06614887397643061
10 20 0.041682604724747205
10 21 0.1823956319954102
10 22 0.08222283731470723
10 23 -0.040922165008400485
10 24 0.04144119635826603
10 25 -0.24636902777099118
10 26 -0.006201102287206757
10 27 0.0046515581457847715
10 28 0.1449899516610345
10 29 -0.053565179843874225
10 30 0.02005409555565532
10 31 0.05923186487369456
10 32 0.0025477348709821404
10 33 0.15037996847944715
10 34 0.030911432794506356
10 35 -0.02307749970598073
10 36 0.021727227168510752
10 37 0.08687430950341038
10 38 -0.20133352097470986
10 39 0.08730471424888961
11 11 0.0
11 12 -0.05563148254234799
11 13 0.03757926651996053
11 14 0.17542280079547284
11 15 -0.0508669751078761
11 16 0.06189972970786463
11 17 -0.1571201155434805
11 18 0.026933480699769308
11 19 0.07683023206285657
11 20 -0.16737934112993008
11 21 0.03746199428050118
11 22 -0.013228772352462665
11 23 -0.017852343347313032
11 24 0.047483247205691206
11 25 0.0759836674677429
11 26 0.0944619668548672
11 27 0.08400465747618992
11 28 0.1057159464265047
11 29 -0.06887722087451331
11 30 -0.08597773145960025
11 31 -0.031463274162404145
11 32 0.13506830934858122
11 33 -0.11229871657252
11 34 0.0654812679966422
11 35 0.08370735338425578
11 36 -0.07387771338587883
11 37 0.022986283406572376
11 38 0.07220884833630427
11 39 -0.08369202046923498
12 12 0.0
12 13 0.045178027919716125
12 14 -0.07725325978554484
12 15 -0.012026270634736085
12 16 -0.10506550748873952
12 17 0.12825784814089627
12 18 -0.06395847502440177
12 19 0.010278166347977291
12 20 0.03573190527199931
12 21 -0.019668152819461774
12 22 -0.02535876056522729
12 23 -0.04815296856280655
12 24 -0.0033069056861895693
12 25 -0.1361406884996164
12 26 -0.030054719809477343
12 27 -0.14216155760951601
12 28 0.09919381818580318
12 29 -0.09600219202973252
12 30 0.02522532552218642
12 31 -0.07018455552385654
12 32 -0.00005119007971354899
12 33 -0.06735969960612263
12 34 -0.04203737237627585
12 35 0.069005089758873
12 36 0.03185183109867352
12 37 0.10979387359687331
12 38 -0.04411297804271731
12 39 -0.14640847700959342
13 13 0.0
13 14 0.14610948766979714
13 15 -0.10838206924749619
13 16 -0.07918092962148618
13 17 -0.12693070498984915
13 18 0.05476884531166835
13 19 -0.04267996893386037
13 20 0.04453337111231949
13 21 0.11875042248109566
13 22 -0.09562544853486402
13 23 0.09611958376710565
13 24 0.09385240023645813
13 25 -0.12319028626332133
13 26 0.17398771297291815
13 27 0.2065932393121214
13 28 -0.03892991440711514
13 29 -0.05189816004163654
13 30 -0.058004562679945124
13 31 0.18024260397120534
13 32 -0.022632882127657905
13 33 -0.02744940984570033
13 34 -0.028991850284272563
13 35 0.20596810251701797
13 36 -0.0899417368491013
13 37 0.16158186814495828
13 38 -0.073764113577844
13 39 0.02035539474884044
14 14 0.0
14 15 -0.17579531458462438
14 16 0.2026510111490784
14 17 -0.07101127060910058
14 18 0.1267122089470183
14 19 -0.025306682968388106
14 20 0.0021103841485640086
14 21 0.11742465031824208
14 22 -0.173942556055586
14 23 0.14822036210668252
14 24 -0.3162522566060036
14 25 0.17369583930073676
14 26 0.2005879257490965
14 27 0.15973966332872863
14 28 -0.18981106224361194
14 29 -0.02920434701741368
14 30 -0.027390675196255914
14 31 0.08556791848166237
14 32 -0.017552457074611012
14 33 -0.004302795306125633
14 34 0.06612819758670387
14 35 0.14992800607600573
14 36 -0.116892990030947
14 37 0.028192017839392836
14 38 0.011468122351283305
14 39 -0.02286426542733213
15 15 0.0
15 16 -0.03660532590069473
15 17 -0.0956086429818008
15 18 0.04562161618553513
15 19 0.06797259468900092
15 20 0.004861249043436892
15 21 -0.10156881294926046
15 22 0.02120137414587047
15 23 -0.006576166706819014
15 24 -0.03959703946917242
15 25 -0.09878290553013157
15 26 -0.023874241551015384
15 27 -0.05560095293759356
15 28 0.20966677935108394
15 29 0.10489718164999336
15 30 -0.02927962470981339
15 31 0.098157115560428
15 32 0.0623299070133051
15 33 0.08867255412441091
15 34 0.07294441585403967
15 35 -0.11708635120295811
15 36 0.010393879274470549
15 37 0.0239638618213553
15 38 0.09594192620891566
15 39 0.07097457845225266
16 16 0.0
16 17 -0.2058331910351165
16 18 0.09771696499227041
16 19 0.04418114007534135
16 20 -0.10667744001169048
16 21 0.006783064926607604
16 22 -0.004977914017161531
16 23 0.10617807749418977
16 24 -0.14726177949788985
16 25 0.04973358428727741
16 26 -0.025353256975744705
16 27 0.09877888863713083
16 28 -0.15051587232304237
16 29 0.015576002464971487
16 30 -0.099422603946187
16 31 0.11926349950662193
16 32 0.084889619223859
16 33 0.14713740077150467
16 34 0.12374891299469319
16 35 0.19529261906863743
16 36 -0.010359996115265847
16 37 -0.32803017357796316
16 38 0.060820006197663715
16 39 0.11446087461416476
17 17 0.0
17 18 -0.1685405536503741
17 19 0.03638732757627668
17 20 0.09942721444501913
17 21 0.023546719046408832
17 22 0.05777059275625399
17 23 0.0005411255778706048
17 24 -0.22095331229859222
17 25 0.007895386968907738
17 26 -0.09632481063652387
17 27 -0.2268955853161858
17 28 -0.04476034362108475
17 29 -0.01783111785136416
17 30 0.18552102933761888
17 31 -0.14012805947201995
17 32 0.061724887781303514
17 33 -0.0917189916902647
17 34 -0.1390402216810684
17 35 -0.0747058814785769
17 36 0.07123694955136067
17 37 -0.00009270266015242357
17 38 0.024666397584371755
17 39 -0.1046496257069242
18 18 0.0
18 19 -0.04018623996256452
18 20 -0.14721517579424012
18 21 0.013212760306641208
18 22 -0.01867845014712462
18 23 0.09657217611044981
18 24 -0.03109897242892972
18 25 0.11685836618826839
18 26 0.2735763774854338
18 27 0.1302040142659931
18 28 -0.021696763745922314
18 29 0.06117292128743268
18 30 -0.10723227018288004
18 31 0.1358626064101513
18 32 -0.1081927359171724
18 33 0.1288652219640902
18 34 0.006461804705305607
18 35 -0.016717777091086093
18 36 -0.03222787903848281
18 37 0.06272734509800179
18 38 -0.07820854135534377
18 39 0.0925726816425241
19 19 0.0
19 20 -0.04910802096608372
19 21 0.13340061005894183
19 22 0.1186654934409587
19 23 -0.1283950432593927
19 24 0.042704203637314045
19 25 -0.02635628720661635
19 26 -0.01810447970660468
19 27 -0.042358762756688
19 28 0.07591569134800527
19 29 -0.0111021313466132
19 30 0.028389028849484483
19 31 0.06490309178059583
19 32 0.2165911166240527
19 33 -0.02902244338956301
19 34 0.017041031672357668
19 35 0.06200391308045412
19 36 -0.04816441596955057
19 37 -0.04212914272416933
19 38 -0.00932944057246259
19 39 -0.05862716801407173
20 20 0.0
20 21 -0.10172766726939594
20 22 -0.06609831924535078
20 23 -0.0757373697992461
20 24 -0.052954900893028525
20 25 0.03787921983173585
20 26 -0.14126798482036584
20 27 -0.12780351169252985
20 28 -0.0887555973091818
20 29 0.0655098307642579
20 30 0.14201295436425118
20 31 0.03345184336538716
20 32 -0.16065055134753572
20 33 -0.11020925326713435
20 34 -0.027278356307054618
20 35 -0.07788803586808704
20 36 -0.021171151095363286
20 37 0.01581761937110645
20 38 0.1484817073457137
20 39 -0.19190972455077576
21 21 0.0
21 22 0.07538150829101443
21 23 0.10595578887488122
21 24 -0.046167069952429
21 25 -0.11011392040570325
21 26 0.09824570054837614
21 27 0.05012816263504383
21 28 -0.06265680383408909
21 29 0.015060691110887096
21 30 0.08359536355661928
21 31 -0.03127082924730545
21 32 0.11394141744727308
21 33 0.009344820585160295
21 34 0.07577608808065868
21 35 -0.029917859963021643
21 36 -0.04324300642151842
21 37 0.1681430024273179
21 38 -0.28244510354031516
21 39 0.06980172397034637
22 22 0.0
22 23 -0.09061716933052455
22 24 0.10022700727720046
22 25 -0.01923620947785922
22 26 -0.025573316894547605
22 27 -0.057970683239419715
22 28 0.05496096300352331
22 29 -0.004297433237871061
22 30 0.021423010819982304
22 31 0.05513915270448057
22 32 0.0709275445193977
22 33 0.17855908905097517
22 34 -0.06841369419115337
22 35 -0.011639219769464223
22 36 0.08421057315342056
22 37 -0.12019692641037616
22 38 -0.06118331163600961
22 39 0.03179732985007439
23 23 0.0
23 24 -0.27816899585470367
23 25 -0.061594894811032655
23 26 0.11235620217891565
23 27 0.10418017718077666
23 28 -0.16363908571739866
23 29 0.1160643745902743
23 30 -0.026001958911637972
23 31 0.050022744543468764
23 32 -0.007900592018525795
23 33 0.013384401004722723
23 34 0.028654847342226
23 35 0.041135953839406096
23 36 0.05620289838899449
23 37 -0.11661328831818736
23 38 0.01589971131455115
23 39 0.23006717562206816
24 24 0.0
24 25 -0.08903261298060271
24 26 -0.061395261281475225
24 27 0.15048942939197446
24 28 0.19432912808004016
24 29 -0.05694267281183211
24 30 -0.06698635486969354
24 31 0.04456565798345093
24 32 0.0011122565375373686
24 33 -0.04983055287102785
24 34 -0.02525625309727638
24 35 -0.020506514445440542
24 36 -0.04232771094937915
24 37 0.10526951950308676
24 38 -0.048431732518723535
24 39 -0.010486613530639313
25 25 0.0
25 26 0.07449978065361326
25 27 0.021975839946297926
25 28 -0.1130487016163784
25 29 0.0914082534389106
25 30 0.026476311702929255
25 31 0.022113331230511603
25 32 -0.10473378491869259
25 33 -0.021487496359574018
25 34 0.0062757423834451515
25 35 -0.09879798127101934
25 36 -0.0479001038899824
25 37 -0.01807279684010159
25 38 0.11368796156272083
25 39 -0.08287585653570617
26 26 0.0
26 27 0.17025998658385783
26 28 -0.007439748255050066
26 29 -0.005280695059044861
26 30 -0.09084814481998456
26 31 0.14407851981373027
26 32 -0.05215224722335591
26 33 0.08998647066851165
26 34 -0.035102925308943586
26 35 0.05137311389228094
26 36 -0.05822516319698656
26 37 0.13962610688912483
26 38 -0.11089345041800532
26 39 0.07276033052641588
27 27 0.0
27 28 -0.001978265925887293
27 29 -0.007984633118173837
27 30 -0.10523449813030569
27 31 0.28168721043100764
27 32 0.03407918664215795
27 33 0.13151569899313345
27 34 0.03644949920200853
27 35 0.11425774683012846
27 36 -0.11645274265279897
27 37 -0.07195676863306166
27 38 0.01733427993153127
27 39 0.2969283210653738
28 28 0.0
28 29 -0.07370056142686945
28 30 -0.031225831101737305
28 31 -0.013526619682091897
28 32 0.0630809034600567
28 33 0.004760138605831083
28 34 0.012670421197227272
28 35 -0.08619824200677957
28 36 -0.023114428528531464
28 37 0.09117410051234118
28 38 0.00907309476688267
28 39 -0.032180915763070535
29 29 0.0
29 30 0.0600041435134271
29 31 0.08810037715257447
29 32 -0.036681805099720674
29 33 -0.057778150574521805
29 34 0.07951790644043717
29 35 -0.13293505679539663
29 36 -0.020768142790142954
29 37 -0.037287756207783275
29 38 0.09111358534407542
29 39 0.05314234211737736
30 30 0.0
30 31 -0.06328757722461836
30 32 -0.003001015380373919
30 33 -0.08887520884626324
30 34 -0.02520902378553831
30 35 -0.14507558809704368
30 36 -0.022231800672316192
30 37 0.0751929106376675
30 38 0.04360254333056697
30 39 -0.10196392054715331
31 31 0.0
31 32 0.05778416916057051
31 33 0.1507989188821244
31 34 -0.0062597774767429865
31 35 0.1892925125702402
31 36 -0.09333608623218928
31 37 -0.16359062103289845
31 38 0.11723850041582906
31 39 0.15131706914763282
32 32 0.0
32 33 -0.0717190952172698
32 34 0.0064709206660194165
32 35 0.1821727050928253
32 36 -0.04673408038126484
32 37 -0.12401857255793172
32 38 0.05944228548920152
32 39 0.04946239378184869
33 33 0.0
33 34 -0.021433250876736105
33 35 0.04693725639641951
33 36 0.07201040660142982
33 37 -0.1282674934763621
33 38 -0.14119897962548572
33 39 0.22600627170683768
34 34 0.0
34 35 -0.027435420738626492
34 36 -0.03836738223114945
34 37 0.000989173467657753
34 38 -0.02539772814518439
34 39 0.038753015495851764
35 35 0.0
35 36 -0.013980177317709975
35 37 -0.14641379639771301
35 38 0.015185099179193895
35 39 0.014444283571948682
36 36 0.0
36 37 -0.10295090076088391
36 38 -0.04742003786973069
36 39 0.04116736905524299
37 37 0.0
37 38 -0.2143399342801188
37 39 -0.22269345830805318
38 38 0.0
38 39 -0.07117706101081617
39 39 0.0
