0 0 0.0
0 1 0.12881004709400384
0 2 0.23201012862162035
0 3 -0.12661864476492007
0 4 0.25756759566160264
0 5 0.07172607533232458
0 6 0.26830938383208086
0 7 -0.016296041782511594
0 8 -0.10346919937401947
0 9 0.3313494337301014
0 10 0.2679521836967517
0 11 0.05207468961873266
0 12 -0.026196998886451207
0 13 0.0204732677115375
0 14 0.10891709739996783
0 15 0.0820245892151776
0 16 -0.1046620648610034
0 17 -0.11941249990858338
0 18 -0.3273161850125322
0 19 -0.07459027839133846
0 20 -0.10180236540260308
0 21 0.049806746385188824
0 22 0.010377637466028678
0 23 0.0323215586493409
0 24 0.15623791935682607
0 25 -0.08875814552786457
0 26 -0.01910296367935649
0 27 -0.08367493710998244
0 28 -0.13381030536558997
0 29 -0.08087870206978874
0 30 -0.18530610599303374
0 31 0.29103351543821093
0 32 0.17193999549420952
0 33 -0.050851350258177476
0 34 0.3077934123256654
0 35 0.19059504547511932
0 36 0.07393604592540955
0 37 0.1380912531491259
0 38 0.04487333366139877
0 39 0.2388420092811953
1 1 0.0
1 2 0.02533661451533144
1 3 -0.08208137389536857
1 4 -0.06537280640332757
1 5 0.17699787087139715
1 6 0.05012414605829012
1 7 0.042260988540253557
1 8 -0.11795028988998216
1 9 0.09959128260934105
1 10 0.08588700662899004
1 11 0.02104388430629169
1 12 0.019763828764248488
1 13 -0.04646269035217358
1 14 0.1001533168759956
1 15 0.1336981458414334
1 16 -0.1511355909264679
1 17 -0.02205690795345387
1 18 -0.063655634799833
1 19 0.017338588771388767
1 20 -0.061275640159623015
1 21 0.009902265880326236
1 22 0.1894533896667187
1 23 0.14000184889004133
1 24 -0.043729303656383514
1 25 -0.18825241506870277
1 26 -0.010700630370406153
1 27 -0.08662671170816319
1 28 -0.20019535925000378
1 29 -0.12447957578636382
1 30 0.09175368093504693
1 31 0.06202593037905624
1 32 -0.007609953757676336
1 33 0.0031290465581678218
1 34 -0.019002080916973828
1 35 0.15314098602372733
1 36 -0.048483213757208835
1 37 -0.04926789287423679
1 38 -0.12951141047073836
1 39 0.2061383894010683
2 2 0.0
2 3 -0.04273151883563016
2 4 0.026212828410047035
2 5 -0.17328207245136049
2 6 0.13720412471671745
2 7 0.13014887639565137
2 8 0.037946013473156216
2 9 0.27338281633005634
2 10 0.024924215650343064
2 11 0.04886134606354783
2 12 0.04400977517726062
2 13 0.047212239837466294
2 14 0.033350891297614385
2 15 -0.021636530518262528
2 16 -0.15436441963057074
2 17 -0.2882683036636199
2 18 -0.26420714768775977
2 19 0.043523036701720044
2 20 -0.1378851353839449
2 21 0.06976083137962576
2 22 0.24232376298342992
2 23 -0.06491873950002769
2 24 0.05894175117477137
2 25 -0.041902965344054126
2 26 -0.016007422201656754
2 27 -0.12278369010282993
2 28 0.11018547143608275
2 29 -0.077226705087565
2 30 -0.05122295396470659
2 31 -0.06274987385832714
2 32 0.10703969447544588
2 33 0.056733710215545595
2 34 0.15303566520530726
2 35 -0.11360737939207669
2 36 0.2082318532368567
2 37 -0.05765222236149573
2 38 0.0029280723163666767
2 39 -0.10420453506991859
3 3 0.0
3 4 0.0687460767774942
3 5 -0.14088262542022767
3 6 0.031456557612195235
3 7 -0.20690746893076412
3 8 -0.008977122632426589
3 9 -0.049786163444680426
3 10 -0.13256321508034935
3 11 0.08845284733027547
3 12 -0.0689425690705161
3 13 -0.06661035553156838
3 14 0.08424031753461408
3 15 0.10477537075578099
3 16 0.12066446003499309
3 17 0.012938015199785876
3 18 0.14314341222128207
3 19 0.020770987433133607
3 20 -0.1146372284399095
3 21 -0.12292737032321943
3 22 0.09758978787150788
3 23 -0.15390595453633413
3 24 0.01685964698939153
3 25 0.12574781301079702
3 26 0.11603537626450418
3 27 -0.19671692598782023
3 28 -0.007509233206284505
3 29 0.07115340429604348
3 30 -0.15599699296677183
3 31 0.026616298940630397
3 32 -0.012150222205994087
3 33 -0.03192928499867786
3 34 0.0018485748613826804
3 35 0.04559910505437158
3 36 0.012972269226489416
3 37 -0.029459087022794254
3 38 -0.06733305648649582
3 39 -0.19059908923688454
4 4 0.0
4 5 -0.015256053022163357
4 6 0.11706948782404032
4 7 -0.1734799153102832
4 8 -0.1440710227593171
4 9 0.11955249838449888
4 10 0.1385879694443976
4 11 -0.04565184464255578
4 12 -0.1960034986970835
4 13 0.08808503609939136
4 14 -0.007374332577572054
4 15 -0.012392316570997238
4 16 0.020181308015310002
4 17 0.15890472929592933
4 18 0.026503730474707853
4 19 -0.05999131248700471
4 20 0.0029384729122416127
4 21 -0.0659237598719358
4 22 -0.01943488695597082
4 23 0.007383437624516616
4 24 0.11172140729375073
4 25 -0.19230580226790822
4 26 0.26265907991333126
4 27 -0.13859467900303077
4 28 -0.09254269047121602
4 29 0.07037892588791107
4 30 -0.21063776973479192
4 31 0.22237368170022687
4 32 0.005706845252051993
4 33 -0.17678273377248216
4 34 0.06469114925886105
4 35 0.015674914463286498
4 36 0.17922968392980054
4 37 0.30017320249658824
4 38 0.1424122177111076
4 39 0.07258282458800001
5 5 0.0
5 6 0.005086458876818541
5 7 0.01916912887984797
5 8 -0.310307803020285
5 9 0.09415052058802946
5 10 0.11741379913086773
5 11 -0.14161292257023914
5 12 -0.2991646538428445
5 13 -0.05951456140178198
5 14 -0.03562258326200775
5 15 0.0625668630012797
5 16 -0.10995731821844316
5 17 0.042990452010691266
5 18 -0.01382400579946742
5 19 -0.08243851842519194
5 20 0.0842576208021308
5 21 0.2571055154410799
5 22 0.11314968711353239
5 23 -0.018643511660508323
5 24 -0.06855988680676608
5 25 -0.09279889037128539
5 26 -0.17363888571348082
5 27 -0.17388643377588267
5 28 -0.1931466546557133
5 29 -0.07309560287832026
5 30 0.06804518869776825
5 31 0.05518435508462484
5 32 -0.1447231446872959
5 33 0.019331242033245866
5 34 -0.05767209324460548
5 35 0.09583920310164114
5 36 0.2674552848468411
5 37 -0.10882034890289911
5 38 -0.03345959314642508
5 39 0.2386508380609981
6 6 0.0
6 7 -0.10045922843912329
6 8 0.16739179951963298
6 9 0.08467728604793631
6 10 0.289184872271826
6 11 0.007311175508675169
6 12 -0.07565152060615427
6 13 0.020874520642857712
6 14 0.1254936888159595
6 15 -0.07095619953933473
6 16 0.01090260478549172
6 17 -0.06285281834119123
6 18 -0.11628895129235131
6 19 -0.10917160838688664
6 20 -0.04677267697248762
6 21 0.032114109754396915
6 22 0.18912293005948558
6 23 -0.07729735702764123
6 24 -0.10417996741682241
6 25 -0.13298312587191483
6 26 -0.035337806460766064
6 27 -0.18328117889774095
6 28 -0.19922355110721904
6 29 0.054011502854966
6 30 0.04349035920746262
6 31 0.12519790174748208
6 32 -0.01855579101203586
6 33 0.10382542148572908
6 34 0.1310091892224598
6 35 0.1190778163706733
6 36 -0.014082702316243126
6 37 -0.03416629199668784
6 38 0.004036182343166987
6 39 -0.057675955173807615
7 7 0.0
7 8 0.1598625608674752
7 9 0.05032021325947365
7 10 -0.16932583922840533
7 11 -0.025458987901295575
7 12 0.03378956634323725
7 13 0.023498215165786096
7 14 -0.12323924600338154
7 15 -0.14521140970489715
7 16 -0.26054784682633386
7 17 -0.006374481634426913
7 18 -0.208055664408568
7 19 0.01200157974074095
7 20 -0.11308220807584106
7 21 -0.010367980660261797
7 22 -0.115657580380862
7 23 0.16814439081177812
7 24 -0.06828024006116985
7 25 -0.13130712971131814
7 26 -0.31358267468794293
7 27 0.07914560328574263
7 28 0.11811887599309223
7 29 -0.24018099843546392
7 30 0.09717869123843306
7 31 -0.010024780285041534
7 32 0.015170267357202935
7 33 0.0068651690481534595
7 34 -0.0999098432275495
7 35 -0.15581474157242794
7 36 -0.06322150945875604
7 37 -0.16817105999567394
7 38 0.01899445945015421
7 39 -0.030411301645051497
8 8 0.0
8 9 -0.24282977006555512
8 10 -0.056481596635810385
8 11 -0.07918578125417988
8 12 0.2427346993664942
8 13 0.01724124004062057
8 14 -0.05085805440148854
8 15 -0.13857952462374457
8 16 0.18311412724935447
8 17 -0.03250731865549529
8 18 0.024207151360160623
8 19 0.06922353202273053
8 20 -0.021849594938503296
8 21 0.023624624972742436
8 22 -0.15803250577710592
8 23 0.001755554621936518
8 24 -0.3110333328713323
8 25 0.027787311929257957
8 26 -0.1465442562537947
8 27 0.20513809133577837
8 28 0.23389456493167224
8 29 -0.04382496234612324
8 30 0.22889902477312404
8 31 -0.1424442034326038
8 32 -0.08950233096802077
8 33 0.07180866824789295
8 34 -0.09787320154944033
8 35 -0.07807145018611444
8 36 -0.2484192229352788
8 37 -0.07514310041292675
8 38 0.0038926439872028567
8 39 -0.1432503942723809
9 9 0.0
9 10 0.21376219727573678
9 11 0.07459698336666935
9 12 -0.18367979583814226
9 13 -0.03914829207457609
9 14 0.043227970138663654
9 15 -0.002924881377290806
9 16 -0.23095512927619904
9 17 -0.05388596953029569
9 18 -0.2036351500061834
9 19 -0.09200248711429257
9 20 -0.08383615336970404
9 21 0.010751843985543495
9 22 0.2298054850240218
9 23 -0.03226794896249838
9 24 0.2518998974057137
9 25 -0.16977573029802961
9 26 -0.03372311029283385
9 27 -0.17059285281915
9 28 -0.31418587303138884
9 29 -0.3306641792595767
9 30 -0.28528390006343474
9 31 0.050748726818651356
9 32 0.12684008521788465
9 33 0.020172348076690154
9 34 0.11035552344139428
9 35 -0.0514370589636343
9 36 0.1458960440079767
9 37 0.02129698300317994
9 38 0.11916751102441284
9 39 0.06447160749128845
10 10 0.0
10 11 -0.11827239348103351
10 12 -0.11896290180536237
10 13 0.010204452054031267
10 14 0.056741222110789455
10 15 -0.09173875966516447
10 16 0.015340325655027359
10 17 0.058950571418941
10 18 -0.057407219231239634
10 19 -0.0707554159395322
10 20 0.16201464643667887
10 21 0.15619346521448277
10 22 0.22018900667943514
10 23 0.0019373057068942001
10 24 -0.018769109384197905
10 25 -0.22358397590216458
10 26 -0.05842957146063068
10 27 -0.07562141092923796
10 28 -0.3559309129068101
10 29 -0.09213144309991791
10 30 -0.08146484106440595
10 31 0.08959900285410571
10 32 0.18608459205185274
10 33 0.08020005023806773
10 34 0.1426297980849744
10 35 0.07614668193549076
10 36 0.08156184371341975
10 37 0.12496382721010449
10 38 0.06199433345983374
10 39 0.04203838541550123
11 11 0.0
11 12 0.042109255824354215
11 13 0.07450840648101732
11 14 0.01579489023383342
11 15 -0.025561589674822083
11 16 -0.06201775778646126
11 17 -0.1311126357680253
11 18 -0.08006751121669042
11 19 -0.06244138549290884
11 20 -0.22529460686902364
11 21 -0.25531751520381685
11 22 -0.1200581438632948
11 23 0.15288051422762333
11 24 0.28236301216668946
11 25 0.11472459402199615
11 26 0.1532051298929054
11 27 -0.05554542491913639
11 28 -0.12201721498408125
11 29 -0.05064215047625427
11 30 -0.15400314049733405
11 31 0.06355327631648414
11 32 -0.051475142131825455
11 33 -0.00915424001678557
11 34 0.10679308882726632
11 35 -0.03282506277651849
11 36 -0.10365785235737265
11 37 -0.1637386213451888
11 38 -0.07613536137761796
11 39 -0.11206918896734293
12 12 0.0
12 13 0.09097703954567866
12 14 0.010283018173763937
12 15 0.07949139053440706
12 16 0.09818443424673338
12 17 -0.19653837041211417
12 18 -0.02875291500211179
12 19 0.21314390812750875
12 20 -0.09441806034288541
12 21 0.009972078691098727
12 22 -0.12629383588121237
12 23 0.05383484388755953
12 24 -0.04420984557592804
12 25 0.24009963183868374
12 26 -0.026099822541041356
12 27 0.2299976848544297
12 28 0.21296902492470018
12 29 0.08267732197563188
12 30 0.11534908849413734
12 31 -0.08588221886476574
12 32 0.11350952018443797
12 33 0.046478769387681876
12 34 0.07774737492152847
12 35 0.12354274243065047
12 36 -0.2923173008762533
12 37 -0.02232508507351049
12 38 -0.12830589398712974
12 39 0.014633780367571642
13 13 0.0
13 14 -0.16533847359568157
13 15 0.03122959542540772
13 16 0.014327517326250728
13 17 -0.018793407886692426
13 18 0.037905042007092986
13 19 0.11748487468806199
13 20 -0.0705687736742202
13 21 -0.12078705977025281
13 22 -0.028203240064065827
13 23 0.11880664130387612
13 24 -0.03535039442570816
13 25 -0.029241073323104716
13 26 0.105572712286615
13 27 -0.03875002608940634
13 28 0.0740993723103667
13 29 0.12748874358811252
13 30 0.004435772559012986
13 31 -0.13551229883503474
13 32 -0.032127300274560025
13 33 -0.10278319437251168
13 34 0.13849166773744936
13 35 -0.018406210340194195
13 36 0.005869251684209217
13 37 0.1411171200635023
13 38 -0.009547459717737267
13 39 0.013052224070591973
14 14 0.0
14 15 0.06577496163728297
14 16 -0.09872140195722995
14 17 -0.11605031698415806
14 18 -0.024039641502885935
14 19 -0.032767764931891694
14 20 0.020002698483910394
14 21 0.054928582352790634
14 22 0.12080447728056469
14 23 -0.09604362471933302
14 24 -0.03477174257664715
14 25 0.0413642458478954
14 26 -0.055426760508605497
14 27 -0.04273539820716531
14 28 -0.09036834401160028
14 29 0.10200247516229836
14 30 -0.08558986090182463
14 31 0.06697081620390499
14 32 0.06012175405934801
14 33 0.03761389329801495
14 34 0.0024482899981205343
14 35 0.1425149037326135
14 36 0.030722781030184644
14 37 0.10208115863392744
14 38 -0.12508719764490317
14 39 -0.02226205579881074
15 15 0.0
15 16 -0.012622474913362552
15 17 -0.06110147763485722
15 18 -0.04076564282596277
15 19 0.04863386881220884
15 20 -0.0778790787146302
15 21 -0.02498280012104282
15 22 0.07038451905902998
15 23 -0.035566462091871726
15 24 0.0005916219512131904
15 25 0.1793646335940686
15 26 0.048857067677907276
15 27 -0.014511870867250715
15 28 0.03386361556327699
15 29 0.15589690886997506
15 30 -0.10726057045527186
15 31 -0.04126925858442451
15 32 0.09921210734952607
15 33 -0.09919990239608603
15 34 0.1317361032855171
15 35 0.1847114921235568
15 36 -0.049390106258022655
15 37 0.1026554674869907
15 38 -0.14070807029977866
15 39 0.17775264044968095
16 16 0.0
16 17 0.07675142854385769
16 18 0.11649015229136248
16 19 0.010263273927388369
16 20 0.122686013955141
16 21 0.034241901701376254
16 22 -0.1216267485226539
16 23 -0.0640049060178152
16 24 -0.18261424304646778
16 25 0.1371608322159661
16 26 0.047568881583180955
16 27 0.10890799572496487
16 28 0.09440658625126977
16 29 -0.0038491665044353128
16 30 0.202962529425115
16 31 0.04394467055791716
16 32 -0.1114481260597467
16 33 0.014192083815657716
16 34 0.06768021409919606
16 35 0.0007812181236188822
16 36 -0.08023850243004492
16 37 0.006207356187780898
16 38 0.03752508685237525
16 39 0.031047909667257474
17 17 0.0
17 18 0.10641277031850367
17 19 -0.05910392424644918
17 20 0.1931431995825131
17 21 -0.18684619914689743
17 22 -0.04595868642194752
17 23 0.10522440623773241
17 24 -0.005327210561600061
17 25 -0.11803693385600696
17 26 0.032830419683138615
17 27 -0.007650070331409434
17 28 -0.15797737363689995
17 29 -0.09863070023344686
17 30 0.11163224885790965
17 31 -0.024921176078779004
17 32 -0.13621650701286594
17 33 -0.06858916244546573
17 34 -0.13609225643296952
17 35 -0.08151967733756743
17 36 -0.09679217980386226
17 37 0.12197441913033509
17 38 0.08663966639953721
17 39 0.11202102433931875
18 18 0.0
18 19 0.07782150068582486
18 20 0.10138742824165634
18 21 -0.05686187316298451
18 22 -0.040335961550516636
18 23 -0.08520512232328216
18 24 -0.08749282559241116
18 25 -0.0616080292161422
18 26 0.15937830801050712
18 27 -0.00021828653174453603
18 28 0.07494372110622777
18 29 0.12614134417827477
18 30 0.021675326281494982
18 31 -0.22360227642120134
18 32 -0.142982907503389
18 33 -0.107410991524274
18 34 -0.2310342372704063
18 35 -0.0420310741528004
18 36 0.03894091756579843
18 37 0.11140192339858432
18 38 0.01705668526179995
18 39 -0.15206322182784107
19 19 0.0
19 20 -0.07787357410488174
19 21 0.06189988758863888
19 22 0.03099760286388909
19 23 0.05696474692404589
19 24 0.0019079609492866061
19 25 0.14118240160104828
19 26 -0.00556105205107178
19 27 -0.04253898287403401
19 28 0.1983562650107284
19 29 0.10736938002440213
19 30 0.02550475778181182
19 31 -0.15174521750587083
19 32 -0.004297919404566431
19 33 0.14698051022238365
19 34 -0.06870864469373532
19 35 0.10536442933483425
19 36 -0.06630120749111271
19 37 -0.0042831351297504235
19 38 -0.09579986198693595
19 39 -0.009821282431299497
20 20 0.0
20 21 0.014524929388654994
20 22 0.05441967816306893
20 23 -0.035561686766450475
20 24 -0.1511815357056367
20 25 -0.012822747105069351
20 26 -0.10859246867382263
20 27 0.08386640518365278
20 28 0.03480968199959951
20 29 0.0858281921342818
20 30 0.21345792609048225
20 31 -0.10345686545742967
20 32 -0.06966452712540863
20 33 -0.004058489846022907
20 34 -0.019941005829416047
20 35 -0.09680643173804501
20 36 0.1108808547106048
20 37 0.14005458928809458
20 38 0.04987599983865722
20 39 0.05745377512083429
21 21 0.0
21 22 0.07064500458583661
21 23 -0.1387027501001057
21 24 -0.2307999359127894
21 25 -0.07344176710804398
21 26 -0.16188773473527895
21 27 0.06553016526800182
21 28 -0.06039172545006031
21 29 -0.1881836089378113
21 30 0.006953575458215636
21 31 0.05768303368554721
21 32 0.09839944163862575
21 33 0.11903707381462639
21 34 -0.08299783378950708
21 35 0.07194241895115891
21 36 0.2011631862018775
21 37 -0.03318365721155873
21 38 -0.03951528239555136
21 39 0.0510341928771391
22 22 0.0
22 23 -0.16138182796510533
22 24 0.005294955809826479
22 25 -0.022429131801318544
22 26 -0.062084266056305994
22 27 -0.3100374677319177
22 28 -0.22965560833229565
22 29 0.009745147798151476
22 30 0.040898270834792166
22 31 -0.15206501970547534
22 32 0.10945308833777248
22 33 0.07897542266004612
22 34 0.09456066932222963
22 35 0.03597319183412307
22 36 0.19941763715929745
22 37 -0.06604514308808578
22 38 -0.1301066992284004
22 39 -0.09060039428455566
23 23 0.0
23 24 0.037565608249856816
23 25 -0.06396647796736601
23 26 0.022929645053941343
23 27 0.0751943646197182
23 28 -0.03464629194479323
23 29 -0.014471288037754682
23 30 -0.028286361037910802
23 31 0.0859687052514494
23 32 -0.06057188890560877
23 33 0.026650733349272232
23 34 -0.02985862407062989
23 35 -0.03168745957178807
23 36 -0.15627692459989384
23 37 0.035773702479751354
23 38 -0.0003456439022310989
23 39 0.13081423121764768
24 24 0.0
24 25 0.14219855757777636
24 26 0.2426302212743036
24 27 -0.1230423587103032
24 28 -0.1505355342127939
24 29 0.045114317667950196
24 30 -0.2847660878966029
24 31 0.16146730538910875
24 32 0.20596721796752476
24 33 0.000031903022341534705
24 34 0.11541744968624223
24 35 0.0706571592428042
24 36 -0.07036183713979084
24 37 -0.13330025973592177
24 38 0.05715903106537854
24 39 -0.04509335789354905
25 25 0.0
25 26 -0.07968958502753495
25 27 0.07647716766316
25 28 0.1971774332831439
25 29 0.2711484647101796
25 30 0.05299557469434539
25 31 -0.11957544513046703
25 32 0.056780873725428595
25 33 0.03281943576166343
25 34 0.1592291181348095
25 35 0.11768228377581649
25 36 -0.17207285698650668
25 37 -0.13544317095317382
25 38 -0.23351816863995264
25 39 -0.010809624895143009
26 26 0.0
26 27 -0.05313380022239865
26 28 -0.026327260555377967
26 29 0.17759027115091666
26 30 -0.19426321484907164
26 31 0.09856517671687473
26 32 0.002455865598517075
26 33 -0.14146866124232188
26 34 -0.008405622966320931
26 35 0.01569950874699691
26 36 0.014040774382099075
26 37 0.13755216879844934
26 38 0.08201523763285352
26 39 -0.03443888701136959
27 27 0.0
27 28 0.1304287356245056
27 29 -0.06336235695818301
27 30 0.04827921959706517
27 31 -0.05338224666596325
27 32 0.07112496163425047
27 33 -0.08535649564446443
27 34 -0.05984307367022366
27 35 -0.06992831544083364
27 36 -0.21538644132830426
27 37 0.10322264626723669
27 38 0.026636479493153304
27 39 0.08187232866753898
28 28 0.0
28 29 0.3475558679979189
28 30 0.1981071342433779
28 31 -0.2151358832895705
28 32 -0.138387984170181
28 33 -0.0019013275250268872
28 34 -0.04559976477334992
28 35 -0.0892709049505761
28 36 0.060760323563332774
28 37 0.014146823027545458
28 38 0.015367274782840853
28 39 -0.061125671432818066
29 29 0.0
29 30 -0.020474894127596777
29 31 -0.033286574689687314
29 32 0.030560674336185267
29 33 -0.014209798265203457
29 34 0.09911182223415554
29 35 0.17495528520804035
29 36 0.0007390496622176445
29 37 0.16143730221529737
29 38 -0.10579201152709386
29 39 -0.06391474853362235
30 30 0.0
30 31 -0.135695675507327
30 32 -0.2884794803424687
30 33 0.09327631316316957
30 34 -0.01226338373331069
30 35 -0.03470436945451831
30 36 -0.04597365479473388
30 37 -0.22370348856919714
30 38 -0.06942275304960151
30 39 0.07636160279808882
31 31 0.0
31 32 0.1185415515349856
31 33 0.09335071793584745
31 34 0.1412654061502866
31 35 0.2104115249595297
31 36 -0.07076971830837135
31 37 -0.037502154111223984
31 38 0.1390571895845664
31 39 0.1718530770234022
32 32 0.0
32 33 -0.08010823986490472
32 34 0.2217991806631625
32 35 0.14152450277772036
32 36 -0.05582440246505534
32 37 0.05794541373173092
32 38 -0.06618725453986711
32 39 -0.07663931871150224
33 33 0.0
33 34 -0.06558207135638104
33 35 0.0766915847402574
33 36 -0.12253223771488639
33 37 -0.24732398052260157
33 38 0.05842442426000688
33 39 -0.005784134711562062
34 34 0.0
34 35 0.12666348196999572
34 36 0.014007097785279702
34 37 0.02618746428800937
34 38 -0.05611579973761256
34 39 0.08024994554894375
35 35 0.0
35 36 -0.15525551573869695
35 37 -0.0014115168776610018
35 38 -0.12118635107649856
35 39 0.15193033844855564
36 36 0.0
36 37 0.10636854162240524
36 38 0.02073340711327653
36 39 -0.07762413540401364
37 37 0.0
37 38 0.052703128437192034
37 39 0.13412098423024396
38 38 0.0
38 39 0.03342025528534953
39 39 0.0
