0 0 0.0
0 1 -0.020545540015280174
0 2 -0.0038218970766438023
0 3 0.11300513817273469
0 4 -0.01851961607784844
0 5 0.008704751033279562
0 6 0.02609776377781104
0 7 0.028875153106982084
0 8 0.045679362727944164
0 9 0.056913026064860775
0 10 -0.064325272607997
0 11 -0.09424941584862143
0 12 -0.07563909586175505
0 13 0.14532142922520114
0 14 -0.018924975977372572
0 15 0.007536975323823946
0 16 -0.11782511385363639
0 17 0.0018861170249867593
0 18 0.07119626582881425
0 19 -0.07144183429115804
0 20 0.056672355012942835
0 21 -0.17671180809120898
0 22 0.016712093459277405
0 23 -0.03493960287202052
0 24 0.03319594932098857
0 25 -0.0473994308713013
0 26 -0.028816558099911533
0 27 0.02168740132734297
0 28 0.005149700535179743
0 29 0.005161422336258508
0 30 0.055792038188245505
0 31 0.032788751104351616
0 32 -0.04171057804820204
0 33 0.057707059815363934
0 34 0.13459394005662287
0 35 -0.05871849926568765
0 36 -0.05441740370834638
0 37 -0.07579667916343917
0 38 0.03248800188874351
0 39 -0.050251904457092655
1 1 0.0
1 2 -0.11479642564243753
1 3 0.04934214198148203
1 4 0.06411611229271266
1 5 -0.18589647431980555
1 6 0.020993354433286433
1 7 0.1898289958001334
1 8 0.11509344643588522
1 9 0.06571302195162446
1 10 0.21172451052406888
1 11 -0.1732897036692163
1 12 0.01077122560100625
1 13 -0.3497096180333318
1 14 -0.12313600774960928
1 15 0.014795924072524799
1 16 -0.04198610367400148
1 17 -0.12128310231889079
1 18 -0.12608195721186738
1 19 0.18051742061041984
1 20 0.03899601666712825
1 21 0.024124222928960347
1 22 0.2411649289840371
1 23 0.053504294658544324
1 24 0.14962537368996484
1 25 -0.03168862836422241
1 26 0.051437230209065946
1 27 -0.1303017241306222
1 28 -0.17268228053789667
1 29 -0.17013476759178522
1 30 -0.23784007555978715
1 31 0.09171429722026672
1 32 0.06079491267896594
1 33 -0.0932359404135964
1 34 -0.13219865394936217
1 35 0.07782504037155272
1 36 -0.04096825380907421
1 37 0.14848358386163224
1 38 -0.16018872323689903
1 39 0.02998322725284615
2 2 0.0
2 3 -0.006011059332262255
2 4 -0.11856568690911318
2 5 0.11265528863494925
2 6 0.062173804776232224
2 7 -0.01689187425266215
2 8 -0.07989902803203276
2 9 -0.08111847297242078
2 10 -0.13102711837731917
2 11 -0.06792249744951045
2 12 -0.11571300357266112
2 13 0.08247928031941719
2 14 -0.006991941155149553
2 15 -0.07041228907733696
2 16 -0.0997524756559684
2 17 0.14374222480084528
2 18 -0.03921636402056111
2 19 -0.4657054737370804
2 20 0.02232702589286091
2 21 -0.01784590286592063
2 22 -0.0018195980094866527
2 23 -0.04997532971500002
2 24 0.0806296652687829
2 25 0.18822503807448404
2 26 0.05875838140123903
2 27 0.03389148381057569
2 28 0.09848332937887615
2 29 0.168003295271633
2 30 -0.0017138163355316285
2 31 0.0029393656864426013
2 32 -0.12381843797368106
2 33 0.04332309735852267
2 34 0.19872776957346056
2 35 -0.2573266848074437
2 36 0.03490514446630209
2 37 -0.12988545289763961
2 38 0.039973976304987544
2 39 -0.038530938728171274
3 3 0.0
3 4 0.004320654448770759
3 5 -0.02132446592565651
3 6 -0.06379281018682309
3 7 0.0928636071249933
3 8 -0.14831361091213804
3 9 -0.014723653392669695
3 10 -0.0968974037204528
3 11 -0.14556879807637294
3 12 -0.04141654399235477
3 13 0.05535424077095519
3 14 -0.07115125651744988
3 15 -0.13066300584946688
3 16 0.13269670445579515
3 17 0.019756440641609176
3 18 -0.021290552473048837
3 19 -0.05228935227354985
3 20 0.17080257859716497
3 21 0.05186677161779538
3 22 0.023917886184735768
3 23 -0.03948719557856842
3 24 -0.06960355883028004
3 25 -0.010682781933854095
3 26 -0.06318196736549567
3 27 0.040975968462772225
3 28 0.0702307481909513
3 29 -0.04517655409696855
3 30 0.06606041179926023
3 31 0.09294862928258986
3 32 -0.2248960217942762
3 33 0.15845956082096302
3 34 -0.08855377068775301
3 35 -0.0939991807589051
3 36 0.02136086497858566
3 37 -0.00856549829979617
3 38 0.08198755093532521
3 39 -0.17345629231625231
4 4 0.0
4 5 -0.07359382670494231
4 6 -0.057133344296654766
4 7 0.007702841543627352
4 8 -0.009224804767253762
4 9 0.04733103044162929
4 10 -0.003009253350648191
4 11 0.05033667554026544
4 12 0.0007318793938861898
4 13 -0.058468873911723854
4 14 0.05810346936135713
4 15 0.028932448026270728
4 16 -0.038846044659673805
4 17 -0.04237946291149004
4 18 0.05973001356584826
4 19 0.07476434449942994
4 20 0.014339138084881575
4 21 0.0294284061162516
4 22 -0.027395480502273785
4 23 0.022658326131845354
4 24 0.026190317561337086
4 25 0.033566761276859605
4 26 -0.049480237254086304
4 27 0.028109986759791223
4 28 -0.05898017664217736
4 29 -0.1335522877016548
4 30 0.059867953088854384
4 31 -0.09564940472512688
4 32 0.14769455485804775
4 33 0.06435707868735466
4 34 -0.026590527604526765
4 35 0.10180171828381335
4 36 -0.03481679876546448
4 37 -0.05612545661108718
4 38 0.008419652469923291
4 39 0.006462733807324997
5 5 0.0
5 6 -0.013493448788810031
5 7 -0.13898031861275964
5 8 0.03729884765132513
5 9 0.03974048591511344
5 10 -0.06391988093059227
5 11 0.018567355235920797
5 12 0.08524101607655013
5 13 0.2166062751196937
5 14 0.037986342095929757
5 15 -0.03455007734186545
5 16 -0.06229310203615045
5 17 0.07907802565237118
5 18 0.07924550995820263
5 19 -0.09869017329415601
5 20 0.0018352037765578693
5 21 -0.04807425537076436
5 22 -0.10721821223459746
5 23 0.04589254940555117
5 24 -0.08319906926157333
5 25 0.0971757459080498
5 26 0.05046573619984486
5 27 -0.12276864319026866
5 28 0.1121419784086348
5 29 0.02367416718024432
5 30 0.05682302169235074
5 31 0.0020499192398400804
5 32 -0.10610246412653782
5 33 0.01108848921768314
5 34 -0.05239242763426213
5 35 -0.11704450860823498
5 36 -0.11951208623420007
5 37 -0.10499632706031012
5 38 0.1026476479412817
5 39 0.04576899487994614
6 6 0.0
6 7 -0.10917831495978832
6 8 0.08267532475066766
6 9 -0.07575500151007647
6 10 0.07044915641830421
6 11 0.1195347936143554
6 12 -0.07864457594052315
6 13 -0.12276305809938434
6 14 0.09188816529477335
6 15 0.00214201402919872
6 16 -0.1188366171811445
6 17 0.11855808649788599
6 18 -0.046333588822248764
6 19 0.018690539563946153
6 20 -0.15975468001326953
6 21 -0.07026846739761165
6 22 -0.07037821206619482
6 23 -0.0694127392993339
6 24 0.020262128862615414
6 25 -0.020933959520577704
6 26 0.03495012599890983
6 27 0.14895355755589212
6 28 -0.06745227609950727
6 29 0.09320182272074672
6 30 -0.042511961726824345
6 31 -0.03222556582395235
6 32 0.0644781217686675
6 33 -0.11468196920685589
6 34 0.135328828357116
6 35 0.16223404237832179
6 36 0.08916088465057478
6 37 0.10616948174229872
6 38 -0.026986521508457893
6 39 0.04209681213926302
7 7 0.0
7 8 -0.007210414151193595
7 9 -0.0019528232715471795
7 10 0.06516992149707082
7 11 -0.2712210462676113
7 12 -0.05903975057228158
7 13 0.05668348550227011
7 14 -0.13073785073607608
7 15 -0.150290796237183
7 16 0.12229915463954129
7 17 0.07924770546527385
7 18 -0.12749989601808717
7 19 0.04946746466896212
7 20 0.07275894726445221
7 21 0.08468287546972136
7 22 0.25891569976911133
7 23 -0.1653907597805528
7 24 0.0332663194732053
7 25 -0.01262031927841987
7 26 -0.07419210174265331
7 27 -0.06082704548292359
7 28 -0.003348100702931976
7 29 0.004694620106829912
7 30 -0.12824410431403793
7 31 0.079448762668066
7 32 0.01140423985698544
7 33 0.14733978361992248
7 34 -0.014682624079858273
7 35 -0.03811929913654663
7 36 -0.014211111157619952
7 37 0.027916653471602604
7 38 -0.024112417505664833
7 39 -0.0653490340106064
8 8 0.0
8 9 0.11055811364935486
8 10 0.1272888094092513
8 11 -0.046662189617045026
8 12 -0.032382173168489285
8 13 -0.02058010553254043
8 14 -0.010134668324433157
8 15 0.074090464918626
8 16 -0.2989366747684624
8 17 -0.04653341751330385
8 18 0.037480427858827325
8 19 0.15338378499052727
8 20 -0.15374458067132526
8 21 0.051264004464005516
8 22 0.05143008528954697
8 23 0.05466092060017871
8 24 0.005828663083413956
8 25 0.03490447433169724
8 26 0.08621564550923431
8 27 -0.26582617268825504
8 28 -0.09475238963710292
8 29 0.06785299712744552
8 30 -0.06863967469193141
8 31 -0.013420710637137966
8 32 0.10905804304832108
8 33 -0.11209966762681514
8 34 -0.08074704809652046
8 35 0.19219948244767165
8 36 -0.13606389666856938
8 37 0.07943906716044581
8 38 -0.08604707688384863
8 39 0.05548482740109003
9 9 0.0
9 10 0.05445664761385225
9 11 -0.2028561157151086
9 12 0.08567797533715162
9 13 -0.007909342180870296
9 14 -0.0982606154499587
9 15 0.08375768894928011
9 16 -0.011891585355206775
9 17 -0.042981408450424086
9 18 0.023500481856546906
9 19 0.053012067342365035
9 20 0.09064889556391419
9 21 0.0561390389026018
9 22 0.10798357234555375
9 23 0.21855150381779892
9 24 0.061360411659858574
9 25 0.19735259262263205
9 26 0.1135403586394615
9 27 -0.2154023889568532
9 28 -0.07471677753623014
9 29 0.11143805273431542
9 30 -0.09602441896952993
9 31 0.07386167295043651
9 32 0.10000365230158367
9 33 0.0506014873831782
9 34 0.01625194776352458
9 35 0.1368668948148554
9 36 -0.053485817014174555
9 37 -0.18911946841883007
9 38 0.04127311087461114
9 39 0.0636735569191266
10 10 0.0
10 11 -0.017575946829029673
10 12 0.0988141742071605
10 13 -0.22423871315650906
10 14 -0.07554975709875292
10 15 0.11314830530537703
10 16 -0.0852572521060109
10 17 -0.03447579832385983
10 18 -0.026647104150640494
10 19 0.1543312993535229
10 20 -0.06720882778780217
10 21 -0.009802508464884726
10 22 0.14797174157989584
10 23 0.07522656428323737
10 24 -0.0033792948818930114
10 25 -0.07822918935494992
10 26 -0.05097436472381998
10 27 -0.052165790035821745
10 28 -0.13837312022020515
10 29 -0.046824101571316334
10 30 -0.22272176924954068
10 31 -0.05601408167898203
10 32 0.08830083505701561
10 33 -0.1893561622450096
10 34 -0.10740136923705557
10 35 0.10764923111800702
10 36 0.0112223753853165
10 37 0.21374960508295332
10 38 -0.14595828823537962
10 39 -0.016018450005712302
11 11 0.0
11 12 -0.0008642222308847371
11 13 -0.04678212846289357
11 14 0.09454402974087142
11 15 0.053753054025156254
11 16 -0.09609246836647198
11 17 0.07822528633781756
11 18 0.013661809384343245
11 19 -0.03175908997923223
11 20 -0.16266416450840418
11 21 -0.11279322983269695
11 22 -0.39737082600765616
11 23 -0.06341908700866582
11 24 -0.06761182391746702
11 25 -0.13745506953004652
11 26 -0.13040810186780122
11 27 0.19444100932282218
11 28 0.04114864893780261
11 29 -0.07764392246445163
11 30 0.14262552954918356
11 31 -0.2671200689289105
11 32 0.06183203657881373
11 33 -0.09395058491964993
11 34 0.07893316762298298
11 35 -0.0012406312524778649
11 36 -0.01316184808893009
11 37 0.11823768335501077
11 38 -0.059146412078751175
11 39 0.1276110216293282
12 12 0.0
12 13 -0.034217296815949025
12 14 0.00894640175764633
12 15 0.0763015092486821
12 16 0.025309489298687437
12 17 0.014620570672686567
12 18 0.03501617971969835
12 19 -0.028776716627024034
12 20 0.0651469344254402
12 21 -0.009282936374530011
12 22 0.02368334489306925
12 23 0.2142133705845318
12 24 -0.020018133793522148
12 25 0.004363328107322888
12 26 -0.002676260879772816
12 27 -0.07306489913259392
12 28 -0.0010906777941555236
12 29 -0.06395684353860218
12 30 -0.2057000268892589
12 31 0.03195380871193245
12 32 0.03093527303637849
12 33 -0.13514223258297084
12 34 -0.19621452529399827
12 35 -0.005218620824084795
12 36 -0.03473310723814397
12 37 0.04910014899893848
12 38 0.01966497735990852
12 39 0.03896763204499892
13 13 0.0
13 14 0.04101019734641977
13 15 -0.0831655627131769
13 16 -0.09354041668170394
13 17 0.20567518644009258
13 18 0.1699798560078521
13 19 -0.0762867132859016
13 20 0.024283453828935212
13 21 -0.006702131955642976
13 22 -0.09771316258002355
13 23 -0.11721701342269715
13 24 -0.09598253924515657
13 25 0.10263126407534022
13 26 -0.008744118243513843
13 27 -0.08499395954494779
13 28 0.21062682901292779
13 29 0.1900840155575838
13 30 0.24086775310852224
13 31 -0.09100294573523568
13 32 -0.11769574101408471
13 33 0.2894676654593155
13 34 0.06217964125142246
13 35 -0.04632674264505449
13 36 -0.08116764009677496
13 37 -0.24705186761931114
13 38 0.2523835352923282
13 39 0.024810400410763746
14 14 0.0
14 15 0.0738398635790848
14 16 -0.08966552111325185
14 17 -0.04380758667953029
14 18 0.12776439551084268
14 19 -0.062083396297330895
14 20 -0.0960103506925304
14 21 0.05218711958991558
14 22 -0.05698428169702646
14 23 -0.007068426389080944
14 24 -0.0611742491856768
14 25 0.07369313491163096
14 26 -0.044835008229183904
14 27 0.16989834014052882
14 28 -0.03706585711570961
14 29 -0.08484596799170273
14 30 0.1040896888874252
14 31 -0.03984716098228532
14 32 0.18570042961814087
14 33 -0.04773175204371609
14 34 -0.08579492266014507
14 35 0.12598462577454403
14 36 -0.010493563017810442
14 37 0.040999055602080565
14 38 0.12170928856702032
14 39 0.02208654979585902
15 15 0.0
15 16 -0.1950039128594541
15 17 -0.1285551671357979
15 18 0.1434244101412488
15 19 0.08428494614274447
15 20 -0.06530763947995809
15 21 0.029194840744392426
15 22 0.04174140408366305
15 23 0.13559767670506914
15 24 0.01617378170452189
15 25 0.04817092766075912
15 26 -0.020003824758881843
15 27 0.008924867237874671
15 28 -0.12054825291594826
15 29 0.004931243544714098
15 30 -0.00436354270902631
15 31 -0.13360411350764306
15 32 0.12497352917585938
15 33 -0.11613543252736984
15 34 -0.08631809894392818
15 35 0.14174431875270316
15 36 0.003925296217473427
15 37 0.11597611280394068
15 38 0.00936822704915312
15 39 0.10016052227199865
16 16 0.0
16 17 -0.08990849460375536
16 18 -0.2811354571148893
16 19 0.09337141763266268
16 20 0.1684828523838964
16 21 0.086313548300735
16 22 -0.010416031042420984
16 23 -0.10976583811954436
16 24 -0.05496135537057393
16 25 -0.12839772721180842
16 26 -0.009478838586755392
16 27 0.1382092700366447
16 28 0.08855874886813046
16 29 -0.06522821095952218
16 30 -0.011706328437205767
16 31 0.3286364629227056
16 32 -0.15550420119048602
16 33 0.05404420759452686
16 34 0.0253484025552607
16 35 -0.2474452827596812
16 36 0.10705668181962218
16 37 0.02039097779043548
16 38 -0.03438669534997109
16 39 -0.02252266151290313
17 17 0.0
17 18 -0.013898557085584781
17 19 -0.15648025815133654
17 20 -0.004995047197291561
17 21 -0.044370949245474446
17 22 -0.11759914579341971
17 23 -0.06233343512121799
17 24 0.00468313881764135
17 25 0.04817670797938913
17 26 -0.025456020994302477
17 27 0.002184688773777021
17 28 0.12836923473827475
17 29 0.1804316651679035
17 30 -0.051558284484264125
17 31 -0.13061824551758172
17 32 -0.05938033785189911
17 33 0.12266452932441715
17 34 0.12880707772279962
17 35 -0.009186932075332815
17 36 0.02635859932263126
17 37 -0.10532063065235867
17 38 0.07791507955939606
17 39 0.014440122331038063
18 18 0.0
18 19 0.015873638176507675
18 20 -0.03401455320960104
18 21 -0.04006262934903008
18 22 0.002931437552578785
18 23 0.07867215660922486
18 24 -0.053476635445188755
18 25 0.0657344732988433
18 26 -0.03940397139193861
18 27 0.01183287721644825
18 28 -0.019301346119694977
18 29 -0.012771900298834248
18 30 0.14632817373129733
18 31 -0.20205492363542646
18 32 0.07930401552788216
18 33 0.046990554723717694
18 34 -0.05236977071533845
18 35 0.1472375907151529
18 36 -0.014533522920442656
18 37 -0.09896767765775741
18 38 0.12259402386870084
18 39 -0.06373296401649683
19 19 0.0
19 20 -0.0910685945216965
19 21 0.06099738175443542
19 22 0.05209162017323178
19 23 -0.10971101396657204
19 24 0.012477554291433799
19 25 -0.15169590852535356
19 26 0.09495342101713646
19 27 -0.14822509752525215
19 28 -0.1064179065749092
19 29 -0.08445473951642125
19 30 0.1473155633802859
19 31 -0.05493331901760331
19 32 0.019870333144732622
19 33 0.08308720814038986
19 34 -0.0953343282697395
19 35 0.29522503475180717
19 36 -0.005679448622573767
19 37 0.07302924507941383
19 38 -0.05602265569088177
19 39 0.18393985867951582
20 20 0.0
20 21 -0.013154588584966157
20 22 0.05467559621992618
20 23 0.07400441678101759
20 24 0.045374759237136346
20 25 0.027330497983464257
20 26 0.016082660321639283
20 27 -0.03800565268374685
20 28 0.056811415388642095
20 29 -0.04677101565065196
20 30 -0.04969593078113417
20 31 0.11775041282730356
20 32 -0.12255287232639758
20 33 0.09547315406849981
20 34 -0.019327859447049577
20 35 -0.1566719892860824
20 36 -0.0015200872759888648
20 37 -0.1191722259787884
20 38 0.04147131564834474
20 39 -0.05144969046687864
21 21 0.0
21 22 0.05364211691166426
21 23 0.010274517277455495
21 24 -0.11433738094425952
21 25 0.17827674089934933
21 26 -0.017702297010275696
21 27 -0.09053559582611492
21 28 -0.0116495781823255
21 29 0.0986381883826585
21 30 0.02219231873164542
21 31 0.05750398624689242
21 32 0.0117694836279673
21 33 0.07241269938937825
21 34 -0.27170615104214446
21 35 0.1399600401218549
21 36 -0.010206151595250967
21 37 0.14598890939488338
21 38 0.0903497075252581
21 39 0.0020018642166829913
22 22 0.0
22 23 0.05415018801398437
22 24 0.058687851751631145
22 25 0.05703146836113939
22 26 0.03679276592557401
22 27 -0.07452036754143755
22 28 -0.13342406460008974
22 29 0.00011063886548406787
22 30 -0.19780627111855087
22 31 0.1331459109993877
22 32 0.07691839026039202
22 33 -0.03998264040668527
22 34 -0.09673331565672025
22 35 0.08508882777256613
22 36 0.04869152701149132
22 37 0.03454276740802757
22 38 -0.019704382327943845
22 39 -0.11145452575691472
23 23 0.0
23 24 0.03931577071051851
23 25 0.10050223144901269
23 26 0.08654873915719134
23 27 -0.1420465097596279
23 28 -0.0619489440062296
23 29 0.009624751206975075
23 30 -0.20733547246050418
23 31 0.05069912346294495
23 32 0.06931695355804138
23 33 -0.16007302400997725
23 34 -0.1467374442160225
23 35 0.08240130965804263
23 36 -0.017063425007918732
23 37 -0.04349399992348599
23 38 0.0022486945819132137
23 39 -0.01044964919646614
24 24 0.0
24 25 0.04141715456114821
24 26 0.15955943247409143
24 27 -0.0759736578543666
24 28 -0.041696305354959586
24 29 -0.004278822583774711
24 30 -0.087785017965594
24 31 0.03229280683526127
24 32 0.058736599468671526
24 33 0.022933432233508157
24 34 0.16578875129243262
24 35 -0.01471223572181142
24 36 -0.001948648570072526
24 37 -0.15524734886140795
24 38 -0.04592685364712897
24 39 0.16973910837611278
25 25 0.0
25 26 0.09576170940153868
25 27 -0.11653104838084091
25 28 -0.0068067434871596265
25 29 0.12825262141344004
25 30 0.025571795082616984
25 31 -0.006047846310173332
25 32 0.09173766566854687
25 33 0.13232886266152466
25 34 -0.04157598780595736
25 35 0.10526639779886651
25 36 -0.058555137298314755
25 37 -0.17032271592512505
25 38 0.17876061512608563
25 39 0.1021933636654494
26 26 0.0
26 27 -0.20230363670553184
26 28 0.0059794533395678235
26 29 0.10242235285855701
26 30 -0.03337052773823935
26 31 0.14005170660779354
26 32 -0.03562043661799834
26 33 0.01666465590499675
26 34 0.06898781733434393
26 35 0.049851879160504965
26 36 -0.011561960200438922
26 37 -0.18472098483091495
26 38 0.017414648110857016
26 39 0.16650583542294056
27 27 0.0
27 28 -0.02686052405837422
27 29 -0.09008836637394706
27 30 0.10832808948072661
27 31 -0.0803309318964555
27 32 0.0847330806260145
27 33 -0.03794348050344642
27 34 0.14480278371587824
27 35 -0.0263712672124284
27 36 0.18151224305660335
27 37 0.10300577309091064
27 38 0.02070812524093067
27 39 -0.13406718165060572
28 28 0.0
28 29 0.07151349292629887
28 30 0.08043827558712068
28 31 0.013745951239823861
28 32 -0.17425606759939255
28 33 0.11297193890891899
28 34 0.0368311543951565
28 35 -0.163470124356171
28 36 -0.01848503463261967
28 37 -0.09425165197023616
28 38 0.07128808495326018
28 39 0.002876231373027857
29 29 0.0
29 30 -0.006199604430685778
29 31 -0.009384316136390507
29 32 -0.07779993168720362
29 33 0.08657413804318699
29 34 0.15686503091009668
29 35 0.10625757393505117
29 36 0.10516657474736998
29 37 -0.09993841216893382
29 38 0.08021118670909548
29 39 0.02121214635901337
30 30 0.0
30 31 -0.16588914766038704
30 32 -0.06955713263504587
30 33 0.2627938778910975
30 34 0.11385163500248832
30 35 0.024959383613769166
30 36 -0.008427985437610332
30 37 -0.15075313187966105
30 38 0.1394331850251825
30 39 0.02205906575809013
31 31 0.0
31 32 -0.09192991739390548
31 33 -0.08551633323403393
31 34 -0.07332070528957352
31 35 -0.13982265299904623
31 36 -0.014782649725781754
31 37 0.021878266522057856
31 38 -0.023300719206629385
31 39 -0.0075110754249803095
32 32 0.0
32 33 -0.09021804397669445
32 34 0.024077981639361288
32 35 0.27328604205691115
32 36 -0.01911429217402124
32 37 -0.016657821250567084
32 38 -0.00620856045978367
32 39 0.07075966871398345
33 33 0.0
33 34 0.11917895004069227
33 35 0.010550064543172333
33 36 -0.013360047799628863
33 37 -0.27267744137396566
33 38 0.17848147401497377
33 39 0.04621586027348648
34 34 0.0
34 35 -0.0843556424337967
34 36 0.12007976351445768
34 37 -0.30159928468648717
34 38 -0.059306508420661465
34 39 0.030972479352711517
35 35 0.0
35 36 0.06068447398046436
35 37 0.010436329931440166
35 38 0.08002747273183516
35 39 0.04394359446862734
36 36 0.0
36 37 0.0019766413293700854
36 38 -0.013966576299337364
36 39 -0.11733298152245224
37 37 0.0
37 38 -0.13252382222876552
37 39 -0.045174567843327726
38 38 0.0
38 39 0.05836894879743544
39 39 0.0
