0 0 0.0
0 1 0.01968907591438688
0 2 -0.0867512888693717
0 3 -0.02827149986504914
0 4 0.11498069147178251
0 5 0.09518034920001937
0 6 -0.04180289408498142
0 7 0.0031799125420922275
0 8 0.2307422021913057
0 9 -0.038224431122203875
0 10 0.0822650247172537
0 11 0.0630343921187576
0 12 0.14477891621591313
0 13 0.0017525192375111346
0 14 -0.06797955524378732
0 15 0.0925192157941245
0 16 0.05590259501780084
0 17 0.12788502170369961
0 18 0.037118836331386657
0 19 -0.031746678391910234
0 20 -0.028279265134647052
0 21 -0.050689075524267914
0 22 -0.05644877429319145
0 23 -0.0732148945386932
0 24 0.27349057439296104
0 25 -0.09656760078985753
0 26 -0.22148830029147262
0 27 -0.09496290354343871
0 28 0.138267123983348
0 29 -0.14453125380481696
0 30 0.042845042858714856
0 31 -0.1381553269142212
0 32 0.014866842891936719
0 33 -0.11786710367601798
0 34 -0.039575582230915216
0 35 0.08867084142467227
0 36 0.18267279229668357
0 37 -0.09443875572731239
0 38 -0.011438032230901734
0 39 0.0023612029156221534
1 1 0.0
1 2 0.0487912353468576
1 3 0.024836306682068522
1 4 -0.01608225968292166
1 5 0.030572712488074676
1 6 -0.0011385676996111666
1 7 0.0824572760690471
1 8 0.028833165430278324
1 9 0.12417277347031552
1 10 -0.20028927984709868
1 11 0.04801524254573554
1 12 0.026153734458883676
1 13 -0.16860255946714636
1 14 0.09773978529151975
1 15 -0.009234010607408274
1 16 -0.1549037746622061
1 17 0.06326953333405053
1 18 0.08794751949896627
1 19 -0.0935172737999788
1 20 0.12495952644143418
1 21 -0.04886228552241652
1 22 -0.025449826906833433
1 23 0.05067130199544186
1 24 -0.06999752030806872
1 25 -0.08727325504754291
1 26 0.05002001886365555
1 27 -0.10110139019677697
1 28 0.040962033091485286
1 29 0.118210981816999
1 30 0.12289916906341429
1 31 0.0023395752524846647
1 32 -0.1330081651013701
1 33 0.011429663391136536
1 34 0.16922408099553218
1 35 -0.03367721539771647
1 36 0.02748787685084177
1 37 -0.14650263836246077
1 38 0.009110465991893827
1 39 -0.02545343523485208
2 2 0.0
2 3 -0.12448118532697412
2 4 0.19568523677605149
2 5 -0.017344993747865772
2 6 -0.024643994285828745
2 7 -0.07062559524305628
2 8 0.01801887003757699
2 9 0.017409531006959352
2 10 -0.019184482693399108
2 11 0.09450709841218154
2 12 -0.08916567624729467
2 13 -0.09218871535577149
2 14 0.08169679997666149
2 15 0.1779873273414847
2 16 0.07169279535949781
2 17 -0.14343644425948737
2 18 0.022091129098085242
2 19 -0.022689829377861702
2 20 -0.0010531072311958654
2 21 -0.045407520856984976
2 22 0.23631589765408192
2 23 0.11492336717819482
2 24 -0.12971187993008304
2 25 -0.15065046976062443
2 26 0.054813932551541614
2 27 0.0951118657885701
2 28 0.08735630546590792
2 29 0.0299134971931742
2 30 -0.05762642122655907
2 31 0.09599940871202046
2 32 -0.07924655313760615
2 33 0.01229523722481891
2 34 0.08406121879659408
2 35 -0.038410426579942356
2 36 -0.0861560429535799
2 37 0.0681161536489222
2 38 0.1016286115533463
2 39 0.19130440487497635
3 3 0.0
3 4 0.033852528890859365
3 5 0.03587675325417901
3 6 0.31159882856127435
3 7 0.16289912652270183
3 8 -0.030927721663384495
3 9 0.07786505444736011
3 10 -0.21663217182716737
3 11 -0.20283058259983275
3 12 0.02204072223552906
3 13 0.1565081863668906
3 14 -0.2395503060999163
3 15 -0.1735621648359325
3 16 -0.30525589441635775
3 17 0.02525236512405073
3 18 0.031011238696068817
3 19 0.13020683259103077
3 20 0.04227208271217922
3 21 0.1158434378882035
3 22 -0.19538526747735954
3 23 -0.19495111230056578
3 24 -0.02053238062061246
3 25 -0.04036392115546043
3 26 0.05748158818630641
3 27 -0.041327183616603765
3 28 -0.05486749905416962
3 29 0.0141419969634775
3 30 -0.11873975386171738
3 31 0.008445888705796203
3 32 0.21373041779728524
3 33 -0.18619708091247317
3 34 0.027780084413730637
3 35 0.07162606253118439
3 36 0.020011102380978203
3 37 -0.04153549320341947
3 38 -0.15843512188595632
3 39 -0.14082464672695524
4 4 0.0
4 5 0.032389214954846715
4 6 0.15838671417337358
4 7 -0.05030410010423723
4 8 0.16540350028754827
4 9 0.09074444417404046
4 10 0.11041050714116392
4 11 -0.05592332087944095
4 12 0.1782256279735705
4 13 0.07358722244542427
4 14 0.06685207220272663
4 15 0.0529334005217609
4 16 0.10301635548951567
4 17 -0.09427259665040477
4 18 0.229156358389438
4 19 -0.07473677337410088
4 20 -0.1933156087608596
4 21 0.06803184269803363
4 22 0.09548307048084806
4 23 0.04547072578925118
4 24 -0.10301855634641108
4 25 -0.04722534109092704
4 26 -0.01636793249263286
4 27 -0.022598376829219752
4 28 -0.002076075070995306
4 29 0.1827032335791511
4 30 -0.023473381666610883
4 31 0.10037628775686011
4 32 0.12474767219346934
4 33 -0.056594187824874756
4 34 0.09954834850152058
4 35 -0.03708157682791273
4 36 -0.06874387251388596
4 37 0.06986661048072476
4 38 0.03342077706566094
4 39 -0.04960563289637395
5 5 0.0
5 6 -0.10751903697892784
5 7 0.02859718953837096
5 8 0.017509312769771822
5 9 -0.02793586003274179
5 10 -0.05686897120876633
5 11 0.05475474312842277
5 12 0.03656654204990579
5 13 0.09533467240258844
5 14 -0.01121570233498951
5 15 -0.04713571467232172
5 16 -0.12791435367780168
5 17 -0.08499060153981638
5 18 0.06731283324914966
5 19 0.14595419246066677
5 20 0.04040405735293525
5 21 -0.027538021037680903
5 22 -0.06553362255313352
5 23 -0.0714639306946851
5 24 -0.017747550895771014
5 25 -0.09829046442584399
5 26 0.011205222782858725
5 27 0.0278822279076854
5 28 0.04271888713282636
5 29 -0.0008514117480578759
5 30 0.11804524539543686
5 31 -0.003986381572623241
5 32 -0.060726585231657956
5 33 -0.0142500550676776
5 34 -0.00042007111581972387
5 35 0.06873868585683407
5 36 -0.06294432389372633
5 37 -0.03115286806999869
5 38 -0.1431932071952149
5 39 -0.0175492345054779
6 6 0.0
6 7 0.018015315113624496
6 8 0.04237244141605921
6 9 0.04093155831292465
6 10 -0.14260291620455123
6 11 -0.1935470711629623
6 12 0.11621286023152393
6 13 0.01869083850165267
6 14 -0.1532899883575563
6 15 -0.11868580439726287
6 16 -0.10542917707411634
6 17 -0.046589480569807315
6 18 0.05738082041958087
6 19 -0.04013158887459397
6 20 -0.011279888635186645
6 21 0.13656815405268094
6 22 -0.06752281726515466
6 23 0.007206390851073658
6 24 -0.11881485308548015
6 25 0.08672503193970528
6 26 0.013672153962873083
6 27 0.05147715134519064
6 28 -0.009924453407893247
6 29 0.08781776786930456
6 30 -0.18197145639581502
6 31 0.0024941462594641863
6 32 0.2883612183577957
6 33 -0.19490506634552413
6 34 -0.03867196959821767
6 35 0.05336929940830674
6 36 0.08258618604079952
6 37 -0.1291177644558548
6 38 0.0034959657080627588
6 39 -0.08733111163539076
7 7 0.0
7 8 -0.04735090890443537
7 9 0.176136550548545
7 10 -0.19946036533330552
7 11 0.106053768395808
7 12 0.025823265497451675
7 13 -0.11067659583779595
7 14 -0.1448502609131421
7 15 0.01197485307802942
7 16 -0.25535357968471495
7 17 0.1638175571506305
7 18 -0.10472960655496463
7 19 0.10277094033911938
7 20 -0.025449108636522434
7 21 -0.07254085719575636
7 22 0.08050795741957681
7 23 -0.19479589439716755
7 24 0.04575134258692828
7 25 -0.21390073122965947
7 26 0.08917256132086579
7 27 -0.09052049943483792
7 28 -0.11558917104244956
7 29 -0.012452096355085741
7 30 -0.057016378365531736
7 31 -0.05121715350284271
7 32 0.004829330926936602
7 33 -0.13965279738842343
7 34 0.09217245364714882
7 35 0.0806848194549455
7 36 -0.09978386300241618
7 37 -0.0113054548649644
7 38 -0.12910676544732982
7 39 -0.00013485715847610718
8 8 0.0
8 9 -0.11216953171405837
8 10 0.06053901742503905
8 11 0.03760842498141202
8 12 0.15570950650658147
8 13 -0.015084145792277515
8 14 -0.2329268348621758
8 15 -0.01003833683023172
8 16 0.2112146213072529
8 17 -0.13476432496528132
8 18 0.13830501207613627
8 19 -0.052933463989262144
8 20 -0.036734075243836456
8 21 0.07806555586811148
8 22 -0.08132713415083666
8 23 0.07574085568012498
8 24 0.16130469607810433
8 25 -0.06189379763611066
8 26 -0.14659394283421723
8 27 0.1523008659355456
8 28 0.10005287894720458
8 29 0.11772547887684959
8 30 -0.020181744035990084
8 31 -0.0913213631771233
8 32 0.03901174938454781
8 33 -0.14656594912855114
8 34 -0.09166600345568532
8 35 0.08983814230880541
8 36 0.1447650031974906
8 37 0.06997413973188261
8 38 -0.052048323164839747
8 39 -0.06648934649506345
9 9 0.0
9 10 -0.1411380586385944
9 11 -0.012612425931477354
9 12 -0.026838397032236692
9 13 -0.056582041514835424
9 14 0.08440498717128755
9 15 0.11845501098078666
9 16 -0.13388451189187017
9 17 0.1399939248266687
9 18 0.02049552190456145
9 19 -0.060858189032562196
9 20 -0.14157306931486024
9 21 -0.06308174768792355
9 22 0.06357375641337534
9 23 -0.03492237462545587
9 24 -0.13787707732319804
9 25 -0.02398234810754702
9 26 0.09147487975734873
9 27 -0.1362331889487713
9 28 -0.12598743908978793
9 29 -0.001352953705700165
9 30 -0.07138282987759807
9 31 -0.05058847586347052
9 32 -0.062166371227194296
9 33 0.01696881745467657
9 34 0.08048058474189505
9 35 -0.036539292527902466
9 36 -0.0752190117493422
9 37 -0.03488055199557917
9 38 -0.034971517956324395
9 39 -0.007863065385231663
10 10 0.0
10 11 0.018411414430978608
10 12 0.05168356714079496
10 13 0.07645645301035017
10 14 0.18663341711781523
10 15 0.039295489516384466
10 16 0.43955354719715667
10 17 -0.10279688203491022
10 18 0.08819193742132223
10 19 -0.19061015133687295
10 20 0.005080353903029573
10 21 0.1655492491754297
10 22 -0.11498647622342614
10 23 0.17226353951365103
10 24 0.15928750321568963
10 25 -0.019182314520823536
10 26 -0.10662628590237186
10 27 -0.24611374272174139
10 28 -0.03732208131723817
10 29 -0.02724738591278933
10 30 -0.08667354385077944
10 31 0.041094932902217274
10 32 0.08887301142055203
10 33 0.20847774805011698
10 34 -0.024071623931492737
10 35 -0.15865517389026215
10 36 0.12419871628499861
10 37 0.18434662365852175
10 38 -0.006793676772107385
10 39 -0.17720235722128372
11 11 0.0
11 12 0.05788201369332352
11 13 -0.1562251092088898
11 14 -0.0022232938697065545
11 15 0.0812854853368133
11 16 0.05122353090030923
11 17 0.00720083583389453
11 18 -0.029302693624542304
11 19 0.004754045165697286
11 20 0.056946758238137975
11 21 -0.2758103692146006
11 22 0.2941284798178655
11 23 0.07846955599780052
11 24 0.13592329713093715
11 25 -0.23311417580812893
11 26 0.007160704367709876
11 27 -0.049298272479521996
11 28 -0.0073874312742336174
11 29 -0.0211873449054473
11 30 0.009843025094065051
11 31 -0.056070722487066495
11 32 -0.07742164401178352
11 33 -0.0622629056154597
11 34 0.11724849230138154
11 35 -0.04886220720735611
11 36 -0.076103575435176
11 37 0.07966684599304076
11 38 0.06341364902412253
11 39 0.10626675248335002
12 12 0.0
12 13 -0.004620781722662058
12 14 -0.10068050220861427
12 15 -0.14134310614472154
12 16 0.11078104467352182
12 17 -0.12483281472176491
12 18 0.1041786250120279
12 19 -0.1649570101381437
12 20 -0.12484209841057892
12 21 -0.041619520585894236
12 22 0.13854300110635698
12 23 0.11655102153913746
12 24 0.07226680067636246
12 25 -0.016712012957028934
12 26 -0.022642420487706663
12 27 -0.0664578919416759
12 28 0.017181006975849435
12 29 0.15424057272952874
12 30 0.059459579328362044
12 31 -0.1177883135584334
12 32 0.23940905863609813
12 33 -0.21107953262859894
12 34 0.03973724964506172
12 35 0.0911904244259198
12 36 0.0032211083168959724
12 37 -0.0778031784462925
12 38 -0.06192985941339389
12 39 -0.22604804098654685
13 13 0.0
13 14 -0.004693644955245131
13 15 -0.1082900591281309
13 16 0.040670511858506606
13 17 -0.050604137059889975
13 18 0.08521646542886373
13 19 0.0575683293373514
13 20 -0.034789797647802656
13 21 0.07424049959152337
13 22 -0.2383958412203404
13 23 0.013245069630624925
13 24 -0.055438114187181385
13 25 0.05255110377493231
13 26 0.029148999244886
13 27 -0.03353896946909688
13 28 -0.031161259358383077
13 29 0.0003738000319721973
13 30 0.013921203946600815
13 31 -0.01728039984470214
13 32 0.08565785668728099
13 33 -0.06027995114768525
13 34 -0.01639744318960573
13 35 0.062114204742618785
13 36 -0.08693527777180239
13 37 0.15166527103016889
13 38 -0.09294634507609979
13 39 -0.18570000498428188
14 14 0.0
14 15 0.10917991360768853
14 16 0.06584429650770621
14 17 0.12895299523116208
14 18 -0.01839158287635553
14 19 -0.17979375382740306
14 20 0.053932088342614724
14 21 -0.13017506375979826
14 22 0.014761824068036283
14 23 0.04091140769657251
14 24 -0.2149098654286449
14 25 0.10176411533817335
14 26 -0.046384018652900844
14 27 -0.28078743421938873
14 28 -0.00980521271089023
14 29 -0.0385659895157077
14 30 0.03794509868486229
14 31 0.15960649124233925
14 32 -0.22472071776503286
14 33 0.24952340130301476
14 34 0.11838231568136603
14 35 -0.251163404146136
14 36 -0.030694452171874713
14 37 -0.06837510602213646
14 38 0.233333570377071
14 39 0.0916048941528908
15 15 0.0
15 16 0.048701341358044416
15 17 0.11673777538137924
15 18 -0.023431973911628535
15 19 -0.05965518570488591
15 20 -0.029132586066254313
15 21 -0.01292689024941629
15 22 0.0978207113388834
15 23 0.0027309324501462863
15 24 -0.03627025066790328
15 25 -0.1920010161803756
15 26 -0.038015690226995094
15 27 0.04059947504082752
15 28 0.022215022072432103
15 29 -0.2269070651485118
15 30 -0.17174572044706768
15 31 -0.009524552189291052
15 32 -0.12536799766999304
15 33 0.030488844476325737
15 34 -0.018177089137636333
15 35 -0.05602717607355996
15 36 -0.018390157861798546
15 37 -0.0012537990610166452
15 38 0.04900007731035216
15 39 0.22717750284570032
16 16 0.0
16 17 -0.1842456002747477
16 18 0.1401577849647411
16 19 -0.27797327981153996
16 20 -0.2703869672013054
16 21 -0.02493106707763846
16 22 0.1128812820921595
16 23 0.26899775593373176
16 24 0.06825191594929876
16 25 0.09578196873869357
16 26 -0.19209438056546163
16 27 -0.06401149366510536
16 28 0.02030175515458365
16 29 0.13196181007712882
16 30 -0.10323391331747782
16 31 -0.13503101954982263
16 32 -0.01602470160885363
16 33 0.08926754823160646
16 34 -0.06001258071826495
16 35 -0.10209903010173302
16 36 0.0921944530235436
16 37 0.2384428187617865
16 38 0.03930981263478972
16 39 -0.15594578842240506
17 17 0.0
17 18 -0.15215613953048882
17 19 0.10089681418036933
17 20 -0.021870497608344593
17 21 -0.12132946781473952
17 22 -0.04501474584529754
17 23 -0.27955659311941716
17 24 0.10117472892389137
17 25 -0.016892512901114976
17 26 -0.09654445245315628
17 27 -0.2422370687678182
17 28 -0.0646132774240049
17 29 -0.20655037718763608
17 30 -0.022257427680596808
17 31 -0.013999083245292726
17 32 -0.1325168219429887
17 33 0.046739783626916546
17 34 0.09168172568173687
17 35 -0.02972261141514044
17 36 0.02824169254605515
17 37 -0.05081093957486499
17 38 0.11986084095726753
17 39 0.13936392886900148
18 18 0.0
18 19 -0.07824151098878575
18 20 -0.11383298890801152
18 21 0.05174431359332564
18 22 -0.05462726324289309
18 23 0.10529311631334186
18 24 -0.06715172035319888
18 25 0.03439768796746086
18 26 -0.03606897366819462
18 27 0.04263519081550415
18 28 -0.01715507481782315
18 29 0.1346195294520007
18 30 -0.02585028495633296
18 31 -0.0010211169814629893
18 32 0.030035848228326677
18 33 0.03130515867025426
18 34 0.005624925883154401
18 35 -0.09703145847874323
18 36 0.04804759026811649
18 37 0.07461725649590592
18 38 -0.06415248621608118
18 39 -0.1305960229579376
19 19 0.0
19 20 0.11613149475831903
19 21 0.06097051752597786
19 22 -0.157456990640039
19 23 -0.23914935087973369
19 24 -0.023609327907359378
19 25 -0.054852788776074565
19 26 0.03254183530445558
19 27 0.16879496916705475
19 28 -0.09090055099493369
19 29 0.011456232731342837
19 30 0.022609954266601912
19 31 0.07273279701739936
19 32 -0.07171091169359269
19 33 0.11207468217012165
19 34 -0.032289044221633124
19 35 0.03035430382356245
19 36 -0.15911767578229805
19 37 0.06787836737601972
19 38 -0.1272862436957156
19 39 0.13740989191232494
20 20 0.0
20 21 0.11606645053543892
20 22 -0.2959799381548448
20 23 0.06110414026542926
20 24 0.03649194342334041
20 25 -0.12266921510319725
20 26 0.0951590858505639
20 27 0.11478962545823856
20 28 0.021464296271590712
20 29 -0.0796734804992921
20 30 0.020806469205326073
20 31 0.19695234884346607
20 32 0.03038548062162577
20 33 0.008347166684254097
20 34 -0.0005655036428901647
20 35 -0.08618113818833464
20 36 0.013254928607863637
20 37 -0.10146297404963533
20 38 0.09642160898846598
20 39 0.12571376997940578
21 21 0.0
21 22 -0.3959351652350415
21 23 0.025979436458122663
21 24 -0.10811417924970254
21 25 0.035310574269002484
21 26 0.07294130138283954
21 27 0.20232222568060912
21 28 -0.028022220791963676
21 29 0.04443213715194737
21 30 -0.07187474842990801
21 31 0.08758944559516996
21 32 0.15333169622695103
21 33 0.050072360386945444
21 34 -0.17373979240026993
21 35 0.09863589379289076
21 36 0.037065547704257185
21 37 -0.03428606096306408
21 38 -0.17691989638653258
21 39 -0.10541604959606454
22 22 0.0
22 23 0.03993919381058254
22 24 0.09426861528579167
22 25 -0.12398937208308251
22 26 0.031315154537016304
22 27 -0.08809015434808318
22 28 0.0764286552156076
22 29 -0.013810013633771665
22 30 0.07089152357298142
22 31 -0.04331551170693994
22 32 0.019666438900454473
22 33 -0.11123095009324935
22 34 0.21102280519310707
22 35 -0.022010549380572446
22 36 -0.11817436792391693
22 37 0.011765716063490724
22 38 0.1597211929915054
22 39 0.1410904334884676
23 23 0.0
23 24 -0.11738769844334285
23 25 0.06839030966251061
23 26 0.12854541883669837
23 27 0.06717714588374414
23 28 -0.019684627004334453
23 29 0.152676714764832
23 30 -0.0026043675866056683
23 31 -0.10484182432735953
23 32 0.12552844619361994
23 33 -0.009657571087342002
23 34 -0.01921214208591886
23 35 -0.014090336773338378
23 36 -0.049895656375357644
23 37 0.030122589815618835
23 38 0.04611290955311299
23 39 -0.14859763486335414
24 24 0.0
24 25 -0.07280402362059586
24 26 -0.14395678168685727
24 27 -0.10526293910151985
24 28 0.12276636586176412
24 29 -0.17516758856646658
24 30 0.16133820423779152
24 31 -0.048634083446081125
24 32 0.036436273745514655
24 33 -0.06445854731596784
24 34 0.027456408213221022
24 35 0.02857831960050334
24 36 0.2163476441010883
24 37 0.06456883259704449
24 38 0.06112466203982373
24 39 0.007047079324608
25 25 0.0
25 26 -0.05831839275681059
25 27 0.0404169493590741
25 28 -0.024725417771287308
25 29 0.11803222327579979
25 30 0.14899197100948375
25 31 -0.001312268577482355
25 32 -0.04036159268068749
25 33 0.24140881918992388
25 34 -0.14444142567264254
25 35 -0.08216490277820845
25 36 0.12982498186629957
25 37 -0.07358041441821941
25 38 0.12335187252587751
25 39 -0.07073316062407123
26 26 0.0
26 27 0.07732429712714371
26 28 -0.09296700823579432
26 29 0.05631227096416699
26 30 0.08435061081024836
26 31 0.049577107218880645
26 32 0.09518501558011096
26 33 -0.045048215863877875
26 34 0.06975720764244002
26 35 0.0910341276057742
26 36 -0.21203165947621047
26 37 0.006038070511440388
26 38 -0.0646386626987104
26 39 -0.05293900510808134
27 27 0.0
27 28 0.05731226109695002
27 29 0.05036616353990429
27 30 0.0017490159638875672
27 31 0.06782965682654077
27 32 0.020600314789915763
27 33 -0.05833704183485897
27 34 -0.22677370923157564
27 35 0.11012238947832229
27 36 -0.0482531640331768
27 37 -0.016015446849050402
27 38 -0.04839618649409512
27 39 0.1616727595929298
28 28 0.0
28 29 -0.17075589877888944
28 30 0.11665926163666496
28 31 0.0007499458993557715
28 32 -0.033683559950112685
28 33 -0.16024094359312951
28 34 -0.055971863516171116
28 35 0.1930488851984579
28 36 0.2268860851829891
28 37 -0.14294443273335022
28 38 0.10399315291574111
28 39 0.12176773015666473
29 29 0.0
29 30 0.0526610131849453
29 31 0.012449310365767938
29 32 0.03541953207510716
29 33 0.10259924847263628
29 34 0.07579151686549777
29 35 -0.11311327728309906
29 36 -0.18654730343195938
29 37 0.1288806541415155
29 38 -0.09099498039949158
29 39 -0.22282371436602824
30 30 0.0
30 31 0.05695129092889563
30 32 -0.09527684916189388
30 33 0.0928577508421699
30 34 0.08015560847160483
30 35 0.09953948204414573
30 36 -0.029147842116534966
30 37 -0.0699785461073349
30 38 0.054987239225760265
30 39 -0.029204956431950924
31 31 0.0
31 32 -0.04002504653338968
31 33 0.1302205298182107
31 34 0.06625742811200108
31 35 -0.16188985300557185
31 36 -0.04115728355144242
31 37 0.019327246997911773
31 38 0.12815333863140405
31 39 0.14132288365788553
32 32 0.0
32 33 -0.2494302981083853
32 34 -0.004361559516002426
32 35 0.10709506881182415
32 36 -0.030870940998165498
32 37 -0.07228327738818753
32 38 -0.0749863069097634
32 39 -0.2062511842188933
33 33 0.0
33 34 0.002788112041045251
33 35 -0.34601640841867376
33 36 -0.05285328441674577
33 37 0.0930643656940052
33 38 0.028047430807078656
33 39 0.05339804094953156
34 34 0.0
34 35 -0.1154347884243826
34 36 -0.1567729958537593
34 37 0.07472898903173739
34 38 0.06454772257352938
34 39 -0.03044574725136711
35 35 0.0
35 36 0.06518808018595482
35 37 -0.1292700345128933
35 38 -0.1270783333287496
35 39 -0.042471365061789335
36 36 0.0
36 37 -0.14160357270413326
36 38 0.11392463370727304
36 39 0.049193612331107375
37 37 0.0
37 38 -0.04211090992941062
37 39 -0.0746581725244139
38 38 0.0
38 39 0.21091158728295353
39 39 0.0
