0 0 0.0
0 1 -0.0006398265914509707
0 2 -0.025204453430935986
0 3 0.039091493142486305
0 4 -0.04375658140737684
0 5 -0.026203916384976694
0 6 0.054613033062081116
0 7 -0.002519861636612496
0 8 -0.03873859056444594
0 9 -0.006894134787673453
0 10 -0.12141340417981669
0 11 0.08105286639226213
0 12 0.0054264941599938155
0 13 -0.04223210757302947
0 14 0.04186205842298826
0 15 0.009702392309000636
0 16 0.01724099846303708
0 17 -0.01944204355732066
0 18 0.011072167911879469
0 19 -0.05772441531814075
0 20 -0.0006513210339065699
0 21 -0.08736883504191023
0 22 0.05135148216314395
0 23 0.11842190054453901
0 24 -0.02390186550279432
0 25 -0.008205107780406324
0 26 0.04770397776027446
0 27 0.009067714052727677
0 28 0.09104467330442055
0 29 0.021308344584246814
0 30 0.13212590351129827
0 31 -0.0058756063093251985
0 32 -0.03442045043436843
0 33 -0.029086584425941187
0 34 -0.041719961080986516
0 35 0.03341245828329204
0 36 -0.032354612430510035
0 37 0.06940977322132545
0 38 -0.06982325375902579
0 39 -0.0013916283595147004
1 1 0.0
1 2 0.016643560993498625
1 3 0.03831484596172802
1 4 -0.13841135587365488
1 5 0.029514130109503767
1 6 0.027423098363101372
1 7 0.008971838098466956
1 8 0.04351426819461109
1 9 0.044327405421195246
1 10 -0.07022576495602448
1 11 0.0017666948206293894
1 12 0.00571744873868527
1 13 -0.042297624565129116
1 14 0.0005045228343059803
1 15 -0.014143724404023802
1 16 0.05661243420124433
1 17 -0.07464633111839053
1 18 0.04512178076281549
1 19 -0.03359725619088719
1 20 0.01639353843936108
1 21 0.008054623642791857
1 22 0.04688989529655263
1 23 -0.08185693794927879
1 24 0.0012389680713800614
1 25 -0.08673821233831894
1 26 0.10257832168554089
1 27 -0.030749288784546924
1 28 0.037671627347324946
1 29 -0.030445184215616806
1 30 -0.005396721010616006
1 31 -0.12557920063524425
1 32 0.02181332563021495
1 33 0.0030246578977565475
1 34 0.022591619269272074
1 35 -0.01825335271499846
1 36 -0.02921705784941169
1 37 0.0036557184723147473
1 38 0.006204639310625018
1 39 0.03822271232639463
2 2 0.0
2 3 -0.006948618294252432
2 4 -0.0659439136445685
2 5 0.027787960806362744
2 6 -0.07978736253953075
2 7 0.017793516259328415
2 8 -0.090314581411285
2 9 0.08756695113642979
2 10 -0.054739929322129434
2 11 -0.09080340115758448
2 12 0.017293397055033438
2 13 0.11979462281562722
2 14 -0.08592185544853086
2 15 -0.06978215768881592
2 16 -0.10979622060561263
2 17 -0.03673557676077429
2 18 0.013020837340201258
2 19 0.03925167839374479
2 20 -0.06892821744385845
2 21 0.08859127941373454
2 22 -0.048224103941219496
2 23 -0.18974324496686978
2 24 -0.04682325071157999
2 25 0.02958447817337942
2 26 0.008561166085183597
2 27 0.023312783903357535
2 28 -0.04524001358802869
2 29 0.06718674881304085
2 30 -0.03894121090466222
2 31 -0.009705625361605503
2 32 -0.04003893137013065
2 33 -0.011265091624018123
2 34 0.05143047485433085
2 35 -0.06766972621314121
2 36 0.026958553031790438
2 37 0.1265187237389182
2 38 0.0281733955521369
2 39 -0.03321219766276362
3 3 0.0
3 4 -0.06102488802006369
3 5 0.028187713527021697
3 6 0.09602538511284404
3 7 -0.0470464255492022
3 8 0.009481475053845794
3 9 0.03393356176705314
3 10 -0.04348213818046982
3 11 0.034683539445540326
3 12 0.0291363978501863
3 13 0.013197156280021285
3 14 0.04819720741341542
3 15 0.04351790284727068
3 16 0.10387814947320524
3 17 0.027327075005273045
3 18 0.008091235964146919
3 19 -0.07059531877705329
3 20 -0.016483591126709017
3 21 -0.02587332589521913
3 22 0.017118801784899433
3 23 0.01014419900798189
3 24 0.02044049444545655
3 25 -0.053443024708023666
3 26 0.038217403171378075
3 27 0.014916215816838701
3 28 0.06209653115198175
3 29 0.006679275615968866
3 30 0.04512390663289386
3 31 -0.023281604039456647
3 32 0.012094209142349701
3 33 0.020981706920229385
3 34 0.02654873948794035
3 35 0.018230185111237356
3 36 -0.036602303738138046
3 37 0.007738058615900473
3 38 -0.04371944990067092
3 39 0.004036624118191967
4 4 0.0
4 5 0.012838299203080822
4 6 -0.10136561033312838
4 7 -0.052283799715202625
4 8 0.010738176212026641
4 9 -0.10938120002255683
4 10 0.06464455390316642
4 11 -0.004639024704714093
4 12 -0.12468762884112787
4 13 -0.003272921939402912
4 14 0.051443457741186804
4 15 0.011679426851927223
4 16 -0.11578522289169661
4 17 0.15424992327809786
4 18 -0.023457534531020164
4 19 0.015103805959952237
4 20 0.033678208049935626
4 21 -0.05450462901244407
4 22 0.04298501412369897
4 23 0.1767120143934216
4 24 0.12398936988333494
4 25 0.133194987015187
4 26 -0.0994984039349345
4 27 0.049021878046492884
4 28 -0.09950655771015962
4 29 0.0994815182344054
4 30 -0.0735169269706675
4 31 0.08873118370983915
4 32 0.10066476227802061
4 33 0.12834775325352965
4 34 -0.029105316731109852
4 35 0.026577076170704372
4 36 -0.03972991773454939
4 37 -0.08709571088142563
4 38 0.0857880760551134
4 39 0.01046979191999137
5 5 0.0
5 6 -0.012502823593779019
5 7 -0.054912428590833985
5 8 0.022007290046817146
5 9 0.0053505464408846876
5 10 -0.0674912934982381
5 11 -0.054585150664656676
5 12 -0.03352056925875606
5 13 0.02657982464188689
5 14 0.009747105452684987
5 15 -0.02538362912745215
5 16 -0.018137030477018846
5 17 0.039361935585428505
5 18 0.0462949867296933
5 19 -0.033891759119522864
5 20 -0.024902193237644563
5 21 -0.011563911702542853
5 22 0.021171737491928303
5 23 -0.023043758408702375
5 24 0.0773520346404977
5 25 0.023581809129267862
5 26 0.06757398708987464
5 27 -0.0201514617974752
5 28 -0.012288288368193522
5 29 0.056580710662141376
5 30 -0.009093431080914706
5 31 -0.04275563870120001
5 32 0.06684203994518101
5 33 0.08922234265990144
5 34 0.049866648835507434
5 35 0.022501924914294997
5 36 -0.03659040845137436
5 37 0.017419679665197637
5 38 0.049475508851091435
5 39 0.01495644414452398
6 6 0.0
6 7 -0.034865724988078155
6 8 0.08933879362476949
6 9 0.0016845626561498971
6 10 0.062138026307265185
6 11 0.10225723782546647
6 12 0.12156214366644943
6 13 -0.0440685508513124
6 14 0.08441944500231814
6 15 0.11707616045020981
6 16 0.2720235507100704
6 17 0.03361105488895406
6 18 -0.022956292965813925
6 19 -0.0669630531955907
6 20 -0.0165803338731628
6 21 -0.05798078912853538
6 22 -0.03772689585563103
6 23 0.07565054372995784
6 24 -0.007808322245405311
6 25 -0.11110704092023545
6 26 0.02590475447221933
6 27 -0.08178986072607493
6 28 0.1486578741778463
6 29 -0.15604313400093642
6 30 0.17898744285251378
6 31 0.018399215503339235
6 32 -0.0805465015781687
6 33 -0.0936821892568887
6 34 -0.02393761753689314
6 35 0.1215215907105112
6 36 0.024157400413679298
6 37 -0.05005738799349675
6 38 -0.15001183733139595
6 39 0.014930828256153245
7 7 0.0
7 8 0.015072484184506898
7 9 0.0040395168969650855
7 10 0.0616221976798352
7 11 -0.01897727226372805
7 12 0.014523330018402109
7 13 -0.053410837630971784
7 14 -0.09564810848082365
7 15 -0.030386131197994992
7 16 -0.02574263181148207
7 17 -0.12948149490964125
7 18 0.04352441023524052
7 19 0.08148197757965271
7 20 -0.020397501161103233
7 21 0.03382704873134756
7 22 0.025137547174956316
7 23 -0.0247984096447645
7 24 -0.07280330827680478
7 25 0.025552824038679978
7 26 0.028154938805864983
7 27 -0.022091690289606086
7 28 0.020451049684730677
7 29 -0.04622101274824982
7 30 0.02313892487381972
7 31 -0.010350984303046071
7 32 -0.07794458810871555
7 33 -0.10725300291335009
7 34 -0.005678664282413207
7 35 -0.027459663350303514
7 36 0.01946785962621215
7 37 0.022949855152110253
7 38 0.017218828769690005
7 39 0.019201396543120176
8 8 0.0
8 9 -0.06988105603244613
8 10 0.08863008965577887
8 11 0.02570141955976682
8 12 -0.03424228777585228
8 13 -0.15005710123418764
8 14 0.022550629833158524
8 15 0.041398887983345345
8 16 0.12629165343310694
8 17 -0.017694054572350685
8 18 0.0843888996665769
8 19 0.007093985019993305
8 20 0.013010183012754025
8 21 -0.06481340067924118
8 22 0.10829824336836917
8 23 0.11481616500342547
8 24 0.09858590823982179
8 25 -0.008124123730536368
8 26 0.10564608975159673
8 27 -0.11145848752525003
8 28 0.06813524720036115
8 29 -0.10049902833612538
8 30 0.08251167632608522
8 31 -0.0796517795469785
8 32 0.016292294672083804
8 33 -0.011473466627034523
8 34 -0.013004074636806353
8 35 0.1019042791907345
8 36 -0.045755085072320026
8 37 -0.11298948439995193
8 38 0.029660874614400295
8 39 0.10910307184890237
9 9 0.0
9 10 -0.029983808632598963
9 11 -0.008467309825647102
9 12 0.033405335357801935
9 13 0.10231813352955714
9 14 -0.020971942938211644
9 15 -0.0029163942637073443
9 16 -0.004798771379880547
9 17 -0.00805347327066579
9 18 -0.02457876259457483
9 19 -0.003299529576882432
9 20 -0.03511461098080542
9 21 0.0772858237155576
9 22 -0.02432210366922752
9 23 -0.17882926075120686
9 24 -0.04358116847091491
9 25 -0.0581913819658982
9 26 -0.018504483370360276
9 27 0.05110538317970026
9 28 -0.01022737204806776
9 29 0.0281857765038576
9 30 -0.03690608314018408
9 31 -0.036568577784913556
9 32 -0.04462633089387649
9 33 -0.02289837834462919
9 34 0.024202171118745123
9 35 -0.07412958699858169
9 36 0.008034207375254588
9 37 0.07746085622710364
9 38 -0.02659565028979513
9 39 -0.01317380011721489
10 10 0.0
10 11 -0.009363916769672274
10 12 0.06221282898405517
10 13 -0.02515738851698617
10 14 -0.05843316593571039
10 15 0.0801967312504791
10 16 0.12401682654288229
10 17 -0.014238888697757454
10 18 -0.0213101040202832
10 19 0.09886571078621938
10 20 -0.01971969999320769
10 21 0.0680700858684123
10 22 -0.049674697675522364
10 23 0.018064437611932434
10 24 -0.03621267955224995
10 25 0.0181425291178696
10 26 -0.10408344337678663
10 27 -0.003577003974292948
10 28 -0.005677740622701562
10 29 -0.11951392214202719
10 30 -0.039103118292910494
10 31 0.10944463915187022
10 32 -0.06691774776706308
10 33 -0.10401746160557797
10 34 0.015758481683995816
10 35 0.004669585064775276
10 36 0.04945200261903551
10 37 -0.1346561175614855
10 38 -0.0002670367031371656
10 39 0.005839876046347966
11 11 0.0
11 12 -0.03384124761992515
11 13 -0.055712404236711074
11 14 0.15427649075577204
11 15 0.09494512631268913
11 16 0.08368299161462134
11 17 0.10485631639826354
11 18 -0.08816928444629564
11 19 -0.058653849116277246
11 20 0.08507884883837274
11 21 -0.07609039189077824
11 22 0.07416915727694308
11 23 0.08726099336270479
11 24 0.04466990490373278
11 25 -0.11526840039757716
11 26 -0.06468781328514175
11 27 0.0036083680958033304
11 28 0.042574604691432795
11 29 -0.06451973155471605
11 30 0.07314957610243997
11 31 -0.05778366987031658
11 32 -0.035523259484735385
11 33 -0.024550420696054287
11 34 -0.14371312608582315
11 35 0.03947285887419997
11 36 -0.02054586417304351
11 37 -0.05711869695101061
11 38 -0.1081858707616686
11 39 0.06655456072377794
12 12 0.0
12 13 0.04582525821742428
12 14 -0.056353927478698294
12 15 0.02095822338507907
12 16 0.1408670117557302
12 17 -0.08300837469629901
12 18 -0.03794760586421885
12 19 0.004142117012151581
12 20 -0.046649402971155086
12 21 0.05447542737893751
12 22 -0.18737906901278428
12 23 -0.06634257741793871
12 24 -0.15450258975040168
12 25 -0.05309183871797164
12 26 -0.02161590254620683
12 27 -0.0352962799720016
12 28 0.06625708766501437
12 29 -0.11672070070958943
12 30 0.0526807130515073
12 31 0.1143760585265301
12 32 -0.09018520939129562
12 33 -0.12449501362388933
12 34 0.05539089561021312
12 35 0.017038195390768843
12 36 0.10849044126490355
12 37 0.02257502592724301
12 38 -0.10434421207872555
12 39 -0.1079037138274987
13 13 0.0
13 14 -0.008072059120084515
13 15 -0.01647918400601001
13 16 -0.08664284910295246
13 17 0.10301503441075881
13 18 -0.09756731349317063
13 19 0.0025164444286763744
13 20 -0.05047609730441077
13 21 0.10598517591047514
13 22 -0.14206765608375668
13 23 -0.21195353796243568
13 24 -0.03890037681551467
13 25 -0.005054849192245788
13 26 -0.12431100927626412
13 27 0.07442646199696945
13 28 -0.09257203121749494
13 29 0.0775824540842802
13 30 -0.08706216226659583
13 31 0.07099760130975924
13 32 -0.029236399847334726
13 33 0.027633801999939877
13 34 0.029837379455568597
13 35 -0.07089071158876716
13 36 0.06457940310227815
13 37 0.10040085277135828
13 38 -0.029967752156375666
13 39 -0.08585460459491313
14 14 0.0
14 15 0.08446646185520754
14 16 0.05936231000978561
14 17 0.19530830349681044
14 18 -0.1081629979695237
14 19 -0.09997494703397365
14 20 0.09894571729345089
14 21 -0.08336682132774367
14 22 0.03598447539756701
14 23 0.07024331161979647
14 24 0.11105944971132035
14 25 -0.11191183168303087
14 26 -0.07318352951411582
14 27 -0.004754769297358559
14 28 -0.008080385104069925
14 29 -0.025365746029301833
14 30 0.02275924330843051
14 31 -0.05736748066285864
14 32 0.04510508698746603
14 33 0.07779300267255303
14 34 -0.12327913275335675
14 35 0.06004950990081588
14 36 -0.02106041898823881
14 37 -0.07555778978608647
14 38 -0.08301466891609047
14 39 0.04872593789027034
15 15 0.0
15 16 0.13903934374269025
15 17 0.07655450044177663
15 18 -0.04964762042561063
15 19 -0.041563984018270994
15 20 0.025622140276483484
15 21 -0.027453385666306458
15 22 0.014800523843255597
15 23 0.06622784720775768
15 24 0.026683924626482874
15 25 -0.06768102022591865
15 26 -0.057541578502103265
15 27 0.02353549595275446
15 28 0.04131531260337003
15 29 -0.05131166006206038
15 30 0.02473216177675278
15 31 0.01816467716161234
15 32 -0.009845153293768748
15 33 -0.011324168493444496
15 34 -0.03341926851041449
15 35 0.02751570963589543
15 36 -0.015995528472028456
15 37 -0.08044211317603792
15 38 -0.06697565625025169
15 39 0.021142750881736116
16 16 0.0
16 17 -0.027182088685443667
16 18 0.00548710510283845
16 19 -0.07686343665297354
16 20 -0.002074938424502625
16 21 -0.04064222536760874
16 22 -0.026139058910981054
16 23 0.10051046833708888
16 24 -0.027842594707192848
16 25 -0.12932774438003275
16 26 0.041021516588235954
16 27 -0.03877157410491669
16 28 0.1609684915936237
16 29 -0.16268809519527475
16 30 0.10320472021125111
16 31 0.026312401494262377
16 32 -0.02542194615093732
16 33 -0.0766772161997169
16 34 0.040129432498974826
16 35 0.08086631363048283
16 36 -0.006235618362666358
16 37 -0.12434875889976309
16 38 -0.11591740139160092
16 39 0.0026934392292252236
17 17 0.0
17 18 -0.14194660836102602
17 19 -0.06487911931738688
17 20 0.056909356478279126
17 21 -0.041448994334783516
17 22 -0.00854352495195676
17 23 0.00865694636550524
17 24 0.15799108879365112
17 25 -0.04363214441877088
17 26 -0.15234275827837088
17 27 0.013871354958683593
17 28 -0.08650520501652188
17 29 0.03348676685266814
17 30 -0.01605825743433781
17 31 0.0004834847971648174
17 32 0.03913073850039581
17 33 0.11839238031823407
17 34 -0.1173552110322709
17 35 0.058824162401596145
17 36 0.001618472280824178
17 37 -0.04809576792785285
17 38 -0.055126388689046235
17 39 0.03598642234149159
18 18 0.0
18 19 0.018809087302597092
18 20 -0.07572741520209289
18 21 -0.035648563920985414
18 22 0.13225031497873066
18 23 0.08618119029419777
18 24 0.03466837061729597
18 25 0.10435465408009317
18 26 0.19114846911363054
18 27 -0.025188754265051877
18 28 0.07670510171496261
18 29 0.05749851705488328
18 30 0.05926895600005477
18 31 -0.05251027688986167
18 32 0.03559047851411076
18 33 0.013527146356442196
18 34 0.1063143493190482
18 35 0.016132430718606247
18 36 -0.09585789221015543
18 37 0.02956875190187012
18 38 0.10832103388516505
18 39 0.05176768139070963
19 19 0.0
19 20 -0.03540279703943258
19 21 0.060447233157921235
19 22 -0.02207744185982915
19 23 -0.06532657499997926
19 24 -0.043538179398524286
19 25 0.06371746721245765
19 26 -0.019117376429065892
19 27 -0.0387111884718392
19 28 -0.036147589220299176
19 29 -0.036764340516361085
19 30 -0.004128584997385915
19 31 0.025246675186881878
19 32 -0.07749519312512754
19 33 -0.08506347524415034
19 34 -0.007463063866575454
19 35 -0.013481951928121452
19 36 0.05166183702182038
19 37 0.022220248296680106
19 38 0.03676701513383959
19 39 0.009739141907687134
20 20 0.0
20 21 -0.030783033310672964
20 22 0.01544801917119962
20 23 0.03593488771719673
20 24 0.0285561038251644
20 25 -0.08074435187036003
20 26 -0.061483838000780645
20 27 0.008836370230403671
20 28 -0.043981258594995284
20 29 -0.034168289382924905
20 30 -0.06839385652517063
20 31 -0.04546755885758473
20 32 0.05706908520425933
20 33 0.04412585609980016
20 34 -0.08372976442799183
20 35 -0.009674241196191901
20 36 0.0014264321588677545
20 37 -0.08968829030004194
20 38 -0.017978319576498192
20 39 0.01786421057458067
21 21 0.0
21 22 -0.09804375649567901
21 23 -0.20268534066145855
21 24 -0.08231814773335902
21 25 -0.01504193972691029
21 26 -0.06720262629476251
21 27 0.04123519723859265
21 28 -0.06893439086950631
21 29 -0.0010997363855452717
21 30 -0.11518768697690011
21 31 0.029894748762060042
21 32 -0.03763607383444139
21 33 -0.03913717535684668
21 34 0.04942079064852946
21 35 -0.0932931499683046
21 36 0.06061664794857678
21 37 0.03208692964559392
21 38 0.01610776673745843
21 39 -0.0511179766173961
22 22 0.0
22 23 0.14957044153294338
22 24 0.15906819875352
22 25 0.03995385722384698
22 26 0.13275928123637126
22 27 0.03633871840759948
22 28 0.04964485522266205
22 29 0.10092205569253405
22 30 0.03934671389748266
22 31 -0.17361657619680324
22 32 0.0658680275340249
22 33 0.0771160800865627
22 34 -0.027052606238717608
22 35 -0.0031237580045644373
22 36 -0.18744826864420505
22 37 -0.02666429936871259
22 38 0.10050323726459245
22 39 0.16987588079411386
23 23 0.0
23 24 0.0881376563271514
23 25 0.10398635707673572
23 26 0.07256481604588215
23 27 0.0018489649703807248
23 28 0.11751418601426414
23 29 0.021273428963664257
23 30 0.13214735608787925
23 31 0.07171245500257782
23 32 0.09015818002178468
23 33 0.054586570171247815
23 34 -0.013541415529758839
23 35 0.12149822487993685
23 36 -0.11475504257632523
23 37 -0.1218939718732818
23 38 0.017966210900563852
23 39 0.0371362966667914
24 24 0.0
24 25 0.02364429054175782
24 26 0.0417051276691299
24 27 -0.026609644426930222
24 28 -0.02687638905275653
24 29 0.06364358674630423
24 30 0.013801927056516622
24 31 -0.10936866862684973
24 32 0.09312834020575664
24 33 0.1391512881722757
24 34 -0.04718905543071146
24 35 0.06741308315934119
24 36 -0.10102799299884802
24 37 -0.058940306054798344
24 38 0.06493594308603683
24 39 0.12216522033829072
25 25 0.0
25 26 0.049404816217798006
25 27 0.014029628891437019
25 28 -0.018671848633192607
25 29 0.11208624342376834
25 30 0.013763829511411089
25 31 0.08135182893059775
25 32 0.023468481527577384
25 33 0.032690033569821364
25 34 0.07405119912696148
25 35 0.008896961779787809
25 36 -0.036535011471004644
25 37 0.05051953358011894
25 38 0.1129575508209107
25 39 -0.01281187761797794
26 26 0.0
26 27 -0.08701991981892716
26 28 0.11652224246250535
26 29 0.015533769134837677
26 30 0.1228580463053565
26 31 -0.11448986544924629
26 32 0.029662576231796828
26 33 0.006371863246461683
26 34 0.08418958777580823
26 35 0.0580252245984901
26 36 -0.08861752290170569
26 37 0.050101654941504106
26 38 0.07121455570269689
26 39 0.0671932980266789
27 27 0.0
27 28 -0.0497125972909484
27 29 0.1628113737674987
27 30 -0.17205497481644566
27 31 0.05179525262492872
27 32 0.08631647406627976
27 33 0.09119858847477226
27 34 0.07096930639088773
27 35 -0.15231791414311385
27 36 -0.07996284585781421
27 37 -0.0044518589597492796
27 38 0.045735982017283926
27 39 -0.05517631101566635
28 28 0.0
28 29 -0.06470643378847062
28 30 0.16953985263063825
28 31 -0.008032670700678857
28 32 -0.055159678886874876
28 33 -0.08117249249439337
28 34 0.02301404707517245
28 35 0.07348307291759114
28 36 -0.03261859263060837
28 37 0.0127418133181774
28 38 -0.061464455807003215
28 39 0.022868453676893823
29 29 0.0
29 30 -0.11953357703285199
29 31 -0.0004170789244341168
29 32 0.12469130289551525
29 33 0.16542516491300013
29 34 0.08830858803909879
29 35 -0.10548888044958923
29 36 -0.12074457088031783
29 37 0.07322287257862675
29 38 0.12154836130586519
29 39 -0.01744358453424744
30 30 0.0
30 31 -0.016904706221375503
30 32 -0.15499085861794756
30 33 -0.14150248585233088
30 34 -0.07838625455266528
30 35 0.1858584339814358
30 36 0.021742687706608956
30 37 0.08087909063398854
30 38 -0.11630829033394201
30 39 0.06518629896284237
31 31 0.0
31 32 -0.025522460778337818
31 33 -0.040832536333616415
31 34 0.06266828934961263
31 35 0.00012782241423283145
31 36 0.07871838923156912
31 37 -0.007112955907458164
31 38 -0.036438080512104995
31 39 -0.13949790792894187
32 32 0.0
32 33 0.19455951289707413
32 34 0.07526035358905828
32 35 -0.04569686645082165
32 36 -0.09949750643309171
32 37 -0.0874968626294385
32 38 0.10997379561741119
32 39 -0.00876342836936041
33 33 0.0
33 34 0.04818539472862066
33 35 -0.037548493935376494
33 36 -0.10477857793797259
33 37 -0.04697007201290805
33 38 0.10387736300032908
33 39 0.007966235510021583
34 34 0.0
34 35 -0.06226051894718837
34 36 -0.045554436846673124
34 37 0.017814755793277813
34 38 0.08776946203750519
34 39 -0.07158143465595224
35 35 0.0
35 36 0.029079469750484765
35 37 -0.021929432295100533
35 38 -0.05901576471723395
35 39 0.046209816011599104
36 36 0.0
36 37 0.02362636677751394
36 38 -0.08315382186427632
36 39 -0.07121866403761795
37 37 0.0
37 38 -0.015845986252209322
37 39 -0.030485672043607352
38 38 0.0
38 39 0.029635871750827047
39 39 0.0
