0 0 0.0
0 1 0.10640225712531257
0 2 0.028462178269843996
0 3 0.01705596677642158
0 4 -0.24990970050866293
0 5 0.033377626644282794
0 6 0.27366370229392656
0 7 0.15190778388297904
0 8 0.11471540790290213
0 9 -0.14990944715726345
0 10 0.06996008813816958
0 11 0.02135064056927264
0 12 -0.16214540099186403
0 13 0.12485353983926398
0 14 0.11025829273532721
0 15 0.018210244537726957
0 16 -0.06652436428092456
0 17 -0.07238131004609955
0 18 0.06986306170026194
0 19 -0.10376161641025652
0 20 -0.01925472846840694
0 21 0.02659677228395168
0 22 0.006573515589497125
0 23 0.10732413302301655
0 24 0.007191364201383471
0 25 -0.19606740886037077
0 26 -0.024081274251067673
0 27 -0.03287461199932355
0 28 -0.04592457379221338
0 29 -0.15235966476296003
0 30 -0.017461780158824946
0 31 -0.019884779481118088
0 32 0.006561332581494486
0 33 -0.04760843267910446
0 34 0.07751569885968518
0 35 0.006658983605942104
0 36 -0.08782867759019039
0 37 0.002601606832769912
0 38 -0.006511366237001419
0 39 -0.0773931922597924
1 1 0.0
1 2 0.0013817878954818837
1 3 0.01085918910701652
1 4 -0.09356892919368451
1 5 0.019596654135257272
1 6 0.09156250114433401
1 7 0.08726398448860355
1 8 0.03243240386812728
1 9 -0.12516049272463767
1 10 0.03545224568361382
1 11 -0.0074684600759017785
1 12 -0.049784197021361734
1 13 0.016117268924883587
1 14 -0.018650500337545207
1 15 0.05624421273900963
1 16 -0.04054451874740423
1 17 -0.031959260829801744
1 18 -0.058279141388602095
1 19 -0.07167843124353741
1 20 -0.015063160704079365
1 21 0.024490314944394426
1 22 -0.07828089737951147
1 23 -0.021332903770711377
1 24 0.08341086524024505
1 25 0.01945601412455813
1 26 -0.029339124729685667
1 27 -0.044250550155764914
1 28 -0.0928011681743983
1 29 -0.06941985621822787
1 30 0.04514814026336662
1 31 0.005374913646751753
1 32 0.004735498730271384
1 33 -0.012399481187762374
1 34 0.06608943833383422
1 35 -0.04533595960922271
1 36 -0.005813940342267077
1 37 -0.06790859603321123
1 38 0.0010557095132205196
1 39 -0.04307034158124289
2 2 0.0
2 3 -0.00423970678216453
2 4 -0.07604703714092248
2 5 -0.23357815685518793
2 6 0.17722754752530895
2 7 -0.0734493364945666
2 8 0.11910808698299942
2 9 -0.0008675191626394063
2 10 0.314047500562489
2 11 0.05809453760782516
2 12 -0.07977636581317639
2 13 0.028060876897118715
2 14 0.053080409227793134
2 15 -0.13705887287662064
2 16 -0.02539816192520226
2 17 -0.020747535433095623
2 18 -0.009114800425446478
2 19 -0.05119143979113918
2 20 0.03446373119905864
2 21 0.060853077117317224
2 22 0.2910524398195851
2 23 -0.004764225202968248
2 24 -0.22968830681901733
2 25 -0.08917255449258096
2 26 0.10543649873386238
2 27 -0.04397649977106922
2 28 -0.12375759029049085
2 29 -0.02526719044469103
2 30 -0.14088319300398935
2 31 -0.20084498732667347
2 32 -0.016556128016079884
2 33 -0.05473990263395854
2 34 0.10179814080756558
2 35 -0.1498561495852646
2 36 -0.018321536326677993
2 37 -0.2252194809323475
2 38 0.0062157815846643535
2 39 -0.12397718532607005
3 3 0.0
3 4 -0.020711462102493194
3 5 -0.024568639263640894
3 6 -0.03161574924794831
3 7 -0.0008962438797742876
3 8 -0.000006397413354751783
3 9 -0.023429827091398056
3 10 -0.03115446643024474
3 11 -0.02342251027996119
3 12 0.07457204246793317
3 13 0.024920364283385215
3 14 0.015503994674015439
3 15 0.0509246628281085
3 16 -0.11246368262078466
3 17 -0.032206470525485136
3 18 0.04776375113063788
3 19 0.021450402069716476
3 20 0.024079010715421383
3 21 -0.03978943635178933
3 22 -0.036727682445299156
3 23 0.07505877738144323
3 24 -0.01304914488895878
3 25 0.029390735358115334
3 26 -0.07271893298863008
3 27 0.07452751112632269
3 28 0.046275255675534685
3 29 -0.017879509511608434
3 30 -0.10054025277777372
3 31 -0.005800693892894648
3 32 -0.06349704773006416
3 33 0.019519886930519034
3 34 0.05116449221080901
3 35 0.05186820493541964
3 36 0.003505839970660867
3 37 0.01868656478715363
3 38 0.06517340868629716
3 39 -0.024824072461005296
4 4 0.0
4 5 -0.029000066557041855
4 6 -0.1150480397905633
4 7 -0.08548792652007493
4 8 -0.048566130107086006
4 9 0.17542935663067868
4 10 -0.13011304027946943
4 11 0.012559452058857747
4 12 0.06179756529008355
4 13 -0.17169472375597528
4 14 -0.04343565317758949
4 15 -0.08458045691628424
4 16 0.134177844532061
4 17 0.07479408306716709
4 18 -0.045701500678561144
4 19 0.03165148593669718
4 20 -0.013545383860404816
4 21 -0.050338131598822576
4 22 0.017897215720419316
4 23 -0.03301184380723111
4 24 -0.005466342668848082
4 25 0.13129500430603414
4 26 0.001049868223283959
4 27 0.04710980848041222
4 28 0.09240069523130089
4 29 0.07471614474211571
4 30 0.059835248954420425
4 31 0.024520240578264244
4 32 0.011805498965011907
4 33 0.06825666971860042
4 34 -0.0994059135650036
4 35 0.050341697232252104
4 36 0.058500759935498414
4 37 0.03663861469812223
4 38 0.030706697153403906
4 39 0.0523289798873852
5 5 0.0
5 6 -0.057540274298343005
5 7 0.0786749822290894
5 8 -0.05182212494639108
5 9 0.0034133925230608736
5 10 -0.029910844304629876
5 11 -0.04564132376403143
5 12 0.08299830445538045
5 13 0.035472367932747294
5 14 -0.11078573349276563
5 15 0.11079337828873562
5 16 0.04562639612919586
5 17 -0.12090737346345033
5 18 -0.07926650158462548
5 19 0.025411177598392325
5 20 0.05515146112486056
5 21 0.13785426822910543
5 22 -0.1285439763310075
5 23 -0.07255889750376392
5 24 0.157731948674738
5 25 -0.044375643920286666
5 26 -0.06828595182018046
5 27 -0.012885131911432748
5 28 0.004802917596858967
5 29 -0.02912061611042735
5 30 0.16492518833393882
5 31 0.11643746278782448
5 32 0.07594120626798326
5 33 0.03155261011801394
5 34 0.06237491931149858
5 35 -0.17952576913226503
5 36 -0.15177076624823813
5 37 0.045819134333652006
5 38 -0.05530702246273274
5 39 0.15352594307907555
6 6 0.0
6 7 0.10953440777394616
6 8 0.16212300333119986
6 9 -0.07975580438370387
6 10 0.07536158289355452
6 11 0.07089175091292874
6 12 -0.22895646135483433
6 13 -0.055996354653726724
6 14 0.08867066300469945
6 15 -0.10649986622632517
6 16 0.08598566507320318
6 17 -0.07143332103153788
6 18 -0.05769108083316199
6 19 -0.169803477760937
6 20 -0.022992476351169897
6 21 0.06189625851476723
6 22 0.06331473550387824
6 23 0.030108921768177505
6 24 -0.019218562163611393
6 25 -0.1059725426991549
6 26 0.0021595197347113668
6 27 -0.07387817598027246
6 28 -0.10865654198709081
6 29 -0.1436568520153649
6 30 0.11618677571217381
6 31 -0.050975637548493304
6 32 0.07515088384107624
6 33 -0.01388799573747156
6 34 0.039044306843044954
6 35 -0.04618137972270643
6 36 -0.024161210738205877
6 37 -0.11601333005535781
6 38 -0.0054457969234482624
6 39 -0.09941873489158276
7 7 0.0
7 8 0.03673170705583717
7 9 -0.0901099874538125
7 10 0.06589640930829548
7 11 -0.029435789771847343
7 12 -0.061789022454242594
7 13 -0.008677975416666442
7 14 -0.05640679009393392
7 15 0.08123674470908948
7 16 -0.01992851016912799
7 17 0.03326932745970067
7 18 -0.08157018920498543
7 19 -0.08186262140859822
7 20 -0.028070003651556624
7 21 0.0011866826918646273
7 22 -0.11546380205314918
7 23 0.011592702440708532
7 24 0.10664799005616703
7 25 0.0108211219311198
7 26 -0.05427812718369227
7 27 -0.02619015930076593
7 28 -0.04010195072064156
7 29 -0.10997660486218386
7 30 0.040509399901781575
7 31 0.043402399472288015
7 32 -0.004952494531315114
7 33 0.05961533003313163
7 34 0.033365447166391074
7 35 -0.04465134184812806
7 36 -0.02180475187225534
7 37 -0.04051731501404386
7 38 0.0006531451115555195
7 39 -0.07974579034310672
8 8 0.0
8 9 -0.05045058612126317
8 10 0.08656561505111611
8 11 0.08443454948081006
8 12 -0.10711329221733343
8 13 -0.11025946168626084
8 14 0.01320881912785637
8 15 -0.039555300052965266
8 16 -0.030248993229104494
8 17 -0.037408456070093334
8 18 -0.03686672245034931
8 19 -0.028473199306437665
8 20 -0.043292694995248876
8 21 -0.00867062719798999
8 22 0.07118027726119813
8 23 0.06816564515122706
8 24 -0.016746292573611894
8 25 -0.09146299653053545
8 26 -0.006055857704047025
8 27 -0.005471546711203727
8 28 -0.018082955831323147
8 29 -0.053122698351093775
8 30 0.021126364420435393
8 31 -0.02926441145499743
8 32 0.017938702974419216
8 33 -0.005254176873644514
8 34 0.0460028302592
8 35 0.008789103325961344
8 36 -0.00936421772026293
8 37 -0.0029865254518839563
8 38 0.009521395680310064
8 39 -0.03300460913585486
9 9 0.0
9 10 -0.06927264871387573
9 11 0.003054086592095561
9 12 0.05733372813506241
9 13 -0.07770644586384474
9 14 0.039804100938110376
9 15 -0.13195563058918217
9 16 0.12759262716725758
9 17 0.08289084535615071
9 18 0.06011648344461579
9 19 0.046813421053006815
9 20 -0.019557752749768925
9 21 -0.06906959011936581
9 22 0.10491934674046006
9 23 0.015100513898083884
9 24 -0.10028426224439509
9 25 0.012109560272073168
9 26 0.04680426819279102
9 27 0.06065327094634665
9 28 0.1470083076702174
9 29 0.06041683644760791
9 30 -0.053063696334021714
9 31 0.00027365989015044407
9 32 -0.010848841271755297
9 33 0.06374005167152962
9 34 -0.11715332706396919
9 35 0.05093251785439049
9 36 -0.04167737327233381
9 37 0.034612678883023586
9 38 0.02883103665410583
9 39 0.011128295975166184
10 10 0.0
10 11 -0.00924119226197553
10 12 -0.08417230431350017
10 13 0.009729777453989372
10 14 -0.05689351783114692
10 15 0.037721111778459854
10 16 -0.10704169792271175
10 17 0.042079350371716506
10 18 -0.08949923476064273
10 19 0.044853487906062986
10 20 0.01864878626296958
10 21 0.06506747687180878
10 22 0.008671543480753982
10 23 -0.0036395083566461706
10 24 -0.08760706835711704
10 25 -0.12166284690630302
10 26 0.04839043165449804
10 27 -0.024854599003456126
10 28 -0.09133818855035174
10 29 -0.027747555285932163
10 30 -0.10102042717330298
10 31 -0.07115993157590293
10 32 -0.04628864389451705
10 33 0.09730995233020504
10 34 -0.02377358580756338
10 35 -0.12651860509074675
10 36 -0.05321422454335441
10 37 -0.1829140810193013
10 38 -0.087417937893577
10 39 -0.08625296134749125
11 11 0.0
11 12 -0.05764222129628059
11 13 -0.14277246734287868
11 14 -0.007480118788662731
11 15 -0.07336223439947079
11 16 0.003152384624684368
11 17 -0.030527271414837666
11 18 0.007396626568973097
11 19 -0.027839547177467533
11 20 -0.037108263750763
11 21 -0.03460406295930306
11 22 0.12690983758812965
11 23 0.05262777014803478
11 24 0.009889767175384161
11 25 -0.05946068251289669
11 26 0.016959438103890962
11 27 -0.016969977159988762
11 28 0.028145362023741897
11 29 -0.013541854312331786
11 30 -0.010023972051725755
11 31 -0.055282950828141234
11 32 -0.001854464660133491
11 33 -0.021086785517227456
11 34 0.038585878756069156
11 35 0.05607044046029876
11 36 -0.0166961594419763
11 37 0.06207106803819083
11 38 -0.007687181809898268
11 39 0.07459837062632789
12 12 0.0
12 13 0.04706805118571989
12 14 -0.0982382351176296
12 15 0.11299310860412948
12 16 -0.11156014922142665
12 17 -0.009060881988847583
12 18 0.04708877101262561
12 19 0.06397400926501592
12 20 0.06339557154955502
12 21 -0.04951571330289466
12 22 -0.016419324266834942
12 23 0.019248667627018927
12 24 0.005224577682517008
12 25 0.10220820117372982
12 26 -0.0603133866455845
12 27 0.04586938396835015
12 28 0.09457376021095927
12 29 0.03891738236266149
12 30 -0.1623753503117586
12 31 0.04093715039186325
12 32 -0.05763933194275668
12 33 0.027858279761838634
12 34 0.08059298827115888
12 35 -0.006095198754818301
12 36 0.0064561515850441635
12 37 0.07164288560585255
12 38 0.04279554319902631
12 39 -0.005626750903952926
13 13 0.0
13 14 0.13503889360384652
13 15 0.0790956079514125
13 16 -0.05739822432470852
13 17 -0.02231443183328235
13 18 0.13994150278973666
13 19 0.06698059409378485
13 20 0.05081231227950887
13 21 0.0896725096503298
13 22 -0.036440099224772225
13 23 -0.05807974436642196
13 24 -0.08844426449587071
13 25 -0.08336512198111845
13 26 0.05807316043174956
13 27 0.0006392551801272434
13 28 -0.08222270302501009
13 29 0.042804213535177056
13 30 -0.037857522568434984
13 31 0.008540903244174464
13 32 0.008554653565395962
13 33 -0.15402563017326573
13 34 0.021772349466072014
13 35 -0.09335250126109809
13 36 -0.03962370663814037
13 37 -0.03204212004550235
13 38 -0.0049179688279919875
13 39 -0.0480432091242217
14 14 0.0
14 15 -0.1447071347986913
14 16 0.04763431311357386
14 17 -0.005235058376450651
14 18 0.15465755671082457
14 19 0.05862112975840185
14 20 -0.0831485199668102
14 21 -0.02464128167596853
14 22 0.04054452412225135
14 23 0.013925129131856747
14 24 -0.12468789800562927
14 25 -0.12255578582316151
14 26 0.09403227022895139
14 27 0.05920865804364948
14 28 -0.003144510758245614
14 29 0.05842758899820945
14 30 0.025555140058967547
14 31 -0.034949733457541536
14 32 0.0016565313543285593
14 33 -0.11366624306008706
14 34 -0.11313777733498731
14 35 0.09470901448566674
14 36 -0.06858424447695685
14 37 -0.03032189438152975
14 38 0.04533103883357593
14 39 -0.006735287134569721
15 15 0.0
15 16 -0.16863407546972675
15 17 -0.027059524036646743
15 18 -0.05015426292045364
15 19 0.015122250810787875
15 20 0.06343669789831972
15 21 0.012807057424088785
15 22 -0.15685131876469013
15 23 0.012791247807501035
15 24 0.09334747039795285
15 25 0.05909226298764435
15 26 -0.09915505423021807
15 27 -0.018620824172135012
15 28 -0.019699415087144383
15 29 -0.03910903822058885
15 30 -0.06572024375209526
15 31 0.0873469364913444
15 32 -0.01855009988071296
15 33 0.03956153452896135
15 34 0.1028512292255386
15 35 -0.05131702459334483
15 36 0.04907833642937882
15 37 0.03571984041749883
15 38 -0.01440056958895497
15 39 -0.07086335135545223
16 16 0.0
16 17 0.019976853164604826
16 18 -0.08131100541083038
16 19 -0.06857635427723269
16 20 0.008276375286636228
16 21 0.1122156388565781
16 22 0.024176848080709256
16 23 -0.13274337572114553
16 24 0.004878784683837378
16 25 0.03523547041004339
16 26 0.059130447638184945
16 27 -0.039622113404440246
16 28 -0.04612321660422354
16 29 0.0228901679312139
16 30 0.28035618498075005
16 31 0.0005518984640303624
16 32 0.12144833092099258
16 33 -0.002750395544031106
16 34 -0.1301339286163818
16 35 -0.07699349999755202
16 36 0.005021915018293537
16 37 -0.05990305970781083
16 38 -0.03970411179205032
16 39 0.09984656591769395
17 17 0.0
17 18 0.017408830162884522
17 19 0.051222429826499036
17 20 -0.1764031641042307
17 21 -0.1763701153484525
17 22 0.024591713994345246
17 23 0.004642317019807699
17 24 0.025159466705947615
17 25 0.06226442856598298
17 26 0.08830939725099486
17 27 0.06889011966050153
17 28 0.07872079723835629
17 29 0.03823575587339934
17 30 -0.08386662137163291
17 31 -0.016666736343904493
17 32 -0.11551645246932155
17 33 0.012126427095008952
17 34 -0.0929527872629138
17 35 0.07100143019781874
17 36 -0.017938683748613415
17 37 0.030763585532907062
17 38 0.06956885344811209
17 39 -0.04606455851292463
18 18 0.0
18 19 0.07037467846120368
18 20 -0.03569038750637182
18 21 -0.10642806432466952
18 22 0.11488807169054474
18 23 0.1051790855287585
18 24 -0.10825903515257315
18 25 -0.1083983575857314
18 26 0.05142739593561546
18 27 0.06723228922815053
18 28 0.1184799001434855
18 29 0.045743688014938284
18 30 -0.20015340140086688
18 31 -0.045029008945404604
18 32 -0.0807632491840651
18 33 -0.08339057209838913
18 34 -0.01745080667736964
18 35 0.1503941987915654
18 36 -0.06501868023091466
18 37 0.11624875728706965
18 38 0.04479778308848456
18 39 0.015038868576920236
19 19 0.0
19 20 -0.06553300478379195
19 21 -0.02942974015350657
19 22 -0.018851526490189577
19 23 0.004398879716964865
19 24 -0.04904563224844663
19 25 -0.07811151300863094
19 26 0.05399034533726995
19 27 0.12195653336473326
19 28 0.06916608372074326
19 29 0.14705405827917753
19 30 -0.009127162593010829
19 31 0.023110571888940463
19 32 -0.04385992917451087
19 33 -0.052052032197989616
19 34 -0.085425921806131
19 35 0.03996599469773849
19 36 -0.053177179590825886
19 37 0.08601993701456657
19 38 0.0186514070179783
19 39 0.11182874803624969
20 20 0.0
20 21 0.1791261905383304
20 22 -0.038751166749892034
20 23 -0.0016659429162229132
20 24 -0.06959156590284096
20 25 0.02996224895197175
20 26 -0.11229747415293392
20 27 -0.054447255148525275
20 28 -0.03192239541264412
20 29 -0.04100746020682609
20 30 -0.0073326452577462215
20 31 -0.003021904325682468
20 32 0.06861329135864375
20 33 0.09763184675762987
20 34 0.030777565936204215
20 35 -0.0727065501320693
20 36 0.10834613797809418
20 37 -0.03761851959530214
20 38 -0.09583523149023286
20 39 0.008090587409027312
21 21 0.0
21 22 -0.06156650377340502
21 23 -0.11582446403053415
21 24 -0.00904069763756697
21 25 -0.03652290232313103
21 26 -0.03516570925232587
21 27 -0.061512296985267376
21 28 -0.1472016249815885
21 29 -0.005154425566473251
21 30 0.23129357934173395
21 31 -0.00333625408056525
21 32 0.13301464505696386
21 33 -0.0066484958083962336
21 34 0.006493045851951307
21 35 -0.19043774809959457
21 36 0.027296529388066527
21 37 -0.09685583142975424
21 38 -0.10961893033488604
21 39 0.11738822334584842
22 22 0.0
22 23 0.07347802721387393
22 24 -0.13498690319896994
22 25 -0.12042839157202267
22 26 0.10698155473851904
22 27 -0.010417395901827034
22 28 0.07021067170131662
22 29 0.011238617566095826
22 30 -0.15048776281038637
22 31 -0.1425614836614359
22 32 -0.02428332389483513
22 33 -0.1104404642245969
22 34 0.09863813286192334
22 35 0.008619401482797964
22 36 -0.0542737063176118
22 37 0.08182042083729504
22 38 0.028334975652234105
22 39 0.03923328010443336
23 23 0.0
23 24 -0.05255234358440948
23 25 -0.07280979818546639
23 26 -0.06334560743042311
23 27 0.07020875481020153
23 28 0.1433131004231855
23 29 -0.05491222534043786
23 30 -0.2033341629573075
23 31 -0.025498535798763478
23 32 -0.0847171888399729
23 33 0.053734386530059554
23 34 0.03790048838062832
23 35 0.1520408129810572
23 36 -0.0021903383118176507
23 37 0.12551963414362013
23 38 0.04628470333329759
23 39 -0.04433119975849473
24 24 0.0
24 25 0.09622879403945506
24 26 -0.05567031825772908
24 27 -0.013703433540199405
24 28 -0.03085729991595402
24 29 -0.04677001430151678
24 30 0.1355355342222993
24 31 0.04563099898109627
24 32 -0.01855657034176911
24 33 0.0014307837312241543
24 34 0.06988928446810018
24 35 -0.030590309845531766
24 36 -0.039567877954832326
24 37 0.05082279696039638
24 38 0.009239238808035736
24 39 0.1326110178169928
25 25 0.0
25 26 -0.07026740604922144
25 27 -0.015232533897928498
25 28 -0.02137731430689404
25 29 -0.01244464919490944
25 30 0.018849858406119503
25 31 0.036005714486153716
25 32 -0.019080815773066515
25 33 0.07808619987800086
25 34 0.014114221308688116
25 35 -0.009468540021369529
25 36 0.11901410699153281
25 37 -0.06465596950701842
25 38 0.0462327087032554
25 39 -0.06413547492845387
26 26 0.0
26 27 -0.019677580638862623
26 28 -0.031606308683407566
26 29 0.07628864284429396
26 30 0.01083457096474864
26 31 -0.03936659013367734
26 32 0.002330513580161138
26 33 -0.10541858997495965
26 34 -0.06041256416308717
26 35 -0.012466755036616334
26 36 -0.06133608256471425
26 37 -0.030013265241665456
26 38 -0.005075257890543671
26 39 0.008345658954352925
27 27 0.0
27 28 0.1113837755492137
27 29 0.05399165123943617
27 30 -0.03180115620549827
27 31 -0.02248254795286338
27 32 -0.09370466115533663
27 33 0.005934139206381126
27 34 -0.04878730540211117
27 35 0.08236327051509805
27 36 -0.053047408343439705
27 37 0.08201365647007781
27 38 0.0824542524610066
27 39 0.11066127671117183
28 28 0.0
28 29 0.018883942262551523
28 30 -0.17478936057003022
28 31 0.006640078727306177
28 32 -0.09388719961955289
28 33 0.07045344781282836
28 34 -0.038464355797886804
28 35 0.16067917584697936
28 36 -0.037477649927391624
28 37 0.1783387572781403
28 38 0.055365318610271
28 39 0.0426237382120281
29 29 0.0
29 30 0.04211676473090433
29 31 0.004183078543444616
29 32 -0.0005920218489146847
29 33 -0.0689811203414928
29 34 -0.09170697142534759
29 35 0.02785432240705447
29 36 -0.0015183713189880856
29 37 0.039714668690899575
29 38 -0.0009699762421491014
29 39 0.10133541367684396
30 30 0.0
30 31 0.07064112162220697
30 32 0.19500750605903375
30 33 -0.07544738600223558
30 34 -0.08743246638181275
30 35 -0.16353749206988216
30 36 0.016808430828344337
30 37 -0.06235623490282148
30 38 -0.05438041204928784
30 39 0.2026632812954375
31 31 0.0
31 32 0.06702487445500871
31 33 0.03181382847128582
31 34 -0.02870769518303399
31 35 -0.0138768144774634
31 36 0.031745337032903345
31 37 0.022797212938771315
31 38 -0.006412660275516952
31 39 -0.09609039689390704
32 32 0.0
32 33 -0.028665348659150214
32 34 -0.010169945663927243
32 35 -0.10328589035354593
32 36 0.05534988454091144
32 37 -0.04502128409070961
32 38 -0.06342381173089578
32 39 -0.035112121292323786
33 33 0.0
33 34 -0.07677206996188253
33 35 0.03675746880301312
33 36 0.04944212411959933
33 37 -0.05311748123755015
33 38 -0.041674949451319186
33 39 -0.07437577500600809
34 34 0.0
34 35 -0.10415229669486792
34 36 -0.01867194292403585
34 37 0.03744882998701948
34 38 0.044171507746517416
34 39 -0.02714624230739754
35 35 0.0
35 36 0.0393896983699361
35 37 0.14465081498594362
35 38 0.04703315923107562
35 39 0.0039720210346248196
36 36 0.0
36 37 -0.005245912617435654
36 38 -0.029469356579365773
36 39 -0.11142015271761392
37 37 0.0
37 38 0.030573011020846023
37 39 0.1612436556867597
38 38 0.0
38 39 -0.0402800190857787
39 39 0.0
