0 0 0.0
0 1 0.1515028799769256
0 2 -0.06881519685647365
0 3 0.0690611911974612
0 4 -0.19724876286160248
0 5 -0.025633650606548115
0 6 0.00310422922297524
0 7 0.023178861604369237
0 8 -0.11612946474342611
0 9 0.03953457326511085
0 10 0.03961723121526055
0 11 -0.0037680702924523224
0 12 -0.014912609568201955
0 13 0.02350643637587002
0 14 0.042626743855464395
0 15 -0.0926399547586251
0 16 0.06589327445869833
0 17 0.08298381822673237
0 18 -0.10036132390385336
0 19 0.05127193971036342
0 20 -0.10833294591572047
0 21 -0.00586346806517985
0 22 -0.05805847559778138
0 23 -0.05161456099817417
0 24 0.06623518125764041
0 25 0.003829792804859608
0 26 0.0010532496814414766
0 27 0.044283386736828974
0 28 0.19040919092745204
0 29 0.12148523381988263
0 30 -0.08166581791685958
0 31 0.02831431424398876
0 32 0.007376984505061709
0 33 0.14004549188861326
0 34 -0.020477676663322085
0 35 -0.017294592953191662
0 36 -0.1140741148015535
0 37 -0.1758440204403024
0 38 -0.08389123189944003
0 39 0.14067305865052962
1 1 0.0
1 2 -0.11435638228348344
1 3 0.13315889380208604
1 4 -0.2803028121501142
1 5 0.06291402002493567
1 6 0.009230975781874345
1 7 0.04332273839667499
1 8 -0.21082545281225823
1 9 -0.31943636579401485
1 10 -0.02535837275033507
1 11 -0.06988860686836787
1 12 0.06947202521358717
1 13 0.06768223797044388
1 14 0.0886061511620872
1 15 -0.02479313171297482
1 16 0.034056027783293155
1 17 0.08271173752049349
1 18 -0.17207013326162826
1 19 -0.0026803659967387203
1 20 -0.1453132049835696
1 21 0.030161241983262005
1 22 -0.12348872972025296
1 23 0.06455905845987323
1 24 -0.12059635142311673
1 25 -0.10713012491337033
1 26 -0.016326053522218623
1 27 -0.08570803786627004
1 28 0.1810085669839305
1 29 0.21679992383750415
1 30 -0.01844987418047114
1 31 0.08554148048179573
1 32 0.02758302297682772
1 33 0.15229376908451733
1 34 -0.06796444699822922
1 35 0.10192716575576521
1 36 -0.030723681774715007
1 37 -0.1315232431788397
1 38 -0.30425022523317036
1 39 0.042335034775500026
2 2 0.0
2 3 0.05323689561022105
2 4 -0.016055785154575532
2 5 0.13427545672488211
2 6 0.022078054276077223
2 7 0.015502027506502758
2 8 0.12024037087050196
2 9 0.10157617995075581
2 10 0.12782070603029544
2 11 0.029859796063291432
2 12 0.07978029146525581
2 13 -0.12268988626160102
2 14 -0.09107481383778439
2 15 0.10667854267086714
2 16 -0.08292327885506931
2 17 -0.14158787973752132
2 18 0.0572526517140365
2 19 -0.08260196467890073
2 20 0.0224551565492423
2 21 0.0008870477851644955
2 22 -0.0497101154640039
2 23 0.15763768440686862
2 24 0.06037128785766197
2 25 -0.15672425638175883
2 26 0.07375591455146856
2 27 -0.17241271560713592
2 28 -0.03170705278051773
2 29 0.010610896781563964
2 30 -0.0743214725764534
2 31 -0.055929253946640126
2 32 0.08945050656772474
2 33 -0.05852294759757217
2 34 -0.0224302966068149
2 35 0.03803518246897324
2 36 0.014535266858671384
2 37 0.08851494474182292
2 38 -0.02285461949212849
2 39 0.03701977166695066
3 3 0.0
3 4 -0.025212513813826238
3 5 0.15759284038949423
3 6 0.066802717414565
3 7 -0.012725502459578727
3 8 -0.143482393093673
3 9 -0.07715274004618587
3 10 0.11339165953295996
3 11 0.10323592706249396
3 12 0.05203695061582243
3 13 0.06947188664264689
3 14 0.03565157209713753
3 15 0.020529470754488584
3 16 -0.06857652023648002
3 17 0.0725891706570941
3 18 -0.13501352328798696
3 19 0.12358704687476403
3 20 0.005607014910995909
3 21 -0.036785619923713715
3 22 -0.16629397533270612
3 23 0.012964217268977628
3 24 0.056488550737798335
3 25 -0.0768080010926707
3 26 0.06845822698111187
3 27 0.06970308835960035
3 28 0.11411010928235568
3 29 0.10356233456911008
3 30 -0.058335685354367464
3 31 0.01859893676124332
3 32 0.016377885242406097
3 33 0.08718127800582179
3 34 -0.16046762105843493
3 35 0.0480587865185792
3 36 -0.04745195641433594
3 37 0.026712912611930408
3 38 -0.1187140435263861
3 39 0.09303633645247116
4 4 0.0
4 5 0.1501976973022024
4 6 0.07452529206169131
4 7 0.02987116968572201
4 8 0.0747979733519445
4 9 0.10516719041211323
4 10 -0.08028927659896568
4 11 0.10078226520233895
4 12 0.03323032942296129
4 13 0.08742568022838292
4 14 0.12516976934444718
4 15 -0.02494163255349222
4 16 0.07498828271072448
4 17 0.05397027836008196
4 18 -0.005419076001774784
4 19 0.012318695024525022
4 20 0.19335431820956214
4 21 0.1503398478654538
4 22 0.028760241640995787
4 23 0.01623529578318873
4 24 -0.049703600178649124
4 25 -0.019747738736987062
4 26 0.049303571234768126
4 27 0.04404681740616591
4 28 -0.15160798528457306
4 29 -0.19448468314736284
4 30 0.1054520643961759
4 31 -0.05888336964065105
4 32 0.026490674947821813
4 33 -0.09580319005892259
4 34 0.11764167016531579
4 35 0.09153613948888764
4 36 0.04355598334531994
4 37 0.372031702091907
4 38 0.11027255384971746
4 39 -0.40075239783213484
5 5 0.0
5 6 0.05746241471429368
5 7 0.025623580002983388
5 8 0.016767800358064456
5 9 0.04148393612675823
5 10 0.15966428315611472
5 11 0.11174989928801482
5 12 0.06589879555455433
5 13 -0.062186164521015885
5 14 0.01975281746319909
5 15 -0.03486733338024754
5 16 -0.026334609260792924
5 17 0.0072320227739419455
5 18 -0.10763458640847737
5 19 -0.11977867346055286
5 20 0.07948991953396571
5 21 -0.012151001064181231
5 22 -0.03086958698370524
5 23 0.12781583424992515
5 24 -0.013205758018561794
5 25 -0.15912666063221398
5 26 0.03168830963682823
5 27 -0.07654083492765248
5 28 0.06866005507338864
5 29 0.015473054604381791
5 30 -0.009459457773327642
5 31 0.039107376957597785
5 32 0.04270785404037329
5 33 0.04273843283388161
5 34 0.08979640775943644
5 35 0.04319631737355185
5 36 0.02658144944791709
5 37 0.15227160343946988
5 38 -0.130141704530425
5 39 -0.11578385306974656
6 6 0.0
6 7 -0.01563061056070069
6 8 -0.03780454753428492
6 9 0.12126622083923377
6 10 0.08486236967252364
6 11 0.016641739151675848
6 12 -0.052417315940335954
6 13 0.08081712281688028
6 14 -0.009019100873212725
6 15 -0.04964768791731555
6 16 -0.07459671655579252
6 17 0.026193257113112812
6 18 -0.02496351379449508
6 19 0.04335143278285593
6 20 0.027405988949079706
6 21 0.04434774292931122
6 22 -0.07706585245352773
6 23 -0.005968948308582743
6 24 0.038515263534031806
6 25 0.05315882810988878
6 26 0.09053231424796448
6 27 -0.018665275588039678
6 28 0.11352414612712733
6 29 0.058435839185104185
6 30 -0.01184391079626176
6 31 -0.04186346074308932
6 32 -0.0037761349545530182
6 33 -0.00742921075957958
6 34 -0.012678990850327055
6 35 0.09422113901092397
6 36 0.06433632474559624
6 37 0.18335576310886442
6 38 -0.006142262295366567
6 39 0.10810301089916341
7 7 0.0
7 8 0.054949976847944636
7 9 0.005194066303503849
7 10 -0.017204893024869085
7 11 -0.031948958147335456
7 12 0.03842017008504261
7 13 -0.03582558619878358
7 14 0.08376413475423242
7 15 -0.07778593993456343
7 16 0.11636919747097078
7 17 0.0043527129230989696
7 18 -0.13334068309541633
7 19 0.0038698045209888295
7 20 -0.04836602053807462
7 21 -0.03950033537130764
7 22 0.04953683371640666
7 23 -0.06463260182729644
7 24 -0.009005649771566778
7 25 -0.10708709607860889
7 26 -0.04694411773964956
7 27 -0.061724691026340185
7 28 -0.03222483495453991
7 29 0.05926808677603394
7 30 -0.0162515681983232
7 31 -0.03345905592105513
7 32 0.06593649026745943
7 33 0.14014557473644634
7 34 0.0046727538819644615
7 35 0.05435111445103822
7 36 -0.008230527494283251
7 37 0.013625813004070592
7 38 0.0028620104189117216
7 39 -0.05141571558512411
8 8 0.0
8 9 0.08639089204489041
8 10 0.01145648383808102
8 11 -0.03027776939887248
8 12 0.007425191775654714
8 13 -0.12395399736893238
8 14 -0.05736163425479259
8 15 0.022353610178503923
8 16 0.00047513068540428854
8 17 -0.1176601606162799
8 18 0.061406280523772075
8 19 -0.11428335277462162
8 20 0.037251689171097155
8 21 -0.04934983519752965
8 22 0.12589289150156474
8 23 0.018426396452687628
8 24 -0.01419115453087246
8 25 -0.05250329763412798
8 26 -0.04122988246161577
8 27 -0.11175157115511425
8 28 -0.15445575552721796
8 29 -0.07102859110422302
8 30 0.019052941842016898
8 31 -0.042342667451978504
8 32 0.028325484563742315
8 33 -0.04622004726517727
8 34 0.07850711552202466
8 35 -0.018203563069423633
8 36 0.08217474933417981
8 37 0.0819112978058534
8 38 0.10341265277466909
8 39 -0.06609906421193716
9 9 0.0
9 10 0.13883597139581355
9 11 0.03324560623037735
9 12 -0.05063044845579308
9 13 -0.030642134380385093
9 14 -0.07185045786055512
9 15 -0.05345974709632421
9 16 -0.01114102097364878
9 17 -0.017711390268697162
9 18 0.05593718584666233
9 19 -0.03409174658149323
9 20 -0.02959624983335441
9 21 0.145273600113626
9 22 -0.04699243089935274
9 23 0.017827070293283794
9 24 0.17509601649907255
9 25 0.025557277955311503
9 26 0.11979494583798297
9 27 -0.07671744741133196
9 28 0.1439561540873123
9 29 0.014911515621497807
9 30 -0.15857994926191027
9 31 -0.08437344023635525
9 32 0.042716577636387844
9 33 -0.009803789800300222
9 34 0.10511516912017609
9 35 -0.009105679428296888
9 36 -0.05422543468194198
9 37 0.12528888294203847
9 38 0.08630544408761337
9 39 0.11242361115288016
10 10 0.0
10 11 0.04948551421582893
10 12 -0.02372790870869048
10 13 -0.03952390533545795
10 14 -0.08285161913150081
10 15 -0.02259187643586619
10 16 -0.11004157242181296
10 17 -0.013178533644531698
10 18 -0.037553471588162815
10 19 -0.0492737855668973
10 20 -0.010149273742530671
10 21 -0.05215698605852363
10 22 -0.052398708196302046
10 23 0.02928695661701841
10 24 0.07765433438230662
10 25 -0.023569898327227938
10 26 0.049136744238717264
10 27 -0.04948358621338768
10 28 0.12845688083525147
10 29 0.083768764673334
10 30 -0.08448327271315126
10 31 0.0036675847633387696
10 32 -0.00812007815962856
10 33 0.03897761882090456
10 34 0.004036689661145137
10 35 -0.016865264999375008
10 36 0.03829909328575445
10 37 0.06424297971754708
10 38 -0.04993324641437574
10 39 0.17354110150109867
11 11 0.0
11 12 0.005318595307584613
11 13 -0.07180018082084862
11 14 -0.0063668665304895304
11 15 0.0026863245518142552
11 16 -0.021139778589405224
11 17 -0.00023875338099528558
11 18 -0.039304092888186676
11 19 0.017160730467792127
11 20 0.11128863166890521
11 21 0.012529854440242707
11 22 0.008003452647120216
11 23 0.04933413248959366
11 24 0.01923155310353567
11 25 -0.045989292104941085
11 26 0.02078692385237799
11 27 0.07926670214379666
11 28 -0.009240313177993767
11 29 -0.04797000085112149
11 30 0.013733386621523149
11 31 0.07137966025484534
11 32 0.025316070726268423
11 33 0.0023162653701411383
11 34 0.006500791772737007
11 35 0.01988209457823331
11 36 -0.034045070538938835
11 37 0.017146750475881795
11 38 0.012723672550700078
11 39 -0.06113058723944459
12 12 0.0
12 13 -0.013345833657063544
12 14 0.036897811696924125
12 15 0.10716281326822649
12 16 0.04879560022522428
12 17 -0.030408362012117607
12 18 0.008391528797177094
12 19 -0.01515468599142288
12 20 -0.05047726334963944
12 21 0.1015280330575196
12 22 -0.10341194625445205
12 23 0.12916816813871576
12 24 0.008520330563988338
12 25 -0.16856216481370018
12 26 0.04802946930542899
12 27 -0.10984194023764611
12 28 -0.021764932790642462
12 29 0.010740751638746392
12 30 -0.07522868099035607
12 31 -0.040881162008189344
12 32 0.09115913179466748
12 33 -0.009917076309693258
12 34 -0.04063383341702238
12 35 0.028032855937211703
12 36 -0.10013204613395396
12 37 -0.01123636936785016
12 38 -0.09609450027644553
12 39 -0.12275073350737482
13 13 0.0
13 14 0.0925024333613394
13 15 -0.020427018120022886
13 16 -0.011131458060948406
13 17 0.17529912865603892
13 18 0.011595521446715367
13 19 0.12272991717786959
13 20 -0.11948560700272255
13 21 0.05899875894749803
13 22 -0.1899408498458494
13 23 -0.11534965951597209
13 24 0.02364006361899082
13 25 0.15915802283304917
13 26 0.06753072624610149
13 27 0.05202845059870219
13 28 0.14359739360194826
13 29 0.06068696582371297
13 30 -0.03157672619392768
13 31 -0.1264829924224203
13 32 -0.1036190418787613
13 33 -0.021177035114363956
13 34 -0.07600881436440415
13 35 -0.026986061519016318
13 36 0.005770478099226218
13 37 0.12244939228501103
13 38 -0.0669909379448134
13 39 0.05867495478719659
14 14 0.0
14 15 -0.13875588071711234
14 16 0.17933067926268237
14 17 0.09450811992920631
14 18 -0.11484145295942472
14 19 0.04178472796455347
14 20 0.022870977544282807
14 21 -0.03614909758719545
14 22 0.012367645525982119
14 23 -0.042890922702130685
14 24 -0.0430725221954821
14 25 -0.033575040103031424
14 26 -0.03151072938907773
14 27 0.04637362569639136
14 28 0.04123759220739624
14 29 -0.009328639435990169
14 30 0.10282583265963266
14 31 -0.03201565761861176
14 32 0.03111746444624896
14 33 0.07781117927344619
14 34 0.042742066540521345
14 35 0.08128072437209724
14 36 -0.05285889853026513
14 37 -0.009533381496864403
14 38 -0.053476579865874826
14 39 -0.16126090173525479
15 15 0.0
15 16 -0.14093459297361294
15 17 -0.09499571748285586
15 18 0.16179898023294975
15 19 0.022124629354626918
15 20 -0.07100802825546518
15 21 0.18949338869872395
15 22 -0.15762756128912586
15 23 0.14498786673928896
15 24 0.03416941118099566
15 25 -0.08322432951973079
15 26 0.09467783801354707
15 27 -0.09973752161876229
15 28 -0.11442580764644125
15 29 -0.01313395448897529
15 30 -0.16147465309173023
15 31 -0.025911511892840557
15 32 0.03622246383745575
15 33 -0.13734526773029326
15 34 -0.14764801662426902
15 35 -0.05296746397262616
15 36 -0.05449533186641906
15 37 0.021860403683083528
15 38 -0.014985960362733242
15 39 -0.001574882874935231
16 16 0.0
16 17 0.048844542493913304
16 18 -0.09457653418972686
16 19 -0.00947922332440444
16 20 -0.0024891582472901875
16 21 -0.011243676681354169
16 22 0.07884015178168863
16 23 -0.023283671630140848
16 24 -0.029580911578905644
16 25 -0.07804675967662386
16 26 -0.06303626269243547
16 27 0.01045777865051608
16 28 0.007962365430502421
16 29 -0.030042031719872853
16 30 0.07218924516207688
16 31 -0.015302066164549552
16 32 0.07188220155629257
16 33 0.09723617916152903
16 34 0.09956616883649318
16 35 0.05148564526749315
16 36 -0.10996719720532086
16 37 -0.11217525134942471
16 38 -0.020160662289675356
16 39 -0.1955389316880159
17 17 0.0
17 18 -0.09737151056404794
17 19 0.07991451317730736
17 20 -0.07191028064429963
17 21 0.005244554849256462
17 22 -0.06518798132437942
17 23 -0.133292023609062
17 24 0.010786427583084113
17 25 0.0925690911334642
17 26 -0.011499423923040868
17 27 0.11407367975471297
17 28 0.12272456922961013
17 29 0.05285140841860081
17 30 -0.02227688205003203
17 31 -0.005321668755326161
17 32 -0.07633250585418781
17 33 0.09291115383147389
17 34 -0.007668380265704111
17 35 -0.04928287419780965
17 36 -0.03287651216919846
17 37 0.0038930090433537496
17 38 -0.048418400415662116
17 39 0.010558862640163674
18 18 0.0
18 19 -0.06517682903015594
18 20 0.016840189664317304
18 21 0.10871904915282331
18 22 -0.0476765766244717
18 23 0.14031059478620317
18 24 0.018296010052446975
18 25 0.0757325131333452
18 26 0.07358451384575451
18 27 -0.06883138372109304
18 28 -0.04989845684434987
18 29 -0.11485585076719007
18 30 -0.004512098124259535
18 31 -0.05673710856109622
18 32 -0.022944109114345527
18 33 -0.248144291072185
18 34 0.02568665574370125
18 35 -0.057842509965378396
18 36 -0.000561891124008765
18 37 0.009660836851954418
18 38 0.03885490207794923
18 39 -0.005659849138655551
19 19 0.0
19 20 -0.04048904406203924
19 21 0.03698573207917293
19 22 -0.10311229401153854
19 23 -0.12871530790829613
19 24 0.06056939428714392
19 25 0.057930967290951964
19 26 0.0416682242701587
19 27 0.13095700016697215
19 28 0.010173053649588508
19 29 0.05873168534046287
19 30 -0.05282207466974483
19 31 -0.027612409726531256
19 32 -0.007015132417149244
19 33 0.06364259765282457
19 34 -0.1869168564055937
19 35 0.03183326244829528
19 36 -0.05403226010808696
19 37 0.00052290607097693
19 38 0.05275179232975119
19 39 0.10161407071198705
20 20 0.0
20 21 -0.10797209970106007
20 22 0.17032684988933516
20 23 0.07253867389698877
20 24 -0.08097365086380365
20 25 0.012029230100159858
20 26 -0.031149725644345767
20 27 0.10303990574788931
20 28 -0.12172357082646221
20 29 -0.17598590007684925
20 30 0.2456636576495458
20 31 0.08259634569201169
20 32 0.01568719555351787
20 33 -0.10546291285695178
20 34 0.10023029102419287
20 35 0.10733197885535606
20 36 0.08899278346360666
20 37 0.07519322589842822
20 38 0.09309111553758191
20 39 -0.16589175136831671
21 21 0.0
21 22 -0.2255147738420705
21 23 0.1629548782764976
21 24 0.0721105928641464
21 25 -0.0804814069970788
21 26 0.1743735390742328
21 27 -0.1198665842101975
21 28 0.05473606752818273
21 29 0.014870804481971464
21 30 -0.2199016435182472
21 31 -0.050814427331593734
21 32 0.09009138318658014
21 33 -0.08613438978697957
21 34 -0.029523988528395606
21 35 0.028451470942066254
21 36 -0.16183836542649643
21 37 0.09453877958071397
21 38 -0.05611384364738089
21 39 -0.09925544851404373
22 22 0.0
22 23 -0.09618609150835117
22 24 -0.11425192206875237
22 25 0.04605164568860282
22 26 -0.1825742607374168
22 27 0.09056363903444312
22 28 -0.18079191966087801
22 29 -0.12755274580426335
22 30 0.22256489653287584
22 31 0.1074739490429045
22 32 -0.029679753338153963
22 33 0.0327646266815513
22 34 0.15803279221597843
22 35 -0.00621195167077554
22 36 0.1260889417423904
22 37 -0.06836215791361187
22 38 0.15637929589028524
22 39 -0.10920816517719298
23 23 0.0
23 24 -0.004653646753276277
23 25 -0.1794231453073709
23 26 0.11694898852888665
23 27 -0.17636195865927365
23 28 0.02159590173313806
23 29 -0.061431801683031126
23 30 -0.01309989231442484
23 31 0.0028868133036741165
23 32 0.12634498920362577
23 33 -0.16706222623921735
23 34 0.05923962788725438
23 35 0.09001113999189977
23 36 -0.08672460864274065
23 37 0.003590192034483216
23 38 -0.13232920129536424
23 39 -0.1419416629259704
24 24 0.0
24 25 -0.003925096501507954
24 26 0.08286523655694192
24 27 -0.013360704994999186
24 28 0.1005804976347556
24 29 0.06085428529354183
24 30 -0.15016962526270453
24 31 -0.05546122143720572
24 32 0.02295581136932346
24 33 0.022222452698139026
24 34 -0.06197369185295949
24 35 -0.03285578604280583
24 36 -0.08747480762123341
24 37 -0.011593410716579794
24 38 0.008788822048058146
24 39 0.14109233029914195
25 25 0.0
25 26 -0.032090578592552335
25 27 0.16753294139792416
25 28 0.05007589232940307
25 29 -0.03665511760936106
25 30 0.08371954998729401
25 31 -0.0030927449622475157
25 32 -0.17329716156538916
25 33 -0.06527974273971561
25 34 0.018727506878843576
25 35 -0.09246726811729535
25 36 0.10687302237279392
25 37 0.01904200842702295
25 38 0.10476380397808498
25 39 0.15216588818376345
26 26 0.0
26 27 -0.0789807554575547
26 28 0.09938956966778327
26 29 0.03451242961921042
26 30 -0.10911068762402128
26 31 -0.07133186314018244
26 32 0.050945248097538184
26 33 -0.07804741608111747
26 34 -0.05565455256450297
26 35 0.05697465365940261
26 36 -0.06344770684598036
26 37 0.10228048166277268
26 38 -0.05377690811961746
26 39 0.04808112984066346
27 27 0.0
27 28 -0.02184229850831196
27 29 -0.06852956902578462
27 30 0.11507089361364324
27 31 0.10002849056405674
27 32 -0.10483030242951123
27 33 0.04446761249267481
27 34 -0.02915594293826495
27 35 -0.059959211373814256
27 36 0.0025474671637803863
27 37 -0.09176677541555746
27 38 0.10323078929704635
27 39 0.012196724002464339
28 28 0.0
28 29 0.15357177156927299
28 30 -0.10353682338924941
28 31 -0.036605276969244024
28 32 -0.01780370139373561
28 33 0.06947475918240761
28 34 0.028447252243854203
28 35 0.008662584998191102
28 36 -0.09129175924569853
28 37 -0.04454121078156454
28 38 -0.17799479354400705
28 39 0.19454609471380002
29 29 0.0
29 30 -0.15746328794752412
29 31 -0.028941377933423745
29 32 0.01079175644736524
29 33 0.15043756826037297
29 34 -0.10737509652649672
29 35 0.008868985498539789
29 36 -0.023748245699328922
29 37 -0.0203517224323786
29 38 -0.10145889092844936
29 39 0.21445600027659156
30 30 0.0
30 31 0.056761252297094944
30 32 -0.03791332341241125
30 33 -0.07648917101745664
30 34 0.12694091866803955
30 35 0.0957230945290353
30 36 0.13186897726689212
30 37 0.004231802290073019
30 38 0.05991213493066484
30 39 -0.1639955388084463
31 31 0.0
31 32 -0.016845176047843042
31 33 0.04193867014121581
31 34 0.035924823878236166
31 35 -0.02126537295577419
31 36 0.006216618631272154
31 37 -0.10940633732679501
31 38 0.0072128348166106745
31 39 -0.028923387086825784
32 32 0.0
32 33 0.017825232820213012
32 34 -0.008230662405800119
32 35 0.11015089619251654
32 36 -0.08904370002335765
32 37 -0.010383358950570189
32 38 -0.03245230905273366
32 39 -0.08500014274145504
33 33 0.0
33 34 -0.04066267967956774
33 35 -0.002577578626583094
33 36 -0.03760239110028739
33 37 -0.08359547673740295
33 38 -0.02905478770002449
33 39 0.08006364709268712
34 34 0.0
34 35 -0.0039950718472348545
34 36 0.033240395347258665
34 37 0.012126852770722904
34 38 -0.0000930698667402538
34 39 -0.17132594513620933
35 35 0.0
35 36 0.013918056440677696
35 37 0.10207719731165184
35 38 -0.026018935430453555
35 39 -0.06868848093880273
36 36 0.0
36 37 0.1707479395440214
36 38 0.07760889720113788
36 39 0.055347657268337694
37 37 0.0
37 38 0.04998033064033803
37 39 -0.06887371007742646
38 38 0.0
38 39 0.008359517440455861
39 39 0.0
