0 0 0.0
0 1 -0.01438470255166944
0 2 -0.017924554542800432
0 3 0.09292892435218505
0 4 -0.01047486067231065
0 5 -0.237388441222867
0 6 0.07956455565017259
0 7 -0.1680278162229525
0 8 -0.06579636969121795
0 9 -0.10328082234217562
0 10 0.11544169998146783
0 11 0.0648133501098308
0 12 -0.05020323914008984
0 13 0.07701526780969051
0 14 -0.19669862725983295
0 15 0.041982160788408995
0 16 0.24938177792083294
0 17 0.11029465481183538
0 18 -0.15532816103836114
0 19 -0.023915775833004135
0 20 0.019445189114144824
0 21 0.16027798533349402
0 22 0.13573162054247703
0 23 -0.06634333006866279
0 24 0.057298236161879
0 25 -0.024008451543354705
0 26 0.1922350767182755
0 27 -0.004053684713597028
0 28 -0.11045389469348088
0 29 -0.05321133837704274
0 30 0.03934438161526322
0 31 -0.013949235110638003
0 32 0.081138144286141
0 33 0.057602715509803185
0 34 0.1519017205349585
0 35 -0.10500730963124509
0 36 -0.17681695498680575
0 37 0.052913486311514144
0 38 -0.06295558455029725
0 39 0.12360397719201463
1 1 0.0
1 2 0.027432439890276033
1 3 0.06884336243297245
1 4 -0.06327078116132732
1 5 -0.07964062189467333
1 6 0.1443935834051113
1 7 -0.08314324851681827
1 8 0.1486175452682589
1 9 0.07260814116004521
1 10 0.03877583232217393
1 11 -0.11046017883537702
1 12 0.05598587074963461
1 13 -0.2538092441744547
1 14 0.02597284582607918
1 15 0.14178349372565563
1 16 0.17788947264464777
1 17 0.04658566620888006
1 18 0.2064811202063468
1 19 0.19120474909633686
1 20 0.27966478131812256
1 21 -0.015506864836730905
1 22 0.07724029763380472
1 23 -0.05433039333690885
1 24 -0.007342004341400939
1 25 0.13749506534028416
1 26 0.060951406251395356
1 27 -0.08146224206690718
1 28 -0.003487838044600682
1 29 -0.03352552837072289
1 30 0.004390882234859852
1 31 -0.20509974429222896
1 32 0.16920260778058974
1 33 0.07058849471455976
1 34 -0.08155840443606718
1 35 0.04557118005057139
1 36 -0.11892443751611832
1 37 -0.29754622441032313
1 38 0.011506700905717013
1 39 -0.0042266623986115335
2 2 0.0
2 3 -0.15574856771296802
2 4 -0.09019325854191643
2 5 0.022074879144481578
2 6 -0.05429131288841763
2 7 0.008361320028102866
2 8 -0.0005712978460662286
2 9 0.0041118648517092056
2 10 0.055200616631244606
2 11 -0.012342422045889962
2 12 0.0011815258665310608
2 13 -0.04930247340358901
2 14 0.012100960606364258
2 15 -0.0010798495330874042
2 16 -0.06920711945894364
2 17 -0.004380235679794602
2 18 0.006766078749011422
2 19 -0.021994358287642367
2 20 -0.11349578215874637
2 21 -0.1520515196051235
2 22 -0.0009859369748657471
2 23 0.006464570558182922
2 24 -0.042805987934896275
2 25 0.12225563492485496
2 26 0.0001201631314797322
2 27 0.0024458861659352633
2 28 -0.01988646663124575
2 29 0.003393191085052957
2 30 -0.023433990717765963
2 31 0.006100183490297849
2 32 -0.045631211173666524
2 33 0.03443064531111446
2 34 -0.08839881642494817
2 35 -0.07441057795533129
2 36 0.07477626621285441
2 37 -0.056829028729131904
2 38 0.05182709785645906
2 39 -0.060454413956250695
3 3 0.0
3 4 0.11542951463051368
3 5 -0.13224128861564813
3 6 0.20551996190101068
3 7 -0.1837948968671181
3 8 -0.16409614724078894
3 9 0.04234749797256714
3 10 -0.09669417527888005
3 11 -0.0021049176216272132
3 12 0.08878983048884018
3 13 0.018264377411924975
3 14 -0.11284251696354974
3 15 0.1655609726255298
3 16 -0.10414009570242225
3 17 0.043935690614851336
3 18 0.1986366034844071
3 19 0.1653330764017271
3 20 0.06271038968803312
3 21 0.12909754775792032
3 22 0.12022063605381055
3 23 -0.034566579828552095
3 24 0.1595068920417977
3 25 -0.038632300699556046
3 26 -0.01968481542191688
3 27 -0.019766185803767444
3 28 -0.02617265493038488
3 29 0.00495932730830581
3 30 0.18815520255394597
3 31 -0.07842774949873708
3 32 0.2339978409331088
3 33 -0.051577718400298324
3 34 0.07020982130526857
3 35 0.18798721945241656
3 36 -0.08090479056679246
3 37 -0.0856184970265954
3 38 -0.03977026023996744
3 39 0.010051641769404127
4 4 0.0
4 5 0.07193738712255159
4 6 0.042169030714390564
4 7 0.03405124189392868
4 8 -0.06264254901790517
4 9 -0.06572803397004141
4 10 -0.1329192283079214
4 11 0.05445093100631323
4 12 -0.2714519409048611
4 13 0.15527139999069423
4 14 -0.030986778416436035
4 15 0.030543755127995238
4 16 0.15496965779966876
4 17 0.03914068497562713
4 18 -0.014136666340552903
4 19 -0.11357799708938972
4 20 -0.10255807227652255
4 21 0.06927907417202842
4 22 -0.08585930027208458
4 23 0.014929524119097001
4 24 0.18291074460906967
4 25 0.02270818827783976
4 26 0.03693692172836297
4 27 -0.03699014461727573
4 28 -0.10973334963011434
4 29 -0.05927233505650089
4 30 0.005443658980502116
4 31 -0.038029013159291934
4 32 -0.009804385521294905
4 33 -0.15109471279115008
4 34 -0.018398088202259688
4 35 0.09645401567520898
4 36 0.0362939523090215
4 37 0.08592960854956665
4 38 0.10160937871968442
4 39 0.030177092468235474
5 5 0.0
5 6 -0.07065227405919257
5 7 0.1552118222708862
5 8 0.06625484066346979
5 9 0.0478989266732978
5 10 -0.03278515432551044
5 11 -0.008207277313074931
5 12 -0.056441591892672914
5 13 -0.01679612666022071
5 14 0.09332009511594469
5 15 -0.07492831664870084
5 16 -0.06049741769064245
5 17 -0.05933816411769628
5 18 0.023014435075545722
5 19 -0.061287420272484426
5 20 -0.07937657887949179
5 21 -0.0615139190450269
5 22 -0.11917312834799021
5 23 0.036336631411896504
5 24 -0.0038741444395826996
5 25 -0.009089415088276626
5 26 -0.09808669426670598
5 27 0.06502260894777792
5 28 0.010646782574754517
5 29 0.012196892757684333
5 30 -0.06520512399781865
5 31 0.010181512688717267
5 32 -0.07815945207438028
5 33 -0.06038165536999303
5 34 -0.08223940314458393
5 35 -0.0019165662549749229
5 36 0.11513368545384925
5 37 0.09414063218263588
5 38 0.04559368552015679
5 39 -0.07567321108426853
6 6 0.0
6 7 -0.03253627333960474
6 8 -0.005691757510399251
6 9 0.05761576318957923
6 10 -0.006767524103834489
6 11 0.0081002968702412
6 12 0.012980233610938322
6 13 -0.07700645482842658
6 14 -0.009475687058102752
6 15 0.14197022832137396
6 16 0.06940649815090941
6 17 0.06215067206373435
6 18 0.11672752435898068
6 19 0.11902785358007237
6 20 0.14886257920556184
6 21 0.05639763131959184
6 22 0.07463840584896711
6 23 -0.0033530143829464698
6 24 0.057963136281874585
6 25 -0.005410101734304155
6 26 -0.029346006528975187
6 27 0.028975152242881403
6 28 -0.05628884402854352
6 29 -0.029770589110387834
6 30 0.039382684530971226
6 31 -0.1419537362998352
6 32 0.09682889429108313
6 33 -0.023841151230166245
6 34 0.024113173127759818
6 35 0.006214670738015095
6 36 -0.08967901483282406
6 37 0.009532893949601228
6 38 0.008515705077227903
6 39 -0.005467673419584368
7 7 0.0
7 8 0.13238352266499895
7 9 0.06449207780271324
7 10 -0.010064793185040801
7 11 0.0449992252808672
7 12 -0.05089892161312556
7 13 -0.030701617232484046
7 14 0.12086652187879096
7 15 -0.08368718016638431
7 16 -0.007760525077633218
7 17 0.02799141678224999
7 18 -0.11297145916796913
7 19 -0.08876359096485391
7 20 0.09017305293331776
7 21 -0.08115328956788001
7 22 -0.12722164965132582
7 23 0.10409620951463099
7 24 -0.09184293833904163
7 25 -0.03151769348493354
7 26 -0.11753539637573215
7 27 0.07986635993156166
7 28 -0.040738871281888786
7 29 0.018576666819320457
7 30 -0.09366858789573783
7 31 -0.03518818691958599
7 32 -0.17829275369099795
7 33 -0.04403537332909505
7 34 -0.03227178387994474
7 35 -0.10791174117131112
7 36 0.0386854953147604
7 37 0.23163772163757676
7 38 0.01889915801411714
7 39 -0.027631128165416817
8 8 0.0
8 9 0.08566733007156939
8 10 0.08075242763648979
8 11 0.005410418414496072
8 12 0.040342856580918456
8 13 -0.13176916800843558
8 14 0.08479661880744607
8 15 -0.0803895910798198
8 16 0.1402517586237609
8 17 0.004668365260904905
8 18 -0.037370250716061246
8 19 -0.024162886521359703
8 20 0.15619835487954536
8 21 -0.01159958386764399
8 22 -0.10173885725506052
8 23 0.0051497066858825465
8 24 -0.056716999306756485
8 25 -0.06685968516974618
8 26 0.006351158220407783
8 27 0.05993805133430062
8 28 -0.001405043539939157
8 29 -0.02929329364492329
8 30 -0.05199698482413835
8 31 -0.06341519141442763
8 32 -0.03532791412256262
8 33 0.03693890699009746
8 34 -0.018790577561952314
8 35 -0.10365819485891518
8 36 -0.09101223079322547
8 37 0.0686277428521608
8 38 -0.07766322319428412
8 39 0.00808611728636358
9 9 0.0
9 10 0.21279128879641812
9 11 0.11079071730097663
9 12 0.2184167083377641
9 13 0.028014869630808605
9 14 0.13076121097785615
9 15 -0.06153902223629236
9 16 -0.05100922231969753
9 17 0.08310658855680916
9 18 0.202734440844556
9 19 -0.050623696955867395
9 20 0.04511349640262707
9 21 -0.17991696431356544
9 22 -0.0033626706388909756
9 23 0.006245074698586431
9 24 -0.007331922647062647
9 25 -0.06467765417003091
9 26 0.002320798356812394
9 27 0.12731169285407218
9 28 0.015734678276888115
9 29 -0.03080310762989801
9 30 0.1538768732906217
9 31 -0.07382104263698672
9 32 -0.11363344537510131
9 33 0.055647954977292594
9 34 -0.09433276657654407
9 35 -0.021732493107346932
9 36 -0.11047021907661034
9 37 0.07927825928457091
9 38 -0.07689258119712605
9 39 -0.010268324192686454
10 10 0.0
10 11 0.07986295786169154
10 12 0.1511985939151247
10 13 0.06498217102166406
10 14 -0.0050709208019290046
10 15 -0.12615661353319158
10 16 0.11781981090892621
10 17 0.1003933520231636
10 18 0.04343719076057666
10 19 -0.09286680431721096
10 20 0.0060202617272749155
10 21 -0.0634443077668025
10 22 0.10079362979187483
10 23 -0.05180362254516987
10 24 -0.05723754830003188
10 25 -0.032485971592014565
10 26 0.12755887596676813
10 27 0.13138792832879068
10 28 -0.011659398999041483
10 29 -0.014969760349302239
10 30 0.06729629704187313
10 31 -0.02000376316610087
10 32 -0.0987227915031401
10 33 0.1295554526256176
10 34 -0.01891248636085039
10 35 -0.10478224564917853
10 36 -0.12823149367267997
10 37 0.08789900916957799
10 38 -0.08025371964072639
10 39 0.04915923129350652
11 11 0.0
11 12 0.023089535429416864
11 13 0.13857926482786143
11 14 0.05746077965640375
11 15 -0.05058490069536059
11 16 0.03699623209884896
11 17 0.07676121859744961
11 18 -0.026077442114942034
11 19 -0.15012618348537848
11 20 -0.059018100653100855
11 21 -0.10920935492417645
11 22 -0.0770121011156047
11 23 0.026537681767170494
11 24 0.04983616970604339
11 25 -0.07180381106639863
11 26 0.06214734115261733
11 27 0.03683885368542952
11 28 -0.04369272966138325
11 29 -0.06830324335235509
11 30 0.10738357974428418
11 31 0.008284397758235569
11 32 -0.1417984112961273
11 33 -0.008914335899864453
11 34 -0.013931913496909382
11 35 -0.05965582124324048
11 36 -0.0927148620780331
11 37 0.13892017377767163
11 38 -0.0493215187495261
11 39 0.051697806727550935
12 12 0.0
12 13 -0.05839058641531856
12 14 0.039514711801892415
12 15 -0.07337913246024683
12 16 -0.2403112005575189
12 17 0.008011630150344487
12 18 0.12529136263106977
12 19 0.05967228212363089
12 20 0.07235268164067298
12 21 -0.11679189634333978
12 22 0.038823542369790416
12 23 -0.01630521324596946
12 24 -0.08633545359479279
12 25 -0.08891035144148561
12 26 -0.010504396181465321
12 27 0.05817788554314093
12 28 0.10293715401099705
12 29 0.04381145327031756
12 30 0.17550107073032897
12 31 0.03232997781572254
12 32 0.019085680752235722
12 33 0.12924160420255554
12 34 -0.006942014390046746
12 35 0.01086761898242955
12 36 -0.10384535460946913
12 37 -0.0670486065703333
12 38 -0.18008681251886288
12 39 -0.005400279346469012
13 13 0.0
13 14 -0.02216588029882945
13 15 -0.11852631683043904
13 16 0.026100364773071965
13 17 0.08315483093424193
13 18 -0.08085742405658679
13 19 -0.23434439117522637
13 20 -0.18022304561479266
13 21 -0.05115839544711577
13 22 0.006578499909394501
13 23 0.009952179529397162
13 24 0.04823407552085025
13 25 -0.024061302744606213
13 26 0.1354126799418141
13 27 -0.03745954551799911
13 28 -0.009782844546136846
13 29 -0.01683059460071977
13 30 0.105344121539712
13 31 0.12439899238788284
13 32 -0.1960990970771714
13 33 -0.012138776032289482
13 34 0.010404003126359179
13 35 0.06869799944027959
13 36 -0.01064739789242449
13 37 0.09354883738244503
13 38 0.013272170731671635
13 39 0.1151813283787823
14 14 0.0
14 15 0.03540599533105982
14 16 -0.00918884336219209
14 17 -0.030467545253061872
14 18 0.12512073251134043
14 19 -0.013245334755742582
14 20 0.06199650313049809
14 21 -0.16176208932079197
14 22 -0.1007100402337358
14 23 0.05110118127588753
14 24 -0.034347531785843856
14 25 -0.053515130320384144
14 26 -0.08735136733964585
14 27 0.014641552862500106
14 28 0.07629966299587877
14 29 -0.060698126637122915
14 30 -0.01800272229869494
14 31 -0.04204506211216347
14 32 -0.16579190700251767
14 33 -0.02507641652828429
14 34 -0.09505449349539422
14 35 -0.035633793743795064
14 36 -0.004796548824970681
14 37 0.029198116719562257
14 38 0.03747760643204183
14 39 -0.03822953003841638
15 15 0.0
15 16 0.03420005881797636
15 17 -0.01886903064235467
15 18 0.16528290794803627
15 19 0.19847409914717268
15 20 0.0904682649079758
15 21 0.03962017679726394
15 22 0.08872380090255123
15 23 -0.0018450819518845616
15 24 0.06199100293287681
15 25 0.06309517816060277
15 26 -0.08730531344932449
15 27 -0.0456951037876081
15 28 -0.010790935114002965
15 29 -0.043002276241066326
15 30 -0.04248423184656627
15 31 -0.1297779440880902
15 32 0.11521134779270559
15 33 -0.0620524352662574
15 34 -0.005755218317071787
15 35 0.02591501327953723
15 36 0.01287850635523372
15 37 -0.10883044224297819
15 38 0.11910623184593176
15 39 -0.06006508983441692
16 16 0.0
16 17 0.07487547280122885
16 18 -0.0652103575391632
16 19 -0.05551981360838152
16 20 0.16283179928683142
16 21 0.21212633816184928
16 22 0.040642088794055856
16 23 -0.0732785270449834
16 24 0.07064872746900448
16 25 -0.052519126397506645
16 26 0.18145224521890096
16 27 0.01887544053428575
16 28 -0.08323121684445185
16 29 -0.129246707791685
16 30 -0.13500234531431132
16 31 -0.12986017414432327
16 32 -0.013168007983347538
16 33 -0.004525732896175644
16 34 0.06660872533955262
16 35 -0.10587067382808346
16 36 -0.18022696006711028
16 37 0.09357399091115623
16 38 0.04119588952316338
16 39 0.12137881883608156
17 17 0.0
17 18 -0.04255827113170128
17 19 -0.07067308942940002
17 20 0.07786178527179503
17 21 -0.05074337487609273
17 22 0.05466434192151297
17 23 0.027603784757073258
17 24 -0.01731977109939656
17 25 0.040146469618221214
17 26 0.0713360075607666
17 27 0.010052853901706026
17 28 -0.0831730722010253
17 29 -0.0037336225994079263
17 30 0.06447434783207388
17 31 -0.05666207412568175
17 32 -0.08160958200781616
17 33 0.029528026901008413
17 34 0.005890634579776238
17 35 -0.032955585065180246
17 36 -0.09036497675179365
17 37 0.07537722089611222
17 38 -0.009324532283593171
17 39 0.0682827662724742
18 18 0.0
18 19 0.1664288509307482
18 20 -0.007933006317469762
18 21 -0.08407622052972615
18 22 0.08427466472966351
18 23 -0.05879118091136267
18 24 0.09724374656675316
18 25 0.01915410923209169
18 26 -0.0647066517558667
18 27 0.04417395132799927
18 28 0.07814799816450801
18 29 -0.050803904769825735
18 30 0.09433942026759448
18 31 -0.12204446398037017
18 32 0.0946263046404254
18 33 -0.011109978546752414
18 34 -0.12852020151466864
18 35 0.11700653909089001
18 36 0.00026353468832473033
18 37 -0.17484726131529965
18 38 0.06107279053375585
18 39 -0.10271214753509672
19 19 0.0
19 20 0.18248834678041032
19 21 0.13119533176384737
19 22 0.14377326377234673
19 23 -0.028335526988762582
19 24 -0.02853569075244223
19 25 0.027068224429173292
19 26 -0.13405248398732503
19 27 -0.004283866970102165
19 28 0.055114378855626645
19 29 0.04177206248759235
19 30 -0.07473864340469615
19 31 -0.10471910904107992
19 32 0.21669431323266516
19 33 0.0020935480256601955
19 34 0.03753409522945637
19 35 0.049616048865536756
19 36 0.025509406035260702
19 37 -0.14995243337655773
19 38 0.0437162781824488
19 39 -0.08301311899722329
20 20 0.0
20 21 0.13169649611098355
20 22 0.10663745911265532
20 23 0.040684949229725306
20 24 -0.14943278522764403
20 25 -0.049039549941829304
20 26 -0.06919319100383825
20 27 -0.0014180417010568117
20 28 0.017823547000501604
20 29 0.033109831454507396
20 30 -0.0940767086289018
20 31 -0.16616382301672752
20 32 0.026241905918805042
20 33 0.04994221295826996
20 34 0.09445128484931804
20 35 -0.0382414091942952
20 36 -0.15408923564144827
20 37 0.02415947627117558
20 38 -0.03198140311892092
20 39 0.05874441773450516
21 21 0.0
21 22 0.1192268261088724
21 23 -0.07217367216395323
21 24 0.0351996352352237
21 25 -0.1029345882206496
21 26 0.005073567083629932
21 27 0.02778897788923924
21 28 -0.004445629955914524
21 29 0.031435859532374336
21 30 -0.13330081192755425
21 31 -0.01590507160076574
21 32 0.21210023713635082
21 33 -0.0270838677856797
21 34 0.18509171202049715
21 35 0.037856404173377184
21 36 -0.03249505960276815
21 37 0.0504043306008564
21 38 -0.013527028603433463
21 39 0.04426067434117772
22 22 0.0
22 23 -0.044093023408354824
22 24 -0.07101303470192588
22 25 0.07732253291099336
22 26 0.011442782016941638
22 27 0.015951914966296395
22 28 0.013674066988107336
22 29 0.06739175863294204
22 30 -0.03969276117358104
22 31 -0.050258710025363126
22 32 0.070973967356048
22 33 0.06937089173674935
22 34 0.0595628555487787
22 35 0.03900616351676209
22 36 -0.003453420492603933
22 37 -0.06901383969008276
22 38 0.06734742985575445
22 39 0.01619552877631818
23 23 0.0
23 24 -0.04883754253977971
23 25 0.017111816689725744
23 26 -0.06684178035294476
23 27 -0.008441011130593925
23 28 -0.018881643267110684
23 29 0.019861095244345824
23 30 -0.01617154611278556
23 31 -0.005519028573053119
23 32 -0.09156382830999486
23 33 -0.02694550258069024
23 34 -0.012388237559215433
23 35 -0.024516446264416427
23 36 0.03151188834725698
23 37 0.07233015662859058
23 38 0.02485444314031518
23 39 -0.0075972728259363215
24 24 0.0
24 25 -0.033299972728499085
24 26 0.05679968326494831
24 27 -0.002020098380498043
24 28 -0.05446425509503129
24 29 -0.089835423694814
24 30 0.09246022087881904
24 31 -0.02518762440918982
24 32 0.10302943846201032
24 33 -0.08217558583566403
24 34 -0.020100971989318834
24 35 0.058613524643550276
24 36 -0.029386892244623614
24 37 -0.0176676990921164
24 38 0.00010194228130355808
24 39 -0.008667577253182976
25 25 0.0
25 26 0.009191647938246898
25 27 -0.08909478217837921
25 28 -0.0505410998913709
25 29 0.04337621473016745
25 30 -0.035719920817648465
25 31 -0.03331546809737344
25 32 0.006796476416718614
25 33 0.007381850457778752
25 34 -0.088489710754362
25 35 0.039442393938870605
25 36 0.11433243044609569
25 37 -0.15955741507922752
25 38 0.13301378820040785
25 39 -0.037333340803761106
26 26 0.0
26 27 -0.053948749853348674
26 28 -0.032109089664046145
26 29 -0.05282546187853757
26 30 0.0916905535981273
26 31 0.04341691027114302
26 32 -0.012254388725591436
26 33 0.06532179704711213
26 34 0.013075118758654355
26 35 0.0054024785150862805
26 36 -0.11990917578638165
26 37 -0.06504602736201265
26 38 -0.06618812852129456
26 39 0.11555803846624782
27 27 0.0
27 28 -0.029937691542210987
27 29 -0.0017582757619482585
27 30 -0.011796568641086549
27 31 -0.046092338355344924
27 32 -0.013526202958775938
27 33 0.005635545197236407
27 34 0.008909914578927385
27 35 -0.09510001320439311
27 36 -0.02528204784145993
27 37 0.19331980066216406
27 38 -0.037426457589970326
27 39 -0.04508418733454063
28 28 0.0
28 29 0.019643151629843297
28 30 -0.00840773641587594
28 31 0.06235861235974562
28 32 -0.007747135187463087
28 33 0.03445630196087904
28 34 -0.006077751259793091
28 35 0.06060844956907959
28 36 0.02386578691062403
28 37 -0.10352663041842154
28 38 -0.018276630976424773
28 39 -0.010021064092811404
29 29 0.0
29 30 -0.032574019827963645
29 31 0.03792808446281552
29 32 0.01985900537300862
29 33 0.027023725761329487
29 34 0.026217715835282505
29 35 0.037894028570476426
29 36 0.07142195949338312
29 37 -0.012473870619615973
29 38 0.0032543413010029535
29 39 -0.013258709696371555
30 30 0.0
30 31 0.028719681948182772
30 32 0.008657065869326474
30 33 0.030721536887948365
30 34 -0.034962666817971076
30 35 0.07041619330960966
30 36 -0.10422531994868581
30 37 -0.05322981912736406
30 38 -0.12012488623857949
30 39 0.03895245244377657
31 31 0.0
31 32 -0.0492839966646472
31 33 0.022389104674475354
31 34 0.025557183786369293
31 35 0.03769085517088715
31 36 0.06172231670975141
31 37 -0.019133117852498865
31 38 -0.051018877707973
31 39 0.030392653913585782
32 32 0.0
32 33 -0.010139824094936658
32 34 0.06506838728172945
32 35 0.08847739821503811
32 36 -0.004749477071220723
32 37 -0.17422660416019647
32 38 -0.043180514030195724
32 39 -0.05223642673669946
33 33 0.0
33 34 0.010063480296307176
33 35 -0.02800667832290881
33 36 -0.05923452738633097
33 37 -0.05565211058809212
33 38 -0.0657329877419557
33 39 0.034487446120096535
34 34 0.0
34 35 -0.01840529023775477
34 36 -0.059127934832541064
34 37 0.07746411718105428
34 38 -0.057475879637087654
34 39 0.059569310793472816
35 35 0.0
35 36 0.05696891765984937
35 37 -0.1748153142501162
35 38 0.02713103348776385
35 39 0.0065884291166561455
36 36 0.0
36 37 -0.04536828624831128
36 38 0.1321854543419813
36 39 -0.10019681928262417
37 37 0.0
37 38 -0.034837845666719734
37 39 0.02117992668199735
38 38 0.0
38 39 -0.052071508042261724
39 39 0.0
