0 0 0.0
0 1 -0.027871981065159084
0 2 -0.07943303160393078
0 3 -0.18485640595636366
0 4 -0.04165656441039315
0 5 0.011118637492455582
0 6 -0.0536749071637596
0 7 0.059942298576008454
0 8 -0.07126267579097115
0 9 0.042466725722411655
0 10 0.04840020754455053
0 11 -0.044497046479389166
0 12 0.01694805958570545
0 13 0.054367138327855925
0 14 -0.16191633448264095
0 15 -0.004661354828120403
0 16 -0.08713778597502683
0 17 -0.11756803677305128
0 18 -0.01398536161109977
0 19 0.05903130436794428
0 20 0.11108138966296885
0 21 0.10673996722604535
0 22 0.07542238030436917
0 23 -0.03977163115507525
0 24 -0.0197625827131668
0 25 0.05875126479361096
0 26 0.007035790595244107
0 27 0.26239200639339005
0 28 -0.1561538948284179
0 29 0.03809187539565991
0 30 0.022583787596819754
0 31 -0.03864723419299849
0 32 0.08835136437043334
0 33 0.014680408756749414
0 34 0.050873518156851746
0 35 -0.009047296950128993
0 36 -0.05137698101054598
0 37 -0.033485240521091246
0 38 -0.1143343686010739
0 39 -0.02053039420260237
1 1 0.0
1 2 0.000042605573844323204
1 3 0.02595335279557142
1 4 -0.030624521898159417
1 5 0.1013424466451843
1 6 -0.036087614611548594
1 7 0.021984886936990918
1 8 -0.0056993804763077645
1 9 0.06861124494680604
1 10 0.00943690317735364
1 11 0.014981524532390938
1 12 -0.04231568569617718
1 13 -0.10358661663136073
1 14 -0.06815829141924108
1 15 -0.04863568218542107
1 16 -0.05141882856808353
1 17 -0.0008824956352827916
1 18 0.06976409258090951
1 19 0.022113968534515763
1 20 0.010309460996605322
1 21 -0.06579221030455099
1 22 -0.014945012233777819
1 23 0.027918971699826767
1 24 -0.07067069294269282
1 25 0.05815056431006134
1 26 -0.08337619997147774
1 27 0.018950031458270625
1 28 0.016868221125269773
1 29 0.017477923942556314
1 30 -0.013771969955076799
1 31 0.027903072102751725
1 32 -0.06614160150184945
1 33 0.06673658921273849
1 34 -0.05675242651168914
1 35 -0.02828538456048719
1 36 -0.10970114574965258
1 37 0.0021315255072453447
1 38 -0.028363125427886732
1 39 -0.00029231545052187623
2 2 0.0
2 3 0.07099520933972427
2 4 -0.05920163451481695
2 5 -0.06307655056773408
2 6 0.014894120091793828
2 7 0.02999659752006128
2 8 0.04130760982047385
2 9 0.050832990381222944
2 10 -0.03161377623276506
2 11 0.005068664454215321
2 12 -0.03267703154263199
2 13 -0.0332925428588036
2 14 0.03456975042235742
2 15 -0.02008100556513327
2 16 0.04806302894431448
2 17 0.04641262290738392
2 18 -0.005850302564176454
2 19 0.03300269189190305
2 20 0.07046125591443414
2 21 0.012687751457651598
2 22 -0.018779282446490804
2 23 0.013113311421856903
2 24 0.002182665272770736
2 25 -0.022660656173131084
2 26 0.021416892485147755
2 27 0.01981001354906321
2 28 0.04531449958645174
2 29 0.007128858378359264
2 30 0.04930737960318611
2 31 0.06403751514745726
2 32 0.04893361599734991
2 33 0.080798318848937
2 34 -0.06062134533051544
2 35 -0.005008013753663986
2 36 0.02137526490958968
2 37 0.012469916825515364
2 38 0.13944708956275367
2 39 0.014124604285369347
3 3 0.0
3 4 -0.015318798886602447
3 5 0.036042928186578324
3 6 0.00940407119497201
3 7 0.023914814745768686
3 8 0.06316759086467737
3 9 -0.016223623978163453
3 10 -0.053418046587895285
3 11 -0.015352412390734163
3 12 -0.016327264499308346
3 13 -0.03045106948443314
3 14 0.030471705412947258
3 15 0.04766095460867127
3 16 0.08220032201663134
3 17 0.09549661732584307
3 18 -0.012862811491730164
3 19 -0.017247766880266656
3 20 -0.029574239639219763
3 21 -0.10348814826282444
3 22 -0.039696295431842214
3 23 0.10147233986393282
3 24 0.02352504760419218
3 25 -0.05461118719996936
3 26 -0.030867406146858796
3 27 -0.0983998895858346
3 28 0.13173672324016933
3 29 -0.07712089000202563
3 30 -0.012305875777071044
3 31 0.027527794695834697
3 32 -0.04277120040529559
3 33 0.08012409915148326
3 34 -0.03341743381913759
3 35 0.031181705620195278
3 36 -0.06453330143663483
3 37 0.012972299855807227
3 38 0.15759653598325812
3 39 -0.01604289339321229
4 4 0.0
4 5 0.0520135981359547
4 6 0.056219739433806815
4 7 -0.0700306002174522
4 8 -0.003839105831087939
4 9 -0.12525137506937944
4 10 0.07744027064377898
4 11 -0.028577596659057385
4 12 0.025275269791340232
4 13 0.017586142669937757
4 14 0.13779079050254975
4 15 0.018325445767775797
4 16 0.0100004500670326
4 17 0.03748873604113252
4 18 -0.045633503117503166
4 19 -0.07023063088986459
4 20 -0.12530061782359705
4 21 -0.0076759661916135855
4 22 0.0022547527933942167
4 23 -0.0645523317466431
4 24 -0.10206047768726083
4 25 -0.06803136058058842
4 26 0.03568893379558691
4 27 -0.1530867098321814
4 28 0.02097115582085996
4 29 -0.012625160770955521
4 30 0.017822627455405173
4 31 0.017986473486217704
4 32 -0.05858617584601047
4 33 -0.18360113156367502
4 34 0.0682788438089367
4 35 0.012994568723778518
4 36 0.02798022693266224
4 37 -0.011293079853458676
4 38 -0.08237439426249424
4 39 0.08111201082785523
5 5 0.0
5 6 0.007548556945324832
5 7 0.08492079433179602
5 8 -0.031765741960905924
5 9 0.05132374698964185
5 10 0.009690684813497503
5 11 -0.1187105960610094
5 12 -0.0418353862547496
5 13 -0.05704924593617257
5 14 -0.05091240930133678
5 15 -0.015631385034380236
5 16 -0.03323215934628275
5 17 -0.07335680628928344
5 18 0.025721337267532795
5 19 0.013015334085620065
5 20 0.018712950594792464
5 21 -0.1400338077699145
5 22 0.009693425308833657
5 23 0.05544890025529421
5 24 -0.17088564604759593
5 25 0.07087043724248035
5 26 -0.12267422828105716
5 27 0.032667282757553914
5 28 0.06459312949258979
5 29 0.007932582730801184
5 30 -0.061849653755887704
5 31 0.043506192438444946
5 32 -0.10808133777373316
5 33 0.11766258618004806
5 34 0.028025603739841108
5 35 -0.0200643261365468
5 36 -0.25743303891927494
5 37 -0.09511091696002438
5 38 0.022564345414086216
5 39 0.052719384570035166
6 6 0.0
6 7 0.037732592842026444
6 8 -0.10908575936723672
6 9 0.007322710580948903
6 10 -0.06055105642577546
6 11 0.07064327147039902
6 12 -0.04666352737680519
6 13 0.011390693472851902
6 14 0.13060791973542304
6 15 -0.017163767474671635
6 16 0.09666104371617436
6 17 -0.0315178168430341
6 18 -0.02527474933176834
6 19 -0.0036227049257274283
6 20 0.02257666256662402
6 21 0.0014770463550731572
6 22 0.05249421514573179
6 23 -0.09081458091228832
6 24 0.0017722526573045558
6 25 0.012982401555216775
6 26 0.15271890139403838
6 27 -0.011482482187018198
6 28 -0.00041411472245811545
6 29 0.0667499500911774
6 30 -0.0017242848135217582
6 31 0.13938627510093654
6 32 -0.03474880685161601
6 33 0.07825390652529324
6 34 0.013467113196765326
6 35 -0.012337736586506706
6 36 0.15334039763327917
6 37 0.06068483461679951
6 38 0.048669958235525286
6 39 0.007552261538993091
7 7 0.0
7 8 -0.026836241798410276
7 9 0.07346442609958212
7 10 -0.053070994937693586
7 11 -0.040080722078306256
7 12 -0.042640021635923495
7 13 0.004267340168815226
7 14 -0.0668900017890367
7 15 0.04019602177473564
7 16 0.014236967876814239
7 17 -0.090581503042957
7 18 0.00891602089541378
7 19 0.03577699893063664
7 20 0.09249479797035537
7 21 -0.027998623805732835
7 22 0.02938330795213661
7 23 0.07929419305488816
7 24 -0.03249506524774714
7 25 0.05733812600345296
7 26 -0.05158557186647955
7 27 0.18928564634018996
7 28 0.015109472854846184
7 29 0.03220285263822445
7 30 -0.00035937332279531144
7 31 0.0023121908823058616
7 32 0.003759589940398681
7 33 0.19394802749760473
7 34 -0.01797065526011635
7 35 0.007873678382632195
7 36 -0.11119268823859516
7 37 -0.040600671131145585
7 38 0.10875649598916629
7 39 -0.013232131036306785
8 8 0.0
8 9 -0.05422588757357143
8 10 0.0418404575967719
8 11 -0.08422827012960538
8 12 0.042104509869895335
8 13 0.024704561930033224
8 14 0.018750471168748433
8 15 0.054898696908060075
8 16 -0.03119089623391248
8 17 0.04397572187675567
8 18 0.011939520950859778
8 19 -0.04003884891823829
8 20 -0.07082802391683922
8 21 -0.014469734904672894
8 22 -0.07516322107872796
8 23 0.11537101833539976
8 24 -0.014547790371107141
8 25 -0.06798465170369564
8 26 -0.15126018170879468
8 27 -0.06631327059633538
8 28 0.07801585768439077
8 29 -0.05051874171620464
8 30 0.007299135807776062
8 31 -0.15463722405338096
8 32 0.018595990320475698
8 33 -0.09961957220630226
8 34 -0.007362910760975556
8 35 0.03530184676571405
8 36 -0.0965882346660602
8 37 -0.08356979904801257
8 38 0.045114956914175865
8 39 0.030245494314241655
9 9 0.0
9 10 -0.1709933227276348
9 11 -0.07193352025000077
9 12 -0.050612079467252026
9 13 -0.005798008440113578
9 14 -0.03563759343294108
9 15 -0.22600621436789484
9 16 0.022741875176199404
9 17 -0.015727079615640405
9 18 0.1303698370380101
9 19 0.15476662636951655
9 20 0.29809829057377313
9 21 -0.027033425477570684
9 22 0.035397111698924996
9 23 0.00470346175212048
9 24 0.06711348489338817
9 25 0.09548334821105826
9 26 -0.07003928606884359
9 27 0.12949776279326855
9 28 0.027513723199679117
9 29 0.11147089714361538
9 30 -0.1829018498338154
9 31 0.082143909942066
9 32 0.02990252145295133
9 33 0.28569973522852987
9 34 -0.03611987595988407
9 35 -0.07889559134368918
9 36 -0.03897892431297774
9 37 -0.10219287378799595
9 38 0.07753882118368058
9 39 -0.06159054666765571
10 10 0.0
10 11 -0.05285996730961209
10 12 -0.05013240936085493
10 13 -0.04662314435706362
10 14 -0.09648295418147389
10 15 0.021579062465617284
10 16 -0.14477823629046463
10 17 -0.1324980741938237
10 18 0.04087905197983151
10 19 -0.021581404585111524
10 20 -0.12350302526064319
10 21 0.001959256834241671
10 22 -0.03252577109128365
10 23 -0.03424130756015513
10 24 -0.190702530004972
10 25 -0.10099302299809006
10 26 -0.02799377280105842
10 27 0.04637700344723491
10 28 -0.1253334507192148
10 29 0.00867235033000929
10 30 0.09400469201193894
10 31 -0.05971868913305256
10 32 0.003702009354515007
10 33 -0.2590207008612052
10 34 0.09858634838423723
10 35 0.019232683237368056
10 36 -0.03830349437871191
10 37 0.045275046902364446
10 38 -0.07435042546032193
10 39 0.0146181198969004
11 11 0.0
11 12 -0.007217826396571619
11 13 -0.09739651082938637
11 14 0.0058327303697492516
11 15 0.07063510464885207
11 16 0.024543942990720373
11 17 0.10559276260181556
11 18 -0.01817597982533187
11 19 -0.06251824340724252
11 20 -0.13136986318181149
11 21 0.077949467017462
11 22 0.026912639978841767
11 23 -0.07761736912236034
11 24 0.10537295850579487
11 25 0.03237666779848218
11 26 0.17049405793301622
11 27 -0.03138028796920432
11 28 -0.07745806649360965
11 29 -0.01063766183471446
11 30 0.13373080981770574
11 31 0.06475112591377849
11 32 -0.05100850078401653
11 33 -0.04394586938868801
11 34 -0.13074094911742062
11 35 0.011915270540048477
11 36 0.23412440079115998
11 37 0.24032339921980084
11 38 -0.15448527570275666
11 39 -0.05787193987456829
12 12 0.0
12 13 0.057812648940163705
12 14 0.035170111248547
12 15 0.054139509021827924
12 16 0.007660563357830222
12 17 0.06413429566429948
12 18 -0.04519888357696063
12 19 -0.044731035049578746
12 20 -0.05897549031846937
12 21 0.03421357579003745
12 22 -0.011302244996624789
12 23 0.02444290994085723
12 24 0.058236060837237945
12 25 -0.019745599848021215
12 26 -0.022197785085241905
12 27 -0.07043582471810093
12 28 0.02436836243775161
12 29 -0.05007109489082342
12 30 -0.0008578856973981069
12 31 -0.08506876727699793
12 32 0.014781447553277385
12 33 -0.08182082675100308
12 34 0.004969605996842127
12 35 0.02404066718646924
12 36 0.005402742700433448
12 37 -0.032801028009437155
12 38 -0.05349321161425474
12 39 0.015963646808657694
13 13 0.0
13 14 0.0540249151641756
13 15 0.01106431001850229
13 16 0.04328270148813261
13 17 -0.021089328781475916
13 18 0.012123022774675262
13 19 0.0007627309850832681
13 20 0.041048103123547106
13 21 0.03327759413743485
13 22 0.017967695763927222
13 23 0.05641373083286701
13 24 0.1255403969756828
13 25 -0.07307019618913661
13 26 -0.03767371910069358
13 27 0.020083965760315705
13 28 0.010707188251316153
13 29 0.005059988958412885
13 30 -0.12394794225381969
13 31 -0.14175470271049523
13 32 0.05331369354086245
13 33 -0.03364446243523747
13 34 0.10290082260317224
13 35 0.03839025671700427
13 36 0.06059144191028062
13 37 -0.09349462305081355
13 38 0.018626760832034562
13 39 -0.060143270884689556
14 14 0.0
14 15 -0.02084322907359709
14 16 0.09527759893522623
14 17 0.07050829609365243
14 18 -0.04315130193658834
14 19 -0.07175959318671131
14 20 -0.070530954820604
14 21 0.024206599977251046
14 22 -0.021373680803574713
14 23 -0.0735417387098121
14 24 -0.012950203057235854
14 25 -0.03327314430748079
14 26 0.05293193138447801
14 27 -0.2297853708463126
14 28 0.10678540693160532
14 29 0.04948209908991216
14 30 -0.013411180523951433
14 31 0.030536498009022
14 32 -0.032536463104610114
14 33 -0.09071047294273739
14 34 0.0006788646483721117
14 35 -0.010337058854225294
14 36 0.15175098990213184
14 37 -0.055071985049245084
14 38 0.022256280720268605
14 39 0.11573121294121277
15 15 0.0
15 16 -0.00017020819896983842
15 17 -0.017931154997827048
15 18 -0.15257900526166507
15 19 -0.14020070436535742
15 20 -0.2285097691815095
15 21 0.015280859656499727
15 22 -0.02903510181773793
15 23 0.08545253612620833
15 24 -0.02792326796954787
15 25 0.003577622332680052
15 26 0.009713765109670333
15 27 -0.01006296250187467
15 28 0.0192559272830825
15 29 -0.11303718922332931
15 30 0.18923134183394497
15 31 -0.10774392038622853
15 32 -0.016539930997888693
15 33 -0.08293948103749316
15 34 -0.03469418934913836
15 35 0.0813337802613753
15 36 -0.06607267854708224
15 37 0.05474936101417892
15 38 0.013682734551220373
15 39 0.06247210223487567
16 16 0.0
16 17 0.12754042204997434
16 18 -0.05965298649305284
16 19 0.013075776547666043
16 20 0.05982861576117713
16 21 -0.01071875054942778
16 22 0.035541491800431875
16 23 -0.00683737338072582
16 24 0.11347950716537929
16 25 -0.05447092966034646
16 26 0.1211964931799909
16 27 -0.06632158173747285
16 28 0.07462409001711548
16 29 -0.04471404963394646
16 30 -0.032817311073867914
16 31 0.11086636152185367
16 32 0.011058405137935686
16 33 0.10094913311143731
16 34 -0.0025268092942644857
16 35 0.018614667372936433
16 36 0.09868622279504728
16 37 0.04064419530088528
16 38 0.11121908726757213
16 39 -0.03537386193636973
17 17 0.0
17 18 -0.013620324637161202
17 19 -0.010081144615970017
17 20 -0.022022029488235007
17 21 0.025453002985756996
17 22 0.02106817906563167
17 23 0.03734115454847458
17 24 0.16845356236760797
17 25 -0.16835336408621643
17 26 0.06185702390108665
17 27 -0.16721658299465247
17 28 0.09289433525622652
17 29 -0.14212513136614474
17 30 -0.010541129912179446
17 31 0.050652832845597975
17 32 -0.017320176353622752
17 33 -0.07718900348389227
17 34 -0.07479179303187448
17 35 0.052803562723247696
17 36 0.10923584921159857
17 37 0.11155041759474042
17 38 -0.0754807226920129
17 39 -0.08792642007631299
18 18 0.0
18 19 0.06489621303113988
18 20 0.07794671575280958
18 21 -0.03735282595357812
18 22 -0.002086154420973381
18 23 0.09223759958026923
18 24 0.06858144249581652
18 25 -0.05179302456183103
18 26 -0.18086442095378724
18 27 0.08640749065875199
18 28 -0.019021901458337057
18 29 0.10155843566444492
18 30 -0.20177689053748926
18 31 -0.14576276998250814
18 32 -0.05111366252568089
18 33 0.0031476465921845102
18 34 0.020521886447545507
18 35 -0.0050937699112965865
18 36 0.031737189591991885
18 37 -0.03812905677901373
18 38 -0.09065233793667836
18 39 -0.15573013548378703
19 19 0.0
19 20 0.199144550795588
19 21 -0.006978970576759331
19 22 0.036539554531535734
19 23 -0.017924431185045952
19 24 0.033736702696123846
19 25 0.0026612413884530605
19 26 0.00914993431657439
19 27 0.1139986583653563
19 28 -0.026796372992630914
19 29 0.04270715937111038
19 30 -0.09036561223547565
19 31 0.08323696655216324
19 32 0.05156252371847373
19 33 0.13833248763551043
19 34 0.02037864302263343
19 35 -0.03607404036024917
19 36 -0.009490735403655349
19 37 -0.02321133315813252
19 38 0.062324174318002315
19 39 -0.0664192785910216
20 20 0.0
20 21 0.003714429494207272
20 22 0.07131586992667026
20 23 -0.02494406518267967
20 24 0.07534715622659528
20 25 0.03245414491764574
20 26 0.01815463330094033
20 27 0.2043077755951721
20 28 -0.011427379491644688
20 29 0.08595842223108444
20 30 -0.16333842530033232
20 31 0.14527828544800342
20 32 0.1077426514662144
20 33 0.2984076154323716
20 34 0.027349148399831314
20 35 -0.0647740486495302
20 36 -0.019235236752577448
20 37 -0.0885920696337105
20 38 0.1539022121209234
20 39 -0.08257027430939069
21 21 0.0
21 22 0.0280858323663161
21 23 -0.07311103931022504
21 24 0.04562368418620955
21 25 -0.011637434988634733
21 26 0.08539552722710128
21 27 0.062087368814855326
21 28 -0.08804868207219245
21 29 0.02434791900762655
21 30 0.0876569357915096
21 31 -0.018507927130386858
21 32 0.08020986276203958
21 33 -0.09093361305551756
21 34 -0.023303158951199242
21 35 0.0047546724683719815
21 36 0.1423740834496714
21 37 0.04550494523936166
21 38 -0.08982093477251288
21 39 0.008723116788938378
22 22 0.0
22 23 -0.037208103412841906
22 24 0.03882485269635731
22 25 -0.008018775573491422
22 26 0.07703766767752274
22 27 0.07918195115685076
22 28 -0.044323509974781995
22 29 0.011756361487523993
22 30 -0.019388325835234248
22 31 0.06501811212376626
22 32 0.011075288318343599
22 33 0.05194159787409948
22 34 0.018451998709359697
22 35 0.0005968213144832207
22 36 0.05580363175047566
22 37 0.04083072173645647
22 38 -0.0292087547500407
22 39 -0.048887520400489715
23 23 0.0
23 24 0.07361102502641678
23 25 -0.06664263075510855
23 26 -0.23764361709641862
23 27 0.06968516063059209
23 28 0.09611569401144561
23 29 -0.05416484880225649
23 30 -0.09712415353427581
23 31 -0.2334026608307919
23 32 -0.032738410414241505
23 33 0.04313074235529817
23 34 -0.004600619352648389
23 35 0.07250799286324991
23 36 -0.15519062200217923
23 37 -0.08358407359061426
23 38 0.05107421551398729
23 39 -0.09714582829135708
24 24 0.0
24 25 -0.0883700758439114
24 26 0.04918482521152921
24 27 -0.006474766335124009
24 28 0.0015090250156306125
24 29 -0.04680929548388625
24 30 -0.165761082745359
24 31 -0.09632239479358694
24 32 0.041658479297344106
24 33 0.053967990200048756
24 34 -0.0018668698780150664
24 35 0.047076038262073454
24 36 0.22910036777460138
24 37 0.07642367115332699
24 38 -0.032881331470804284
24 39 -0.2303609502966621
25 25 0.0
25 26 0.002739968589415827
25 27 0.04767471479217679
25 28 -0.01377774711531582
25 29 0.07140390022064834
25 30 0.057222271846564865
25 31 0.07929168858754615
25 32 -0.017709588825005083
25 33 0.1751217217714344
25 34 -0.08081938662234216
25 35 -0.07734467602542869
25 36 -0.09986640825511012
25 37 -0.04709598456052279
25 38 0.017624643645275332
25 39 0.1182392351712546
26 26 0.0
26 27 -0.057638396305817866
26 28 -0.09341038367745666
26 29 -0.03672553007878564
26 30 0.15540335714421352
26 31 0.31512328466126277
26 32 0.0585984896628595
26 33 0.017964666535157495
26 34 -0.00728438733555663
26 35 -0.021978952978165003
26 36 0.2550527281896896
26 37 0.21602280559063852
26 38 0.02951722471419978
26 39 0.020987765867138214
27 27 0.0
27 28 -0.13771634579405753
27 29 0.08728000444980345
27 30 0.0012515163101988302
27 31 -0.04781804306491348
27 32 0.08346329706623631
27 33 0.19344701695113503
27 34 0.005634012526413721
27 35 0.0072454404484543124
27 36 -0.07896836548540417
27 37 -0.0085139253247643
27 38 0.025838650375317806
27 39 -0.1108267616405274
28 28 0.0
28 29 -0.04664434165588019
28 30 -0.055523651134065634
28 31 -0.012864416324884696
28 32 -0.04397131847041506
28 33 0.07342358463965715
28 34 -0.02874276315988881
28 35 0.011413935246336061
28 36 -0.1051251717367813
28 37 -0.09387099433063026
28 38 0.12522957342675609
28 39 0.050175472804051824
29 29 0.0
29 30 -0.06387483077406128
29 31 -0.005086902832046951
29 32 -0.003750643533763829
29 33 0.05115677667536476
29 34 0.006676071074192885
29 35 -0.05274150920072147
29 36 0.05820950142713266
29 37 -0.05735800826540528
29 38 -0.02259284870166891
29 39 0.012450104157103879
30 30 0.0
30 31 0.1157250449091591
30 32 0.03572524992775723
30 33 -0.0909627432018723
30 34 -0.10446197536974618
30 35 0.009382261740482945
30 36 -0.013973463454927951
30 37 0.13101878008494836
30 38 0.006394288744415071
30 39 0.1679907726259412
31 31 0.0
31 32 0.019473693807947872
31 33 0.19328935627721783
31 34 -0.045016725923441116
31 35 -0.08426649135175543
31 36 0.055562687096845975
31 37 0.1297140654848506
31 38 0.13506352665853996
31 39 0.0919345937927867
32 32 0.0
32 33 0.02016671643395352
32 34 0.019001284239105572
32 35 -0.005035329195307666
32 36 0.03341228593536049
32 37 -0.020863415282725714
32 38 0.07651852715217602
32 39 0.0032348371773382864
33 33 0.0
33 34 -0.07314463352109138
33 35 -0.060685839440295805
33 36 -0.12968127221567263
33 37 -0.05348048966108319
33 38 0.26222946535728914
33 39 -0.03568901750971405
34 34 0.0
34 35 0.015108580327778624
34 36 0.0021453740857400117
34 37 -0.0610310364587892
34 38 0.009160767770482078
34 39 -0.03801099714567335
35 35 0.0
35 36 0.009196918737249506
35 37 0.025749954076739003
35 38 -0.011961861093541738
35 39 -0.047747422349122624
36 36 0.0
36 37 0.19717777867782607
36 38 -0.12248614592613596
36 39 -0.12516461263928852
37 37 0.0
37 38 -0.08427118176324913
37 39 -0.08819217547191757
38 38 0.0
38 39 0.05922125574371304
39 39 0.0
