0 0 0.0
0 1 -0.1877740898328551
0 2 0.10566639428890993
0 3 -0.23648853183319685
0 4 0.08890604225081286
0 5 -0.19019726789140562
0 6 -0.05476742978201658
0 7 0.162279656293222
0 8 -0.1579917427620141
0 9 0.32644069585694846
0 10 0.039649758693250416
0 11 -0.10039508638116641
0 12 -0.03939224453423816
0 13 -0.028847151270174898
0 14 0.07370549740033466
0 15 0.023392206770936733
0 16 -0.0289622392850932
0 17 -0.09726790770815996
0 18 -0.07081502710237149
0 19 0.39724814175929496
0 20 -0.05774330423934154
0 21 0.07086638514798503
0 22 -0.14050089508883118
0 23 0.019002865541826314
0 24 0.12647803380158648
0 25 -0.0004408681224479921
0 26 0.007383865891085218
0 27 0.13360096914488404
0 28 0.21873487023031157
0 29 -0.2406994663438265
0 30 0.012875847827194212
0 31 0.014001135458807013
0 32 0.23590647262302622
0 33 0.008343713929295723
0 34 -0.035155787302249865
0 35 0.07312949608688822
0 36 0.10744815558842753
0 37 0.04970996347817273
0 38 -0.027003388980502845
0 39 -0.12360024254629784
1 1 0.0
1 2 0.17339829337473914
1 3 0.13226534793711378
1 4 -0.012249156172882648
1 5 -0.03845382366194459
1 6 0.03019596685812098
1 7 -0.15028247281564344
1 8 0.18918810859890015
1 9 0.09574210961260547
1 10 0.24230302710023038
1 11 -0.017327121497777365
1 12 -0.11747643052738262
1 13 0.03986393060463046
1 14 -0.2111802721494839
1 15 0.05445382552324599
1 16 -0.06736810357856145
1 17 -0.08828761003108593
1 18 0.07455320971440034
1 19 -0.12370244860534638
1 20 -0.02867163793281005
1 21 0.2344732107841756
1 22 -0.009365076613391244
1 23 -0.06170340136040381
1 24 0.15212661486052365
1 25 0.2576409091329432
1 26 0.002125630894817317
1 27 -0.18646522830174475
1 28 -0.11345143755498381
1 29 0.08056825410243289
1 30 0.002420939262887236
1 31 0.07012164054993338
1 32 -0.13429124746932047
1 33 0.03367131666385581
1 34 -0.14268565514297887
1 35 -0.03633224111775747
1 36 -0.020052787088252207
1 37 -0.012543511559131994
1 38 0.004133388327673409
1 39 0.12715878125133867
2 2 0.0
2 3 0.007607103181513737
2 4 -0.08021938410999997
2 5 -0.04357682801869971
2 6 -0.01496964989400383
2 7 -0.12272621919717155
2 8 -0.09220867356638576
2 9 0.2554005692695088
2 10 0.22209382590060583
2 11 -0.055819436632969135
2 12 -0.11616640433442134
2 13 0.017830065641351613
2 14 -0.058827494361303634
2 15 0.15642995847070576
2 16 -0.08532860460874055
2 17 -0.12724895536209
2 18 0.008736485635121383
2 19 -0.0732358061623629
2 20 -0.10016863989974041
2 21 0.09405017818550426
2 22 0.017414577207157673
2 23 0.10670282304587816
2 24 0.11598425223391431
2 25 0.16933049193086658
2 26 -0.02154279296447937
2 27 -0.059521614762501604
2 28 -0.057582884159215364
2 29 -0.028523207781337184
2 30 0.059409151532460916
2 31 -0.10827953082186445
2 32 -0.05691592067941507
2 33 0.051870842120441255
2 34 0.08905575472821009
2 35 0.029480169673842586
2 36 -0.12673156931952084
2 37 -0.13231918265164758
2 38 0.022047039046071273
2 39 -0.03609465097833019
3 3 0.0
3 4 -0.14276721270639964
3 5 -0.14942786668630403
3 6 -0.03953823357879406
3 7 -0.17653090637163335
3 8 0.10904742351568639
3 9 0.11093449678556203
3 10 0.06505170849060099
3 11 0.148319638094966
3 12 -0.12153720435031068
3 13 0.07706736613365754
3 14 -0.0668440250811579
3 15 -0.016872633222718654
3 16 -0.04144496558018736
3 17 -0.04317564888572489
3 18 0.03630486887353789
3 19 0.033045291309193335
3 20 -0.09833931294211355
3 21 0.01168809491804165
3 22 0.050504932158375794
3 23 0.08659638285761026
3 24 -0.12255827055267018
3 25 0.11697065727827635
3 26 -0.013287451931415261
3 27 -0.03463472327732587
3 28 -0.012765476530759701
3 29 0.04802504218078021
3 30 -0.09449620192206597
3 31 -0.02677022859007666
3 32 -0.021062335208661097
3 33 -0.07954712570050274
3 34 0.13319120929777017
3 35 -0.09881856534456199
3 36 -0.0705971766343948
3 37 0.03709140542437217
3 38 0.14199968394559126
3 39 -0.021054166701457003
4 4 0.0
4 5 -0.0044529869274807735
4 6 -0.05876705985184233
4 7 -0.20732983430428584
4 8 0.05638128498575765
4 9 0.024037315070612627
4 10 0.07938070321850474
4 11 -0.11955830048046456
4 12 0.031504066818263454
4 13 -0.21529721736577576
4 14 -0.06959123450908862
4 15 -0.08124452313968944
4 16 0.14745255393350495
4 17 -0.0692144228933769
4 18 0.03565858379572629
4 19 0.05958516052190277
4 20 0.20369439787908913
4 21 0.12365141363353375
4 22 0.0730993759157857
4 23 -0.23553293070022058
4 24 -0.06686386968957739
4 25 0.00725149100103617
4 26 0.006253168208492262
4 27 -0.08399565357137444
4 28 0.25243852025350794
4 29 0.01001797254077277
4 30 -0.08479591596723235
4 31 -0.011664352552751996
4 32 0.0903834360773372
4 33 0.06875241986115344
4 34 -0.016491273393533127
4 35 0.029033619821265406
4 36 0.037988322639145713
4 37 -0.12023615645820389
4 38 -0.08286942285299871
4 39 0.2095587095018913
5 5 0.0
5 6 0.044580786060227716
5 7 0.05671871200729558
5 8 0.012360127227075853
5 9 -0.12786193231521747
5 10 -0.03406848012545063
5 11 -0.12503694737064958
5 12 0.15112203009852568
5 13 -0.10702769341101492
5 14 -0.0009342213251931047
5 15 -0.027297371454479892
5 16 0.024096935615174734
5 17 0.008815577231698273
5 18 -0.04542991981132603
5 19 -0.1569549431261384
5 20 0.007806564424488118
5 21 -0.09905646373683454
5 22 0.05693297195146589
5 23 -0.0786938207723463
5 24 -0.03905700336325898
5 25 -0.0331402561017809
5 26 -0.04418842788017657
5 27 0.06509872544509425
5 28 -0.06948706957861708
5 29 -0.06996527994761766
5 30 0.10546745217228023
5 31 0.06644292024956
5 32 -0.18920311401754725
5 33 0.005650304687625589
5 34 -0.0002978399734565577
5 35 0.023432435130081728
5 36 0.04990062469136847
5 37 -0.06464868476762117
5 38 0.020011290207023948
5 39 0.04170000638989106
6 6 0.0
6 7 0.028480608062058505
6 8 0.08741221722627379
6 9 0.10662338977809357
6 10 -0.03132953811985564
6 11 -0.08397200423945683
6 12 0.0456249039637963
6 13 0.04548768291098111
6 14 -0.07466268118531795
6 15 0.004525982077824715
6 16 -0.09784197325156312
6 17 0.03146895001507005
6 18 -0.055965158694526854
6 19 -0.024394933418837226
6 20 0.006567234693561566
6 21 0.053190993884613715
6 22 -0.0338889348364461
6 23 -0.04650802924111526
6 24 0.1699556587557576
6 25 -0.1332263766239642
6 26 -0.02377445609771933
6 27 -0.050334810636283034
6 28 0.10996345587915575
6 29 0.005533027888985364
6 30 0.0837833055935753
6 31 -0.0896185867115909
6 32 -0.1951288983167618
6 33 -0.01378447971460689
6 34 -0.06097210150990005
6 35 0.021698711403961117
6 36 -0.007308435783799035
6 37 0.05539231956692472
6 38 0.013142150425599537
6 39 -0.0011052343807314313
7 7 0.0
7 8 -0.07168718713028735
7 9 -0.16367381036807604
7 10 -0.18050293462846495
7 11 -0.08009351928645156
7 12 -0.012291569764021536
7 13 0.12183242513618435
7 14 0.17039627502796179
7 15 0.0025407749237041513
7 16 0.005541532329859923
7 17 0.011582645864117568
7 18 -0.05425685118143888
7 19 0.0528103199507788
7 20 -0.03554733290397184
7 21 -0.0737938774429068
7 22 -0.16595898158378722
7 23 -0.04924654537314527
7 24 0.029238799496969177
7 25 -0.07944377753707992
7 26 0.21146820016252846
7 27 0.09443084458642435
7 28 -0.0009783090838149657
7 29 -0.031865685419564214
7 30 0.061353382393467396
7 31 0.11498168978358692
7 32 0.11388372565905572
7 33 -0.017291611123717847
7 34 -0.10022829687927826
7 35 -0.011561022065366546
7 36 0.0956421478323544
7 37 0.1015305212274569
7 38 -0.05018216901003105
7 39 -0.1830746695640408
8 8 0.0
8 9 0.019316007033528683
8 10 0.062312910443626315
8 11 -0.10122058029542078
8 12 0.07974075049944397
8 13 0.11772736152893029
8 14 -0.18886457017717298
8 15 -0.06900639723353039
8 16 -0.050745310488711746
8 17 0.15685441858262691
8 18 0.12785046216691764
8 19 0.01832808175117672
8 20 0.015743973646302135
8 21 -0.05945354293694825
8 22 0.022869504988423446
8 23 -0.12668678438450878
8 24 0.07053450613347868
8 25 0.02896911285676788
8 26 0.0037735696843709623
8 27 -0.024196247818742234
8 28 0.11104812708959641
8 29 0.10950940068754675
8 30 0.10356910176220953
8 31 0.011174559517265288
8 32 -0.01089174479746537
8 33 -0.12341379575630726
8 34 -0.12438646611975823
8 35 0.025573667312140214
8 36 -0.03626300073948479
8 37 -0.09401830231478706
8 38 -0.002641102666235765
8 39 0.0795995968136178
9 9 0.0
9 10 0.1669429719915642
9 11 -0.015002108826500623
9 12 -0.06487152423456184
9 13 0.020260877895021866
9 14 -0.029928380618984708
9 15 0.11455549956181368
9 16 -0.16734702768526646
9 17 -0.2614496359400447
9 18 0.05702770298137477
9 19 0.10398903154223985
9 20 -0.04713288137759006
9 21 0.19728185522063352
9 22 -0.13504956163793774
9 23 0.06871678709770751
9 24 0.11082668310002483
9 25 -0.007984970729043986
9 26 -0.022302914699137744
9 27 0.12943709161506534
9 28 0.3155750602378552
9 29 -0.18457479302552884
9 30 0.13131330617589004
9 31 -0.0032317658658352045
9 32 -0.1251654396827047
9 33 0.01880007874807836
9 34 0.16908986236518958
9 35 0.21492335613642313
9 36 0.0980540236012985
9 37 -0.16534991268068583
9 38 0.0788398707488695
9 39 -0.05637685935106199
10 10 0.0
10 11 -0.15833085039286768
10 12 -0.1398475888037305
10 13 -0.0878537558002096
10 14 -0.3478178224449746
10 15 0.17953562208502236
10 16 0.06747331467282525
10 17 -0.11238235011095501
10 18 0.002114980062441213
10 19 0.003577388177432686
10 20 -0.027252011035387214
10 21 0.004373309560386015
10 22 0.16085774175582288
10 23 -0.03765798384150788
10 24 0.052464029039877826
10 25 0.17607027200640818
10 26 0.019969727415398025
10 27 -0.039583154503315274
10 28 -0.11071338245645213
10 29 0.008759240752060467
10 30 -0.12504928809902033
10 31 -0.11975383190864497
10 32 -0.08257089926943481
10 33 0.07124916239149788
10 34 0.06598335411000426
10 35 0.02331152074895289
10 36 -0.1662740819844304
10 37 -0.1511592458355215
10 38 0.0040335630795016435
10 39 0.13332290134138705
11 11 0.0
11 12 0.0382809132933168
11 13 0.10143773900259745
11 14 0.18379583842165853
11 15 -0.054144071685610216
11 16 -0.09176306369345195
11 17 0.05492008675521061
11 18 0.06056174375039034
11 19 -0.030292009316974778
11 20 0.021371069195537946
11 21 -0.01664089521342134
11 22 -0.06796273729471501
11 23 0.23058897156620173
11 24 -0.02288988699841786
11 25 -0.00824703158364185
11 26 -0.09516713377664637
11 27 0.04727984059074754
11 28 -0.1389478743470605
11 29 0.026533676828075413
11 30 0.012772440154563377
11 31 0.10704507553974114
11 32 0.0983751169620438
11 33 0.03692024287487268
11 34 0.054863591480952954
11 35 0.04446931938962077
11 36 0.049828134693796565
11 37 0.08971529077649305
11 38 -0.016335213858641114
11 39 -0.02801986845946191
12 12 0.0
12 13 -0.018391362267749328
12 14 0.05949361807494056
12 15 -0.10109587841707582
12 16 -0.10389746006977056
12 17 0.13989051124809396
12 18 -0.00952613966233218
12 19 -0.03157176266102301
12 20 0.08091656905816959
12 21 -0.13212262908419636
12 22 -0.005767753208483797
12 23 0.018838690719062662
12 24 0.04719058190797369
12 25 -0.10725704226427075
12 26 -0.1582443591447085
12 27 0.06972206925911703
12 28 -0.015028021581736417
12 29 -0.0593886326824522
12 30 0.15028745973902066
12 31 0.06797509867535025
12 32 -0.009584476214305294
12 33 0.01206708282632828
12 34 -0.02082646859609
12 35 0.09702877146936544
12 36 0.06869813661859181
12 37 -0.022417854577198092
12 38 -0.047573547280205276
12 39 0.03647760944801606
13 13 0.0
13 14 0.14542112365772306
13 15 -0.003914158223510532
13 16 -0.10989535809997335
13 17 0.09169652678462345
13 18 0.07305839898331347
13 19 0.06085696364841851
13 20 -0.04481576344876165
13 21 -0.03972336030741037
13 22 -0.08242428557024542
13 23 0.09618362521292077
13 24 0.1083110774736507
13 25 0.023695710352453873
13 26 0.07694840956699975
13 27 0.06978352678386293
13 28 -0.002341364325716927
13 29 0.13716258020993238
13 30 0.058842057616858456
13 31 0.031548737529591565
13 32 0.09065209641898372
13 33 -0.03084640668617039
13 34 -0.021051943089889353
13 35 0.009093843538477824
13 36 -0.06765025449893317
13 37 0.061731229099198
13 38 0.03818470645724696
13 39 -0.09767391328645116
14 14 0.0
14 15 -0.14648174968032585
14 16 -0.0928056088413599
14 17 -0.037312476337584805
14 18 0.012930582406023957
14 19 0.08788985670003416
14 20 0.015346327923861463
14 21 0.10016678620046668
14 22 -0.16163143008285885
14 23 0.03702075049971243
14 24 -0.09414021222688651
14 25 0.006249402674643532
14 26 0.00980409134576643
14 27 0.12101946892194934
14 28 0.1365404922429044
14 29 0.031002196444090517
14 30 0.044074343047479134
14 31 0.19763520066578671
14 32 0.1691996877532915
14 33 0.013686227737734143
14 34 0.048142451180075055
14 35 -0.038737304234188086
14 36 0.1385894892118266
14 37 0.12734161318965342
14 38 0.11831032934331409
14 39 -0.15144619767519074
15 15 0.0
15 16 0.027505564829156025
15 17 -0.057983534829814866
15 18 0.022027178583695323
15 19 -0.10234034202630524
15 20 -0.03252384494629089
15 21 -0.031109412712248336
15 22 0.02498702461376328
15 23 0.06292884329888299
15 24 0.02203432802809296
15 25 -0.019892931492525676
15 26 0.05832649001294034
15 27 0.016264072123286975
15 28 -0.12065506389955571
15 29 0.012779027411951957
15 30 -0.027753371644370334
15 31 -0.09265843377093907
15 32 -0.06341296084143154
15 33 0.04040493500508223
15 34 0.05690585402791345
15 35 0.08355018964379489
15 36 -0.07319900606396715
15 37 -0.12762969716649059
15 38 -0.048157136897775135
15 39 -0.02200769938212211
16 16 0.0
16 17 -0.028380349028727374
16 18 0.04439366230192705
16 19 0.007672340227261322
16 20 -0.04662717623866748
16 21 -0.06627891077387653
16 22 0.12445692762862863
16 23 -0.044447623454896376
16 24 -0.16550049994268828
16 25 -0.01266203427701757
16 26 0.17963342658300188
16 27 0.07364271442462014
16 28 0.009244530539588697
16 29 0.03850306957463327
16 30 -0.14700198337279122
16 31 -0.06022954862223456
16 32 -0.037053182704179295
16 33 -0.06950293029471774
16 34 0.0022900127132127928
16 35 -0.07285685104135455
16 36 -0.058471874911863765
16 37 -0.014571924317465975
16 38 0.002244846894036871
16 39 0.05763058732777345
17 17 0.0
17 18 0.030766108340969343
17 19 -0.012188996769201463
17 20 0.008507770629121692
17 21 -0.19660258165843464
17 22 0.05446566285179407
17 23 0.07023863140289638
17 24 0.05271350922976901
17 25 -0.10990779734342138
17 26 -0.10616824582583999
17 27 -0.00321400321931894
17 28 -0.1260141284180017
17 29 0.10101225355559326
17 30 0.051485835384223036
17 31 -0.06324300334638087
17 32 0.05332826320903359
17 33 -0.07663672640332087
17 34 -0.10523045238088932
17 35 -0.003926203339542099
17 36 -0.07577931359593588
17 37 0.04219597295343823
17 38 -0.05780138774344695
17 39 0.0066875061379076135
18 18 0.0
18 19 -0.07711560616377995
18 20 0.0018895656744250967
18 21 -0.0016877907880658797
18 22 -0.03619676463417454
18 23 0.038454669513106526
18 24 -0.045970636276105724
18 25 0.0017189159511997963
18 26 0.05754760747505734
18 27 0.05404336564516702
18 28 0.01968783674698089
18 29 0.07580551619192324
18 30 0.05782038741079121
18 31 0.05350237849624632
18 32 0.039802149929205305
18 33 -0.05531953245409858
18 34 -0.020680400173368765
18 35 0.08011087650377129
18 36 0.023364076563484742
18 37 -0.11963010612309985
18 38 -0.03770657063816925
18 39 0.0034404154145866116
19 19 0.0
19 20 -0.043998878013764314
19 21 0.007585577448490843
19 22 0.018344132044077442
19 23 -0.043240178433160054
19 24 0.03365183882540508
19 25 0.07886452248323174
19 26 0.004091850149718982
19 27 0.11110207227419733
19 28 0.19699549874339856
19 29 -0.041649019923696566
19 30 -0.13303677721699608
19 31 -0.0010708770701755195
19 32 0.16616270559727156
19 33 -0.025805223157057328
19 34 0.01939515351087178
19 35 -0.09579182237721717
19 36 -0.03227166018369775
19 37 0.1777193008699432
19 38 0.1390952531729664
19 39 -0.019760509770249287
20 20 0.0
20 21 0.0015718509741980205
20 22 -0.01705585402683029
20 23 -0.09816478005508483
20 24 0.03065797669510776
20 25 -0.05613908627561139
20 26 -0.0027615588251877475
20 27 -0.05865496696286695
20 28 0.0434418872511122
20 29 0.0462213806532842
20 30 -0.0013913144099543073
20 31 0.04070787567541101
20 32 0.11917841826464126
20 33 0.14244271723692653
20 34 0.011166247878648426
20 35 0.09822089664332705
20 36 0.027767870189390163
20 37 -0.07326363106803428
20 38 -0.13657636273981738
20 39 0.1079471788156722
21 21 0.0
21 22 -0.12868865800590518
21 23 -0.16467849464993073
21 24 0.03155793899429457
21 25 0.10497081146532301
21 26 -0.02631815870710858
21 27 -0.20390809570516347
21 28 0.19903421161532514
21 29 0.018855559467704872
21 30 -0.05907324173911192
21 31 0.07104900323286689
21 32 -0.09103644711102249
21 33 0.006924692463322203
21 34 -0.13306040241852737
21 35 -0.10171195797023
21 36 0.15382658076987404
21 37 0.10111563616171533
21 38 0.09685979946823588
21 39 0.015285681271794128
22 22 0.0
22 23 -0.008481653604471251
22 24 -0.06315460242639964
22 25 0.05641467525858853
22 26 -0.05868610597287989
22 27 0.004183658632014883
22 28 -0.11055854224693451
22 29 0.07052644873557228
22 30 -0.14662365961919444
22 31 -0.1428466927893589
22 32 -0.07935725227103047
22 33 0.002957140957133529
22 34 0.0805441593324206
22 35 -0.07845205472920551
22 36 -0.18774032922512932
22 37 -0.021368422359941422
22 38 0.07086735005795092
22 39 0.12167630198430464
23 23 0.0
23 24 0.05332184657969204
23 25 -0.03838266324759933
23 26 -0.06190529040624967
23 27 0.13015030511392078
23 28 -0.20107672142296756
23 29 -0.05240525716366442
23 30 0.08459478006099677
23 31 -0.03190225324688555
23 32 0.0031875228388306013
23 33 -0.002544065087662947
23 34 0.10689795165602659
23 35 0.09131958690886437
23 36 -0.06414998435207617
23 37 0.011928393285258162
23 38 -0.033784596020376076
23 39 -0.08283720902495485
24 24 0.0
24 25 0.008332992687877872
24 26 -0.029895706071259638
24 27 -0.061053422464007925
24 28 -0.01687064833509718
24 29 -0.012778871398844182
24 30 0.1326274550833473
24 31 -0.04362352924537662
24 32 -0.0421338728402015
24 33 0.08975154840786045
24 34 -0.1060328845927669
24 35 0.07663378194183501
24 36 -0.06444469394773007
24 37 0.06666382387182926
24 38 -0.09668445636315333
24 39 0.036099739542855176
25 25 0.0
25 26 0.013810569622719199
25 27 -0.059988546511550986
25 28 -0.08393023034102426
25 29 0.03246045146279627
25 30 -0.08667012723541179
25 31 0.08812438079450513
25 32 0.07874207828375218
25 33 0.05022359705924804
25 34 0.009549766808303887
25 35 -0.12167091421143325
25 36 -0.07614312230927325
25 37 0.027874362414088118
25 38 0.09625132820720039
25 39 0.06249481959087914
26 26 0.0
26 27 0.06108583141150522
26 28 0.11101906918934142
26 29 0.05595021834417644
26 30 -0.021536741975906184
26 31 0.012759134206922632
26 32 0.08855824320185535
26 33 -0.0006736176314866057
26 34 0.01965440639337007
26 35 0.0027098700563270637
26 36 -0.039382203307189584
26 37 -0.0470909560586516
26 38 -0.06949199377996447
26 39 -0.05446449991240487
27 27 0.0
27 28 0.01411212089309027
27 29 -0.07377679241658176
27 30 0.04543925209561318
27 31 0.08787905168163589
27 32 0.0035438040987025112
27 33 -0.0256401000364631
27 34 0.13249996652943852
27 35 0.12333023721594374
27 36 0.022268796947085993
27 37 -0.04398255674826855
27 38 0.06428282369584823
27 39 -0.05819199244635441
28 28 0.0
28 29 -0.04592374442373216
28 30 0.0566448418200254
28 31 -0.017840175273021897
28 32 0.025316028626674536
28 33 -0.08106110848223272
28 34 0.018532187428736663
28 35 -0.0023472694564111844
28 36 0.10425426096715955
28 37 -0.01745520276506412
28 38 0.0776979423395752
28 39 -0.0385010527848416
29 29 0.0
29 30 -0.1168503792601481
29 31 -0.060713702693082225
29 32 0.04245538087297574
29 33 -0.0022680410441466093
29 34 -0.04491502133491323
29 35 -0.07475993888433527
29 36 -0.13868543202529152
29 37 0.014478470403611882
29 38 0.03146912471112355
29 39 0.05159368721572562
30 30 0.0
30 31 0.07249431164042189
30 32 -0.03296502051882357
30 33 -0.030535040491350418
30 34 -0.03696598945855639
30 35 0.16025878202149463
30 36 0.10070280807703862
30 37 -0.1087059558676309
30 38 -0.11404326109382153
30 39 -0.07614867548949597
31 31 0.0
31 32 0.08596080116741403
31 33 0.03414202021054158
31 34 -0.06004278871537657
31 35 0.04784409505057973
31 36 0.2113036674319726
31 37 0.03117052304589223
31 38 -0.0009663856728630927
31 39 -0.01199483001262623
32 32 0.0
32 33 0.07173358815273657
32 34 0.02606045496781475
32 35 0.023893568510366316
32 36 -0.00842255444421704
32 37 -0.030515758492306904
32 38 -0.13390352938510744
32 39 -0.051728423598473836
33 33 0.0
33 34 0.07308057468170778
33 35 0.07925557810248077
33 36 -0.03070791567183751
33 37 -0.030982733691527504
33 38 -0.08905823188851261
33 39 0.08160646233511427
34 34 0.0
34 35 0.06636698507132924
34 36 -0.09735605733412268
34 37 -0.1168487131175672
34 38 0.053086155830365335
34 39 -0.01748269724706817
35 35 0.0
35 36 0.06232741508766817
35 37 -0.19383186524633408
35 38 -0.1540102796130618
35 39 0.007139071042062038
36 36 0.0
36 37 0.02141389707200867
36 38 -0.021352955326343733
36 39 -0.05720223710310248
37 37 0.0
37 38 0.12182361497520484
37 39 -0.02788865149378527
38 38 0.0
38 39 -0.031983669080203
39 39 0.0
