0 0 0.0
0 1 -0.01593154484223704
0 2 0.002201745536425121
0 3 0.031312686122606716
0 4 0.08583445961720042
0 5 -0.09189132673619324
0 6 0.03849648334093116
0 7 0.04029313232992886
0 8 0.0154949007514917
0 9 -0.09357489298580321
0 10 0.08564308931568616
0 11 0.044886644972256785
0 12 0.030400210670837265
0 13 0.06305351615034989
0 14 0.060781716833550534
0 15 0.011507608079944541
0 16 0.09082581652904224
0 17 0.0017275860961163763
0 18 0.016536364630105316
0 19 0.016556695483950484
0 20 0.0015369146623299354
0 21 -0.05000422353361818
0 22 -0.007668327121362707
0 23 0.10114712520372479
0 24 0.11126941747487099
0 25 -0.11976212403322213
0 26 0.04321111537600976
0 27 -0.08610710604867246
0 28 -0.061997774947785966
0 29 -0.008408251456937393
0 30 -0.053120179174990165
0 31 -0.013408467149446787
0 32 -0.14672479587649617
0 33 0.00859239010578813
0 34 -0.0125909691618793
0 35 0.08738183298801343
0 36 0.17282871714288628
0 37 0.1438736318737763
0 38 0.045509026111151214
0 39 0.002404636484041078
1 1 0.0
1 2 -0.0021882178254489294
1 3 0.07150875235206701
1 4 0.01580406641634167
1 5 0.07470946359380211
1 6 -0.019035697925466565
1 7 -0.00035677703268793045
1 8 -0.021054066982995903
1 9 0.0343312916817268
1 10 0.14617747942194567
1 11 -0.026161434357580234
1 12 0.040576722170540924
1 13 -0.050567691018398774
1 14 0.013266164997092517
1 15 -0.08662107341070267
1 16 -0.02206841717494052
1 17 -0.1774632898616973
1 18 -0.08964533711875577
1 19 -0.003567385592313288
1 20 0.0009273454853505768
1 21 0.04060220384650003
1 22 -0.039890778432297505
1 23 -0.12985462100497794
1 24 0.17520971711896127
1 25 -0.032752668510979924
1 26 -0.024720032798788073
1 27 0.10353133744392735
1 28 0.06645635258485731
1 29 0.10184658299552622
1 30 0.01803816153061901
1 31 0.0004659252652281733
1 32 -0.0986545285482405
1 33 0.0604986819317848
1 34 -0.02383733439767497
1 35 -0.11550798858804039
1 36 -0.07742584828208698
1 37 -0.002135393364412764
1 38 -0.09988991215152207
1 39 -0.14561643619694595
2 2 0.0
2 3 0.11181286051226033
2 4 -0.01570483129479757
2 5 -0.058025955738798415
2 6 0.008928921969564674
2 7 -0.00007308517270880289
2 8 0.12071271592454265
2 9 0.05656661587764428
2 10 0.03754127589560477
2 11 -0.013140091606822436
2 12 -0.07407696984603515
2 13 -0.07390272640275732
2 14 0.02864610536174033
2 15 -0.04684997838271015
2 16 -0.06207172224829623
2 17 0.10928572886331496
2 18 0.046882014708124135
2 19 0.11007331403255774
2 20 -0.015371160875438172
2 21 -0.08021903904351615
2 22 -0.07944063204122584
2 23 0.08272664344187342
2 24 0.02827958085162604
2 25 -0.03747601941809899
2 26 0.01038853878381976
2 27 0.010526685556646117
2 28 -0.08042501004461125
2 29 0.05850191078609572
2 30 -0.02999532920334456
2 31 0.1210503288692308
2 32 0.02217027429392574
2 33 -0.1006703332166973
2 34 0.03459494814085749
2 35 -0.10882774567339806
2 36 0.04791070025950298
2 37 0.06921510556141289
2 38 0.07109840597693538
2 39 0.003603426022112987
3 3 0.0
3 4 0.014479307658752267
3 5 0.04961708342398921
3 6 -0.04097776410456967
3 7 -0.05040964892698108
3 8 0.0028743176022519024
3 9 0.044923112685185757
3 10 0.11952691325450568
3 11 0.0941766386153874
3 12 -0.08562339249292858
3 13 -0.03956992411302271
3 14 0.03171430861240427
3 15 -0.019233671291070547
3 16 -0.019530794905858746
3 17 0.00813714061742009
3 18 -0.012297392598909333
3 19 0.17218062155784777
3 20 0.022140238193265445
3 21 0.0405971665207749
3 22 -0.04634810018959778
3 23 -0.026417079623575174
3 24 0.07559682512807224
3 25 -0.0868158140751413
3 26 0.05185254266475268
3 27 0.0741274764811586
3 28 -0.06240242156324394
3 29 0.11231962685199856
3 30 0.06475169909475983
3 31 -0.061690958305581425
3 32 -0.09459848357589654
3 33 -0.08190712374579553
3 34 -0.060035459780645895
3 35 -0.1675616982684069
3 36 -0.10077741887441578
3 37 -0.020093080331933202
3 38 0.02360561440594957
3 39 0.017093757993130006
4 4 0.0
4 5 -0.05322219363907427
4 6 0.018115712245484895
4 7 0.0984656284180671
4 8 0.07288019712458199
4 9 -0.01064983774211425
4 10 -0.008558258909036352
4 11 -0.19751726460514882
4 12 0.1029967623577106
4 13 -0.010644217702801908
4 14 -0.04506675636766216
4 15 0.1584336122535261
4 16 -0.18707142399725502
4 17 -0.06483395839636585
4 18 0.05134573285325902
4 19 0.03486703178252908
4 20 -0.002040343962842433
4 21 0.038832233801224546
4 22 -0.009238916572526753
4 23 0.00811390830343856
4 24 0.09533834275467476
4 25 0.1975727729449082
4 26 -0.2802245514134752
4 27 0.04152342161074207
4 28 -0.09690213257625631
4 29 -0.11807908874171544
4 30 0.015388413901773043
4 31 -0.04635715393447692
4 32 -0.18841840291639186
4 33 0.04281157996545783
4 34 0.022555656472328232
4 35 0.06235801006890297
4 36 0.09578699247043063
4 37 0.06038463387974874
4 38 0.17456742688805907
4 39 -0.04398943354597893
5 5 0.0
5 6 -0.09099226746096596
5 7 -0.05182984021285762
5 8 -0.08429791565832133
5 9 0.03143764777437181
5 10 0.04915868621891422
5 11 0.009006443873293631
5 12 0.13462862668901565
5 13 -0.012382170414396562
5 14 -0.014798466445509676
5 15 -0.06555076949052116
5 16 0.04144147196213384
5 17 -0.046094547974144764
5 18 -0.04201455195050959
5 19 0.026152213990206057
5 20 0.06854957529001983
5 21 0.03257385974757401
5 22 0.030955849128966824
5 23 -0.022863675593274242
5 24 -0.07112108366560517
5 25 0.01868802925626935
5 26 0.09844751310627028
5 27 0.12878540474328531
5 28 0.08882417603192658
5 29 0.04124773224181696
5 30 0.0791734846652994
5 31 -0.07210980109322136
5 32 0.03815218211768582
5 33 0.008283018758746373
5 34 -0.06991615156313774
5 35 -0.014566931089078469
5 36 -0.003684116282991779
5 37 -0.16137793623193566
5 38 -0.10428512650015345
5 39 -0.14401123165034516
6 6 0.0
6 7 0.04258646840243562
6 8 0.09437528359999758
6 9 -0.16730972275366002
6 10 0.0325401376086694
6 11 -0.10534969886284369
6 12 0.04583591620776038
6 13 0.0757285767238339
6 14 0.014814248104809895
6 15 -0.02184627037834356
6 16 -0.06237038868881921
6 17 0.15188394832793148
6 18 -0.17666642347828637
6 19 0.004441696969130216
6 20 0.02742520427137383
6 21 -0.06275758029144866
6 22 -0.08565225395279588
6 23 0.09170261529849083
6 24 0.013083498170641968
6 25 -0.06308028096461984
6 26 0.025712306812300967
6 27 -0.12131087247524755
6 28 -0.1255961315921051
6 29 -0.1200007822323889
6 30 -0.07708579379933216
6 31 0.12848851803682723
6 32 0.009749377256148682
6 33 -0.012835882941579802
6 34 -0.06441703763451083
6 35 0.04472757947737639
6 36 0.08350989472605905
6 37 0.06734427981593234
6 38 0.06093681937777179
6 39 -0.01590204995222306
7 7 0.0
7 8 0.02501925186420747
7 9 0.0356240983642991
7 10 -0.026857102906341957
7 11 -0.11389730772785171
7 12 -0.09487276195335856
7 13 -0.05385766412558525
7 14 -0.03350315051006786
7 15 0.023508826401660035
7 16 -0.18124227116877778
7 17 0.10633427526689287
7 18 0.003017788826259634
7 19 -0.043701704820813876
7 20 -0.06445968533918442
7 21 0.035320404803602316
7 22 0.08242079211843713
7 23 -0.055000716891130376
7 24 0.14643526940343757
7 25 0.08616559099642912
7 26 -0.02076906931890158
7 27 -0.07395467130220112
7 28 -0.1304510202427796
7 29 -0.06048907387182865
7 30 -0.03208037873728286
7 31 0.02715491193856185
7 32 -0.034314529060512355
7 33 -0.06595840910705984
7 34 0.06954478520942531
7 35 0.17112613093742662
7 36 0.06904957911172446
7 37 0.0023546903743873154
7 38 0.009510752738913036
7 39 0.045353245624569175
8 8 0.0
8 9 -0.030292964154036355
8 10 -0.04578389679662866
8 11 -0.12346938809135552
8 12 0.0069699222937754865
8 13 -0.039528009307660046
8 14 0.012463039274149674
8 15 0.019502402769671877
8 16 -0.04211260766448278
8 17 0.030950712883503394
8 18 0.08163835606878148
8 19 0.10333768413762759
8 20 -0.10372955042736261
8 21 -0.011425163877680508
8 22 -0.13127362029202844
8 23 -0.01024177127401119
8 24 -0.008582688025450376
8 25 0.022326012147174994
8 26 -0.023273833581116902
8 27 0.02630457848748478
8 28 -0.009977001566491804
8 29 -0.020048062405294644
8 30 -0.003743393073523443
8 31 0.06542935514675907
8 32 0.02394825200424903
8 33 -0.043567131429288426
8 34 -0.01807886141244228
8 35 -0.08867897970243771
8 36 0.19893337655260787
8 37 0.061382057580574544
8 38 0.07650356757876564
8 39 -0.041732619899346415
9 9 0.0
9 10 0.0742306050350724
9 11 0.0448823992918684
9 12 -0.08327163970369394
9 13 -0.02471103612817673
9 14 -0.16645114822428958
9 15 0.01061272342436793
9 16 -0.016452616208693878
9 17 0.03179299805689873
9 18 0.006575088143406888
9 19 0.04636132318574569
9 20 0.09681036749045638
9 21 -0.029422336847887493
9 22 -0.06508833883127778
9 23 -0.21633393011465057
9 24 -0.004322580933114413
9 25 0.21083796420136788
9 26 0.06757369712180797
9 27 0.0005167235599820062
9 28 0.06831348512730911
9 29 0.0023333638314110778
9 30 0.022425860437373716
9 31 -0.08526926555997906
9 32 -0.17461673778518338
9 33 -0.05272103486144025
9 34 0.12726337107900967
9 35 -0.021817559415268254
9 36 -0.05644656334750723
9 37 -0.0342382662444851
9 38 -0.05450136730985268
9 39 -0.0779519995565526
10 10 0.0
10 11 0.07907084536279388
10 12 0.038635424721640464
10 13 0.014238979297895221
10 14 -0.00013552935434686824
10 15 -0.2664328538272636
10 16 0.01926765548119905
10 17 0.0435228976784343
10 18 -0.2614565652673452
10 19 0.052237401202704606
10 20 0.2401800914774434
10 21 -0.026458375743719127
10 22 0.015472452811947254
10 23 -0.03311524607626524
10 24 0.1442501775970031
10 25 -0.10575604454569683
10 26 0.04074863067216515
10 27 0.10700143139246494
10 28 0.09527347874288242
10 29 0.14615103201810922
10 30 0.028436300290615873
10 31 -0.06342011963655768
10 32 -0.11682125433518276
10 33 0.14777379746506827
10 34 0.010738787624674008
10 35 -0.03410110168667928
10 36 -0.048652818640032056
10 37 -0.008349567478284537
10 38 -0.0016681791083283715
10 39 -0.13562047575197148
11 11 0.0
11 12 -0.1155606802013284
11 13 0.04267531065393157
11 14 0.003999265387019316
11 15 -0.05212441929362886
11 16 0.1740517276694838
11 17 0.024310413457085882
11 18 -0.02836642631706318
11 19 0.03401635606521754
11 20 0.10255717379619915
11 21 -0.01424118919770741
11 22 -0.002105797005574109
11 23 0.03825852895079483
11 24 -0.04052736434632939
11 25 -0.13423760930735545
11 26 0.13889563792511667
11 27 -0.017573240682935483
11 28 0.08229353273567536
11 29 0.11479998064362344
11 30 0.04693408560598172
11 31 -0.08240029346449819
11 32 0.051029438030687366
11 33 0.011070882980536463
11 34 -0.0023162686819425933
11 35 -0.06861878023341136
11 36 -0.1551281129078494
11 37 -0.004762925625220623
11 38 -0.05721086172232489
11 39 0.05680362393331835
12 12 0.0
12 13 0.1037338136429528
12 14 0.039328378677357265
12 15 -0.03988021541890944
12 16 0.04689664867547383
12 17 -0.17744670475089913
12 18 -0.0000647388060563953
12 19 -0.013161147309745092
12 20 0.08682242252598579
12 21 -0.0959216159673088
12 22 0.008906563898541213
12 23 0.06005382419270674
12 24 -0.12225014295087411
12 25 -0.014483050706177858
12 26 -0.13191953050511956
12 27 0.13118872740796755
12 28 0.1047467622644765
12 29 -0.11142373271563313
12 30 -0.09355297422009809
12 31 -0.058263482304486566
12 32 -0.04677685306792527
12 33 0.15503016525683033
12 34 -0.1502753460960595
12 35 -0.003607230251006494
12 36 0.23245630365065587
12 37 0.042686563350623534
12 38 0.045136111578110594
12 39 -0.1988829635092112
13 13 0.0
13 14 -0.01170726553272086
13 15 -0.022472241787425414
13 16 0.004655741895905727
13 17 0.09123650480214798
13 18 -0.04730684490411048
13 19 -0.07661824462508689
13 20 0.12719112724767
13 21 -0.06298691704198048
13 22 -0.006587144985441886
13 23 0.041692729206350095
13 24 -0.22233128083285186
13 25 0.02969121098415648
13 26 0.004092035599424835
13 27 -0.05349272741391477
13 28 -0.05091138447953614
13 29 -0.04768129173904164
13 30 -0.18034724252580775
13 31 0.05741664356082636
13 32 -0.012987001385461893
13 33 0.27028220893916044
13 34 0.14802296807389254
13 35 0.1270713415098253
13 36 -0.0610712327289231
13 37 0.12051226093721737
13 38 0.10035964486317542
13 39 0.1385650103706809
14 14 0.0
14 15 -0.07473064947692341
14 16 0.03023962011550644
14 17 -0.05506827362577802
14 18 0.02368874606039046
14 19 -0.022596641300157864
14 20 -0.11001381577707652
14 21 0.014275607782699342
14 22 0.07589772380005408
14 23 0.05109257609489215
14 24 0.04208911287462877
14 25 -0.18357377687688214
14 26 -0.0004812019667788447
14 27 0.057001134753575336
14 28 -0.06911783641516772
14 29 0.06102595699537546
14 30 -0.020335089831462993
14 31 0.05245167845161981
14 32 -0.008395675841131335
14 33 -0.0041024457491724235
14 34 -0.08786683102150163
14 35 -0.028725653852895404
14 36 0.013880166033076676
14 37 0.04655194284124893
14 38 0.010843187773228232
14 39 0.08849693665992461
15 15 0.0
15 16 0.0004933457747875878
15 17 -0.12143824645462473
15 18 0.20227736035192737
15 19 0.02213441787935031
15 20 -0.11921803005480443
15 21 -0.009759263341353764
15 22 -0.13098995053143347
15 23 0.02245532766953598
15 24 -0.05961861118362717
15 25 0.19150701064930148
15 26 -0.09485534899196675
15 27 -0.16896839983357334
15 28 -0.06134934905239149
15 29 -0.18929575552713035
15 30 -0.012899214682658394
15 31 0.000350948470185198
15 32 -0.04775902224856846
15 33 -0.15929295848902444
15 34 0.019164687525337197
15 35 -0.015633946630140453
15 36 0.010305890615410785
15 37 0.024396375553735722
15 38 0.023005666830337636
15 39 0.015490999921167401
16 16 0.0
16 17 -0.1482919555901835
16 18 -0.0227569506132767
16 19 -0.0031997769305915523
16 20 0.02642993044083748
16 21 -0.0470672439676728
16 22 -0.13482164999770146
16 23 0.03667174173011338
16 24 -0.1356823964620242
16 25 -0.11435423623813831
16 26 0.21108918703163057
16 27 -0.04383162907059857
16 28 0.2162492571415587
16 29 0.06580796766853404
16 30 0.07920570424223947
16 31 -0.0194260173449203
16 32 -0.048857618873037176
16 33 -0.02146173807927655
16 34 -0.059273346662431926
16 35 -0.13533899016581796
16 36 -0.0032380115064880497
16 37 -0.05013927300838085
16 38 -0.14030279566274442
16 39 -0.11240548072996104
17 17 0.0
17 18 -0.09507202022583047
17 19 0.026235469204659783
17 20 0.11480873017178972
17 21 0.00020571659929135392
17 22 0.08473443888730071
17 23 0.15849648870194485
17 24 -0.10259611188160711
17 25 0.020343738657363948
17 26 0.14994752537204803
17 27 -0.09592825564107647
17 28 -0.2024795841718452
17 29 0.0003544623685780339
17 30 0.006038647026327277
17 31 0.0569571873620188
17 32 0.15344862999599068
17 33 -0.04118292302090113
17 34 0.08847047171353127
17 35 0.19576352605848987
17 36 0.017143899696330393
17 37 -0.01789534254464098
17 38 0.1120536747346437
17 39 0.17269394960241138
18 18 0.0
18 19 0.04463986053965759
18 20 -0.27735209728802923
18 21 0.07938139902558032
18 22 -0.017288011318192652
18 23 0.012482497600349713
18 24 -0.05766606930392456
18 25 0.03011537213554219
18 26 -0.08763049615221938
18 27 0.058036717414792646
18 28 -0.0715849208750034
18 29 -0.022917970045701654
18 30 0.03436971822588417
18 31 -0.06565141456987945
18 32 0.07767775465562587
18 33 -0.13127447259306016
18 34 -0.11931421872798811
18 35 -0.10248437225604703
18 36 0.14846050525061685
18 37 0.11806968313590387
18 38 0.022871421304322397
18 39 0.0853701953623411
19 19 0.0
19 20 0.03392194610903353
19 21 -0.05550363295519226
19 22 -0.15290665353283636
19 23 0.01234800026861289
19 24 0.03937512426968622
19 25 -0.03386605582992747
19 26 0.03828127484339091
19 27 0.14203369681219244
19 28 0.037832797539828204
19 29 -0.0048737638965792255
19 30 0.12075283971984845
19 31 -0.07804986882510398
19 32 0.04071441794654885
19 33 -0.09872258978029236
19 34 -0.08921050124348702
19 35 -0.11092745986422273
19 36 0.15856950446877577
19 37 0.009072187602386903
19 38 0.09162648066290294
19 39 -0.10080657874965535
20 20 0.0
20 21 -0.18631528113783105
20 22 -0.007429814846790591
20 23 0.07852912370720547
20 24 -0.10568042466384783
20 25 0.08653919822089949
20 26 -0.006048448616652899
20 27 -0.08311253146419938
20 28 0.1969186522176801
20 29 -0.038528059320474935
20 30 -0.12022192586096847
20 31 -0.04938007808724264
20 32 0.03543232689407615
20 33 0.21550692792614332
20 34 0.20384387613129967
20 35 0.10844845634728835
20 36 -0.06532724332746362
20 37 -0.10142537950352068
20 38 0.07016538897393704
20 39 -0.14380237228302334
21 21 0.0
21 22 0.08816144577552174
21 23 -0.09971451056232251
21 24 0.0551425837896509
21 25 -0.007959844140536979
21 26 -0.010781961055373941
21 27 0.09954511507404581
21 28 -0.06463564421109763
21 29 0.14971377236036393
21 30 0.1794686207023378
21 31 -0.12839065078573578
21 32 -0.012977959114599386
21 33 -0.0328491397559833
21 34 -0.1547584357071169
21 35 -0.12166157558220987
21 36 -0.12095724339019538
21 37 -0.0469556861603863
21 38 -0.08893049691492916
21 39 0.07286820782356046
22 22 0.0
22 23 -0.0007523439659721882
22 24 0.04908655103164227
22 25 -0.07476171811780019
22 26 -0.06752833147277858
22 27 0.015212025085283576
22 28 -0.10866679894917182
22 29 0.03478381330728757
22 30 -0.06031067782268833
22 31 -0.07718213567170798
22 32 0.017758732573057486
22 33 0.049892714912593186
22 34 -0.016054648998525465
22 35 0.18962059192518424
22 36 -0.06895791965004767
22 37 -0.06080140097682857
22 38 0.007872130513821525
22 39 0.1882106871442663
23 23 0.0
23 24 -0.09975372581442435
23 25 -0.0904095512034976
23 26 -0.02741070534355374
23 27 -0.04634486787974728
23 28 -0.09478540015483405
23 29 -0.038999742162050904
23 30 0.0018675520384059496
23 31 0.0945187746548557
23 32 0.16733930733617544
23 33 -0.018594279830971255
23 34 -0.04679560274385232
23 35 0.054508562753366276
23 36 0.06201112279247474
23 37 0.07401786155643707
23 38 0.11441686192185026
23 39 0.02604313384430922
24 24 0.0
24 25 -0.11377940483660061
24 26 -0.0701486348445073
24 27 0.0929691107693613
24 28 -0.08381472122189848
24 29 0.06665123995457824
24 30 0.09945846588637117
24 31 -0.027267594543372225
24 32 -0.13004344453666666
24 33 -0.10531219504981523
24 34 -0.08475201885930886
24 35 0.007337449702784884
24 36 0.01764062037448972
24 37 0.07350231869351091
24 38 -0.03740455744335527
24 39 -0.05890189191190407
25 25 0.0
25 26 -0.10145807816848329
25 27 -0.10988069580415713
25 28 0.04355404821107113
25 29 -0.14113585896707773
25 30 -0.03724143821278349
25 31 0.005919184374759461
25 32 -0.056395609908364605
25 33 0.02700558830691179
25 34 0.22450183788066386
25 35 0.09635509383227786
25 36 -0.02775688264190184
25 37 -0.09362356323941351
25 38 0.03180130833813467
25 39 -0.07105475031010478
26 26 0.0
26 27 -0.07910923955056438
26 28 0.026635144094705233
26 29 0.07763815143378862
26 30 0.07472129034258071
26 31 0.04589052996517244
26 32 0.014613747846854028
26 33 -0.141028874623298
26 34 0.005179085825731865
26 35 0.02088133665202923
26 36 0.010339115774050887
26 37 -0.12141666853332411
26 38 -0.1717299270041483
26 39 -0.01637754774967585
27 27 0.0
27 28 0.03097110385701493
27 29 0.1412316393249732
27 30 0.26611935580309287
27 31 -0.11500194979749886
27 32 0.03262744962199336
27 33 0.08479860905755579
27 34 -0.2152508882059112
27 35 -0.10781986368838899
27 36 0.07923759135784963
27 37 0.05772444045494675
27 38 0.06599570548078561
27 39 -0.0654172965538672
28 28 0.0
28 29 0.04907559848454206
28 30 0.010971306219851627
28 31 -0.12392906369711831
28 32 0.10035906204055671
28 33 0.1404237999504563
28 34 0.05024684452222241
28 35 -0.12848753584092615
28 36 0.04921348599586174
28 37 -0.14143328291907667
28 38 -0.11109891451321756
28 39 -0.2758354033790379
29 29 0.0
29 30 0.12683897545899148
29 31 -0.0372236102990418
29 32 0.023309929429958357
29 33 0.05138644845713645
29 34 -0.05017761790374716
29 35 -0.1829059988342934
29 36 -0.16051316832276347
29 37 -0.01786980561140989
29 38 -0.09221184101247913
29 39 0.019110782289518905
30 30 0.0
30 31 -0.12516541142925383
30 32 0.011748687514019958
30 33 -0.1387693885357414
30 34 -0.22262139514196363
30 35 -0.12461813624477906
30 36 -0.016053295332601747
30 37 -0.05670352631550416
30 38 -0.04618874547588064
30 39 -0.0750466396230929
31 31 0.0
31 32 0.00041044598562752844
31 33 -0.00456381589303199
31 34 0.18682008611409578
31 35 0.08288859752321462
31 36 -0.057037076654406195
31 37 0.05644512700877301
31 38 0.030255002595862723
31 39 0.0796496449237628
32 32 0.0
32 33 0.03474352915109822
32 34 -0.02423442611086496
32 35 0.00043540867018347016
32 36 0.0693619532094101
32 37 -0.04678793645991602
32 38 0.0035218241242688103
32 39 0.0020176955477937183
33 33 0.0
33 34 0.173640166390481
33 35 0.08082105320427328
33 36 -0.07949564478328838
33 37 0.0641670326375232
33 38 0.09241705021796162
33 39 0.01203620779634627
34 34 0.0
34 35 0.22959697781295238
34 36 -0.15046373964207602
34 37 -0.05655209071360503
34 38 0.06511891604302228
34 39 0.09384898308474349
35 35 0.0
35 36 0.09139088270797778
35 37 -0.021766835110625476
35 38 0.10580496244276014
35 39 0.14453355200038548
36 36 0.0
36 37 0.08630470192988585
36 38 0.0879518139160054
36 39 -0.1916667252957719
37 37 0.0
37 38 0.12013894738670042
37 39 0.08692051910016388
38 38 0.0
38 39 0.11731618788155636
39 39 0.0
