0 0 0.0
0 1 0.01582899675136907
0 2 0.03595100289640273
0 3 -0.0827189503075154
0 4 0.0716355984292745
0 5 -0.09786946769197395
0 6 0.10109255801192493
0 7 -0.0185571995913028
0 8 -0.18977279687823564
0 9 0.006665401046893208
0 10 0.0544689700036574
0 11 0.028080730980460444
0 12 0.021983788870945445
0 13 0.08448863606394749
0 14 -0.09767305725927168
0 15 -0.06919852621040064
0 16 -0.010172626897531286
0 17 0.09673160585507877
0 18 -0.07612478680719041
0 19 -0.017433275140812228
0 20 0.057622947187186725
0 21 -0.05414694205371268
0 22 0.05108774267980276
0 23 0.0695571667778453
0 24 0.09368513561680822
0 25 0.06167814320052124
0 26 -0.061034216639442716
0 27 -0.0031872532760720993
0 28 -0.15285730940995568
0 29 0.014842725565902909
0 30 -0.07174177305449506
0 31 0.0330730875678002
0 32 0.05445198240620197
0 33 0.038255767556895234
0 34 -0.05573144547082022
0 35 -0.0021345962268359015
0 36 -0.10374841401504857
0 37 -0.017242782434511553
0 38 -0.058513298650288224
0 39 -0.0637699252279691
1 1 0.0
1 2 0.0334764870443909
1 3 0.014879298973071425
1 4 -0.07356094436489596
1 5 -0.05570646592613242
1 6 0.057916075110202324
1 7 -0.06458915267355284
1 8 0.03511982531914627
1 9 -0.028750819608538092
1 10 -0.06349388509666029
1 11 0.02770797623733166
1 12 0.06579290665786813
1 13 0.005185648454260867
1 14 -0.11657063048497682
1 15 -0.12420626585250716
1 16 -0.07423422799755627
1 17 0.05781215651995467
1 18 0.11420796849947279
1 19 0.04279214397576371
1 20 0.0020506736100804838
1 21 0.10600715605888962
1 22 -0.00039035478884067554
1 23 0.05981736951946957
1 24 -0.1458688588505609
1 25 -0.004909127936981108
1 26 -0.08268069528101081
1 27 0.10800905962732846
1 28 -0.13575233500427106
1 29 -0.007676739617814322
1 30 0.0396672742252791
1 31 -0.09515669120082679
1 32 0.164454241938337
1 33 0.051599902565109025
1 34 0.017181656658530383
1 35 0.03299901972218851
1 36 0.024445610024647447
1 37 -0.036429159009351446
1 38 -0.02834901327790426
1 39 -0.08958456196618717
2 2 0.0
2 3 -0.14723413706649982
2 4 0.025086629583116322
2 5 -0.020860009260030035
2 6 -0.07889989563394828
2 7 0.049470188847069836
2 8 -0.018570804697142982
2 9 0.07091364416929462
2 10 0.005309759091653668
2 11 0.06853271431353071
2 12 -0.058952975450054644
2 13 0.030397708295312298
2 14 -0.04868368820142489
2 15 -0.0656607152977821
2 16 -0.04139604772098523
2 17 -0.02634611305074002
2 18 -0.09201690321035258
2 19 -0.093887610555486
2 20 -0.08196034313464899
2 21 0.0037917149099369355
2 22 0.233334540951756
2 23 0.10492325501547535
2 24 -0.08437192628455122
2 25 0.032732088847629764
2 26 -0.002842810914307319
2 27 -0.03395554970630084
2 28 0.007094742360322784
2 29 0.02013940991650251
2 30 0.013747958315958712
2 31 0.1049673866026076
2 32 0.007007364461368873
2 33 0.16255325648562052
2 34 0.026793606080193443
2 35 0.053061193786367936
2 36 0.05820967167687676
2 37 -0.07893627778096927
2 38 -0.003283565184464728
2 39 0.003417635964609835
3 3 0.0
3 4 -0.03743078291598945
3 5 0.043822276863722046
3 6 0.01728449423355478
3 7 -0.1902416448434526
3 8 0.11693583465239421
3 9 -0.022742529693293996
3 10 0.011190636008705804
3 11 -0.06860768894884871
3 12 0.16164836840622077
3 13 0.018686813955046545
3 14 0.01944292893437053
3 15 0.015976008639806284
3 16 0.1322496624011103
3 17 -0.08617656000231042
3 18 0.08299207070868594
3 19 0.06848487668989993
3 20 0.16181290129660386
3 21 0.0009521621774847371
3 22 -0.15573123334975641
3 23 -0.17164279630549895
3 24 0.011463060060457416
3 25 -0.013915496659701052
3 26 -0.0014018726810653113
3 27 -0.02328800243450526
3 28 -0.04427883865597916
3 29 0.12457790923350812
3 30 -0.031349459688014426
3 31 -0.09202476631793272
3 32 0.025288899973389012
3 33 -0.15235003721554166
3 34 -0.05672857877785194
3 35 0.005631042461916374
3 36 0.053796665527721346
3 37 -0.0069697789744058965
3 38 0.04914968323543944
3 39 0.04376781492959255
4 4 0.0
4 5 0.030652897063125507
4 6 -0.05139336232286945
4 7 -0.061950960854490554
4 8 -0.07919198835737441
4 9 0.043805580641925315
4 10 0.08167001981852416
4 11 0.07204407549919231
4 12 0.029102686552487968
4 13 0.03470493885488059
4 14 0.002395331654599399
4 15 0.031816369292990886
4 16 0.019600834325184308
4 17 -0.04585441772358105
4 18 -0.024560905908878335
4 19 -0.06903769576771504
4 20 -0.020037112982343612
4 21 -0.09917535326883842
4 22 0.10608597076300438
4 23 0.10851531623748463
4 24 0.04328780945346235
4 25 0.04093087862075191
4 26 0.029601093293610277
4 27 -0.0012755743642638715
4 28 -0.02947364747783373
4 29 0.0022071199902039093
4 30 -0.05509207349616354
4 31 0.009390654147668525
4 32 0.004290655628202092
4 33 -0.0277623698357293
4 34 -0.036983239803764924
4 35 -0.03397643547546422
4 36 -0.041434731206704115
4 37 0.06904489628392949
4 38 0.0039779968226819435
4 39 0.04712822945443463
5 5 0.0
5 6 -0.038525977715192096
5 7 0.07517665479935391
5 8 0.15197966377735364
5 9 0.04232828728013987
5 10 -0.03392018712259924
5 11 0.021385519762526898
5 12 -0.08550443910840978
5 13 -0.11405002451402209
5 14 0.06597127162636533
5 15 0.13204756740668827
5 16 0.02114044317900963
5 17 -0.14670079392414945
5 18 -0.05598315348080178
5 19 0.06944754393572336
5 20 -0.07325515617962883
5 21 0.021990434256155093
5 22 -0.01577905346441997
5 23 0.07233648163804418
5 24 0.002861039555455043
5 25 0.09217656207509081
5 26 0.06747929980340031
5 27 -0.09406683372569494
5 28 0.15362456613737052
5 29 -0.05384966774334141
5 30 -0.14212212630685578
5 31 -0.11837915838988149
5 32 0.015088330723989208
5 33 -0.1773860605023777
5 34 0.08738301911241506
5 35 0.05233374376550699
5 36 0.07104076461036095
5 37 -0.006693755245939301
5 38 0.1040198792025436
5 39 0.024810810279667903
6 6 0.0
6 7 0.04359918053047368
6 8 -0.020878480044482214
6 9 -0.15750854045654494
6 10 -0.02538853681084627
6 11 -0.12887216940847823
6 12 -0.05043464867820796
6 13 0.00796417591990917
6 14 -0.0681008352384649
6 15 0.0008809755359954055
6 16 -0.04454939917348806
6 17 0.08277939522896638
6 18 0.0646198085835097
6 19 0.22146133577453306
6 20 0.1334792205246961
6 21 0.03431627040880439
6 22 -0.11644429082088756
6 23 -0.08254576305857483
6 24 0.03016171595028335
6 25 0.14618444319913854
6 26 -0.03290476837687022
6 27 -0.160944163397755
6 28 -0.1512296330295476
6 29 -0.022780283461161698
6 30 -0.02642062206133673
6 31 -0.11443161628028745
6 32 0.04661055832070484
6 33 -0.12348719584652987
6 34 -0.04948840575392355
6 35 0.08457370748436172
6 36 0.0007867693001367994
6 37 0.07459357413075736
6 38 -0.019877781879041736
6 39 -0.17509533618963535
7 7 0.0
7 8 -0.02112187943013442
7 9 -0.0020067297171915592
7 10 -0.11910702100782385
7 11 -0.020376735386142184
7 12 -0.28612262026223506
7 13 -0.12092603210878054
7 14 0.026749154510600937
7 15 -0.015928809663211176
7 16 -0.10664465997570685
7 17 0.04881005393174405
7 18 -0.12863292123611123
7 19 0.1457092159196317
7 20 -0.12607416905439828
7 21 0.09568806432920827
7 22 -0.04061735374490157
7 23 0.04215616735354065
7 24 0.012068891632035771
7 25 -0.0008138830180911781
7 26 0.03388594146602463
7 27 -0.10732439954894116
7 28 0.275703981301774
7 29 -0.06774769187497516
7 30 -0.054911716833804324
7 31 0.013850252476882777
7 32 -0.04549758243177192
7 33 -0.00019296326396803684
7 34 0.0713153361956654
7 35 0.053662737123964396
7 36 -0.10272456648470218
7 37 -0.08255005323616156
7 38 -0.05408362076083795
7 39 -0.1042397627112444
8 8 0.0
8 9 -0.096807002540916
8 10 -0.1557720539738082
8 11 -0.07133227016334522
8 12 -0.013651181010492907
8 13 -0.0708094520072052
8 14 0.07813088798625488
8 15 0.11269234645289497
8 16 -0.0934982334012821
8 17 -0.1639962774686341
8 18 0.09608717770446867
8 19 0.12196475857600371
8 20 0.05216507995060119
8 21 -0.0014496277594867127
8 22 0.04770386643760226
8 23 -0.05564393570954018
8 24 -0.11884826785799177
8 25 0.04833913353625559
8 26 0.02227756960488663
8 27 -0.05427429235753702
8 28 0.05888998773150694
8 29 -0.08553430831219387
8 30 -0.027175556882426188
8 31 -0.03467871775123493
8 32 0.031613712420703086
8 33 0.04588693810488421
8 34 0.058644140286300904
8 35 0.08241795521627138
8 36 0.2970035870637458
8 37 0.019473963636386066
8 38 0.13847216525338538
8 39 0.08730505386814089
9 9 0.0
9 10 0.10934013984438633
9 11 0.09870837067530218
9 12 0.04100907733615481
9 13 -0.027827163563454948
9 14 -0.008117598428876546
9 15 -0.02704153277695089
9 16 0.14241962520016238
9 17 -0.03462732181855112
9 18 -0.11768755115960143
9 19 -0.2044273572016723
9 20 -0.0641388700995901
9 21 0.007176109802772691
9 22 0.06923119446414934
9 23 0.08751373772578036
9 24 0.05419484469553606
9 25 -0.007162443244933396
9 26 -0.01953656257504547
9 27 0.02958251554344369
9 28 0.059391891064063215
9 29 0.06011420587213885
9 30 -0.04426946193888665
9 31 0.05374821849405369
9 32 -0.028063238637617872
9 33 -0.012040888528893281
9 34 0.010629883022853085
9 35 -0.011486282356154873
9 36 -0.061536467226121105
9 37 -0.12037212103599977
9 38 0.03853052925036421
9 39 0.0335939352168329
10 10 0.0
10 11 0.0425125706765463
10 12 0.12020385119787003
10 13 0.057082466539554885
10 14 -0.010317696688732753
10 15 0.02647638419280578
10 16 0.1946644340661216
10 17 0.005845081131723917
10 18 0.011650417107236919
10 19 -0.24932327849077413
10 20 0.02460477021690507
10 21 -0.062254884427496215
10 22 0.04467159120402202
10 23 0.019239568957815843
10 24 0.11449086370178103
10 25 0.052395309290384294
10 26 0.011636009063337501
10 27 -0.006996232097323638
10 28 -0.11607236369701704
10 29 0.09244601306444208
10 30 0.055828326710660105
10 31 0.037806179135278485
10 32 -0.08737777493058274
10 33 -0.11986045850168012
10 34 -0.07696269237383978
10 35 -0.01956182597779775
10 36 -0.03759009220850934
10 37 0.053517255550611806
10 38 0.02138613582774829
10 39 -0.02545041338027767
11 11 0.0
11 12 0.013803613831937917
11 13 0.005475634412978114
11 14 -0.019532500985161204
11 15 -0.043019362949774494
11 16 0.01262193635774828
11 17 -0.00840335954972531
11 18 -0.010168559173795158
11 19 -0.1130025062255146
11 20 -0.08609557415660436
11 21 -0.0053989839545073625
11 22 0.09025662781654623
11 23 0.14524701004882654
11 24 -0.009444234060901873
11 25 -0.03348955473542181
11 26 -0.013007888297424774
11 27 0.1076004084837026
11 28 0.015109886698557635
11 29 -0.008676880185285746
11 30 -0.013272760496545966
11 31 0.006709537534899177
11 32 0.05865299302497005
11 33 0.0180373783385561
11 34 0.010403021428869199
11 35 -0.027058419089024843
11 36 -0.06314003094275536
11 37 -0.020188775746449675
11 38 -0.011623446990696423
11 39 0.014033421475369148
12 12 0.0
12 13 0.028142765773153926
12 14 -0.10177472782004178
12 15 0.011375357293710201
12 16 0.06968000255406263
12 17 -0.0026121856680598595
12 18 -0.011826205555737174
12 19 -0.21905792851953926
12 20 0.10162481654488524
12 21 -0.09645810253075608
12 22 0.006046441402314404
12 23 0.007282153172220185
12 24 -0.005425950309668819
12 25 0.04124285016677358
12 26 -0.03433738192944365
12 27 0.08266117563256706
12 28 -0.22655060560947016
12 29 0.11003878489111955
12 30 -0.04454758432836209
12 31 0.00801327258423527
12 32 -0.05314109678105594
12 33 0.07615045132284845
12 34 -0.051119131926607275
12 35 -0.11340688069898508
12 36 0.053045943553682605
12 37 -0.005160724270051903
12 38 0.03592520881406708
12 39 0.12758126050423152
13 13 0.0
13 14 -0.06196703475362322
13 15 -0.04087005776443392
13 16 -0.0329836371512789
13 17 0.10216412225490416
13 18 0.018466412393343366
13 19 -0.06865597559855219
13 20 0.06672769345857822
13 21 -0.07709440297731099
13 22 0.05069802337988917
13 23 -0.054149383989708075
13 24 0.11086433674395972
13 25 -0.03298564068573141
13 26 0.050415355955802474
13 27 0.09487740262189347
13 28 -0.18792134414149453
13 29 0.12577734766573054
13 30 0.06684858804971197
13 31 0.09139142608417232
13 32 0.022508077806858078
13 33 -0.0046456539390548075
13 34 -0.03928416477377292
13 35 0.0245422334327186
13 36 0.03402214729265819
13 37 0.05998823196075095
13 38 -0.14911181028804912
13 39 -0.08986311232773686
14 14 0.0
14 15 0.09176371350773069
14 16 0.11198119205698528
14 17 -0.09645156912499112
14 18 0.12168618112772134
14 19 0.04090474818158477
14 20 0.00582106684580668
14 21 0.00019280610105609222
14 22 -0.04343753097499921
14 23 -0.092849075647775
14 24 0.043281647761928096
14 25 -0.08914352523025573
14 26 -0.022749978119516408
14 27 0.011601785073625638
14 28 0.11822727241622669
14 29 -0.14727142486069922
14 30 0.09892679686291858
14 31 0.011982650563622393
14 32 0.0005285539207854206
14 33 -0.06640738545391481
14 34 -0.00273779769808103
14 35 0.011800307081611294
14 36 0.03179626602835273
14 37 0.060371585964326645
14 38 0.12826517266540788
14 39 0.08460385862526101
15 15 0.0
15 16 0.013756312989278822
15 17 -0.0821593175645882
15 18 -0.06201827114443033
15 19 -0.023433547822354267
15 20 -0.03692822585876801
15 21 -0.06890875659718776
15 22 -0.039074149997382894
15 23 -0.023392696083974897
15 24 0.061936785725868734
15 25 0.08659944256957483
15 26 0.08855333954849204
15 27 -0.0718335060533418
15 28 0.0030520451617489846
15 29 -0.08636768430864665
15 30 -0.05620343741449176
15 31 -0.038016869157853156
15 32 -0.11224008501873924
15 33 -0.09398812825561725
15 34 0.08759971152041215
15 35 -0.029979701891272647
15 36 0.12780309361113357
15 37 0.08872589368212706
15 38 0.10238506457100711
15 39 0.10727195594174328
16 16 0.0
16 17 -0.08482675580400337
16 18 0.06318814691557412
16 19 -0.15496741658845883
16 20 0.10107057479549222
16 21 0.018909161006004697
16 22 -0.05125906127395058
16 23 -0.10608389491973409
16 24 0.13435216183375925
16 25 -0.014464231031042819
16 26 -0.09776516058273263
16 27 -0.03219953320352316
16 28 -0.02651433865616316
16 29 0.019358104992030008
16 30 0.06951825302418212
16 31 0.009883065955602666
16 32 -0.005394858407603862
16 33 -0.1811950940769696
16 34 -0.08563562079377562
16 35 0.03761741045501537
16 36 -0.039094249009741025
16 37 -0.05125022582434785
16 38 0.16652011309993558
16 39 0.023674054870085524
17 17 0.0
17 18 -0.002777130555740725
17 19 -0.026969625414684933
17 20 0.005753510606538593
17 21 0.018493154882951647
17 22 -0.11431698290216039
17 23 0.0011027321773737
17 24 0.10581465354881128
17 25 -0.05819491955342695
17 26 -0.016543708943518545
17 27 0.13432661447136662
17 28 -0.09267954842291734
17 29 0.03234690513966189
17 30 0.03897030833552491
17 31 0.02804825646598182
17 32 0.0018209054644097388
17 33 0.013893501363100894
17 34 -0.013194380347491083
17 35 -0.04125589191674303
17 36 -0.13650517569254503
17 37 0.007158722469465933
17 38 -0.1721686029631196
17 39 -0.1477436971764554
18 18 0.0
18 19 0.07870720024837749
18 20 0.13855881321361035
18 21 0.03755728324158068
18 22 -0.053862816887544365
18 23 -0.05963629148396634
18 24 -0.037895756381168655
18 25 -0.12361784363033053
18 26 -0.11059399048640357
18 27 0.1866754830618124
18 28 -0.09617956140039026
18 29 -0.14354229273650265
18 30 0.2849333687106502
18 31 -0.09270385691389993
18 32 0.20058970825642325
18 33 -0.13916663594817347
18 34 -0.16274737858972466
18 35 0.06387250963908338
18 36 0.03124803143540956
18 37 0.24104928551839047
18 38 0.05350590282058939
18 39 -0.12864394703273024
19 19 0.0
19 20 0.02528906409886278
19 21 0.11363622113262131
19 22 -0.1714375415312678
19 23 -0.11202692293616032
19 24 -0.12963325988443528
19 25 -0.009799566475977121
19 26 0.01119785455814874
19 27 -0.13822382786616977
19 28 0.12210475642408039
19 29 -0.08934148668698932
19 30 -0.04469898733702747
19 31 -0.18703547802647677
19 32 0.14427826474962507
19 33 -0.09499868209431364
19 34 0.03269620672155147
19 35 0.07235993376950137
19 36 -0.03868581068511667
19 37 0.04126202981813405
19 38 -0.03310330080420996
19 39 -0.07003132233042733
20 20 0.0
20 21 -0.09308455604488089
20 22 -0.015929795194278604
20 23 -0.1250591247408205
20 24 0.16937534479675703
20 25 0.04737861335114239
20 26 -0.14783050823504526
20 27 -0.01567248285160435
20 28 -0.16897741101348068
20 29 0.004976692284280697
20 30 -0.032587538954425205
20 31 0.06810119341492502
20 32 0.08002888157361605
20 33 -0.0002014452051493902
20 34 -0.17757558793662995
20 35 0.08250898271380444
20 36 0.07615575065216298
20 37 -0.004040820047660465
20 38 0.081544374530832
20 39 -0.04671461661058758
21 21 0.0
21 22 -0.1124986885589732
21 23 -0.03416073865292433
21 24 -0.11910889025784228
21 25 -0.05553610844065755
21 26 -0.014968931355120545
21 27 -0.003943300364391849
21 28 0.0877778961980637
21 29 -0.011539592923847906
21 30 0.07163682502296834
21 31 -0.11137280543887895
21 32 0.06252119198912107
21 33 -0.07691360360396375
21 34 0.06771911077544182
21 35 0.03672089224343806
21 36 -0.06259306082157626
21 37 -0.06224553242571488
21 38 -0.014261762619547489
21 39 -0.08101889415106277
22 22 0.0
22 23 0.1663106327528485
22 24 -0.09876451700939103
22 25 0.10304786290402634
22 26 -0.012559050550523473
22 27 -0.0708113781415238
22 28 -0.05599462890980925
22 29 0.010260513829127642
22 30 -0.006314043873327195
22 31 0.17947059752854455
22 32 0.002538484019005188
22 33 0.25831038806866835
22 34 -0.041439081832968086
22 35 0.07064664470281787
22 36 0.17297979044549375
22 37 -0.02568086442597086
22 38 0.06491329432320089
22 39 0.07532117818539
23 23 0.0
23 24 -0.03288703153872589
23 25 0.07594813254310843
23 26 -0.004603690943491358
23 27 0.0765448282694833
23 28 0.007826080218226951
23 29 -0.053855693539038595
23 30 -0.12254154343329962
23 31 -0.023614494561122457
23 32 0.0679496619090798
23 33 0.05710484023166155
23 34 0.028955945173779214
23 35 -0.025626240819414052
23 36 -0.05071760502139212
23 37 -0.004506059129671281
23 38 -0.015457165745802012
23 39 -0.015272082083886918
24 24 0.0
24 25 0.014514233363416007
24 26 -0.06267524647055026
24 27 0.08076942946095625
24 28 -0.06902468229097718
24 29 -0.01849416577593751
24 30 -0.09548140875990588
24 31 0.1052787041539067
24 32 -0.013837918602481347
24 33 -0.1422160367819428
24 34 -0.0841783142450606
24 35 0.023443552674945526
24 36 -0.06952397887147818
24 37 -0.010912556107639505
24 38 0.0018610648343826814
24 39 -0.0926959905418654
25 25 0.0
25 26 0.026373355541573634
25 27 -0.20978628168671326
25 28 -0.10390275542783707
25 29 0.027421244987863563
25 30 -0.16284980612322392
25 31 -0.03858983031772263
25 32 -0.043685202941381555
25 33 -0.042970395560502236
25 34 0.007078033780953931
25 35 0.07003935988650346
25 36 0.1227597564086785
25 37 -0.0024494711851836973
25 38 0.0723401440549404
25 39 -0.030701642301731235
26 26 0.0
26 27 -0.08568709417382928
26 28 0.09106760726241006
26 29 0.1318535447031257
26 30 -0.005176165874088456
26 31 -0.036358651679931256
26 32 -0.1532695347595217
26 33 -0.08615007253472114
26 34 0.0832261390667963
26 35 -0.04442383927019728
26 36 0.01697464292188534
26 37 0.08485900981671443
26 38 -0.12252206930619795
26 39 0.006035441533040986
27 27 0.0
27 28 -0.0872701590503741
27 29 -0.09108567949854667
27 30 0.10819547415994084
27 31 0.020238579043289514
27 32 0.14243617215473275
27 33 0.045492655333088536
27 34 -0.007105936708048116
27 35 -0.09034660057042143
27 36 -0.08669444776443093
27 37 0.04145825862075684
27 38 -0.07412166583103565
27 39 -0.016164136529768947
28 28 0.0
28 29 -0.0050138419000601885
28 30 -0.03725165856711052
28 31 -0.002604832059011632
28 32 -0.08912700725902797
28 33 -0.032176334132219854
28 34 0.06222233433307602
28 35 -0.00997718384280393
28 36 -0.11612843759231095
28 37 -0.08198989495091703
28 38 -0.012358102585550966
28 39 0.04563494588243047
29 29 0.0
29 30 -0.03040914949701871
29 31 0.03827205447198394
29 32 -0.12928757816084674
29 33 -0.0433207868926134
29 34 -0.04116735027358355
29 35 -0.011042641035803668
29 36 -0.04444255637576686
29 37 -0.058205967758333456
29 38 -0.17211228333397183
29 39 -0.06308937490004451
30 30 0.0
30 31 0.03003605189660698
30 32 0.000519365098407102
30 33 -0.009031972967315893
30 34 -0.049531908208291994
30 35 0.005443083171640921
30 36 0.008429251310170773
30 37 0.14051885982797266
30 38 -0.02640933469437067
30 39 -0.05170692655536526
31 31 0.0
31 32 -0.09731883259215646
31 33 0.23951356416531802
31 34 -0.0619606807278689
31 35 0.006742305872283286
31 36 0.05782935285498529
31 37 -0.0808579164444153
31 38 -0.006315231349638307
31 39 0.06006072573051326
32 32 0.0
32 33 -0.03886426067485878
32 34 -0.03985534152228629
32 35 0.08637740802058227
32 36 -0.02176632926527799
32 37 -0.006972639606048707
32 38 0.04057338860094003
32 39 -0.0918543533036367
33 33 0.0
33 34 0.012763720967786824
33 35 -0.05774954449417217
33 36 0.10554997453465335
33 37 -0.14061444351782545
33 38 0.01005337328714638
33 39 0.1910236548584666
34 34 0.0
34 35 -0.03460944609918328
34 36 0.045093442963449096
34 37 -0.051657524958337794
34 38 -0.004882550892009342
34 39 0.06709435958236568
35 35 0.0
35 36 0.09758482798790943
35 37 -0.030194318797892656
35 38 0.05299625697957372
35 39 -0.11751872495612074
36 36 0.0
36 37 0.02253773742986553
36 38 0.14860167063866173
36 39 0.08756708165525569
37 37 0.0
37 38 -0.038559002890454816
37 39 -0.04539603918255497
38 38 0.0
38 39 0.1388506512259563
39 39 0.0
