0 0 0.0
0 1 0.028366203285435654
0 2 -0.026255979681950693
0 3 0.07201657602437306
0 4 0.05213522935843475
0 5 0.03739190166325083
0 6 0.015153535624739502
0 7 -0.11419495136561872
0 8 -0.03285398479261465
0 9 0.10980520277045946
0 10 -0.09107249567076933
0 11 0.013997774684763247
0 12 0.1842054633259751
0 13 0.012856841440197057
0 14 0.07941463719951855
0 15 -0.14556018705986626
0 16 -0.027051732986681554
0 17 0.05313887727673374
0 18 0.0996565220903051
0 19 -0.0122204043801179
0 20 -0.11716494963006403
0 21 -0.011933173926421401
0 22 0.10392601613278943
0 23 -0.2262807886473183
0 24 0.05561695736894723
0 25 -0.1134972461647725
0 26 0.011824800687105211
0 27 0.23017824017515398
0 28 -0.030395189610923308
0 29 0.023365877994443948
0 30 0.00030592962065923736
0 31 0.044137208206157366
0 32 0.015738336163795632
0 33 0.023577786301676958
0 34 -0.11204939046961009
0 35 -0.11091744090382241
0 36 0.022990290807758867
0 37 0.06889713137135045
0 38 -0.014512883166817439
0 39 0.11525368692493505
1 1 0.0
1 2 0.031349235106606615
1 3 -0.02886168904578205
1 4 0.03251429789673586
1 5 -0.030018057504500466
1 6 0.11606794758888517
1 7 0.11088048821016024
1 8 0.01741235792436443
1 9 0.1165932146860494
1 10 -0.09200907452151617
1 11 0.0535296589868531
1 12 -0.0984654602974563
1 13 0.12123962846960264
1 14 -0.07784964659340546
1 15 -0.08423559418364698
1 16 0.000919930426710427
1 17 0.00020575757920728764
1 18 -0.22543012110912022
1 19 0.09071379111661125
1 20 -0.011015986738627716
1 21 -0.03307228917418743
1 22 0.15399468830492452
1 23 0.029143191456064976
1 24 0.04177928935540738
1 25 -0.2694887312757451
1 26 0.033618857741695214
1 27 -0.012396656739707804
1 28 -0.02208885365458132
1 29 -0.13573497867957532
1 30 -0.012645319060624138
1 31 -0.08946092856741067
1 32 0.049050988693556584
1 33 0.026874293565212003
1 34 -0.023728917964213392
1 35 0.17730205273120764
1 36 -0.10900359112437405
1 37 -0.027101473929109478
1 38 0.026898744587223338
1 39 -0.17064773227830954
2 2 0.0
2 3 -0.10377214874444207
2 4 0.05751646705555312
2 5 -0.11448998466736755
2 6 0.07040101380019127
2 7 -0.06981173876926583
2 8 0.008589404005091474
2 9 -0.06910342588370612
2 10 -0.025522958986392175
2 11 -0.09044624780337636
2 12 -0.00943181948479383
2 13 -0.03467510293834637
2 14 0.05252500288619797
2 15 0.022698789802011295
2 16 -0.04089610595984891
2 17 -0.07816666287953905
2 18 -0.0014287116584205627
2 19 -0.04714259371158437
2 20 -0.08914092183017217
2 21 -0.028195634524456503
2 22 -0.045222447122760696
2 23 0.06888639713590064
2 24 -0.06417770369921268
2 25 0.06944029810997011
2 26 0.02112624032158161
2 27 -0.036611742808919906
2 28 -0.021425620964314107
2 29 0.10142639899888532
2 30 0.2732056192744356
2 31 0.02952550612096929
2 32 -0.07613752471629076
2 33 -0.021607654169943785
2 34 -0.021766928880915713
2 35 0.08243832804987086
2 36 0.0037080891234481396
2 37 0.1426714329091972
2 38 0.06910000401893687
2 39 -0.015755869951821745
3 3 0.0
3 4 0.01852071446663141
3 5 0.07093960144767184
3 6 -0.05461721286903035
3 7 0.013172791025436678
3 8 -0.02236621208850787
3 9 0.15012306048001894
3 10 -0.13856518619799713
3 11 0.17965573332110926
3 12 0.15257624216188564
3 13 -0.06401469818575256
3 14 0.04486169092156837
3 15 0.005863593179442286
3 16 -0.00008566050673520225
3 17 0.0809485935930587
3 18 0.0769228502233811
3 19 0.06121206693799045
3 20 0.22753139467998165
3 21 0.07784112185455314
3 22 0.14775305393878696
3 23 -0.07200823647136402
3 24 0.08231672346873345
3 25 -0.10225109656125983
3 26 0.02046725331298143
3 27 0.24732403496014732
3 28 0.17537985187604904
3 29 -0.12988116784484394
3 30 -0.023741537920591638
3 31 0.12622740902989477
3 32 0.1297498911463225
3 33 0.23153335443184586
3 34 0.06776267790212817
3 35 -0.10827721668732919
3 36 0.009532395212127145
3 37 -0.06432314743080077
3 38 -0.1028930090767339
3 39 0.1287204015585946
4 4 0.0
4 5 -0.18924105232634117
4 6 -0.01682046784864543
4 7 -0.19863056803338147
4 8 -0.10678469527744561
4 9 -0.14274509090647047
4 10 -0.13448247193114607
4 11 0.04576866806115816
4 12 0.2939958347677408
4 13 0.0622427819315395
4 14 -0.09627067879610124
4 15 -0.08026611650636936
4 16 -0.19965004372627287
4 17 -0.07395628408617375
4 18 -0.04784638108787515
4 19 -0.03424511127758349
4 20 0.00646181257850025
4 21 0.014094369265365373
4 22 0.20594151056699897
4 23 -0.13965400262537792
4 24 0.1666177987848873
4 25 -0.04479107234100454
4 26 0.12026377642208079
4 27 -0.1792280359288125
4 28 -0.40758349119983894
4 29 0.12318906692318628
4 30 0.14006819330902587
4 31 0.10128419003119069
4 32 0.19311385446105667
4 33 0.03820979357486205
4 34 0.04149164873871398
4 35 0.17216646515568929
4 36 0.07600289418980802
4 37 -0.03792133209864348
4 38 -0.0423101955125985
4 39 0.22092420781409028
5 5 0.0
5 6 -0.0854688988625423
5 7 0.03215986130396341
5 8 -0.01160361597135064
5 9 0.12949858018103552
5 10 -0.013641465093682383
5 11 0.07389762109947264
5 12 -0.03521391532576443
5 13 0.04173181940608506
5 14 -0.0076564678125851365
5 15 -0.025000657885789628
5 16 -0.023988536647105103
5 17 0.0027114811491930645
5 18 0.08474034543099318
5 19 -0.0609232917756107
5 20 0.08382196262528353
5 21 0.038601276616320006
5 22 0.0008352984872459377
5 23 -0.01518086278604228
5 24 -0.0023422280354440396
5 25 -0.04697121933886834
5 26 0.01809113939950767
5 27 0.1770887358432836
5 28 0.08369325679002666
5 29 -0.19231960833570688
5 30 -0.13957126028097605
5 31 0.003893736318803313
5 32 -0.1004715401032538
5 33 -0.04944009373071588
5 34 -0.033402778152989906
5 35 -0.0812179458207972
5 36 -0.03127280837568225
5 37 -0.09068011334510849
5 38 0.05016173292146374
5 39 0.049449888972496484
6 6 0.0
6 7 0.026977182001175833
6 8 0.055729575656856004
6 9 -0.008777224457900985
6 10 0.04487693394601456
6 11 0.06364277477136862
6 12 -0.18739790681783003
6 13 0.08045735127196842
6 14 0.03185429769783531
6 15 -0.008369659166737205
6 16 0.07600474841367559
6 17 0.004323674499096928
6 18 -0.012203720791329854
6 19 -0.014652079207643023
6 20 -0.1279425289618065
6 21 0.011945659922270608
6 22 0.08385203319412055
6 23 0.042767502894272974
6 24 -0.03546815277572995
6 25 -0.038782971870292664
6 26 -0.09122072907573515
6 27 -0.05100185819074131
6 28 -0.011271824157134295
6 29 -0.04849969225452786
6 30 0.014839357518534041
6 31 -0.1603596630676602
6 32 -0.052887382607638665
6 33 0.003607297805750501
6 34 -0.04113928360355461
6 35 0.05078798607755173
6 36 -0.043398875437956945
6 37 0.005181267694506453
6 38 0.036883103174982564
6 39 -0.06451188340875535
7 7 0.0
7 8 0.040205022260595344
7 9 -0.002053449448021682
7 10 0.060141517371401595
7 11 -0.030200383495060136
7 12 -0.24314370051863693
7 13 -0.08138714314669292
7 14 -0.04956048700793913
7 15 0.07025308023832001
7 16 0.1084212278898535
7 17 0.09025309813344565
7 18 -0.15656416253972988
7 19 0.0762235900177488
7 20 0.09486632686068452
7 21 -0.06236953538489463
7 22 0.06840797990104241
7 23 0.034999641285858876
7 24 0.011458305888229244
7 25 -0.06942710309661879
7 26 -0.10676659688022785
7 27 0.11998101856944847
7 28 0.22325607036936326
7 29 -0.17454756340846417
7 30 -0.18645514092398183
7 31 -0.05212717513297984
7 32 0.052636210110440715
7 33 0.07399957996961591
7 34 -0.004265537118169226
7 35 0.004531939725129346
7 36 -0.15583745063878435
7 37 -0.17979441718885125
7 38 -0.0028681642814782408
7 39 -0.16806769627957224
8 8 0.0
8 9 0.029941640688797972
8 10 0.006826331619970689
8 11 -0.03732049995273889
8 12 -0.11064025821633479
8 13 -0.03370860920659034
8 14 -0.015217224704808616
8 15 0.02871977634747549
8 16 0.037706330640081796
8 17 0.01460788954568561
8 18 0.009087700354231388
8 19 -0.028667307513220757
8 20 0.0007412893351975347
8 21 0.04214498940027138
8 22 -0.06382466976257718
8 23 0.08636501635714039
8 24 -0.02092408384475173
8 25 0.03236120722188397
8 26 -0.040069578700285234
8 27 -0.021521803183959323
8 28 0.014784648786172961
8 29 -0.06180045985889447
8 30 -0.016733693929797868
8 31 -0.09244144727033832
8 32 -0.07817878909762241
8 33 -0.029822792826589582
8 34 0.00903327819761059
8 35 -0.06443495598697016
8 36 -0.0721865048442161
8 37 0.006539655384031393
8 38 0.027229279395353894
8 39 -0.14723852871121812
9 9 0.0
9 10 -0.1438143385876378
9 11 0.07609023888385394
9 12 0.08935787066174722
9 13 0.10820205614504723
9 14 0.05585933971815604
9 15 -0.14178159034363516
9 16 0.03300265226773115
9 17 0.0285902117460191
9 18 0.01504373964274434
9 19 0.05823280316592829
9 20 0.09719496854661197
9 21 0.07500560943042105
9 22 0.13334019972684813
9 23 -0.07385134950031041
9 24 -0.037097740083866265
9 25 -0.2231504071984506
9 26 0.10429471975067153
9 27 0.1609537640629361
9 28 0.02956540477124469
9 29 -0.15967038107690165
9 30 0.002365192078055839
9 31 0.03202322476061546
9 32 -0.09278961501157443
9 33 0.08912138248931625
9 34 -0.0008475811355477174
9 35 -0.11822225508721165
9 36 0.04967732448592726
9 37 0.08207374169310286
9 38 0.009219858611979501
9 39 -0.02517240550180803
10 10 0.0
10 11 -0.01559802977382584
10 12 -0.17169079262713832
10 13 0.03596751187626833
10 14 0.039524900983283776
10 15 0.06763745252790146
10 16 0.1076505303033762
10 17 0.025546672547760402
10 18 -0.007488343703245759
10 19 0.018859598487806807
10 20 -0.09637729577718537
10 21 -0.0908480661827514
10 22 -0.18900373357706354
10 23 0.11116117034830039
10 24 -0.03797886973400826
10 25 0.170069670131333
10 26 -0.10489744445861016
10 27 -0.14109694093505987
10 28 0.09324298333659645
10 29 0.12764940507564154
10 30 -0.06706000923618309
10 31 -0.11880554028329482
10 32 -0.02854556168135272
10 33 -0.058847518279999136
10 34 0.028039297316698825
10 35 0.033113241804872885
10 36 0.0013222771196033979
10 37 0.027779917610515036
10 38 -0.06075826524339524
10 39 -0.06112329870340224
11 11 0.0
11 12 -0.040339259546263516
11 13 0.10562401058390133
11 14 -0.012012547542645025
11 15 0.059469242469755546
11 16 0.07508132669164863
11 17 -0.0046835770507267505
11 18 -0.004848426368860697
11 19 0.06722383636205367
11 20 0.15235626516477807
11 21 0.043615293303824174
11 22 0.08081990401064414
11 23 -0.0327221843323781
11 24 0.0014589945180341053
11 25 -0.09988788286064786
11 26 -0.08962007263821173
11 27 -0.021519548894528846
11 28 0.04257001850455455
11 29 -0.1715143760867075
11 30 -0.028997251349838115
11 31 -0.0841822433131663
11 32 0.1337807900131493
11 33 0.042678790283970695
11 34 0.11205798869737771
11 35 0.11024691647141341
11 36 0.0015202638812698024
11 37 -0.0683598955771951
11 38 -0.046326706207454146
11 39 0.07563885631584091
12 12 0.0
12 13 -0.06785677440047713
12 14 0.021602292427016587
12 15 -0.03912559168249632
12 16 -0.1769670858804415
12 17 -0.014814793716046496
12 18 0.07734799484263671
12 19 -0.04163989609383754
12 20 0.02838666434522171
12 21 0.05325717613321925
12 22 0.2511541280067498
12 23 -0.26733116665489953
12 24 0.11139863073412726
12 25 -0.029534208761505365
12 26 0.19742214096308736
12 27 0.09489238876968012
12 28 -0.21903265398982366
12 29 0.15740002341697396
12 30 0.09822721921819763
12 31 0.3052990256538569
12 32 0.09141580561724225
12 33 0.17585301956387822
12 34 0.033078749144105656
12 35 0.022775203849551208
12 36 0.3397707082295885
12 37 -0.024731966481730434
12 38 0.023948599109629858
12 39 0.2589899061050937
13 13 0.0
13 14 -0.05017518827537968
13 15 -0.14670737399721864
13 16 -0.03286373109274503
13 17 -0.1001331639891995
13 18 -0.11336767707712067
13 19 0.12718562972306624
13 20 -0.019483318120691276
13 21 -0.08161301419523484
13 22 0.035561680168536725
13 23 0.07319191376927242
13 24 0.06318772045977275
13 25 -0.15598518852524387
13 26 0.13356157821981218
13 27 -0.22337793212259177
13 28 -0.10236895435846013
13 29 -0.035244781616394105
13 30 -0.05948795247920602
13 31 -0.10465655552489594
13 32 -0.041441527668087445
13 33 -0.031462113139122394
13 34 -0.0034736325241261365
13 35 0.09482922787248971
13 36 0.02336998589663977
13 37 0.06403687151070694
13 38 -0.07633900242249232
13 39 -0.0625229078672769
14 14 0.0
14 15 -0.07578240451433943
14 16 0.05560446259537225
14 17 0.06969428823790115
14 18 0.1507385224946885
14 19 -0.019267685290943415
14 20 -0.10764085366273919
14 21 -0.024162377150045607
14 22 -0.08428307558800277
14 23 -0.007401668680953021
14 24 -0.09142707797777522
14 25 0.0700785912215162
14 26 -0.05112135375932564
14 27 0.16310618723343895
14 28 0.10893009134328879
14 29 0.15298660753235288
14 30 0.10843285096065569
14 31 0.02680973133876851
14 32 -0.06384902458548676
14 33 0.028036357017788484
14 34 -0.061877780710353006
14 35 -0.09604489086102672
14 36 0.0443603029866523
14 37 0.18410630685000856
14 38 -0.05271560165450402
14 39 0.12458308085324336
15 15 0.0
15 16 0.17059800955670817
15 17 -0.046173205591781716
15 18 -0.08817766629356906
15 19 -0.05981443895301203
15 20 0.1948309419107957
15 21 0.10374451562255435
15 22 0.02260732140844557
15 23 -0.11089660268096027
15 24 -0.08341599886302095
15 25 0.1974045140876687
15 26 -0.1408055959488746
15 27 -0.0842719243700418
15 28 0.1716018707286663
15 29 -0.17731132413185272
15 30 0.09662713356919563
15 31 0.023102031080933665
15 32 0.12529207058980743
15 33 0.05156501210402396
15 34 0.2566058291731391
15 35 0.09100997960608982
15 36 0.06241969670830348
15 37 -0.22892052555488274
15 38 0.09988263568552788
15 39 -0.09042614857007406
16 16 0.0
16 17 0.07193403409772067
16 18 -0.04762028121177338
16 19 0.054968205953220384
16 20 0.02628145386543936
16 21 0.018997586227848622
16 22 -0.062369589858476696
16 23 -0.06710594822718637
16 24 -0.12143516146603361
16 25 0.04391899096281639
16 26 -0.1707991007105376
16 27 0.013356955609722517
16 28 0.22878701136462856
16 29 -0.055013836767792514
16 30 0.004799504894078278
16 31 -0.08053265639799775
16 32 0.07383523853102011
16 33 0.02253919199005597
16 34 0.09882682782971694
16 35 -0.027952944816770197
16 36 -0.03262290464732062
16 37 -0.0037521700225405193
16 38 -0.024328511006598653
16 39 -0.08390749394775888
17 17 0.0
17 18 0.015721984365501197
17 19 -0.07287604395219713
17 20 -0.06789682405944288
17 21 0.04102835677786824
17 22 -0.008918701646959072
17 23 -0.026310839173017513
17 24 0.00704591131086567
17 25 0.008732554762613826
17 26 -0.08249913415460638
17 27 0.20652828261306003
17 28 0.0668356099063238
17 29 0.06375364003793932
17 30 -0.07147254086219164
17 31 -0.03531506176016295
17 32 0.05531054169438493
17 33 0.05670016436224727
17 34 -0.008588611219081948
17 35 -0.0496386778463118
17 36 -0.0791351115560943
17 37 -0.015557460462956377
17 38 -0.0895767344289341
17 39 0.030873270221695233
18 18 0.0
18 19 -0.13917335497408154
18 20 -0.05643911821710003
18 21 0.06546876456498588
18 22 -0.10848330282531257
18 23 -0.016496557897436148
18 24 -0.07612150024902548
18 25 0.17165882468838028
18 26 -0.0676244018780778
18 27 0.1749139514985147
18 28 -0.05504757226165422
18 29 0.06613152701306581
18 30 0.013564782375114012
18 31 0.012652603627820053
18 32 -0.16084381577165838
18 33 -0.07681368338792713
18 34 -0.10714174232603631
18 35 -0.2510616163738721
18 36 0.06528858173953353
18 37 0.11583736532920474
18 38 0.008291938232659191
18 39 0.2334528656733304
19 19 0.0
19 20 0.0767843751596483
19 21 -0.16438675035050682
19 22 0.0020578322456069253
19 23 0.05397261130724864
19 24 0.02407818792403444
19 25 -0.19156937962379078
19 26 0.03709912773279518
19 27 -0.14435522116879929
19 28 0.17886127965583934
19 29 0.0053737233916446876
19 30 -0.10703946809505457
19 31 0.012529357465320018
19 32 0.10615166420344413
19 33 0.0804774549136153
19 34 -0.019377343808429336
19 35 0.03896996871726191
19 36 0.041561682438303785
19 37 0.07511061069601149
19 38 -0.08910661801604616
19 39 -0.12281249429703398
20 20 0.0
20 21 0.08138484858398808
20 22 0.10877683466871475
20 23 -0.04045014466115897
20 24 0.029137888626072434
20 25 -0.03958862888694656
20 26 0.01925409799255317
20 27 -0.020730599409176344
20 28 0.09256739096758851
20 29 -0.29376446259113986
20 30 -0.027563325555881167
20 31 0.0664944963408254
20 32 0.11363458665935304
20 33 0.11024273669426195
20 34 0.18987066097192257
20 35 -0.011456244800976508
20 36 0.013112105585396128
20 37 -0.18026719219969636
20 38 -0.00952176595216578
20 39 -0.0323388010674512
21 21 0.0
21 22 0.07924661234094452
21 23 -0.09266709944687143
21 24 -0.039145301783663565
21 25 0.041729083942541996
21 26 -0.019334083050274113
21 27 0.07394903125805677
21 28 -0.08062122859629686
21 29 -0.12453687574161579
21 30 0.05025230057249487
21 31 0.021381934798185682
21 32 -0.004549029190114111
21 33 0.007044844328027729
21 34 0.08702914290835277
21 35 -0.06120639795637948
21 36 -0.0004431659224126812
21 37 -0.10182990402737821
21 38 0.07499938067352427
21 39 0.05865193637010004
22 22 0.0
22 23 -0.2868281313416703
22 24 0.10089433930270682
22 25 -0.23679548684224785
22 26 0.10548847919523077
22 27 0.13275557854105782
22 28 -0.11521208987228418
22 29 -0.21941554105752664
22 30 -0.07677358972019073
22 31 0.14005991444816773
22 32 0.12923984014806972
22 33 0.20053143616527605
22 34 0.017700879352516963
22 35 0.08221411753859077
22 36 0.1455569930325578
22 37 -0.2678996056183985
22 38 0.0703458272229449
22 39 0.11249228715523145
23 23 0.0
23 24 -0.014821312651834704
23 25 0.06968261380945114
23 26 0.018086256994527605
23 27 -0.21427245829483704
23 28 -0.00018847187894306368
23 29 0.07706683221999827
23 30 -0.08245964503316552
23 31 -0.2545243977175334
23 32 -0.19135758650511686
23 33 -0.09460658812487038
23 34 -0.033934658904381194
23 35 0.11383587978716658
23 36 -0.0886423526676007
23 37 0.14619675146659156
23 38 -0.11110922115371949
23 39 -0.2627851362216371
24 24 0.0
24 25 -0.07688972710688177
24 26 0.10285758748929796
24 27 -0.023304396605787453
24 28 -0.09680122283498793
24 29 -0.0027301745967117847
24 30 -0.08686178049515833
24 31 0.03614864370851301
24 32 0.07136762981242914
24 33 0.07707694038356563
24 34 -0.003658998905856043
24 35 0.025533480892511718
24 36 -0.04378151270013799
24 37 -0.09246642692968227
24 38 -0.056180439458936395
24 39 -0.011952607809235894
25 25 0.0
25 26 -0.10907000949683102
25 27 -0.07408288492663431
25 28 -0.018997385020990316
25 29 0.15295234276755484
25 30 0.12391346979866973
25 31 -0.03668722553111296
25 32 -0.08762560583666099
25 33 -0.07699004712609125
25 34 0.09674395576972047
25 35 -0.07684676546250808
25 36 0.04742994079519975
25 37 0.03013853560258741
25 38 -0.01811370093685155
25 39 0.051176312289471546
26 26 0.0
26 27 -0.05651135800466752
26 28 -0.11985931174596601
26 29 0.04493002746060226
26 30 0.020954683781535054
26 31 0.1461230381469248
26 32 -0.0658508746705692
26 33 0.06773401464453553
26 34 -0.03336954215797244
26 35 -0.00623265935576686
26 36 0.09667262683072061
26 37 0.034870927230263034
26 38 -0.022283649905015246
26 39 0.008895245084681553
27 27 0.0
27 28 0.23424382096743365
27 29 -0.09092135244399767
27 30 -0.010688302334083593
27 31 0.15001839213816226
27 32 -0.014992275463588473
27 33 0.11591962287917915
27 34 -0.13830814925669851
27 35 -0.2209110731150185
27 36 -0.08998975092965189
27 37 -0.033249534998757053
27 38 0.00878509052545
27 39 0.204605384478355
28 28 0.0
28 29 -0.06684966155846625
28 30 0.005325587580765767
28 31 0.09977945440689956
28 32 0.06778574470099519
28 33 0.14113525442782648
28 34 0.01664960340745991
28 35 -0.10764225359876738
28 36 -0.10277034417188335
28 37 0.023446410997391007
28 38 -0.018540589756238336
28 39 -0.09456327182987226
29 29 0.0
29 30 0.17488690690315523
29 31 0.1082053907852714
29 32 -0.00376879822732558
29 33 -0.008515785598964359
29 34 -0.09166709111400421
29 35 0.027909549153198467
29 36 0.09003804340426744
29 37 0.2985993848178011
29 38 -0.08885888450663243
29 39 0.15088878524798405
30 30 0.0
30 31 0.18203997353288126
30 32 0.0045948996504368966
30 33 0.03261062095920379
30 34 0.10540440727920641
30 35 0.07532622983626966
30 36 -0.017476830772372366
30 37 0.24511871002541724
30 38 0.11518142205252861
30 39 0.1268200564816196
31 31 0.0
31 32 0.09002786680723365
31 33 0.1548015092297843
31 34 -0.013329828435101512
31 35 -0.07990485811133244
31 36 0.10701875422810458
31 37 -0.010956515262456133
31 38 0.11853726901894839
31 39 0.24515261431220367
32 32 0.0
32 33 0.12097694389426225
32 34 0.12381453014673885
32 35 0.13759594791676508
32 36 -0.013849582401129148
32 37 -0.13128735337496178
32 38 -0.06306287011207769
32 39 0.07829646019125501
33 33 0.0
33 34 0.07705769054250153
33 35 0.009142773978795435
33 36 0.09350546438125613
33 37 -0.06887927197987012
33 38 -0.05925699820023454
33 39 0.036940916271442456
34 34 0.0
34 35 0.11229441078546414
34 36 0.04855760298944451
34 37 -0.1047855166493965
34 38 -0.02748741630356279
34 39 -0.06089990526240446
35 35 0.0
35 36 0.0630735173182008
35 37 -0.07813823584966385
35 38 0.030219660168433832
35 39 -0.07494641332616216
36 36 0.0
36 37 -0.016739660205835824
36 38 0.0020924018571313787
36 39 0.11620126386315452
37 37 0.0
37 38 -0.07925858490180474
37 39 0.02537565019961769
38 38 0.0
38 39 0.01963739778874336
39 39 0.0
