0 0 0.0
0 1 -0.0771651372869109
0 2 -0.050249197101523535
0 3 -0.0220872147236752
0 4 -0.08197550989007565
0 5 -0.01532385522309331
0 6 0.017689285406090296
0 7 -0.04423522871680475
0 8 -0.04028600326289115
0 9 0.0041178454147906916
0 10 -0.09405245807944392
0 11 -0.0031369564624692354
0 12 0.07640997265155512
0 13 0.04844765306982199
0 14 0.07131970027243131
0 15 -0.125706236310192
0 16 -0.02681289389424395
0 17 0.07011581736574093
0 18 -0.06980399901763583
0 19 -0.12589304452561725
0 20 -0.07066555060525977
0 21 0.12128136657155578
0 22 0.11648661901034232
0 23 0.04628573869014754
0 24 0.07166941587110245
0 25 -0.12350366677676723
0 26 -0.020724760000686508
0 27 -0.037712497779806876
0 28 -0.02469560576661155
0 29 0.0798960351449098
0 30 0.008663327783019455
0 31 0.045611503303723974
0 32 -0.0004357029371633202
0 33 -0.027369145516601846
0 34 -0.06417356747878948
0 35 -0.11050949387763702
0 36 -0.007040800157989119
0 37 -0.036516623018302094
0 38 -0.05186867911264172
0 39 -0.08915531402984693
1 1 0.0
1 2 -0.030255985659440855
1 3 -0.07369995233367133
1 4 0.11564381668050627
1 5 0.02277238989465736
1 6 0.014989153376609683
1 7 0.16578880285253628
1 8 0.10080400860269359
1 9 0.028536458954205028
1 10 0.21159708095356017
1 11 -0.047008115817172125
1 12 -0.07731732828570145
1 13 -0.1064829419277779
1 14 0.07360114966997941
1 15 0.08016397735363864
1 16 -0.0716376585145171
1 17 -0.09145152791808145
1 18 -0.006637772991348513
1 19 -0.017843631579470783
1 20 0.021760123280055527
1 21 -0.16526107455653158
1 22 -0.011085322283406484
1 23 0.011191289085261198
1 24 0.11828227734636831
1 25 0.1310547399069788
1 26 -0.04850135813783699
1 27 0.06325630543314407
1 28 0.07306997932046866
1 29 -0.05465343801388119
1 30 -0.038204586683621464
1 31 0.20373559529672197
1 32 -0.13403443117017486
1 33 -0.03477813350700693
1 34 0.16907816163963987
1 35 -0.019745395378913292
1 36 -0.032600301579005536
1 37 0.021444440423502083
1 38 0.0036242017718859437
1 39 0.13966308607417047
2 2 0.0
2 3 -0.08711031856906609
2 4 0.1135604940785065
2 5 -0.03367533058181304
2 6 0.050759477072484946
2 7 -0.20070065606331156
2 8 -0.1327521086991503
2 9 0.008677467165625395
2 10 -0.0436041170617814
2 11 0.2518120675091772
2 12 -0.09217698190319842
2 13 0.11919968665462435
2 14 -0.03735962992159945
2 15 0.21044769621731105
2 16 0.08619947300547706
2 17 0.0686531538700156
2 18 -0.1725905006493766
2 19 0.07478569775726787
2 20 0.06223331883207295
2 21 -0.041890245519275865
2 22 -0.035488898670538185
2 23 -0.1297887646485475
2 24 -0.08429295932262841
2 25 0.1621218064938504
2 26 0.0025462618757314103
2 27 -0.08665252390895951
2 28 0.00798620077121576
2 29 -0.06477420093303674
2 30 0.07279565774501909
2 31 -0.1769182768422061
2 32 0.11231511171623584
2 33 0.057499445140811366
2 34 -0.12377277046990817
2 35 0.03212075470177071
2 36 -0.12829796795306755
2 37 -0.044984328187754226
2 38 0.12141639341612245
2 39 -0.09770828963718022
3 3 0.0
3 4 -0.05972388357014732
3 5 0.10749753975539503
3 6 -0.07713445011512239
3 7 -0.03071746262906664
3 8 0.07103352480042673
3 9 -0.00733538589695037
3 10 -0.11903912913269739
3 11 -0.07793996316982818
3 12 -0.0026751440659597597
3 13 -0.10665117855381226
3 14 -0.06316648414162379
3 15 0.03751148492705063
3 16 -0.0550231449917389
3 17 0.000026838633787818745
3 18 0.16641027813390102
3 19 -0.05333238590116969
3 20 0.043402045927060914
3 21 -0.021818299361473996
3 22 -0.04052302555586825
3 23 0.07400279567228062
3 24 -0.0019976412175035973
3 25 -0.14070070861949505
3 26 0.025683091967689375
3 27 0.11810448396878703
3 28 -0.10097252095008605
3 29 0.0384723491266822
3 30 -0.0019187091393587864
3 31 0.09184657293450524
3 32 -0.07470145744693102
3 33 -0.09713138607060787
3 34 -0.011938067738196468
3 35 0.04009157375087742
3 36 0.08181497734917635
3 37 0.03514053522052271
3 38 -0.03780497398642414
3 39 0.1146732533696222
4 4 0.0
4 5 0.008160865314186267
4 6 -0.03084168223762368
4 7 0.02997312725592543
4 8 -0.0558666326306296
4 9 0.015940736880111307
4 10 0.16555383354353864
4 11 0.016812395958431887
4 12 0.11935848937974276
4 13 0.08627739015646585
4 14 0.05865236811677813
4 15 -0.0033616933184963276
4 16 0.17406677920217034
4 17 0.011437960510931721
4 18 -0.2403494130799952
4 19 0.03894514330818705
4 20 -0.05751537658172973
4 21 -0.04015617612196636
4 22 -0.10550935124206107
4 23 0.05937505868628915
4 24 -0.28053027131064184
4 25 0.1817303044657837
4 26 0.06418999132065632
4 27 0.01926257041241425
4 28 -0.045727037887515934
4 29 -0.27021888359395607
4 30 0.01775854944604712
4 31 0.019268641701773892
4 32 -0.06346532467596962
4 33 0.05830972676763507
4 34 0.06577462989029992
4 35 -0.03322214526120541
4 36 -0.15818806614448244
4 37 -0.13100128077376044
4 38 0.052544497547491
4 39 0.16816762318355696
5 5 0.0
5 6 -0.02878805611819841
5 7 0.07626129397112008
5 8 0.09829819049730379
5 9 0.013967994919793022
5 10 -0.05420375010645677
5 11 -0.06214791626235988
5 12 0.06746952345894466
5 13 -0.039522945147972686
5 14 -0.06449127184276117
5 15 0.11421212293391152
5 16 0.04118610687187918
5 17 0.04717167780461285
5 18 0.0956261953538339
5 19 -0.04759555079448107
5 20 0.042047552561311465
5 21 0.03135674635527274
5 22 -0.002707224719409381
5 23 0.04191776502299554
5 24 0.04057235957889803
5 25 -0.023591943792686747
5 26 0.08629742648432578
5 27 0.11864869917452767
5 28 -0.06023237691000487
5 29 0.003479431952347952
5 30 0.05550801901794755
5 31 0.0341113602649301
5 32 0.016484745446765182
5 33 -0.0520374563099409
5 34 0.03835284586650565
5 35 0.009772296757073863
5 36 0.0972359646583258
5 37 -0.10284621003599707
5 38 -0.03909741621917438
5 39 0.15455106274755018
6 6 0.0
6 7 0.02144795881876962
6 8 -0.020148215467813885
6 9 -0.006597743401206328
6 10 0.0109849911110095
6 11 0.10619345366110126
6 12 -0.007751994369066447
6 13 -0.0771867109494988
6 14 -0.03736176623856256
6 15 0.10673229177031578
6 16 -0.02021375456024218
6 17 0.04708593146511622
6 18 -0.0335920269914433
6 19 0.036606494096891457
6 20 -0.06402395669941208
6 21 -0.0843317198279788
6 22 0.09895773728363164
6 23 -0.06909140374489947
6 24 0.11746074343911099
6 25 0.1826023266997081
6 26 -0.0017174721497465375
6 27 0.05350594714231095
6 28 0.18528956847594322
6 29 0.04282016561351218
6 30 0.03883279238968672
6 31 -0.06674896000502281
6 32 0.02233840494893014
6 33 -0.013671652833943204
6 34 0.043584414796133855
6 35 0.10070744557298361
6 36 -0.050743323197794066
6 37 0.055833581498320205
6 38 -0.009946409947416596
6 39 0.059179045699714994
7 7 0.0
7 8 0.09351665937585615
7 9 -0.018373455429281742
7 10 0.1477254354482552
7 11 -0.22439400400654302
7 12 0.21598347470375856
7 13 -0.08174550929467192
7 14 0.10628014601190898
7 15 -0.08956199504273865
7 16 -0.04866197876254756
7 17 -0.07698315973736775
7 18 0.04019908795494362
7 19 0.03781431686568314
7 20 -0.05264582816484527
7 21 0.07650340424267707
7 22 0.1014419594484485
7 23 0.17171187629027623
7 24 0.08453960424744004
7 25 0.008188727231556997
7 26 0.13457866098841628
7 27 0.019670709088554894
7 28 0.1902212734686005
7 29 0.012813732256112573
7 30 0.11792241352558544
7 31 0.17064186212700688
7 32 -0.03274464017505972
7 33 0.06584922335088611
7 34 0.1909310476952099
7 35 0.015949363837044695
7 36 0.15773791313928356
7 37 -0.005099967833789742
7 38 -0.09272769287751904
7 39 0.11563352926214658
8 8 0.0
8 9 -0.10440036112594483
8 10 0.12774835950365532
8 11 -0.11750284416332468
8 12 -0.07035353890363573
8 13 -0.016622501996603152
8 14 -0.06426196340683646
8 15 0.014277358474416597
8 16 0.03382228457539414
8 17 0.03280441608638076
8 18 0.23479028994691756
8 19 -0.06008773304780385
8 20 -0.01188210290807673
8 21 -0.026661108372738322
8 22 -0.10535079326604928
8 23 0.086432224308194
8 24 0.12652559556067414
8 25 0.1099389317139213
8 26 -0.05925158607942621
8 27 0.17343469154728935
8 28 -0.027273235552373466
8 29 0.0027345689138232143
8 30 -0.11191710421338072
8 31 0.17194994468135003
8 32 -0.016287850911926968
8 33 -0.07049795775990239
8 34 0.06134317224704464
8 35 -0.04522447806716152
8 36 0.2051291516711823
8 37 -0.104945712751856
8 38 -0.0000022911385174580973
8 39 0.1386290014501355
9 9 0.0
9 10 -0.07036683786631562
9 11 -0.07831581118579611
9 12 0.11099298525448473
9 13 -0.07507270234237531
9 14 -0.11891640832781962
9 15 0.024095799400980285
9 16 0.08666447398500174
9 17 -0.030489557838791655
9 18 -0.059884215800729126
9 19 -0.0821473150539855
9 20 0.08811220255553583
9 21 -0.09074990842709921
9 22 0.016333680241319364
9 23 -0.09651672609978432
9 24 -0.012267055552448296
9 25 -0.11812681283463748
9 26 0.05819241133262356
9 27 -0.07205112281329121
9 28 -0.06728661169584732
9 29 0.09401835948207835
9 30 -0.048638807381382126
9 31 -0.21479172412833938
9 32 -0.1413514544297509
9 33 0.07097164188432639
9 34 0.14834596984133577
9 35 0.10278387298068103
9 36 -0.10667176404314745
9 37 0.057632756441804045
9 38 0.028918791636502537
9 39 0.049828898343019686
10 10 0.0
10 11 -0.10292970614044103
10 12 0.0449940592010085
10 13 0.03431665089363596
10 14 0.11308005723962433
10 15 -0.020605055777325833
10 16 -0.02412650079382684
10 17 -0.09347063331348283
10 18 0.1215607134310551
10 19 0.027165482382232486
10 20 0.016480507008234984
10 21 0.009903446843705794
10 22 -0.07653418847917802
10 23 -0.01645413074742063
10 24 -0.016029508146810662
10 25 0.23329988063733875
10 26 -0.014375541477929582
10 27 0.12472196253520132
10 28 0.05978385318884301
10 29 -0.15627822567724114
10 30 -0.09875532489794994
10 31 0.15522353935253946
10 32 0.10171426379693489
10 33 -0.017357031525235586
10 34 0.055904244498623266
10 35 -0.008192893411607097
10 36 0.06635877174505812
10 37 0.0016652544914191752
10 38 0.0010497545032829216
10 39 0.06805325108597189
11 11 0.0
11 12 -0.20643922520632563
11 13 0.026352133937220572
11 14 0.05238597936828347
11 15 0.18040272963591109
11 16 -0.014363089269110391
11 17 0.11629584543418163
11 18 -0.19936300756117606
11 19 0.12104433195623225
11 20 -0.010638793306564587
11 21 -0.049808516359774034
11 22 0.02017354563708912
11 23 -0.1462768923800091
11 24 -0.02635416085606947
11 25 0.1787382350309771
11 26 -0.1338120603117054
11 27 -0.024929615592514612
11 28 0.08090858713377067
11 29 -0.05693512117882461
11 30 0.05382407121511647
11 31 -0.06118763618440951
11 32 0.12078379356444162
11 33 -0.05020417197883585
11 34 -0.18621333912509583
11 35 -0.006345440591170438
11 36 -0.14690113280790887
11 37 0.002004581557408641
11 38 0.009264031917474855
11 39 -0.10015322671665346
12 12 0.0
12 13 -0.04380540753214761
12 14 0.1823863117068181
12 15 -0.06504000624839965
12 16 0.08904126763927743
12 17 0.11305625155213879
12 18 -0.09178853104729104
12 19 -0.18545598499150362
12 20 0.12207662887233232
12 21 0.24066552455098478
12 22 0.12351269206183116
12 23 0.13879713129434784
12 24 -0.030763455075274514
12 25 -0.1643554792010541
12 26 0.2169573346496191
12 27 -0.059207921510792495
12 28 0.07307006695769883
12 29 0.16526394915248427
12 30 0.07743392870275048
12 31 0.05046314525931843
12 32 -0.055422095863781676
12 33 0.10168391066619176
12 34 0.048167996371368794
12 35 0.07295917524582324
12 36 0.1292621157239112
12 37 0.03434116316199736
12 38 -0.09584726027498675
12 39 0.019367983297220406
13 13 0.0
13 14 -0.018111470099451153
13 15 -0.11104085576652215
13 16 0.19476314976258538
13 17 -0.027843072665582537
13 18 -0.03207480781132357
13 19 -0.012583820354429454
13 20 -0.01821824166488517
13 21 0.23990304885719022
13 22 -0.07073710818489908
13 23 0.12779745814606552
13 24 -0.10678204972986902
13 25 0.0750335704209273
13 26 0.14710111482085605
13 27 -0.21247750708529395
13 28 -0.12041509119262313
13 29 -0.10571294676498792
13 30 0.0704090722310742
13 31 -0.14011544000141343
13 32 0.17074684206753293
13 33 0.1325521983810042
13 34 -0.12736995534363554
13 35 -0.2144686255881191
13 36 -0.0050374792738750555
13 37 -0.248034382045938
13 38 0.18455598566132364
13 39 -0.18825877750687764
14 14 0.0
14 15 -0.10032773571368044
14 16 -0.14152941138683325
14 17 0.09996073388278275
14 18 -0.1369894165805911
14 19 -0.03222630484114584
14 20 0.056819809173376104
14 21 0.2527558995714273
14 22 0.09095119117477625
14 23 0.13940198659450212
14 24 -0.006098550225700021
14 25 -0.07160015066445079
14 26 -0.02643954005784847
14 27 -0.05583248210059707
14 28 0.13068176591041183
14 29 0.03368355131245933
14 30 0.04939875573758682
14 31 0.3937204837320253
14 32 0.04970128304970973
14 33 -0.06539920893749897
14 34 -0.1988629403524091
14 35 -0.12496310302651326
14 36 0.07935389988125195
14 37 0.07747113979638888
14 38 -0.18100514640363213
14 39 -0.14983531887119655
15 15 0.0
15 16 -0.010337368529897417
15 17 0.07987324356866642
15 18 0.0686365156719228
15 19 0.036132135094011586
15 20 0.1640305809736791
15 21 -0.13950255700176278
15 22 -0.016163573689816683
15 23 -0.15213342792045575
15 24 0.0996696659651619
15 25 0.1889136021962696
15 26 0.038598806251762006
15 27 0.12156814048166065
15 28 0.07526216305976294
15 29 0.04219287507154155
15 30 0.07450217528702081
15 31 -0.07107010048918964
15 32 0.08353909324192126
15 33 -0.054251795477939624
15 34 -0.03896496241855458
15 35 0.18536318749234468
15 36 0.017748212218720024
15 37 0.04326188319034137
15 38 0.05248462113210045
15 39 0.09799174110194256
16 16 0.0
16 17 0.09184652826698905
16 18 -0.10910674815953028
16 19 -0.054876333095246366
16 20 0.0568688237581428
16 21 0.042888467892342616
16 22 -0.13226407602583293
16 23 0.013493757288536695
16 24 -0.1357165452859275
16 25 0.09463196897761117
16 26 0.10325288371807391
16 27 -0.12324620563815433
16 28 -0.11719942692791745
16 29 -0.012401968837030463
16 30 -0.0812930653787866
16 31 -0.2903156849412112
16 32 -0.06298255780806913
16 33 0.13915290581986753
16 34 0.08908453090965335
16 35 -0.02016545293691336
16 36 -0.0632465736667131
16 37 -0.19849944245935505
16 38 0.11007786227733989
16 39 0.07182915600223477
17 17 0.0
17 18 -0.0968072956861349
17 19 -0.03875435547485259
17 20 -0.020530460153798644
17 21 0.05278283787892256
17 22 -0.03248853215574134
17 23 0.01462766374428449
17 24 0.03400778761891178
17 25 0.010962314881397407
17 26 0.011378989189595375
17 27 0.012776012306169362
17 28 0.01870947134235163
17 29 0.09376183161691061
17 30 -0.01672257046286174
17 31 0.0737225236070786
17 32 0.02338150177914757
17 33 -0.012100956294904633
17 34 -0.14805163256892867
17 35 -0.0005990232877532626
17 36 0.08797665230685428
17 37 -0.09497901487491825
17 38 -0.0591586832074106
17 39 -0.0384251274900696
18 18 0.0
18 19 -0.03342789679997267
18 20 0.06777232652632463
18 21 -0.004047190247892574
18 22 -0.11334263976247687
18 23 0.04164353641655034
18 24 0.17938200036839413
18 25 -0.014408756265629916
18 26 0.1284797723012731
18 27 0.21177578558596047
18 28 -0.08830309537528622
18 29 0.06132180596576965
18 30 -0.08971884760058604
18 31 0.09404247069505368
18 32 0.09617826016638178
18 33 -0.13245457148163173
18 34 -0.00445559212688495
18 35 0.07523265316265612
18 36 0.24987230444600933
18 37 0.03562612974623276
18 38 0.010047012555549633
18 39 0.10773021170936385
19 19 0.0
19 20 -0.16235089119129742
19 21 -0.1166828395935798
19 22 -0.07154167980511912
19 23 -0.08485446603077354
19 24 -0.09875915052413917
19 25 0.14146774435710147
19 26 -0.0035085706881543047
19 27 0.012921165599235567
19 28 0.08344917239954004
19 29 -0.18774654804167867
19 30 0.07507816220436772
19 31 -0.0495939067655103
19 32 0.1463731769927322
19 33 0.03321891057354946
19 34 -0.03884879658676626
19 35 0.04883392861575995
19 36 -0.04085832448309058
19 37 -0.029707330676557498
19 38 0.0030366747710314406
19 39 -0.025135678504793684
20 20 0.0
20 21 0.1175882033927371
20 22 0.010592930439477132
20 23 -0.057432997246387285
20 24 0.02203165374625146
20 25 -0.0668507198064242
20 26 0.009451026398496857
20 27 -0.06176507489930981
20 28 -0.02930462571376129
20 29 0.18381881183263526
20 30 -0.04844114677491252
20 31 -0.07486852538497338
20 32 -0.03173941574328347
20 33 -0.010362491540221059
20 34 -0.008132760061730769
20 35 0.08252009547765991
20 36 0.03708493178188244
20 37 0.14715751461559862
20 38 0.0028983515226534548
20 39 -0.019995342814182446
21 21 0.0
21 22 0.10321596422813102
21 23 0.1733719166651045
21 24 -0.027507529617064534
21 25 -0.1228712120197569
21 26 0.12140723038658681
21 27 -0.12223132057531898
21 28 -0.01205693729452306
21 29 0.06669889296589931
21 30 0.10329649382055531
21 31 0.09575183161431926
21 32 0.18143716674928337
21 33 0.014395022819133074
21 34 -0.18253730784118768
21 35 -0.1765582835675164
21 36 0.14485103934657034
21 37 -0.0852559405972927
21 38 -0.07809279262086763
21 39 -0.17382563761714548
22 22 0.0
22 23 0.0062439235412108125
22 24 0.11921831558912806
22 25 -0.06303110021172878
22 26 -0.028519269583820124
22 27 -0.02461911637833048
22 28 0.1658294795816846
22 29 0.10912470054769383
22 30 0.14180420989192577
22 31 0.024356828868737475
22 32 0.012319861447595632
22 33 -0.01848456888282788
22 34 0.029344609099250574
22 35 0.00060053168270424
22 36 -0.03070060439611716
22 37 0.1119817483311458
22 38 -0.0891962477583925
22 39 -0.0406131491294998
23 23 0.0
23 24 0.017544771009474765
23 25 -0.08654843719982326
23 26 0.18502829128939227
23 27 -0.08512509991491654
23 28 0.028296039156374908
23 29 0.04119031008526647
23 30 0.11524924758213051
23 31 0.2558300246249227
23 32 -0.101038992178426
23 33 0.04133996524261867
23 34 -0.02244554804266321
23 35 -0.12888611782261297
23 36 0.14741853848831105
23 37 -0.08480884697048693
23 38 0.020375855903323203
23 39 0.0013114819416840838
24 24 0.0
24 25 0.0028073350748289033
24 26 0.001963923587490302
24 27 0.05403357935966002
24 28 0.1386736335727623
24 29 0.2240192491565438
24 30 0.014383162748446882
24 31 0.11644075249167236
24 32 -0.01217996672042015
24 33 -0.06000796990587829
24 34 0.02724787738004218
24 35 0.035889192660124705
24 36 0.1481676168503388
24 37 0.07007419621297871
24 38 -0.025517000103512925
24 39 -0.014739345415603617
25 25 0.0
25 26 -0.04384394953680294
25 27 0.1263961315932801
25 28 0.15791006850208658
25 29 -0.19115308267139047
25 30 -0.0028927128560318257
25 31 -0.05936468804941055
25 32 0.13074125491469518
25 33 -0.010998733303100004
25 34 0.04041873296256425
25 35 0.04291349960725105
25 36 -0.0648731960575846
25 37 -0.08764187175596827
25 38 0.08664082933262371
25 39 0.14135703888059045
26 26 0.0
26 27 -0.10353190605947615
26 28 -0.002169041832737582
26 29 0.04913373951136398
26 30 0.15806389960414952
26 31 -0.06922695835063658
26 32 0.03702260353925608
26 33 0.11595261361372648
26 34 0.001918975002397522
26 35 0.055551997162971864
26 36 0.09841157828998874
26 37 -0.09508913975310843
26 38 0.084457725251432
26 39 0.02288003570832962
27 27 0.0
27 28 -0.016341422023864814
27 29 -0.12143534891075258
27 30 -0.0739113007430051
27 31 0.1743474847718252
27 32 0.0633980159064851
27 33 -0.21621702198832712
27 34 0.031218007412346187
27 35 0.0693934016389196
27 36 0.06857962106521757
27 37 0.0102798762257981
27 38 -0.1204837915099645
27 39 0.2651999062769868
28 28 0.0
28 29 0.08664782876332543
28 30 0.13408777936219357
28 31 0.0941719424405615
28 32 0.01783978891188348
28 33 0.0332925299034676
28 34 0.0339736146553393
28 35 0.10210941927096373
28 36 0.03873958380518948
28 37 0.1404670188886188
28 38 -0.05284865412506582
28 39 -0.019916002049905568
29 29 0.0
29 30 -0.016214125104065072
29 31 -0.020811940098459276
29 32 -0.13351089056119378
29 33 0.03501328858828958
29 34 0.007109955450643824
29 35 0.09451332896862369
29 36 0.1214441642201286
29 37 0.1566220377218251
29 38 -0.024842135204835157
29 39 -0.10224899793226286
30 30 0.0
30 31 0.034261147408161136
30 32 0.10728003016884113
30 33 0.06428362692391186
30 34 -0.06029934911167532
30 35 -0.005662193970784001
30 36 0.03499466617242794
30 37 -0.03158057027490858
30 38 0.026335503456534133
30 39 -0.0654377777777899
31 31 0.0
31 32 -0.020922241895854673
31 33 -0.1828460812983826
31 34 -0.15558168096134886
31 35 -0.1423232134149283
31 36 0.23179159995141757
31 37 0.03878282948444123
31 38 -0.1737915327137976
31 39 0.007215571219619586
32 32 0.0
32 33 -0.02907688835696508
32 34 -0.22424038669867982
32 35 -0.05243479875040209
32 36 0.10514006613145302
32 37 -0.11344183209248582
32 38 -0.013585800724129774
32 39 -0.15214642896800204
33 33 0.0
33 34 0.06530893098914156
33 35 0.019559395083010404
33 36 -0.004956863296284004
33 37 -0.05775499924531646
33 38 0.1296263445983986
33 39 -0.1179189965390646
34 34 0.0
34 35 0.09907787990895398
34 36 -0.08906984728456309
34 37 0.0398129350767832
34 38 0.02467212917271975
34 39 0.24297448529871649
35 35 0.0
35 36 -0.004253136736413169
35 37 0.1711514877565776
35 38 0.005148522269844085
35 39 0.10525013631438906
36 36 0.0
36 37 -0.04817431362478299
36 38 -0.03698177766594561
36 39 -0.05607070754746187
37 37 0.0
37 38 -0.07290302507951325
37 39 -0.018026542002373143
38 38 0.0
38 39 -0.06348876271779048
39 39 0.0
