0 0 0.0
0 1 0.10522464392867628
0 2 0.0020310557895466975
0 3 -0.11257796166406513
0 4 -0.11255275907852991
0 5 -0.001260922959018075
0 6 -0.12528554375718132
0 7 0.050248775003898835
0 8 -0.17729411619200458
0 9 -0.06170736645451802
0 10 -0.005803637850268114
0 11 0.030220806506608234
0 12 0.20592059309956304
0 13 -0.003739417087026885
0 14 -0.036873576617708625
0 15 0.1374316069705795
0 16 0.12124585125684686
0 17 -0.10682228087801704
0 18 0.09518665926648796
0 19 0.1884170747742418
0 20 0.06864396014202671
0 21 -0.06792320899867635
0 22 0.050726961458452756
0 23 0.1100494572588813
0 24 -0.06966488833050791
0 25 0.0692433412320095
0 26 0.04609134791249119
0 27 0.02856220271778398
0 28 0.03590229671718494
0 29 0.06221250210500183
0 30 -0.04224734657928779
0 31 -0.020062539778051773
0 32 0.06718209710790814
0 33 -0.02017014557579987
0 34 0.05863554452099225
0 35 -0.012278353266615675
0 36 0.08639549218818134
0 37 0.10146126758471478
0 38 -0.12339750776538985
0 39 -0.08142982294942397
1 1 0.0
1 2 -0.09441932971054504
1 3 0.07882198090579104
1 4 -0.2660967488662544
1 5 0.027263790239628383
1 6 -0.07297274535646234
1 7 -0.023796831546135325
1 8 -0.19159275999128525
1 9 -0.09030696187306334
1 10 0.09161000202732363
1 11 0.034871330237987844
1 12 0.07428891474306672
1 13 -0.0967610084689625
1 14 0.0014146204236551406
1 15 0.0034667155194861307
1 16 -0.08441302495253408
1 17 0.041561503654996376
1 18 -0.024931497212897915
1 19 0.03393495034326362
1 20 0.15901657559840549
1 21 -0.004740606554993926
1 22 0.006578468904113658
1 23 -0.08351273792923199
1 24 -0.1477747388619353
1 25 -0.14598822745363035
1 26 0.13593961064034885
1 27 -0.17331755320739767
1 28 -0.02631968985534173
1 29 0.2894277900352013
1 30 0.00575192847496861
1 31 -0.0713294549035826
1 32 -0.08652497662935704
1 33 -0.10627167385935199
1 34 -0.017154993132587705
1 35 0.1454352278101208
1 36 0.23507749046913698
1 37 -0.0023419770972287176
1 38 0.10327782457955155
1 39 -0.12090068675994763
2 2 0.0
2 3 0.04283036851256348
2 4 0.07221773303405124
2 5 -0.2357862484576226
2 6 -0.07750525025468138
2 7 0.15486676961301704
2 8 0.006946783785782326
2 9 0.03390246022475376
2 10 -0.20366183362322515
2 11 0.12119797435315201
2 12 0.07283517948068347
2 13 -0.1347207614458697
2 14 -0.035221023079012224
2 15 -0.03224842670061885
2 16 -0.2731981701672556
2 17 0.09630700983137815
2 18 -0.0015055365821933955
2 19 -0.040198241871903476
2 20 -0.15496319434631642
2 21 0.05088885050582607
2 22 0.14184445912231775
2 23 -0.07223860680179983
2 24 -0.14279611497933947
2 25 0.1421533871617875
2 26 0.0076242269270276886
2 27 0.0429652421222392
2 28 -0.06478991573573517
2 29 -0.1324156613058869
2 30 0.03797315016779999
2 31 -0.1952737664729084
2 32 0.1704947535775933
2 33 -0.2665026088746062
2 34 0.043254636012673556
2 35 -0.06159752058660632
2 36 -0.017464148852860024
2 37 -0.05111873821181469
2 38 -0.07572788971902847
2 39 -0.12799943688410859
3 3 0.0
3 4 -0.037855088117246326
3 5 -0.06648087480497954
3 6 -0.15991852554489658
3 7 0.06914099887422431
3 8 -0.010774097246871558
3 9 0.1124695933478341
3 10 0.07549610774455182
3 11 0.03818515870111425
3 12 -0.2165904937064024
3 13 0.11644465085693834
3 14 0.0484101929922622
3 15 -0.06420263225421621
3 16 -0.26488425001733695
3 17 0.0756651131029761
3 18 -0.0822403157749365
3 19 -0.1422966925207238
3 20 0.027328802227530535
3 21 -0.030267791759743833
3 22 0.06357143855280294
3 23 -0.01891838560832378
3 24 -0.11125573062277905
3 25 0.09359242091840991
3 26 -0.048357355954622545
3 27 -0.10488862045857686
3 28 0.027143583375149726
3 29 -0.02099718938348208
3 30 0.23153844603996662
3 31 -0.058535650861135505
3 32 -0.09917405370880324
3 33 -0.08110511956496833
3 34 -0.013011486205647274
3 35 0.08807071220456145
3 36 0.12335461018517582
3 37 -0.028334676283541332
3 38 0.14010346496205495
3 39 0.06010753373415032
4 4 0.0
4 5 0.00787518960550811
4 6 0.001542011064878059
4 7 -0.07705681858947426
4 8 0.10907923628544183
4 9 0.08760794622880712
4 10 -0.18177687070593979
4 11 0.19157103631381595
4 12 -0.001863528705257337
4 13 -0.0967449061131765
4 14 -0.13007358436095384
4 15 0.015094157327997303
4 16 0.13257972561627349
4 17 -0.041477402714629644
4 18 0.001262388973391476
4 19 0.01015739181087852
4 20 -0.02540956971645139
4 21 0.06231279055119745
4 22 0.13998572141021184
4 23 0.04068916511028082
4 24 -0.02986483773466412
4 25 -0.0034057847066179944
4 26 -0.08613303547917009
4 27 -0.08323780683325568
4 28 0.055931734059976326
4 29 -0.3540865822801779
4 30 0.06130905052489397
4 31 -0.12607774907505492
4 32 0.08182575590221366
4 33 0.06975590196840635
4 34 0.1320679419077864
4 35 -0.160163036725836
4 36 -0.23451776295896556
4 37 0.046799255483829856
4 38 -0.09501960442798943
4 39 0.008547942481134115
5 5 0.0
5 6 -0.1052093114155207
5 7 -0.17547582509197415
5 8 -0.08800358799527425
5 9 0.0026576902405778522
5 10 0.05806368912527053
5 11 -0.2291491580891131
5 12 -0.0952362742132661
5 13 -0.05644416487490088
5 14 0.035113273767813084
5 15 0.006201042826451748
5 16 0.3847443068195018
5 17 -0.14802490384073047
5 18 -0.19136766370589836
5 19 0.01526414851931709
5 20 0.10592125478158718
5 21 -0.08076452060790613
5 22 -0.015938566905293022
5 23 0.2248396638768216
5 24 0.17278040464092817
5 25 -0.2202441356758705
5 26 0.04936776473168569
5 27 -0.015301931764717707
5 28 0.16252989389019268
5 29 0.0667437274386324
5 30 -0.015980247088233392
5 31 0.14711019367744255
5 32 -0.052335668546630375
5 33 0.2036216950873945
5 34 -0.009667844512972668
5 35 0.1428592662095034
5 36 -0.08029489987726818
5 37 0.12066516245526056
5 38 -0.08778172579624988
5 39 0.01876058642138888
6 6 0.0
6 7 -0.0922582424602017
6 8 0.20528602700047222
6 9 -0.012645065592185409
6 10 0.06842788702148522
6 11 0.18753411661674796
6 12 0.030017640735398043
6 13 0.0004117141457224773
6 14 -0.03613268736422916
6 15 -0.03761284676186843
6 16 -0.03703566832904145
6 17 0.08524122978070783
6 18 0.13564850988399296
6 19 0.06275677394131965
6 20 -0.16247380315123003
6 21 0.2283071711579657
6 22 0.057296847808601684
6 23 -0.20686538279400307
6 24 0.10837973985805072
6 25 -0.1157407967552437
6 26 0.12907773117642313
6 27 0.06903336272493953
6 28 -0.04072191806414567
6 29 0.0997969304032154
6 30 -0.18470570943134104
6 31 0.050953478574338185
6 32 0.03490199859615169
6 33 0.00219435151551556
6 34 0.057029966580747694
6 35 -0.18858563113019627
6 36 -0.08102339497066308
6 37 -0.07764985950230174
6 38 0.03235273697213229
6 39 0.02666194383361517
7 7 0.0
7 8 0.0033420473696008637
7 9 0.008679529074540391
7 10 0.08659283229740664
7 11 0.04081437720012421
7 12 -0.09537464571778007
7 13 0.11822527046880298
7 14 0.07719634599121075
7 15 -0.032696501757757686
7 16 -0.18143877097629013
7 17 0.05590165730226002
7 18 0.08301584985333167
7 19 -0.01405345839940022
7 20 -0.02140667950446375
7 21 -0.04229580903528652
7 22 -0.10092539098470883
7 23 -0.03207620862631032
7 24 -0.051542885455080956
7 25 0.22088185274355907
7 26 -0.05552588633631346
7 27 0.05516167640779941
7 28 -0.04688123491662582
7 29 0.08002978500191968
7 30 0.09516715610700807
7 31 -0.03582439045137063
7 32 0.0390209706289605
7 33 -0.09586042919123555
7 34 -0.07779864621828432
7 35 0.006938716695661262
7 36 0.1355765843920808
7 37 -0.09279770999250588
7 38 0.04976229051944581
7 39 -0.014408982578436941
8 8 0.0
8 9 0.0045483281088164376
8 10 0.1847357311420652
8 11 0.030926639666974204
8 12 -0.12819546651016442
8 13 -0.023409930898708
8 14 -0.056146955347378034
8 15 0.027020895979769914
8 16 0.06432802577281689
8 17 -0.055615930393631385
8 18 0.05282822991796079
8 19 -0.09533841945704617
8 20 -0.00938121261164344
8 21 -0.0014559832278671918
8 22 -0.011104885836497281
8 23 -0.09557194945982381
8 24 0.18590254156733643
8 25 0.07107074270739508
8 26 -0.04021732584214217
8 27 -0.019730672274280336
8 28 -0.061625868542019735
8 29 -0.12799581186249323
8 30 -0.0460067228686424
8 31 0.04892902234416873
8 32 0.023000800007540602
8 33 -0.1140469646381184
8 34 0.0445580772364232
8 35 -0.09178327452551233
8 36 -0.04739721882413954
8 37 -0.15757315240500328
8 38 0.15184243258731575
8 39 0.06607331751367361
9 9 0.0
9 10 -0.02295383125214675
9 11 0.17378387243453178
9 12 -0.17053247103482178
9 13 -0.03562915508984891
9 14 0.06135182330049753
9 15 -0.07409232509338698
9 16 -0.13819283630106122
9 17 0.005241721967690079
9 18 0.010923324575388067
9 19 -0.08268269134349684
9 20 -0.17806799852918476
9 21 0.2267738676433146
9 22 0.14179562099311985
9 23 0.09046880738097726
9 24 -0.04425395188919634
9 25 0.03473600120363655
9 26 0.019629695380151656
9 27 0.06374041846614273
9 28 0.00480951783404363
9 29 -0.05748130595500441
9 30 0.06039676186858316
9 31 0.007973027392244864
9 32 0.09305418056646889
9 33 0.08725204203635564
9 34 0.07498798955960473
9 35 0.09382187060881306
9 36 -0.08383219448008665
9 37 0.16294484513398802
9 38 -0.03428173536667529
9 39 0.16863081113165354
10 10 0.0
10 11 -0.08757671834708561
10 12 -0.2962784907501733
10 13 0.13001030796250362
10 14 0.12149670362512774
10 15 0.03774003544121589
10 16 0.21991855978730465
10 17 -0.14199817290555639
10 18 0.07028379790402993
10 19 0.08880591994779741
10 20 0.11616984851687999
10 21 -0.12134087609752124
10 22 0.027607797929075993
10 23 0.05010839934068234
10 24 0.21923587557464916
10 25 0.09194791083261822
10 26 0.05170194264489947
10 27 -0.01947986833620346
10 28 0.06019001456581215
10 29 0.207989629162235
10 30 0.09300863671146714
10 31 0.21225358522391619
10 32 -0.05121588138158356
10 33 -0.05529748027914626
10 34 -0.07272075666477087
10 35 0.1275674928371944
10 36 0.28070190055259614
10 37 -0.19117076378798387
10 38 0.22011732346263066
10 39 -0.06350698061847289
11 11 0.0
11 12 0.14370598425541126
11 13 -0.173409336316625
11 14 -0.11789796355433042
11 15 -0.03648951606805115
11 16 -0.37760988680607743
11 17 0.14896945584413931
11 18 0.14735199920326153
11 19 -0.006309870595420099
11 20 -0.04852770752500634
11 21 0.2545115902242417
11 22 0.22052863610780368
11 23 -0.11784458503598391
11 24 -0.23091558324098624
11 25 -0.033288796070835576
11 26 0.16604501899711185
11 27 -0.20142137432475532
11 28 -0.06416758750701677
11 29 0.015103882424945023
11 30 -0.033711159550408154
11 31 -0.15938315623699928
11 32 0.16639932963860785
11 33 -0.1745082530384353
11 34 0.16131922515313296
11 35 -0.20153476527457098
11 36 0.032186786014175774
11 37 0.010203762512658556
11 38 0.05272054618007864
11 39 -0.031069260633726482
12 12 0.0
12 13 -0.18880700641542864
12 14 -0.12662574664228957
12 15 0.1264957736707567
12 16 -0.1286467620997402
12 17 0.04740994671387586
12 18 0.140084594471158
12 19 0.14686971385713135
12 20 0.02714542871200513
12 21 -0.08209527500043091
12 22 0.019737616707437962
12 23 -0.08688428429328854
12 24 -0.18469551494278977
12 25 -0.07306227143008842
12 26 0.05517085560882858
12 27 -0.08520060707976776
12 28 -0.14940637627359468
12 29 -0.18044461719214291
12 30 -0.24516470274999275
12 31 -0.012235726157234244
12 32 0.14329410594266176
12 33 -0.11551925918555554
12 34 0.0013941983034540363
12 35 -0.21804455078603238
12 36 -0.03834122284248288
12 37 -0.04004480387597618
12 38 -0.03823012715138384
12 39 -0.2554029041361151
13 13 0.0
13 14 0.1674658947910936
13 15 0.01596610740890423
13 16 -0.09343799173027396
13 17 0.05251410992059434
13 18 0.046185298873512
13 19 0.05800737974990629
13 20 -0.05117020048635264
13 21 -0.14478802659085507
13 22 -0.24213249632985664
13 23 -0.030409290953297658
13 24 0.04600026292564753
13 25 0.2554399350773532
13 26 -0.15036171701455545
13 27 0.13811369286403938
13 28 0.0833454747147874
13 29 -0.06497243597442649
13 30 0.19203200060734876
13 31 0.11489358863698895
13 32 -0.1586190003136617
13 33 0.23895455940402482
13 34 -0.11859073452172944
13 35 -0.04912549149837497
13 36 0.016108807913266434
13 37 -0.055262845818828024
13 38 0.06874464686894562
13 39 0.11281286158020645
14 14 0.0
14 15 -0.06966639813293832
14 16 -0.09661196061484206
14 17 0.08345064135157153
14 18 0.0030469904016440534
14 19 -0.029093333351012784
14 20 -0.07648191347135536
14 21 -0.03548709353904861
14 22 -0.018856062385289894
14 23 0.11727233103614143
14 24 0.08184569816316195
14 25 0.11707694227559347
14 26 0.06368377078996684
14 27 0.08884352463652341
14 28 -0.02563355109593981
14 29 0.04343381945736869
14 30 0.03614824835366708
14 31 0.1421464128926087
14 32 0.0872343826871399
14 33 0.07428170424516573
14 34 -0.07852938309925639
14 35 0.1360335941529932
14 36 0.09007694888711712
14 37 -0.017660924335767728
14 38 0.03430850410920202
14 39 -0.08448616417483126
15 15 0.0
15 16 0.10080197294108983
15 17 -0.12534619725835605
15 18 -0.018304746698791934
15 19 0.17268969486286614
15 20 -0.024773888828835085
15 21 -0.06574992981563155
15 22 -0.0827498956581154
15 23 -0.005695189636939645
15 24 0.058416342234709796
15 25 0.016715440464110404
15 26 -0.04577887969386245
15 27 -0.016012478986059262
15 28 0.031720196637782465
15 29 -0.19118054835572684
15 30 -0.0366518979640068
15 31 -0.0709264583885413
15 32 -0.08460118102879166
15 33 0.05259116021078366
15 34 0.07593006466604571
15 35 0.02375343106679539
15 36 -0.10445296939526853
15 37 -0.07883408811519524
15 38 0.011612724137761925
15 39 0.008199941757095996
16 16 0.0
16 17 -0.408014583285755
16 18 -0.029222908924210412
16 19 0.21595986118803195
16 20 0.2147253106951151
16 21 -0.11253318803849655
16 22 0.10045302859477818
16 23 0.23353150613425666
16 24 0.29218408639844057
16 25 -0.09391334630433687
16 26 -0.0032293325546617867
16 27 0.13244311908999992
16 28 0.172877911984407
16 29 0.05570351361166701
16 30 -0.04499883122567134
16 31 0.22456624443224715
16 32 -0.010962857141825032
16 33 0.21799844385594422
16 34 -0.004312812251000985
16 35 0.0868073503250978
16 36 -0.04306395913096599
16 37 0.15840835937870992
16 38 -0.19538489133920936
16 39 -0.005751172273718332
17 17 0.0
17 18 -0.03981787252633152
17 19 -0.1537222675345325
17 20 -0.004378172993714733
17 21 0.07072962873381877
17 22 -0.025980538266267894
17 23 -0.08195159691163392
17 24 -0.09302705518765919
17 25 0.009439322000581951
17 26 0.12239295937874899
17 27 -0.0924623743624389
17 28 -0.10620698621541591
17 29 0.08999146944149142
17 30 -0.02916336582185327
17 31 -0.07369151391747765
17 32 0.024630641423307145
17 33 -0.07552146056132102
17 34 -0.01487368227724776
17 35 -0.05521394663470103
17 36 0.06312659814139275
17 37 -0.057108052682839874
17 38 0.054045307748043434
17 39 -0.039168578410032524
18 18 0.0
18 19 0.0823906439791514
18 20 -0.06607502001300275
18 21 0.009577304108521707
18 22 0.09225038113263975
18 23 -0.0854053174393238
18 24 -0.12716030483726878
18 25 0.1660285583241048
18 26 -0.15810893648208169
18 27 0.11873002415615026
18 28 -0.11794798639078793
18 29 -0.005229523949377265
18 30 -0.03051694329687593
18 31 0.07238482162781745
18 32 0.146406433178537
18 33 -0.09454635985653961
18 34 -0.03032315049292527
18 35 -0.18170879725393976
18 36 0.13052731734061515
18 37 0.028035985517439133
18 38 0.021499515017008676
18 39 -0.07498845539593296
19 19 0.0
19 20 -0.13339515827547724
19 21 0.019146163317404936
19 22 0.027401977771576796
19 23 -0.06425242058950867
19 24 -0.01551817117871345
19 25 0.02479700520558483
19 26 0.04103041794667682
19 27 0.12330927930604092
19 28 0.08214332529491539
19 29 -0.11111322442987856
19 30 -0.00144937178416754
19 31 0.05414982791909736
19 32 0.007379876184128884
19 33 0.14778322245192257
19 34 -0.041509595626419725
19 35 -0.006913576238736789
19 36 -0.058704825562398276
19 37 -0.07014670628177147
19 38 -0.05711081844663164
19 39 -0.14160759871743372
20 20 0.0
20 21 -0.24129355775332986
20 22 0.0018567870137655416
20 23 0.1118128407179032
20 24 0.016405240147170257
20 25 -0.03563986206868038
20 26 0.09736571549674031
20 27 -0.2812939259684072
20 28 -0.01572011381469949
20 29 0.23327981077565113
20 30 0.004363245151116679
20 31 0.07294197388022731
20 32 -0.05626416959402458
20 33 -0.1278717298645105
20 34 -0.036081780231510346
20 35 -0.031129112858764973
20 36 0.28499366859600783
20 37 -0.007833205235289454
20 38 0.08823166477592011
20 39 -0.08304391396956255
21 21 0.0
21 22 0.08035142753835267
21 23 -0.11782419298745458
21 24 -0.06878043872617583
21 25 -0.07289201938288645
21 26 0.15997434000467792
21 27 0.11277426943065483
21 28 -0.09433716253276807
21 29 0.07552631524649797
21 30 -0.10077204898535241
21 31 -0.09325859245636253
21 32 0.0339190109570922
21 33 0.16725385915849295
21 34 0.08979113192636498
21 35 0.10987249748627843
21 36 -0.16719205309967433
21 37 0.1643001848444562
21 38 -0.08057793650481256
21 39 0.24621065809066475
22 22 0.0
22 23 0.181560599974528
22 24 -0.0979051303405294
22 25 0.01916839262229677
22 26 0.2407065821168346
22 27 -0.052015458488161435
22 28 0.06638147919534473
22 29 -0.025252607010773254
22 30 0.06230512700426234
22 31 0.02988343649827045
22 32 0.33287743612882253
22 33 -0.3310798138985638
22 34 0.19437791194254028
22 35 -0.08675895907391563
22 36 0.20222893270456818
22 37 0.1637207489123585
22 38 -0.1380129031475454
22 39 -0.31681722079041286
23 23 0.0
23 24 0.1512058387131471
23 25 0.00682237765727621
23 26 0.047614930282972055
23 27 -0.0010086999116362095
23 28 0.1085478141475795
23 29 0.032604311411907796
23 30 0.011698770585656607
23 31 0.09334483461042653
23 32 0.10036956140685474
23 33 0.03576128650146535
23 34 0.08768283244778195
23 35 0.11285309411659841
23 36 0.05344751800031128
23 37 0.15840932855674067
23 38 -0.15238240569139097
23 39 -0.03160607905140267
24 24 0.0
24 25 -0.04880823841254571
24 26 0.03499314573401739
24 27 0.06170737239112659
24 28 0.07159973218400031
24 29 0.03663928300880701
24 30 -0.0945898802324231
24 31 0.11604017656924015
24 32 -0.06341190197679299
24 33 0.09909199065950318
24 34 0.03158000691902869
24 35 0.09803907930890578
24 36 -0.07736029057387411
24 37 -0.08995549937393088
24 38 -0.00032898359733854503
24 39 0.0746118604421572
25 25 0.0
25 26 -0.06731885444630302
25 27 0.1370132344939789
25 28 -0.10947844433356321
25 29 -0.17002310172479967
25 30 0.13045737822891465
25 31 0.08550040584774952
25 32 0.11990859641925648
25 33 -0.025665275588272397
25 34 -0.07727198781326682
25 35 -0.016124368714548136
25 36 0.1266071267724967
25 37 -0.03476230160673395
25 38 0.051031718554189365
25 39 -0.025400802478408164
26 26 0.0
26 27 -0.12707697388855616
26 28 -0.046138634409969244
26 29 0.18648243127755326
26 30 -0.12699717109416828
26 31 0.13022331338453635
26 32 0.21716810264446834
26 33 -0.05381083346881813
26 34 0.03281510957059102
26 35 0.06877718596487106
26 36 0.12482328496425017
26 37 0.01805327500285242
26 38 0.006389250097837052
26 39 -0.19993677807702365
27 27 0.0
27 28 -0.0024082750420026445
27 29 -0.03963217876925889
27 30 -0.014277794976082581
27 31 0.11327934496545115
27 32 0.03756659558909735
27 33 0.19596195750680925
27 34 -0.08956720115206718
27 35 0.05514425320200493
27 36 -0.1286176040227107
27 37 0.10270358650823834
27 38 -0.15210802632674683
27 39 0.12270525028932824
28 28 0.0
28 29 0.01809795454839514
28 30 0.13894598461830673
28 31 -0.0398663430033667
28 32 -0.07860156250278158
28 33 0.04118570019634764
28 34 0.07213316486600899
28 35 -0.03221461809728943
28 36 -0.06500484420643582
28 37 0.03743922646205107
28 38 -0.10187130282151344
28 39 -0.010477745448320228
29 29 0.0
29 30 -0.06096723774310392
29 31 0.046439843959296
29 32 -0.07410345892359546
29 33 -0.09943636217048189
29 34 -0.06999502637064528
29 35 0.09553623100623453
29 36 0.3402457788547889
29 37 0.06612902558837767
29 38 -0.007948631230150492
29 39 0.05018703782942933
30 30 0.0
30 31 -0.043733611018124736
30 32 -0.07033532629441815
30 33 -0.013855181073771311
30 34 -0.032305279720747385
30 35 0.020919452182879793
30 36 0.0809378719583234
30 37 -0.003141510046657562
30 38 0.038043330536989536
30 39 -0.006443932520140585
31 31 0.0
31 32 0.15343193225910584
31 33 0.1375709374696228
31 34 -0.22656631521042486
31 35 0.0007052472084686501
31 36 0.12468258461149415
31 37 0.00547165472946623
31 38 0.07945081594315302
31 39 -0.10233204758876879
32 32 0.0
32 33 -0.18602102495662634
32 34 0.0226941615806302
32 35 -0.11270073019907315
32 36 0.08377615288899129
32 37 0.09241504364259685
32 38 -0.07822479598609453
32 39 -0.31156864960196406
33 33 0.0
33 34 -0.10099133245191447
33 35 0.1726694054650546
33 36 -0.29747376671420306
33 37 0.14198746043185959
33 38 -0.07765158055427937
33 39 0.33216421573273147
34 34 0.0
34 35 -0.03005421895794478
34 36 -0.09719199829243132
34 37 0.10098867054686196
34 38 -0.10335184792817804
34 39 0.04674205009583313
35 35 0.0
35 36 0.010016361321448645
35 37 0.04386723390104612
35 38 0.02138917870042977
35 39 0.13667164000339693
36 36 0.0
36 37 -0.07152194975579905
36 38 0.13818655497830387
36 39 -0.24125636033308112
37 37 0.0
37 38 -0.22822308634755029
37 39 0.15883969769827586
38 38 0.0
38 39 -0.02833816585795944
39 39 0.0
