0 0 0.0
0 1 0.08556477110284917
0 2 0.004310409922087878
0 3 -0.03131718634572066
0 4 0.15458919479716898
0 5 -0.04025971848997524
0 6 -0.023580768646512488
0 7 -0.06842203723499203
0 8 -0.12922106255057728
0 9 -0.15306490263672773
0 10 0.1443832824553078
0 11 -0.25079132143066163
0 12 -0.18434003537665344
0 13 -0.006938970384698706
0 14 0.12052872472878866
0 15 0.046615413338362485
0 16 -0.14272349663558648
0 17 0.22970465522261901
0 18 -0.03872377029550893
0 19 0.04505656505230931
0 20 0.015079800288687028
0 21 0.012707844314243363
0 22 0.07670202441037308
0 23 0.20748530821930503
0 24 -0.07770878599238598
0 25 0.14448282857621936
0 26 -0.03868756614151441
0 27 -0.24963093126302693
0 28 -0.11305300544312605
0 29 0.08383983060915903
0 30 0.07050265535554125
0 31 -0.12171908686963859
0 32 -0.024424530825351447
0 33 -0.13984142506438985
0 34 -0.04971561826181729
0 35 -0.07917288878962139
0 36 0.07848353787868477
0 37 -0.047371247284964904
0 38 -0.16515038516547065
0 39 -0.2821526677918806
1 1 0.0
1 2 -0.033342808128019055
1 3 0.1353724099761386
1 4 -0.015734782964167533
1 5 0.2577715278329366
1 6 0.004392926152829198
1 7 -0.15255162145115658
1 8 -0.09830128098973585
1 9 0.011020757844469396
1 10 0.018198580971456147
1 11 0.13471923377999442
1 12 0.07430566887825739
1 13 0.20362804767120748
1 14 0.09701680632876011
1 15 -0.1894728812022204
1 16 0.016895882843602168
1 17 0.0011284316585088829
1 18 -0.0096234305804128
1 19 0.007799436474757612
1 20 -0.04801642373262562
1 21 0.022135433953473237
1 22 -0.13526888489672328
1 23 0.027047395474573476
1 24 -0.24984187291554266
1 25 0.13310157287611116
1 26 0.09800808929515495
1 27 -0.1076809060015204
1 28 0.04164415988280316
1 29 -0.05246563072082021
1 30 0.0616600690787916
1 31 0.11289391352267741
1 32 -0.07169518775003007
1 33 0.027988011208333923
1 34 -0.014365122852740464
1 35 -0.08685668951426914
1 36 0.014119692465331532
1 37 -0.26877571700162306
1 38 -0.10451464500688486
1 39 -0.07338752939896219
2 2 0.0
2 3 -0.07028284465721077
2 4 0.06808998475727027
2 5 0.021855173976167687
2 6 0.03961894896737933
2 7 -0.12446458375072189
2 8 -0.07664411334903803
2 9 0.06306689056657436
2 10 -0.07817948160485018
2 11 0.1381551584942854
2 12 -0.028066939673002562
2 13 -0.0373634641393219
2 14 0.24224161819400422
2 15 0.05639122493321088
2 16 -0.07538153448991504
2 17 -0.004614772327754287
2 18 0.043831282836360466
2 19 -0.041928058302366226
2 20 -0.06140026515848712
2 21 0.18270919982952655
2 22 0.1371464447909406
2 23 0.19037235385351622
2 24 -0.0962972966170865
2 25 -0.04787931318767597
2 26 0.000553892530561479
2 27 0.061507549092548484
2 28 -0.14543546530464216
2 29 -0.021238091657585025
2 30 0.02540404286165191
2 31 -0.2023997423281066
2 32 0.1039022422884762
2 33 0.2286942463952669
2 34 0.17892218671910384
2 35 0.07278662842191164
2 36 0.05221683631264038
2 37 0.04239993209128933
2 38 -0.102798059444548
2 39 0.06913716164590615
3 3 0.0
3 4 0.05958331419037536
3 5 0.10925044267999166
3 6 0.012092283872585312
3 7 0.013253125050443793
3 8 0.07081977504026857
3 9 -0.03316525943747193
3 10 0.13366949904472597
3 11 0.17358917266047436
3 12 0.07410160023930881
3 13 0.031867300740192436
3 14 -0.026340724885982263
3 15 -0.01089917521376228
3 16 -0.03617604152837066
3 17 -0.09616285522070436
3 18 0.13117039386721616
3 19 0.055393211967385426
3 20 0.17835512130366804
3 21 -0.08336524711558095
3 22 -0.15357086007301154
3 23 -0.05592210896143257
3 24 -0.13299503421906103
3 25 -0.0015367963137900979
3 26 0.04972277321364255
3 27 0.00012831435074363152
3 28 0.051818425145956984
3 29 0.13846925613804809
3 30 0.1351920122712005
3 31 0.11349458203575355
3 32 -0.220378718626762
3 33 0.048785380340622145
3 34 0.029105209120605317
3 35 -0.04699062716543302
3 36 0.059899853639852285
3 37 -0.10612898247813911
3 38 0.05963633291330552
3 39 -0.03403841897636646
4 4 0.0
4 5 -0.0961481220035342
4 6 -0.12540574352247363
4 7 0.08118627653356078
4 8 -0.016487446344637648
4 9 -0.17148124117426147
4 10 0.12246276438303101
4 11 0.02609710352824333
4 12 0.0739770063949182
4 13 0.041715816884285335
4 14 -0.02168622028046866
4 15 0.12664651444655303
4 16 -0.20264679328329693
4 17 0.12328576864746506
4 18 -0.07115641841971805
4 19 0.06524526204381322
4 20 0.10737003425044578
4 21 0.08012630197284851
4 22 0.1202196570605935
4 23 -0.044028094513779
4 24 0.024441748481307982
4 25 0.08575728710701515
4 26 -0.09201873192234632
4 27 0.03868428109029208
4 28 -0.1909435167030601
4 29 -0.017792513820478424
4 30 0.16512923107408392
4 31 -0.010191379741167243
4 32 -0.03717166842668753
4 33 -0.032663494176594726
4 34 0.10233523036108591
4 35 -0.15203343926820137
4 36 0.1587214348105747
4 37 -0.05198188718530252
4 38 -0.010783930619801515
4 39 -0.1149743994026523
5 5 0.0
5 6 -0.013807679564212996
5 7 -0.18469399542441772
5 8 -0.012608486055564569
5 9 0.01650188929704114
5 10 -0.025031593101756604
5 11 0.05089393042967485
5 12 0.04991021290181165
5 13 0.030765755225416212
5 14 0.047175122557964765
5 15 -0.09652110979053907
5 16 0.026195851218634113
5 17 -0.1401605416745581
5 18 -0.02836368069453011
5 19 0.051088692156284164
5 20 -0.06633579695491955
5 21 0.0011429165171649455
5 22 -0.0775294236728951
5 23 0.06345115481179005
5 24 -0.17788972939474598
5 25 0.05816558479810331
5 26 0.0762505442155263
5 27 -0.08683803875491483
5 28 0.021018307401838097
5 29 0.014313902690816407
5 30 -0.03835056570032098
5 31 0.03407449881856408
5 32 -0.009536277136543423
5 33 0.008622319515766804
5 34 0.0007041496043425262
5 35 -0.04503013588287519
5 36 0.09122025004662912
5 37 -0.08434143849095063
5 38 -0.016420200023057375
5 39 0.06993752356775143
6 6 0.0
6 7 -0.03748159037903494
6 8 0.016166291778533744
6 9 -0.018321449728689508
6 10 -0.07704556255581264
6 11 0.0806398363640632
6 12 -0.08504389975539248
6 13 -0.04829065580175732
6 14 0.001987335131286894
6 15 0.17928748200550232
6 16 0.18172878385622765
6 17 -0.023862547352043486
6 18 -0.04836359709365627
6 19 -0.2021254514480173
6 20 -0.058829376044055415
6 21 -0.0822671274186471
6 22 0.18397478383633342
6 23 -0.027270789345275548
6 24 -0.027976607173749057
6 25 -0.19358952755085798
6 26 0.06772571592025778
6 27 0.02537625088379102
6 28 -0.11101847615962337
6 29 0.07626920530234066
6 30 -0.012107539347484274
6 31 0.01792358414213659
6 32 -0.16854866776810853
6 33 0.26219744267407574
6 34 -0.03837759175330696
6 35 0.022308505269067004
6 36 -0.20822528605157778
6 37 0.1864498913952189
6 38 0.12037673742746968
6 39 0.07335831465359034
7 7 0.0
7 8 0.07063628548449287
7 9 0.06180725904018597
7 10 -0.014260173687384508
7 11 -0.010789858877475559
7 12 0.0007787625880694112
7 13 -0.053360653529869274
7 14 -0.10622031229287995
7 15 0.029262569771444903
7 16 -0.038353275942572713
7 17 0.0635811010054767
7 18 0.05656594425102564
7 19 0.01809748874636285
7 20 0.11382111656236253
7 21 0.012857185956055903
7 22 -0.02044791577707569
7 23 -0.13050637195406972
7 24 0.20914537564328173
7 25 -0.044328186260917626
7 26 -0.021851155863885207
7 27 0.006637410518122373
7 28 0.060479209420227734
7 29 -0.022998652772306095
7 30 0.09359592231224399
7 31 0.13850039670098396
7 32 -0.0019740659117075373
7 33 -0.015103240178361416
7 34 -0.010989162072987963
7 35 0.007521398732022207
7 36 -0.08564673447432872
7 37 -0.0980452504169756
7 38 -0.0054628468645419115
7 39 -0.0690226222539673
8 8 0.0
8 9 0.08929120048114117
8 10 -0.0007490683582906615
8 11 -0.011655797335723802
8 12 0.029513832481543184
8 13 -0.0760800570730663
8 14 -0.13352855984057793
8 15 0.03822966383341385
8 16 -0.05197957719184765
8 17 -0.05430918470069325
8 18 -0.04189652597443973
8 19 0.0107745110647477
8 20 0.021120279159171036
8 21 0.008215494261152877
8 22 -0.049693436264221166
8 23 -0.09827391105602719
8 24 0.15606219450626138
8 25 -0.0790979759719547
8 26 0.038501794371032586
8 27 -0.03983391210163266
8 28 0.06928821077912561
8 29 0.09219102035367183
8 30 0.08335488905796781
8 31 0.051391259283389355
8 32 -0.06384276759096102
8 33 -0.041261887869217015
8 34 0.01811148740117046
8 35 -0.01838516012735266
8 36 -0.02261399902033257
8 37 -0.002480666684965378
8 38 0.14657627165929787
8 39 0.08378969265215391
9 9 0.0
9 10 -0.15766283867556552
9 11 0.05858657206265366
9 12 -0.015301063028362752
9 13 -0.013042644143044149
9 14 0.04846068597232336
9 15 -0.15799407681180408
9 16 -0.05478603161070343
9 17 0.05170342948140629
9 18 0.025810219965939712
9 19 -0.05719996432792888
9 20 0.01026661611874602
9 21 0.09754819343427562
9 22 -0.14504014501114507
9 23 0.05656507926583233
9 24 0.06957458248001366
9 25 -0.0782363754787425
9 26 0.12218393964059682
9 27 -0.13616018475695954
9 28 0.25112101847934976
9 29 0.0020220782624819703
9 30 -0.028192520966359234
9 31 -0.00004717166141865425
9 32 0.07228300497643551
9 33 0.04857516700517895
9 34 0.026563736299373343
9 35 0.12020552349584271
9 36 -0.14897567807099724
9 37 -0.19755708790219387
9 38 -0.12159735621004938
9 39 0.08013876098859439
10 10 0.0
10 11 0.08883697968061657
10 12 0.015624641134993724
10 13 -0.027462493099201717
10 14 -0.07862771807090735
10 15 -0.012966871436509795
10 16 -0.12419064492189316
10 17 -0.04203245992532716
10 18 -0.11637678235065634
10 19 -0.03430355775603694
10 20 0.007518695661054488
10 21 -0.1442209877423005
10 22 -0.02462213925274417
10 23 -0.08385247412137802
10 24 -0.0064660115371002426
10 25 0.05917412185636499
10 26 -0.006504413434190709
10 27 0.06488912131165982
10 28 -0.12130315025823202
10 29 0.046499958706524055
10 30 0.10863192034074098
10 31 -0.02402630936891286
10 32 -0.09894234273022658
10 33 -0.06811940249896745
10 34 -0.06797654020447105
10 35 -0.015223250212348141
10 36 0.17164036658213477
10 37 0.05708463840293186
10 38 0.14825294535145556
10 39 -0.13642776949397856
11 11 0.0
11 12 0.19652879766067138
11 13 0.05412967384583994
11 14 0.08584476965766441
11 15 -0.01791179017294812
11 16 0.058228519466025516
11 17 -0.05348276406969048
11 18 0.05959885852832684
11 19 -0.18668281913084386
11 20 -0.010750906686924121
11 21 -0.06577732588286939
11 22 0.042345405671215065
11 23 -0.15627963073882287
11 24 -0.17443657486570405
11 25 0.07062284015074896
11 26 -0.0026686951633189122
11 27 0.15269058466019017
11 28 -0.04868944321138373
11 29 0.013240906502167221
11 30 0.09372214841253564
11 31 0.058852783598263535
11 32 0.052248002864865126
11 33 0.2108996245778984
11 34 0.06847227568314192
11 35 -0.013530398334200819
11 36 0.0833978566445952
11 37 -0.043990450936075905
11 38 0.018415095613958786
11 39 0.12463915877822444
12 12 0.0
12 13 0.051000331573467304
12 14 -0.021552761487984955
12 15 0.0019204637689877197
12 16 -0.015527831985931906
12 17 0.06048121480410956
12 18 -0.11556611953637111
12 19 -0.015364240194425342
12 20 0.06076865609959391
12 21 -0.10257471250697707
12 22 0.025487907113657882
12 23 -0.14753623580699132
12 24 -0.054996010871206515
12 25 0.1412453107123684
12 26 -0.00795056184343298
12 27 0.07131234161163236
12 28 0.04613880568592042
12 29 -0.016177415861665455
12 30 0.04884737764436897
12 31 0.06900971161717588
12 32 0.08635133185533331
12 33 -0.06798346150175959
12 34 0.05746562419067021
12 35 -0.09453986954401696
12 36 0.04880367927795065
12 37 -0.0029626067320046496
12 38 0.025537746269380313
12 39 0.08986787956379219
13 13 0.0
13 14 -0.018643778855459398
13 15 -0.08441765412189352
13 16 0.025359853251692134
13 17 0.17239491707991236
13 18 0.02580826575902363
13 19 -0.06681636646774981
13 20 0.07161961035026389
13 21 0.0008816801612866918
13 22 -0.0859442444159473
13 23 -0.004785409760261087
13 24 -0.2192657522488346
13 25 0.04600669043288888
13 26 -0.06797934119176083
13 27 0.09898860600411608
13 28 0.07395537326772159
13 29 -0.07205688900753957
13 30 -0.14470813779006658
13 31 -0.08366036545648331
13 32 -0.145951065541472
13 33 -0.037262105223120234
13 34 -0.01442083080334491
13 35 -0.0631112336392554
13 36 -0.008311918561323385
13 37 -0.04979597747247047
13 38 -0.055583155258624596
13 39 0.019983925941873096
14 14 0.0
14 15 -0.048338571869445845
14 16 0.010026126383611254
14 17 0.05152416494058798
14 18 0.1639530759452374
14 19 -0.01758767109756679
14 20 -0.023490675357297822
14 21 0.07555119979638153
14 22 0.002959687105850947
14 23 0.18196633925063227
14 24 -0.11007288417186448
14 25 0.06804375714957493
14 26 0.025659786101794126
14 27 -0.03574446289321149
14 28 -0.002914816269817824
14 29 -0.010277137943138458
14 30 0.04828257912484391
14 31 -0.08511876299237128
14 32 0.14341343986670504
14 33 0.09557215997347389
14 34 0.06584019502014456
14 35 0.08257910102617996
14 36 -0.0640165612322883
14 37 -0.02916612579879842
14 38 -0.20237255075520988
14 39 -0.05141045802794346
15 15 0.0
15 16 0.001959973855546881
15 17 0.030593631053352572
15 18 -0.03499779228977186
15 19 -0.05032420679441335
15 20 0.017960064395036918
15 21 -0.038983112487056444
15 22 0.23882742408600408
15 23 -0.049771113960262306
15 24 0.06926279730379097
15 25 -0.028926950190637866
15 26 -0.09661250194846038
15 27 0.022794223467817794
15 28 -0.1872383164283872
15 29 0.056616073557074945
15 30 0.021549445630532595
15 31 -0.03707933900968693
15 32 -0.016785677763353664
15 33 0.04394914483377172
15 34 0.000749486091799985
15 35 -0.09422871605041475
15 36 0.047387464623444564
15 37 0.1985259387295478
15 38 0.10324059015188644
15 39 0.0751679489274393
16 16 0.0
16 17 -0.1512309480423782
16 18 0.17170210013642512
16 19 -0.06698824389775526
16 20 -0.08797907940644455
16 21 -0.06742909006415002
16 22 0.03031466002232753
16 23 -0.03921375707507617
16 24 -0.011844563879450013
16 25 -0.03997841934092726
16 26 -0.06572110946228579
16 27 0.1280219365243822
16 28 0.07386046492638093
16 29 0.07913656980799111
16 30 -0.029936959505822685
16 31 0.08761754260757874
16 32 0.08394419386637764
16 33 0.15399001525167405
16 34 0.028029177285443758
16 35 0.12918735150887137
16 36 -0.035092624870972
16 37 0.1344356265060105
16 38 0.07753605346121217
16 39 0.12526026668641585
17 17 0.0
17 18 -0.0905858771126752
17 19 -0.08691093421938119
17 20 0.11543553257826604
17 21 -0.04357887502135244
17 22 0.05917634196983327
17 23 0.022257575659610885
17 24 -0.0800541759565072
17 25 0.11819515994191494
17 26 -0.041407684093971484
17 27 -0.09064804518929549
17 28 0.06589201016647285
17 29 -0.06291289722503687
17 30 -0.07947575725316267
17 31 -0.12379938617414672
17 32 -0.008251612662660064
17 33 -0.15587756663832736
17 34 -0.05269666338370897
17 35 -0.10312913058976317
17 36 -0.13008434922757903
17 37 -0.04154685935739148
17 38 -0.1779068713920311
17 39 -0.08679629225131598
18 18 0.0
18 19 0.016200020731972863
18 20 0.03937373096487329
18 21 0.040722010898393536
18 22 -0.16530711474016285
18 23 0.050583627678024504
18 24 0.07504359676268393
18 25 -0.004138386380864528
18 26 -0.08952932816372568
18 27 0.0065921158055238845
18 28 0.13086735891878873
18 29 0.025634797873150577
18 30 0.0741598157845765
18 31 0.05433743870733536
18 32 0.07646759333924796
18 33 0.08528686702754684
18 34 -0.06317009007178218
18 35 0.14667128228216647
18 36 -0.09359849965023595
18 37 -0.04330594697778793
18 38 -0.06349418294990498
18 39 0.034313197972642456
19 19 0.0
19 20 0.044586366218634585
19 21 0.1089528637187535
19 22 -0.09816693560753192
19 23 0.06785202186286513
19 24 0.0379109449068548
19 25 -0.007183825747998802
19 26 0.036642852982444754
19 27 -0.02950504781864739
19 28 0.027149122294982155
19 29 -0.013908575415900275
19 30 0.07560809203810041
19 31 0.061017886649463136
19 32 -0.026719834786166484
19 33 -0.06902313831791053
19 34 0.09762930393128892
19 35 -0.007295497526549968
19 36 0.03828064408090231
19 37 -0.12007372379995633
19 38 -0.02517315853127222
19 39 -0.10360506960466964
20 20 0.0
20 21 -0.024573970520412974
20 22 -0.07537276883620882
20 23 0.0021090594981363247
20 24 0.012721937703120125
20 25 0.00839699670803378
20 26 -0.013026009326027405
20 27 0.009815174457622231
20 28 0.07817246709123857
20 29 0.06054342279155918
20 30 0.030247355161456844
20 31 0.04486531798336306
20 32 -0.09138401555440678
20 33 -0.07163205669918682
20 34 0.03971506379935379
20 35 -0.033381447302457894
20 36 -0.0312690314402638
20 37 -0.03329155960333184
20 38 -0.09686366031746227
20 39 -0.09654363105326187
21 21 0.0
21 22 -0.023146485782281425
21 23 0.1271825789540918
21 24 0.07078196708382935
21 25 -0.09556409249900918
21 26 0.026949913032057744
21 27 -0.0027186789944139435
21 28 -0.03539519786692206
21 29 0.021314844612851044
21 30 0.1423587667515928
21 31 -0.022169608679851946
21 32 0.012240836620086229
21 33 0.11519682889057863
21 34 0.2397719898569469
21 35 0.03269356949502417
21 36 0.016498273281379892
21 37 -0.15546029537587241
21 38 -0.08866421325020211
21 39 -0.04890314018459667
22 22 0.0
22 23 -0.018882205922663497
22 24 -0.029019819027987382
22 25 0.03286789492199722
22 26 -0.10504552309417844
22 27 0.026684580163224968
22 28 -0.25848655052500136
22 29 -0.010997251420394216
22 30 -0.044995404339111644
22 31 -0.06888606706709338
22 32 0.10889415218341647
22 33 0.10798965587106135
22 34 0.03453489323432824
22 35 -0.09854148447577925
22 36 0.12981168723796793
22 37 0.1718848557362978
22 38 0.018694000779896837
22 39 0.08509571514888507
23 23 0.0
23 24 -0.08476342178626062
23 25 -0.030420274023223608
23 26 0.03279059207019737
23 27 -0.09214553959613594
23 28 0.007110845668288042
23 29 0.020447084652734877
23 30 -0.06545117093995736
23 31 -0.15670643367438195
23 32 0.03516351905513463
23 33 0.04391265979050852
23 34 0.07019992175774364
23 35 0.09484753517656003
23 36 0.001060812254137579
23 37 -0.01224931866078557
23 38 -0.1769538448566202
23 39 -0.06978198580386726
24 24 0.0
24 25 -0.10117079827078439
24 26 -0.01915996717235719
24 27 -0.06201091899059138
24 28 0.069826504120169
24 29 0.0652029907071274
24 30 0.2523818205866824
24 31 0.1357112772193058
24 32 0.15409082308493482
24 33 -0.06980126522363998
24 34 -0.0173204019341245
24 35 0.12751322022233574
24 36 -0.09378773517761947
24 37 0.059087779151529095
24 38 0.15041476018175365
24 39 -0.009717137532834041
25 25 0.0
25 26 -0.08672145564444012
25 27 -0.11814105989442998
25 28 -0.005745042830959104
25 29 -0.016368052128141415
25 30 -0.0036298925752960413
25 31 0.0336667656771117
25 32 0.20032955726035012
25 33 -0.19070922976806057
25 34 -0.07691731921994742
25 35 -0.137094308054251
25 36 0.16484220196517468
25 37 -0.06465578200534164
25 38 -0.13803049983410112
25 39 -0.019147050065996932
26 26 0.0
26 27 -0.05033089753488272
26 28 0.0665653510564054
26 29 -0.010214688083557032
26 30 0.04667851572826532
26 31 0.04200733482393618
26 32 -0.09770707952860146
26 33 0.04001043726575594
26 34 0.02540749041515038
26 35 0.041576134276260474
26 36 -0.14912613205051523
26 37 -0.1012394648838868
26 38 -0.008447743204343015
26 39 -0.06776908793658938
27 27 0.0
27 28 -0.08015099031544302
27 29 -0.03634714322874738
27 30 -0.003476506424485238
27 31 -0.05721137424332633
27 32 -0.0986434326477547
27 33 0.15405201525042822
27 34 0.1473007485596928
27 35 0.0869673545806774
27 36 -0.007910793268097498
27 37 0.18631342979868132
27 38 0.1495326546132428
27 39 0.03116509508246118
28 28 0.0
28 29 0.03896457756288665
28 30 -0.021730307235052638
28 31 0.05266926629710091
28 32 0.03300817419331214
28 33 -0.10237118651225363
28 34 -0.022733019931646416
28 35 0.12955788791421388
28 36 -0.1823684361345554
28 37 -0.12885037266334126
28 38 -0.05362459128263523
28 39 0.03803427653302755
29 29 0.0
29 30 0.187214578628571
29 31 0.018329788899624003
29 32 -0.01686895568129412
29 33 0.008436046614912911
29 34 0.15348276862977459
29 35 0.022930495414298764
29 36 0.08589306904398261
29 37 0.080525852196229
29 38 0.07128776438947654
29 39 0.0040515491430278845
30 30 0.0
30 31 0.16253559172828563
30 32 0.025363857392375642
30 33 0.07733183943160207
30 34 0.22601488964438973
30 35 0.03586218636160472
30 36 0.005359487249475608
30 37 -0.10830069880235552
30 38 0.09585727278094945
30 39 -0.14014832767092772
31 31 0.0
31 32 0.03103585524938025
31 33 0.0021459740411376494
31 34 -0.019827601944279058
31 35 -0.04205663288991757
31 36 -0.02609946332999209
31 37 -0.16054234717392818
31 38 0.01018940383634532
31 39 -0.051638419871164534
32 32 0.0
32 33 -0.050658680583430725
32 34 0.003087807408085986
32 35 0.06241249201796743
32 36 0.13154879742036
32 37 0.010170652028863353
32 38 -0.1493663628807815
32 39 0.10016485234545966
33 33 0.0
33 34 0.17106930650526195
33 35 0.13970175959119827
33 36 -0.024975917879255967
33 37 -0.010422642675990582
33 38 0.04313575465126985
33 39 0.06730646498535663
34 34 0.0
34 35 0.0527621085875891
34 36 0.07522794071506521
34 37 -0.043907873083055673
34 38 -0.01079531789367626
34 39 -0.031056584661188234
35 35 0.0
35 36 -0.11074178469421074
35 37 0.04763601779327355
35 38 0.026702398485256518
35 39 0.0002815931576405972
36 36 0.0
36 37 0.0007966469296733548
36 38 0.02269913558712694
36 39 0.06957558862047078
37 37 0.0
37 38 0.1888781066609911
37 39 0.12038540450127562
38 38 0.0
38 39 0.12651442639727145
39 39 0.0
