0 0 0.0
0 1 -0.1927440270188304
0 2 0.019706459343019875
0 3 0.09723389391204838
0 4 0.1199275445193146
0 5 0.043032612957307904
0 6 -0.11985762986656294
0 7 0.06838306191411105
0 8 0.2660727305327605
0 9 0.12332822934590029
0 10 -0.07080867102053903
0 11 0.055353126370200165
0 12 -0.04730083383956296
0 13 -0.11322997042821743
0 14 -0.10798346364545997
0 15 0.058540990988762934
0 16 0.060008827604532314
0 17 0.23813260598475794
0 18 0.030483387243545046
0 19 0.13696659322226942
0 20 0.06894973538339605
0 21 -0.07731042918145854
0 22 0.1306163664964679
0 23 0.0058789530676291914
0 24 0.09834408053714662
0 25 -0.08265713937882416
0 26 0.017908172589920335
0 27 0.14913174920794717
0 28 -0.15930759490547428
0 29 -0.0018328454507136802
0 30 -0.009285701497947923
0 31 -0.10817518112999473
0 32 0.09122505851071804
0 33 -0.10350070413520529
0 34 0.08588379164257606
0 35 -0.08979801570703685
0 36 -0.04473749779996132
0 37 0.13251208672508274
0 38 -0.2261402021834821
0 39 -0.07203167098378928
1 1 0.0
1 2 0.06960940502708553
1 3 -0.10133278247516062
1 4 -0.000647755108359756
1 5 0.01726839739851259
1 6 -0.10874793164831151
1 7 -0.08298836613480437
1 8 -0.04921376196327705
1 9 -0.1516424720384686
1 10 0.029002123230121087
1 11 0.036150931445432966
1 12 0.10639858386139156
1 13 -0.12123188315481175
1 14 -0.02816720551571176
1 15 -0.2638445814875533
1 16 0.01092942224318717
1 17 -0.08213049756841623
1 18 0.002194447251659758
1 19 0.08400412590642171
1 20 0.011222625610871399
1 21 -0.11235838100544566
1 22 -0.24189763567173025
1 23 -0.08785743137089011
1 24 -0.13965504980096993
1 25 0.11810141083601208
1 26 -0.0008559428184751234
1 27 -0.10489434316504025
1 28 0.023965459917852452
1 29 0.057325528551195284
1 30 -0.0097446172386941
1 31 0.028536313424864245
1 32 -0.17943136162554746
1 33 -0.11143522170963618
1 34 -0.05699083250718493
1 35 -0.0881448872124341
1 36 0.11260995912320729
1 37 0.11101832299456729
1 38 0.1633215032466548
1 39 0.23292071235525524
2 2 0.0
2 3 -0.0031313702491350946
2 4 0.039683457600870505
2 5 -0.018131573282598474
2 6 -0.09177856417916964
2 7 0.014543461305631639
2 8 -0.08948888372926037
2 9 -0.06950051368155788
2 10 -0.001170567183397893
2 11 -0.07294328227637967
2 12 0.020244148368425793
2 13 0.12626113884766005
2 14 -0.0950062205960584
2 15 0.08321899498249007
2 16 0.08748752636344223
2 17 -0.07946318344733704
2 18 0.07650606755284176
2 19 -0.08645849208238407
2 20 -0.0017779809153305147
2 21 0.03289288573535495
2 22 0.11106374247752356
2 23 0.05124242702994246
2 24 -0.0606887857394983
2 25 -0.05812538405532802
2 26 -0.08560835753293924
2 27 -0.06274754925153417
2 28 -0.10828874355392275
2 29 -0.046806300884171696
2 30 0.042502998771464164
2 31 -0.08090088261598193
2 32 -0.05027740346169822
2 33 0.011050083188093385
2 34 -0.039133499379464115
2 35 0.01718123773078721
2 36 0.006724846164049478
2 37 -0.012535793478374227
2 38 0.03547320447519588
2 39 0.009295488702100022
3 3 0.0
3 4 -0.0472525868678285
3 5 -0.08339784262274842
3 6 0.18314206680926715
3 7 0.18406566603195634
3 8 0.06672873519454431
3 9 0.12971026264279614
3 10 0.1553025638191869
3 11 0.10660773546826594
3 12 -0.046310168967544287
3 13 -0.19821866624809228
3 14 -0.08377264539871959
3 15 0.1172986225461385
3 16 0.11163387158870641
3 17 -0.15836932928923425
3 18 0.005130289815531753
3 19 0.20483399012336073
3 20 -0.2112786925258996
3 21 0.03141618760694053
3 22 -0.10980492927789431
3 23 -0.055116343272723224
3 24 0.14616925220426233
3 25 0.05458724950944001
3 26 -0.06216932905045702
3 27 -0.012255081302059294
3 28 0.02993226530912895
3 29 0.10750338546911387
3 30 -0.1019505614565708
3 31 0.2648363813673997
3 32 -0.09458866440870732
3 33 0.0558941521383157
3 34 0.3143152043741978
3 35 0.011220633658179734
3 36 -0.08997060747132488
3 37 -0.06050223529689347
3 38 -0.14004202598497134
3 39 -0.11229493417278116
4 4 0.0
4 5 0.09358384834179174
4 6 -0.20662898268281338
4 7 0.07493477062259017
4 8 0.14348612396067997
4 9 0.004713157068726218
4 10 0.16190972443344812
4 11 -0.11607406745758006
4 12 0.11489270788528513
4 13 0.018771004807823243
4 14 0.035887106700730455
4 15 0.016114205062868637
4 16 0.034906689257097584
4 17 0.2388704377017766
4 18 0.0454218781859701
4 19 0.10267093290830584
4 20 0.0367344545532893
4 21 0.1236014021658068
4 22 0.04853131681093638
4 23 -0.07958496856014002
4 24 0.2037547584902324
4 25 -0.02638991896635079
4 26 0.04535887359323242
4 27 0.00769584144613116
4 28 -0.16780047058582045
4 29 -0.04292815986407129
4 30 0.10402628009184349
4 31 -0.06463177120238975
4 32 0.16873803432375795
4 33 -0.029470199100115852
4 34 -0.04398480514556746
4 35 -0.06717437280449282
4 36 -0.10343747463026162
4 37 0.22277681036336575
4 38 -0.023026464720309003
4 39 0.10267245711611026
5 5 0.0
5 6 -0.28228838513166743
5 7 0.01804393914212558
5 8 0.09136678728250122
5 9 -0.0057092151727691914
5 10 0.04897357464185586
5 11 -0.04048627142112392
5 12 0.010856065213573992
5 13 0.04432069691990227
5 14 0.07298167943901455
5 15 -0.009883377793497834
5 16 -0.057016291457228266
5 17 0.13124988383981157
5 18 0.038116486352722315
5 19 0.08243619345550159
5 20 0.03471825146935813
5 21 0.08857264912834126
5 22 -0.04074643759358698
5 23 0.03448303583805851
5 24 -0.016146964908945967
5 25 0.061804778380678584
5 26 0.06169675326328964
5 27 -0.1487044433621132
5 28 -0.02389933773928815
5 29 0.04695330702592211
5 30 0.04049087180953731
5 31 -0.09357965354494
5 32 0.2097653991397755
5 33 -0.015436424805584034
5 34 -0.14235757514109687
5 35 -0.026677842849018994
5 36 0.0801437951873617
5 37 0.09566954922995055
5 38 0.033619227200438535
5 39 0.2043529739559898
6 6 0.0
6 7 0.20224903162112348
6 8 -0.11118327777585282
6 9 0.14521931776581745
6 10 -0.19317903866813166
6 11 0.15566111532830348
6 12 -0.17968151258297127
6 13 -0.05733674215069866
6 14 -0.07601901073167316
6 15 0.0794688193843479
6 16 0.10178296792979458
6 17 -0.30872669924618634
6 18 0.0016447845605164313
6 19 0.06349256003977335
6 20 0.03793533605246267
6 21 0.09245146968847842
6 22 -0.2620659574764524
6 23 -0.04975002335844222
6 24 -0.28735599691016706
6 25 0.19537163426175647
6 26 0.07619691378904998
6 27 0.1356639117441328
6 28 0.18604593375732167
6 29 0.09846167010267952
6 30 -0.21006436664199057
6 31 0.1431726153097273
6 32 0.0076411059755326595
6 33 0.24872916118598845
6 34 0.21200087031372047
6 35 0.023815290087682663
6 36 -0.017113312389120734
6 37 -0.13332660422217352
6 38 -0.05725757022097015
6 39 -0.1111741178632327
7 7 0.0
7 8 -0.05205962967316925
7 9 0.13059576474433018
7 10 0.11856725083127848
7 11 0.0767733833399364
7 12 -0.14103343900764362
7 13 -0.044376778877515774
7 14 0.11846297840696793
7 15 0.15400640053425213
7 16 0.1740123293254235
7 17 -0.006147430543615458
7 18 0.14267372595945668
7 19 0.1640347366960919
7 20 0.005572899562620545
7 21 0.07075151579221978
7 22 -0.08830487556997921
7 23 -0.059366006786215064
7 24 0.02762399546264805
7 25 0.07474481965039562
7 26 -0.006719064624210376
7 27 -0.00932958637638102
7 28 0.007846715829836044
7 29 0.07841861630311207
7 30 -0.05043055464895198
7 31 -0.0539697944205582
7 32 0.020018850450768184
7 33 0.11682802544524565
7 34 -0.0015751401786768375
7 35 -0.03560029029395929
7 36 -0.03673203777055738
7 37 0.02136739918589404
7 38 0.19292632159938491
7 39 -0.02253849634554788
8 8 0.0
8 9 0.09826101860498673
8 10 -0.10484721828975178
8 11 0.21403269549621218
8 12 0.010404212376288588
8 13 -0.19118072335996464
8 14 0.003169493471872957
8 15 0.0016861541909373094
8 16 -0.12476570192899457
8 17 0.23734981207264422
8 18 -0.08903409755659542
8 19 0.152791579628403
8 20 -0.04887746890169921
8 21 -0.03769834196554027
8 22 0.031949710502260545
8 23 -0.049182748739110146
8 24 0.06988247994225341
8 25 -0.037475325195499946
8 26 0.14701546196088916
8 27 0.09868256608633794
8 28 0.0030934166061518916
8 29 0.0463166787287188
8 30 0.0022096131703532597
8 31 -0.07422429115529612
8 32 0.16771600526531077
8 33 -0.16397637126783296
8 34 0.07062187939889954
8 35 -0.04279019108529421
8 36 -0.11031664887439956
8 37 0.30236744499476315
8 38 -0.18258576688107964
8 39 -0.0595974492989481
9 9 0.0
9 10 -0.0416420659456407
9 11 0.054686735021377705
9 12 -0.0050476309447123075
9 13 -0.07847552022186367
9 14 -0.05070841008710987
9 15 0.06520708483293504
9 16 0.15186284731634817
9 17 -0.06078902947221343
9 18 -0.011329387387733852
9 19 0.06602268660872733
9 20 0.07383310042281865
9 21 -0.0471040274253497
9 22 -0.11817272419001137
9 23 0.046050404730117345
9 24 0.05317014692556783
9 25 0.06565755696302555
9 26 0.10947489447712153
9 27 0.10039240368128188
9 28 -0.1605685150907596
9 29 0.10210138764897336
9 30 -0.17560511652134425
9 31 0.07341099015942751
9 32 -0.015931636121167672
9 33 -0.019447766623211248
9 34 0.08134945292107415
9 35 -0.09002117553523664
9 36 -0.0026902192223073156
9 37 0.03858572568785636
9 38 -0.1680178833182846
9 39 -0.0023102819375504634
10 10 0.0
10 11 -0.0467009753388936
10 12 0.02702026153671024
10 13 -0.01621563949249758
10 14 0.14371036962741898
10 15 -0.10277476776268787
10 16 0.049236911963533345
10 17 0.0924575985309225
10 18 0.08975008828451742
10 19 0.26392894602213846
10 20 -0.00552939047078301
10 21 -0.010643446792808663
10 22 -0.1463652826637158
10 23 -0.191627345813821
10 24 0.29930039725143726
10 25 -0.03487352653781192
10 26 -0.05011031646621038
10 27 -0.03652012442218529
10 28 -0.11093297009559433
10 29 0.046810904633305075
10 30 0.13537619169526402
10 31 0.06337499887025214
10 32 0.07720072148286716
10 33 0.040998243044592965
10 34 -0.018580334557777075
10 35 -0.013655841254113727
10 36 -0.024092747601024783
10 37 0.008230861370839424
10 38 0.22210113959906758
10 39 0.028559017532403235
11 11 0.0
11 12 -0.24541817529245988
11 13 -0.16764903800078418
11 14 -0.0006054493021683536
11 15 0.00750326847532074
11 16 -0.13203267081883202
11 17 -0.05733672536119695
11 18 -0.02155641525664383
11 19 0.21353404197746845
11 20 -0.06309173325877943
11 21 -0.15371440837671804
11 22 -0.27574813171944645
11 23 -0.15978911375726884
11 24 -0.24320298149537933
11 25 0.08194062891456795
11 26 -0.030459080520991444
11 27 0.062491005887149155
11 28 0.14881042024030722
11 29 0.10325787411808922
11 30 -0.06604504734876264
11 31 0.011360173521844558
11 32 0.17400107929508338
11 33 -0.088447619789797
11 34 0.0735352692158225
11 35 0.11782274298180609
11 36 0.045170976544236574
11 37 0.09226217066768876
11 38 -0.07740687227058206
11 39 -0.006275562174377454
12 12 0.0
12 13 0.1252377915550727
12 14 -0.042195889625997046
12 15 -0.11954538221680003
12 16 -0.0034253276006840213
12 17 0.02125573459617261
12 18 -0.1340654215966143
12 19 -0.16387019661484198
12 20 -0.04899248185010776
12 21 0.0031650329251387984
12 22 0.20251039451540773
12 23 0.09105732861499996
12 24 0.26197093236519453
12 25 -0.019193095562648997
12 26 0.06422038715719472
12 27 -0.05398484098525903
12 28 -0.012368160873856473
12 29 -0.031419564565681665
12 30 -0.08160087030243694
12 31 0.02106369564649199
12 32 -0.16364599917716674
12 33 0.0710007054416154
12 34 -0.10941359651310212
12 35 -0.04669674199879893
12 36 -0.07493484410565185
12 37 0.06556560616539123
12 38 0.04242219012173194
12 39 0.03962264407253612
13 13 0.0
13 14 0.05812500498961946
13 15 0.014868408974402152
13 16 -0.048849002364166304
13 17 -0.12502171132727535
13 18 -0.0303462751834646
13 19 -0.24157081019159019
13 20 0.02489223139581626
13 21 0.11230231337317279
13 22 0.2029198536190159
13 23 0.12039557089379378
13 24 -0.07387733461214788
13 25 -0.03297543458916219
13 26 -0.0007577852345397337
13 27 -0.160155863009484
13 28 0.07167197122035214
13 29 -0.023676531964135
13 30 0.009146170300849157
13 31 -0.11053867175343106
13 32 0.05876375396655363
13 33 0.14916662653231205
13 34 -0.15104664166649323
13 35 0.15389215324810768
13 36 0.01367978253114393
13 37 -0.12493897605150853
13 38 0.07903223716619003
13 39 -0.0044006609291946455
14 14 0.0
14 15 -0.10659572133120561
14 16 -0.10925470955234007
14 17 0.11630131420657183
14 18 -0.00033379075155578873
14 19 0.09466923164389557
14 20 0.0039346689322460274
14 21 0.03220548509119688
14 22 0.002114722569912656
14 23 -0.06241002582765156
14 24 0.1004154216591506
14 25 -0.11612821395773801
14 26 0.18880572460724518
14 27 -0.06885069668177887
14 28 0.10885758250466207
14 29 0.06051901284772143
14 30 0.13754355952483635
14 31 -0.08415676381130922
14 32 0.009535960852357491
14 33 -0.16588691636139147
14 34 -0.014045873248646512
14 35 0.00672006760914171
14 36 -0.04513659465469501
14 37 0.05358565921912957
14 38 0.198361437220735
14 39 -0.14458801905484697
15 15 0.0
15 16 0.04354327933424314
15 17 -0.029989611754572577
15 18 0.05667292917383634
15 19 -0.19438745462172408
15 20 -0.11930098392084569
15 21 0.21565602244539547
15 22 0.13397339139651374
15 23 0.12691752822682967
15 24 0.0003790592550340807
15 25 -0.062181546083278874
15 26 -0.1477839630141695
15 27 0.006801915242419606
15 28 -0.0610319645915333
15 29 -0.1282828061438526
15 30 -0.014911398804924597
15 31 -0.030308709328673668
15 32 0.1244431698837523
15 33 0.10917001172405308
15 34 -0.0005673324199189451
15 35 0.11593785021610785
15 36 -0.03115480157844327
15 37 -0.05961152298401519
15 38 -0.12233912359809293
15 39 -0.032908650109543906
16 16 0.0
16 17 -0.14397310452877737
16 18 0.16647238262152136
16 19 0.07656325575399503
16 20 0.11838904868987403
16 21 0.0035673552701865332
16 22 -0.057167412776288416
16 23 0.0016116414793785946
16 24 0.02969489144513223
16 25 0.05712381368923837
16 26 -0.00549936511383131
16 27 0.06132401459130273
16 28 -0.27143259980153617
16 29 -0.012247882377199714
16 30 -0.06944402734543018
16 31 0.045095835725421425
16 32 -0.1083486244896679
16 33 0.07524349453816481
16 34 0.04452221146613824
16 35 -0.14930870766037338
16 36 -0.013732330669100767
16 37 -0.020014573787965968
16 38 -0.06417568702130522
16 39 0.09181930379506698
17 17 0.0
17 18 -0.02742213517002879
17 19 0.06861191525461018
17 20 0.0651930003830014
17 21 -0.03262084455685847
17 22 0.1438754479549203
17 23 -0.07646655777929334
17 24 0.2332055227432975
17 25 -0.14254557621517777
17 26 0.056322748218826935
17 27 0.09336162662528781
17 28 -0.07143142402563937
17 29 -0.017175862662947166
17 30 0.1284560823443149
17 31 -0.19466992595247568
17 32 0.1357519035738807
17 33 -0.1592795196002017
17 34 -0.08792243272000538
17 35 -0.09044104887811957
17 36 -0.07359499560291874
17 37 0.18672102870988
17 38 0.07069194383033728
17 39 -0.11546009207057369
18 18 0.0
18 19 0.13357936737128287
18 20 0.11638651244510476
18 21 0.03117052457667053
18 22 -0.017845207169653713
18 23 -0.10901407233251037
18 24 -0.05920824206334655
18 25 0.020461361915077997
18 26 -0.0342281880614371
18 27 0.024823853353834545
18 28 -0.18913035605751144
18 29 -0.06378463939531206
18 30 0.045848542893993385
18 31 -0.07578233941625839
18 32 0.0854214510822666
18 33 0.06840057627110814
18 34 -0.0653540288118452
18 35 -0.08132657336235918
18 36 -0.04155516343135275
18 37 0.011518830489775837
18 38 0.02725453255211423
18 39 0.07759836724610182
19 19 0.0
19 20 0.12041705529910045
19 21 0.004224796323990223
19 22 -0.3483942943175406
19 23 -0.2691310770745634
19 24 0.027900229978531522
19 25 0.09131103485364366
19 26 0.16734984133979453
19 27 0.06601053184034196
19 28 -0.0054679010983121525
19 29 0.130882339193414
19 30 0.03139381617789934
19 31 0.11457169269490142
19 32 0.2259171882376831
19 33 -0.09636307392139427
19 34 0.13126061466495437
19 35 -0.14311608364845235
19 36 0.035744467874066
19 37 0.15234882973118813
19 38 0.015629029228263314
19 39 0.09951651225673955
20 20 0.0
20 21 -0.05651770374314395
20 22 -0.09969758524071706
20 23 -0.07322707172309531
20 24 -0.10268800015873522
20 25 0.05206741047226025
20 26 0.12170242824085606
20 27 0.09065589645153602
20 28 -0.17335071300581575
20 29 0.04939883475302038
20 30 -0.06236525277507786
20 31 -0.10966217754443894
20 32 0.06437313648225436
20 33 0.00030727913610695485
20 34 -0.08678798835507569
20 35 -0.15359215378630564
20 36 0.04508228877093305
20 37 0.02447687825152352
20 38 0.025992765460475742
20 39 0.04686187337652624
21 21 0.0
21 22 -0.01372455921517978
21 23 0.07583946096744104
21 24 0.005874581002350308
21 25 0.018801942967871594
21 26 0.06729642082395183
21 27 -0.09618119475640337
21 28 0.09993546271433419
21 29 -0.07516952820919093
21 30 0.0465195590635651
21 31 0.033110883984771626
21 32 0.2414201475986517
21 33 0.14859317953329768
21 34 0.03143560351581833
21 35 0.0644745541064989
21 36 0.018691634208367565
21 37 0.00737932586789939
21 38 -0.031631016959941215
21 39 0.11801004874418752
22 22 0.0
22 23 0.17407882153361717
22 24 0.33498700744862336
22 25 -0.32794186512577017
22 26 -0.04116226943271377
22 27 0.002929148278046348
22 28 -0.022509249163048268
22 29 -0.2741957699178557
22 30 0.13102678861747025
22 31 -0.12404852134350172
22 32 -0.19506875685251043
22 33 -0.029073686205285342
22 34 -0.21735546910455766
22 35 -0.0036042094543696614
22 36 -0.29023089085253523
22 37 -0.046157193613917444
22 38 0.06992402124483317
22 39 -0.3481195094105179
23 23 0.0
23 24 0.01873152057294265
23 25 -0.06954448926338265
23 26 -0.0159338967238989
23 27 -0.07748576037183462
23 28 0.030184344947393926
23 29 -0.036489342605975285
23 30 -0.018216760259181126
23 31 0.019475194719001658
23 32 -0.13510740966302925
23 33 -0.03980175227482395
23 34 0.010839803298502114
23 35 0.04627356513456122
23 36 0.08236954578639687
23 37 -0.1016145376578796
23 38 -0.07391680409057264
23 39 -0.013611969515620584
24 24 0.0
24 25 -0.22254028748068255
24 26 0.019342654387116943
24 27 0.043560964863880856
24 28 -0.10676838257520702
24 29 -0.12274233890731516
24 30 0.07121917647683314
24 31 0.1359289271638484
24 32 -0.1531666651876207
24 33 -0.10366593764490559
24 34 -0.04286784249639295
24 35 -0.08961968771714329
24 36 -0.1567584360236224
24 37 0.03134564581663156
24 38 0.05857723968628844
24 39 -0.1334564954899064
25 25 0.0
25 26 -0.027375917578076676
25 27 -0.031025272906756645
25 28 0.040353138140510766
25 29 0.09911954462611643
25 30 -0.1610137847898159
25 31 0.08511684972233775
25 32 0.10966356478700605
25 33 0.20506700830237995
25 34 0.007587941315411841
25 35 -0.007897221832598753
25 36 0.08483294656221099
25 37 -0.0030239387310976814
25 38 -0.06101177417355019
25 39 0.26832530716823244
26 26 0.0
26 27 0.042624110752593924
26 28 0.029128658035337818
26 29 0.13702879530660916
26 30 -0.037707103847297974
26 31 -0.09833568140642893
26 32 0.045569207770370095
26 33 -0.07845387715338017
26 34 0.040305677176053135
26 35 -0.1406668344419721
26 36 -0.07156126304045747
26 37 0.1850136204774105
26 38 0.06098232365255805
26 39 -0.13526210676385675
27 27 0.0
27 28 -0.1180028600062678
27 29 -0.013746368699686928
27 30 -0.03347624593346319
27 31 -0.05691846651346814
27 32 0.019985118325609154
27 33 0.03319673912273327
27 34 0.06134380361099839
27 35 -0.08613008276772491
27 36 -0.09894692100884754
27 37 0.07310566412226596
27 38 -0.08259733371897068
27 39 -0.13425161220303108
28 28 0.0
28 29 0.0424924202838486
28 30 -0.024965228341987562
28 31 0.112079981358527
28 32 0.035823374718941564
28 33 0.038405347050078524
28 34 0.03946558150261105
28 35 0.18161670358730295
28 36 0.07930934311065077
28 37 -0.10945387162963136
28 38 0.12294339959618705
28 39 -0.06688564226941379
29 29 0.0
29 30 -0.0779050983384806
29 31 -0.033952717881653154
29 32 0.0034613080069460247
29 33 -0.011458734062682803
29 34 0.11071038375977016
29 35 -0.03279566877117001
29 36 0.05642676368753794
29 37 0.05194149565989956
29 38 0.07531715709929257
29 39 -0.06165770234854191
30 30 0.0
30 31 -0.07737962648289194
30 32 0.0655474194307136
30 33 -0.11946724705466796
30 34 0.05360146243949874
30 35 0.036179821000288645
30 36 -0.0713203493159162
30 37 0.0665976164068774
30 38 0.08604706971283485
30 39 -0.07619200799190293
31 31 0.0
31 32 -0.13915959139257067
31 33 -0.12172016556425251
31 34 0.14889400396506472
31 35 0.015762579676355328
31 36 0.11783819260690051
31 37 -0.2022051868950913
31 38 -0.15852626079972526
31 39 0.1518828059825931
32 32 0.0
32 33 0.210769576400417
32 34 -0.057688880929040176
32 35 0.0995278739738861
32 36 0.008201658706730376
32 37 0.16142486144711599
32 38 -0.08214596915102676
32 39 0.18128076791916775
33 33 0.0
33 34 -0.09923545617658056
33 35 0.0730185067742295
33 36 -0.11645497850254664
33 37 -0.04262009839799026
33 38 0.09153488522439965
33 39 0.07196291919552293
34 34 0.0
34 35 0.014097326170428876
34 36 0.015009139915633723
34 37 0.0016484740506639809
34 38 -0.20994412430087456
34 39 -0.09158726840756395
35 35 0.0
35 36 0.049173201079853665
35 37 -0.0959991182013067
35 38 -0.032478938907848205
35 39 0.010865092995434818
36 36 0.0
36 37 -0.14423277469971826
36 38 -0.04066949486243231
36 39 0.24248010779074317
37 37 0.0
37 38 -0.01871994368519303
37 39 0.019326932721281154
38 38 0.0
38 39 -0.18809936106548233
39 39 0.0
