0 0 0.0
0 1 0.10712901392896665
0 2 0.02507684858373105
0 3 -0.037856979500863176
0 4 0.023248153299895026
0 5 -0.1658077640181272
0 6 -0.1519945532358478
0 7 -0.2227334998830553
0 8 -0.12026286364075418
0 9 -0.02042593876987649
0 10 -0.18442245992969583
0 11 0.014774712610691928
0 12 0.02774565653111216
0 13 0.016868710095846694
0 14 0.015151602343705994
0 15 -0.02867271271275502
0 16 -0.03920399756700387
0 17 0.029096903434219223
0 18 0.04744552438057417
0 19 -0.17425036527450202
0 20 0.009674667400258135
0 21 0.0074518601601772745
0 22 0.12802039236273233
0 23 -0.04968810715045275
0 24 0.1809602437600942
0 25 0.07651967622160044
0 26 -0.22455507311926115
0 27 0.07061292411364964
0 28 -0.13035166523887548
0 29 -0.031561781307370966
0 30 0.21754730679810996
0 31 -0.06700451730002557
0 32 -0.2633530064189069
0 33 0.13430367030169818
0 34 -0.05388457779098036
0 35 -0.17168527148370716
0 36 -0.05013825531388753
0 37 0.05419365507261682
0 38 0.15171941700876712
0 39 -0.1017045325526309
1 1 0.0
1 2 0.01623444573348856
1 3 -0.08328545318663154
1 4 0.03014537217205988
1 5 0.08944246156414672
1 6 -0.059618607642934585
1 7 0.06838839489314749
1 8 -0.030433577717335115
1 9 -0.02006238994834999
1 10 -0.05578434363040015
1 11 0.1636887145290408
1 12 -0.09054288177617185
1 13 -0.06781331062846897
1 14 0.01714461873635687
1 15 -0.04043452573279722
1 16 -0.08386166194195271
1 17 0.06800476367288645
1 18 -0.136930206201561
1 19 0.07439059909569067
1 20 -0.09210159776447616
1 21 0.004228235843022625
1 22 0.06830613652588033
1 23 0.1929358492081523
1 24 0.12291232553697948
1 25 0.07279901012889611
1 26 0.03823418096653154
1 27 0.1275452677052613
1 28 0.0851443550578844
1 29 -0.012116093402657162
1 30 0.04817928167004593
1 31 -0.28606978365670943
1 32 -0.026411299721982563
1 33 0.15686341569739487
1 34 0.0005272349491159787
1 35 -0.013690017108809238
1 36 -0.158824604778037
1 37 0.07197137927195521
1 38 0.015539816055679204
1 39 -0.03305643728825345
2 2 0.0
2 3 0.019549046920937178
2 4 0.0679020050823417
2 5 -0.0556282690855431
2 6 -0.20628699743188675
2 7 -0.01168240883592782
2 8 0.04914241154717601
2 9 -0.12334935530589779
2 10 0.0023356126089617048
2 11 0.017768698605172474
2 12 -0.04486944785390319
2 13 -0.18047741753611465
2 14 -0.07406846887124198
2 15 -0.10458296513264345
2 16 -0.08133450495198585
2 17 -0.1279379806262558
2 18 0.025811100452308555
2 19 -0.1854157507388997
2 20 0.08990267109373622
2 21 0.10083813857132537
2 22 -0.02709720389562777
2 23 0.04811509965745586
2 24 -0.023396244244795573
2 25 -0.010935768488423866
2 26 0.10968875275755333
2 27 -0.06371728974620407
2 28 -0.05767385343606903
2 29 0.011801462168905265
2 30 0.030561160472302108
2 31 -0.06454893363860487
2 32 -0.10921010881433184
2 33 0.0850216510724385
2 34 0.005512257707228386
2 35 0.03962562679836158
2 36 0.18925099723143077
2 37 -0.13422321002692542
2 38 0.1602407815283293
2 39 -0.22219129615180444
3 3 0.0
3 4 0.17929624164909566
3 5 0.0012468741811092247
3 6 -0.051966234137591626
3 7 -0.042588051048967936
3 8 0.04939843592532617
3 9 0.06745472632918319
3 10 -0.1410255139480071
3 11 -0.15335289024138038
3 12 0.08136399729997214
3 13 -0.022661763644552517
3 14 0.1344736414641529
3 15 -0.12983585937638367
3 16 -0.08467164308517797
3 17 -0.13180821459531872
3 18 -0.002600116130179244
3 19 -0.05514459172839912
3 20 -0.08433083553689971
3 21 0.16351741360668942
3 22 0.12032387414412513
3 23 -0.0696512775781537
3 24 -0.015727179522799672
3 25 0.060938301095940214
3 26 0.22691784132391488
3 27 -0.1448539422897038
3 28 0.041932259051785915
3 29 0.07471526856026445
3 30 -0.3518385726071545
3 31 -0.08103965978865356
3 32 -0.05524029322085137
3 33 0.05750557731146928
3 34 -0.012589585267110296
3 35 0.17709000962463023
3 36 0.026137170901292327
3 37 -0.0377960768669587
3 38 0.10030937149346109
3 39 0.026207250020722994
4 4 0.0
4 5 0.44188165120690864
4 6 -0.000210839817751872
4 7 0.07247283624046506
4 8 0.17151052240534748
4 9 -0.09682765368108422
4 10 -0.09976027987719696
4 11 -0.0831352718614265
4 12 -0.04866677129642541
4 13 -0.22069161883460803
4 14 -0.037355944154546156
4 15 -0.012669022271880423
4 16 0.021168164186650993
4 17 0.03463836754166817
4 18 -0.0031900963226295224
4 19 0.004800397656120185
4 20 0.05863333104124109
4 21 0.10573680449055453
4 22 -0.24299458563713375
4 23 0.015689533072155492
4 24 0.03295674100593502
4 25 0.08058593511142585
4 26 0.036294686604955065
4 27 -0.031404997833074946
4 28 0.06604533103467097
4 29 -0.048080969769543375
4 30 -0.1224887969316631
4 31 -0.10794477862214832
4 32 -0.07021494957173888
4 33 0.22334683062986196
4 34 -0.043156759128031595
4 35 0.05827669342203691
4 36 -0.10984729554307233
4 37 -0.22036645028885582
4 38 0.1602440457573696
4 39 0.004775317036474374
5 5 0.0
5 6 0.21249418936194067
5 7 0.2785337829382893
5 8 0.20129860213155876
5 9 0.10583476283568667
5 10 0.057412880858917256
5 11 0.0493565307161237
5 12 -0.0968633907746186
5 13 -0.13513374669115108
5 14 -0.02310471782286921
5 15 0.20161890294293922
5 16 0.04559035531721231
5 17 0.04500015968257517
5 18 -0.12245400005439064
5 19 0.3848054910712898
5 20 -0.08876476105951943
5 21 0.21676847464040722
5 22 -0.35025986958675365
5 23 0.11351950123000462
5 24 0.10033391995479475
5 25 0.04279527638046949
5 26 0.07658757591848142
5 27 0.0735252075002274
5 28 0.24039423940622714
5 29 0.06366478217914985
5 30 -0.2924263287184182
5 31 -0.053868215207552916
5 32 0.1549081571366851
5 33 0.005395722042983497
5 34 0.0022531416422610887
5 35 0.09673899938363015
5 36 -0.20603614207311205
5 37 -0.2919736185479003
5 38 -0.20385529446331746
5 39 -0.0005864343532015391
6 6 0.0
6 7 0.3222212542759194
6 8 0.15162064763042069
6 9 0.06506591768775105
6 10 0.11944651075669795
6 11 0.0879452237100378
6 12 0.01733119228239434
6 13 0.09485868801773875
6 14 0.014118950031969977
6 15 0.001185349611546302
6 16 -0.003258898600854949
6 17 0.1301597273555461
6 18 -0.11397515038318398
6 19 0.09300833607553484
6 20 -0.04206668315878092
6 21 0.11793178299744592
6 22 -0.162309435976948
6 23 0.1214525037063943
6 24 -0.15236862023071476
6 25 0.06291046821981233
6 26 -0.06807675396384186
6 27 -0.038919887513799704
6 28 0.06417696720613517
6 29 0.10898767481775809
6 30 -0.13588952563202708
6 31 0.15125086009569394
6 32 0.1740083427069347
6 33 -0.17140234756188957
6 34 0.06711536439448411
6 35 -0.013462949733564189
6 36 0.003889930342201429
6 37 -0.014659186559032348
6 38 -0.15527455821834313
6 39 0.24073228914769093
7 7 0.0
7 8 0.12482888236577279
7 9 -0.13613183722340053
7 10 0.10811312723757147
7 11 0.2863736648874831
7 12 0.05559663769071295
7 13 -0.1648811015374647
7 14 0.08146430511810475
7 15 -0.042264003948301015
7 16 -0.10260172391236691
7 17 -0.0019063823551846704
7 18 -0.27999918296713894
7 19 -0.028048306025033515
7 20 0.0991602458807275
7 21 0.1371702229603696
7 22 -0.14888765175127727
7 23 0.2850272308862735
7 24 -0.27920180279298235
7 25 0.07876363356125488
7 26 0.09004692157054119
7 27 -0.0654556373826735
7 28 0.018195228064320675
7 29 0.3240282502218873
7 30 -0.160679942738876
7 31 0.1691455843706461
7 32 0.24920989972686183
7 33 0.003641175356199447
7 34 0.13783445113405615
7 35 0.1362831016890547
7 36 0.03586412181809746
7 37 -0.2551503912095763
7 38 -0.1911069208596008
7 39 0.2828583501237532
8 8 0.0
8 9 0.04849944275344498
8 10 0.019090929009565754
8 11 -0.06721495862801553
8 12 -0.09700115830376854
8 13 0.000500763632929678
8 14 -0.07011659725147652
8 15 -0.04211772202242974
8 16 0.03416149320537183
8 17 0.08392395549617052
8 18 0.058015572601553725
8 19 0.08053718987297834
8 20 0.041365062160142775
8 21 0.13629833105544273
8 22 -0.2101423837888224
8 23 0.04271767780985049
8 24 -0.03509657735844442
8 25 0.04865573218487811
8 26 0.04870836691334538
8 27 -0.07854424594901857
8 28 0.16113644255236517
8 29 -0.06247504320573035
8 30 -0.1506370495387111
8 31 0.06679042286905588
8 32 0.06879532284015685
8 33 0.012113488851855893
8 34 0.0708971467986298
8 35 -0.022894715933389966
8 36 0.10873277019498206
8 37 -0.06839277722882742
8 38 0.0670601457137596
8 39 0.03202422435647001
9 9 0.0
9 10 0.04082323330904285
9 11 -0.05104176370054072
9 12 0.14446007701942937
9 13 0.16903601915856165
9 14 -0.04872635595205739
9 15 0.33252177328262544
9 16 0.006174183549467949
9 17 0.08239085570536989
9 18 -0.04049999478084131
9 19 0.2620165783884887
9 20 -0.2700335014265469
9 21 0.08606892457345613
9 22 0.09516332239622986
9 23 -0.12094311986563375
9 24 0.11114737992250776
9 25 0.11852993399127658
9 26 0.232914930658969
9 27 -0.08518193029718236
9 28 0.15061967838561685
9 29 0.05047758962381208
9 30 -0.15946255386684624
9 31 -0.1357019388804349
9 32 -0.2683788117061372
9 33 -0.018846090778950372
9 34 -0.005987520348923718
9 35 0.050549607153355255
9 36 0.2262520839904289
9 37 0.24227672149286122
9 38 0.19023379918802324
9 39 -0.042633387784802676
10 10 0.0
10 11 0.019248612319767693
10 12 -0.0887562543232704
10 13 -0.012559528348357657
10 14 -0.037324152599902204
10 15 0.018976773008850825
10 16 -0.025166211521300406
10 17 0.020125713953899012
10 18 -0.11072230215452827
10 19 0.08182530829418559
10 20 -0.06841496001785471
10 21 -0.058316619988935635
10 22 0.009095814379346905
10 23 0.035148612109648605
10 24 -0.16173103203767986
10 25 -0.03628451668624176
10 26 0.11188609065727784
10 27 0.05184733511737094
10 28 0.12289608365638745
10 29 -0.034693844416357034
10 30 -0.04822204906517441
10 31 0.01875215806233527
10 32 0.17433529384568217
10 33 -0.18895390660324637
10 34 0.022893755391687684
10 35 0.1064869970009605
10 36 0.010032855157501077
10 37 0.09252589504355556
10 38 -0.049091048463475166
10 39 0.08577318528145121
11 11 0.0
11 12 0.015866871626133233
11 13 0.009373456108099944
11 14 -0.010106787637453915
11 15 -0.03353713447562738
11 16 0.010322546378224913
11 17 -0.04770513816609154
11 18 -0.1252026724320288
11 19 -0.019127812248574693
11 20 0.056089200764355585
11 21 0.05789805303956649
11 22 0.15863183720496643
11 23 0.11598961435488611
11 24 -0.0718095791342179
11 25 0.08422678864991634
11 26 0.08189878024770128
11 27 0.07585143921643484
11 28 -0.2050998936093539
11 29 0.21852439833158782
11 30 0.11078098851827312
11 31 -0.0966424575867092
11 32 0.16639729538059134
11 33 0.05512604284816186
11 34 -0.1179240115095997
11 35 -0.09533581422925595
11 36 0.009169932392601391
11 37 -0.050889899487419565
11 38 -0.25503213827575516
11 39 0.06290910411603813
12 12 0.0
12 13 0.0431064763971416
12 14 0.20470761535579207
12 15 -0.036672375398683704
12 16 -0.23180331254906328
12 17 -0.0026576676602090596
12 18 -0.07759330739276497
12 19 0.012369060421374551
12 20 0.02231957978351826
12 21 -0.055690273106067036
12 22 -0.05826370076222144
12 23 0.15046638068145213
12 24 -0.02051312457153677
12 25 0.14148494067961753
12 26 -0.011720695997093475
12 27 -0.1315294154355547
12 28 -0.38845301212713806
12 29 0.28079525710412223
12 30 0.07766727920253072
12 31 -0.07558596593855853
12 32 -0.1470481008409092
12 33 0.10326002207658522
12 34 -0.09968051594460228
12 35 0.020108442263362607
12 36 0.10053811815317855
12 37 0.0906644675819377
12 38 0.2788214513838735
12 39 -0.19006413219627588
13 13 0.0
13 14 0.08028747816543944
13 15 -0.04946114803666525
13 16 0.05633122108635578
13 17 -0.006356279942340964
13 18 0.11241982122470047
13 19 0.17174640302587146
13 20 -0.012010518326785763
13 21 0.038239999541058375
13 22 0.11823040069787012
13 23 -0.08951236642266916
13 24 -0.05488350204103711
13 25 0.09400971463354073
13 26 -0.23627664110070254
13 27 -0.012861222626639978
13 28 0.0909765215442241
13 29 0.007859277856829204
13 30 0.026206576889686826
13 31 0.12175602559237386
13 32 0.024194467069633026
13 33 -0.14310667211760741
13 34 -0.017577046804759144
13 35 -0.3004680712802149
13 36 -0.01826038336658647
13 37 0.18079639412056214
13 38 -0.08284145524166178
13 39 -0.033074385650933895
14 14 0.0
14 15 -0.07722931714952051
14 16 -0.16838573769337226
14 17 -0.0008576750604893935
14 18 -0.03894858355089463
14 19 0.23500119433480554
14 20 0.005365446476897754
14 21 0.2252014103795376
14 22 0.13714682203247452
14 23 -0.03898160113811999
14 24 -0.09091818446363148
14 25 0.10804725108863386
14 26 -0.08285210110147526
14 27 -0.02444268743921181
14 28 0.03525076646136438
14 29 0.2389117848697464
14 30 -0.05679190170131324
14 31 0.16227099873319897
14 32 0.27319062295084245
14 33 -0.03355762806009068
14 34 -0.15980462863447942
14 35 0.07977191438853021
14 36 -0.036864752019424275
14 37 0.17459278597006944
14 38 -0.12020058433749015
14 39 -0.020522210477334095
15 15 0.0
15 16 0.11583734041238991
15 17 0.04781848502948853
15 18 -0.06141586524140703
15 19 0.238396565031446
15 20 -0.13573899655939722
15 21 0.020384381534995995
15 22 -0.024472040578615576
15 23 -0.18158522880200348
15 24 0.11574577639579256
15 25 -0.10751854953043154
15 26 0.10345066107813446
15 27 -0.03478213768197825
15 28 0.11026370178609084
15 29 -0.029665682193768035
15 30 -0.06508858099042143
15 31 0.022198842848748415
15 32 -0.2172888126675414
15 33 -0.018516004208395172
15 34 0.04226634465538619
15 35 0.1522635724607343
15 36 0.1851007292662176
15 37 0.04932745617976704
15 38 0.0410050053351188
15 39 0.013535535360582995
16 16 0.0
16 17 0.09893212287936383
16 18 0.22848956830936093
16 19 0.060818686750446146
16 20 0.08985839128686866
16 21 -0.08218164323305607
16 22 -0.0666185113216701
16 23 -0.18781219646950773
16 24 0.03532934265214707
16 25 -0.08606580888103846
16 26 0.011947296025425101
16 27 0.02247653343405826
16 28 0.17873500380719956
16 29 -0.09844794746331412
16 30 0.09487440596711132
16 31 0.06481783238983754
16 32 0.022572216448919137
16 33 -0.0031523729747082114
16 34 0.07831818689186944
16 35 -0.13480034590898396
16 36 0.05807705836296602
16 37 -0.10846839531357814
16 38 -0.1871605062961598
16 39 0.02304783468098059
17 17 0.0
17 18 0.05136207779229951
17 19 0.12561630872396834
17 20 0.029605558897139013
17 21 0.04265955105877177
17 22 -0.1723560033665944
17 23 -0.05003933531123582
17 24 0.1562956060869301
17 25 0.12922386731748192
17 26 -0.04560687591252113
17 27 -0.005894335407089208
17 28 0.1918374679023918
17 29 0.009294893903720586
17 30 0.09416271396186363
17 31 -0.07185087013756672
17 32 0.025274547985263702
17 33 -0.02505556100305458
17 34 0.07010471540194566
17 35 -0.03365831348522054
17 36 0.13583836634654145
17 37 0.19925267548741726
17 38 0.0165342743950131
17 39 0.021526306393191134
18 18 0.0
18 19 0.04521841531586334
18 20 0.23392700718649334
18 21 0.03726009081478355
18 22 -0.010751250463509464
18 23 -0.21775230862617553
18 24 0.0778443531311619
18 25 -0.018425338641463684
18 26 -0.08803498471261453
18 27 -0.04341393237527974
18 28 0.08923683392265472
18 29 -0.09612508439934893
18 30 0.11306802749684877
18 31 0.11994721515583
18 32 0.0022714982014963954
18 33 0.06222832000136502
18 34 -0.039127287441622915
18 35 -0.20289836505074094
18 36 0.12228011671531827
18 37 -0.0803525396035882
18 38 0.021862648396121034
18 39 -0.14313196944434745
19 19 0.0
19 20 -0.13162881263999654
19 21 0.17962794832252055
19 22 -0.05171723412347793
19 23 -0.03528407654032538
19 24 0.025972394396232935
19 25 0.06464911881452776
19 26 0.1090769946093193
19 27 0.05385176320091166
19 28 0.3028559930045529
19 29 -0.006444983817037006
19 30 -0.13942657664272123
19 31 -0.04647103346709276
19 32 0.22812731556448868
19 33 -0.05999812556861126
19 34 -0.0486555583374184
19 35 0.030929992881021016
19 36 -0.028378656331625944
19 37 0.13401405386015522
19 38 -0.1552869251448826
19 39 -0.04576308766557569
20 20 0.0
20 21 0.06112438773201754
20 22 -0.022237549538753006
20 23 -0.169518826966156
20 24 0.03929831524525579
20 25 0.0159191337528929
20 26 -0.26760026686392563
20 27 -0.15874539925269296
20 28 0.14371170404073078
20 29 0.19303085236430123
20 30 0.01906259726990544
20 31 0.2056399923743827
20 32 0.10463887753619756
20 33 0.10115122661391425
20 34 -0.08526409645743374
20 35 -0.23130056651078396
20 36 0.15182060414468737
20 37 -0.18637094088288786
20 38 0.06024020306079021
20 39 -0.24230593150621024
21 21 0.0
21 22 0.06419502271984248
21 23 -0.051903683481261044
21 24 -0.038118814125003966
21 25 0.16630857378414826
21 26 0.003922945178612005
21 27 -0.12508395801565392
21 28 0.19815848435481612
21 29 0.2175050459965989
21 30 -0.24298247134531
21 31 0.08570122920483793
21 32 0.0215931520762803
21 33 -0.017055415511820552
21 34 -0.039128693343311025
21 35 0.005739396938096447
21 36 0.21143995617848343
21 37 -0.09359187797780025
21 38 -0.010878214380981013
21 39 -0.0051715991525025685
22 22 0.0
22 23 -0.16265778642017287
22 24 -0.01354808082319411
22 25 0.05046039821871007
22 26 0.11122530566237163
22 27 0.056254062773801475
22 28 0.00035783064451956045
22 29 0.044084426146490184
22 30 -0.021287849177973182
22 31 -0.09614299226244452
22 32 -0.044532477532451875
22 33 0.03288645403081168
22 34 -0.11635755074671068
22 35 -0.02131910878876294
22 36 0.052971385484135755
22 37 0.18734623007779314
22 38 0.055851357307134676
22 39 0.0031822683233930322
23 23 0.0
23 24 -0.1655425261333618
23 25 0.022980803994563724
23 26 0.03518767918765831
23 27 0.06840328957172274
23 28 -0.1686281729754703
23 29 0.011427023541951669
23 30 0.04703012349190932
23 31 -0.16050599761308074
23 32 -0.005143722350611719
23 33 0.061021531759084514
23 34 0.09985935861338899
23 35 0.058091982839653764
23 36 -0.18865337037837207
23 37 -0.1084117760147705
23 38 0.04712604239228831
23 39 0.10936222617977578
24 24 0.0
24 25 -0.003634271251378858
24 26 -0.09044328797361662
24 27 0.1389931024313728
24 28 0.055805863478260734
24 29 -0.12469919110787941
24 30 -0.016164778836483058
24 31 -0.1296257827464349
24 32 -0.06834953316241682
24 33 0.06151700281147332
24 34 -0.007154021783154878
24 35 -0.0878087962539432
24 36 -0.039437527396063904
24 37 0.08800392441415142
24 38 0.03579993923080533
24 39 -0.3255358730816756
25 25 0.0
25 26 -0.03113450674437801
25 27 -0.036002355123098975
25 28 0.037390635359639504
25 29 0.15518669110248595
25 30 0.008619040492540236
25 31 -0.07243755073081062
25 32 -0.04418747290629456
25 33 0.0704962593499217
25 34 -0.037693823282190134
25 35 -0.1135712598706812
25 36 0.06410769685588885
25 37 0.09152246512482691
25 38 0.09442159690527491
25 39 -0.01941060351959322
26 26 0.0
26 27 -0.05643972622516642
26 28 -0.06823350822048309
26 29 0.026630490634616248
26 30 -0.19440828038034091
26 31 -0.3330623630628958
26 32 0.07770949094509008
26 33 0.1155353934498216
26 34 -0.07431652509901698
26 35 0.45763677119152524
26 36 0.20114425148022427
26 37 0.0234159522286709
26 38 -0.0077750412589489715
26 39 0.161653945496153
27 27 0.0
27 28 -0.09143708629176157
27 29 -0.23398162886863627
27 30 0.15506514489048112
27 31 -0.04809668028549853
27 32 0.14255328161467673
27 33 -0.027636654015780547
27 34 0.04609216368212665
27 35 -0.0711015379188014
27 36 -0.25502406903185776
27 37 0.027085970857312104
27 38 -0.15016207627243067
27 39 0.01939261619031356
28 28 0.0
28 29 -0.0032326056814666027
28 30 -0.34822545502245367
28 31 0.014659466938827859
28 32 -0.019452882057612152
28 33 -0.08078547178172577
28 34 0.19431475683261687
28 35 -0.05278709472456803
28 36 0.06065136537195674
28 37 0.039493069730561804
28 38 0.0751037487424925
28 39 -0.10633574237078924
29 29 0.0
29 30 -0.11001103021959871
29 31 0.036832824677230355
29 32 0.04513427411409258
29 33 0.00414716048719986
29 34 -0.16710349388988527
29 35 0.055234763864522876
29 36 0.13570388222607807
29 37 -0.07918261253698226
29 38 -0.14920218705197102
29 39 -0.025971328640418834
30 30 0.0
30 31 0.0065203431879894275
30 32 -0.07856328066063198
30 33 0.0988109813973991
30 34 -0.04212899486899103
30 35 -0.2196036768084182
30 36 -0.045322109230136194
30 37 0.06237139551131367
30 38 -0.013993887060777019
30 39 -0.0009727613588388822
31 31 0.0
31 32 0.20689892313585317
31 33 -0.19614583256353005
31 34 0.07357550011241666
31 35 -0.12813630892303968
31 36 0.07228729998616329
31 37 -0.13629695654503254
31 38 -0.20347405593570142
31 39 0.10226099662361536
32 32 0.0
32 33 -0.20578285272259134
32 34 -0.14464776219109435
32 35 0.06229018658778046
32 36 -0.17015712628208615
32 37 0.024787598103155783
32 38 -0.5868164149812884
32 39 0.12057744453796464
33 33 0.0
33 34 -0.061445821214059324
33 35 -0.015022672672437263
33 36 0.02664527224705076
33 37 -0.10545855109336141
33 38 0.27721717530596
33 39 -0.07608926462081629
34 34 0.0
34 35 -0.03287446844326356
34 36 0.04159431641773588
34 37 -0.0812570525854368
34 38 0.09750128916440078
34 39 0.06343840379517399
35 35 0.0
35 36 0.05298999552664446
35 37 0.009472030902768035
35 38 -0.012379280166960773
35 39 0.19114296809324152
36 36 0.0
36 37 0.08284889448078231
36 38 0.25114780766979244
36 39 -0.08089768044315211
37 37 0.0
37 38 0.11458449289283268
37 39 -0.03933109302653878
38 38 0.0
38 39 -0.22234072767452764
39 39 0.0
