0 0 0.0
0 1 -0.08625618378462792
0 2 0.05965849753874446
0 3 0.018041765072719557
0 4 -0.022310731698958107
0 5 -0.06262567903372397
0 6 -0.046995005589262125
0 7 0.021954063693490213
0 8 0.021058121846505896
0 9 0.03167460395017554
0 10 -0.059888650186785145
0 11 -0.019309622926350176
0 12 -0.05562075027831258
0 13 0.09141922826782514
0 14 -0.029316496901246665
0 15 -0.10369684242368163
0 16 -0.036160756846452355
0 17 0.08387329568654449
0 18 -0.0351895544972319
0 19 0.04192537365459671
0 20 -0.14339147895140492
0 21 0.09623637588233767
0 22 -0.1049501156923401
0 23 -0.028746304757565212
0 24 -0.08134449699062471
0 25 -0.049518870200085066
0 26 0.04969302027578458
0 27 0.042560933873919196
0 28 0.009165385436578256
0 29 0.12302884294040353
0 30 0.005466163651159778
0 31 0.02197657627339716
0 32 -0.014856639090609264
0 33 -0.0660215220291045
0 34 -0.019599359324201
0 35 0.04020899676477956
0 36 0.054726258126105765
0 37 -0.02243946618913371
0 38 0.05892482817373684
0 39 -0.004622344604926124
1 1 0.0
1 2 -0.0356832311292026
1 3 -0.0057584144596328785
1 4 0.056693904784538215
1 5 0.02197691914863776
1 6 0.07214029160179355
1 7 0.03747465470807117
1 8 -0.13648838540981498
1 9 -0.12008334397630396
1 10 0.15249849307190194
1 11 0.06461008394902476
1 12 0.0610995759067103
1 13 -0.14076021416450585
1 14 -0.02674298132915643
1 15 0.13329814183311062
1 16 0.2233636375805716
1 17 0.031512392637234606
1 18 -0.03312877392086031
1 19 0.03801000211170312
1 20 0.17208065208547005
1 21 0.014408745658414731
1 22 -0.04820369223122782
1 23 0.03916152185892831
1 24 -0.07888026618677246
1 25 0.02526484228720865
1 26 -0.08382787857921667
1 27 0.005904443678994721
1 28 -0.12229806412079709
1 29 -0.1839384612684616
1 30 -0.05457255832397262
1 31 0.05872616009995983
1 32 -0.06263105439212997
1 33 0.01283704945076922
1 34 0.07764479688196158
1 35 0.02940051895269692
1 36 -0.03442365705276955
1 37 -0.010831603011087085
1 38 0.019343306602665408
1 39 -0.14480088371631178
2 2 0.0
2 3 0.014923709380715938
2 4 -0.05999815874513057
2 5 -0.10559019201864676
2 6 0.07929129370008202
2 7 0.06271075161628101
2 8 0.030020150330512634
2 9 -0.07470132600064916
2 10 0.10593530578723576
2 11 -0.08709308577639922
2 12 -0.03257051713803375
2 13 0.12091003265646434
2 14 -0.07322448545086221
2 15 -0.056834079851109866
2 16 0.00012226173866967314
2 17 0.0034939613475852512
2 18 0.06173797723325107
2 19 -0.23061838395296105
2 20 0.01852687201148244
2 21 0.07833338057439396
2 22 0.052049604213721776
2 23 0.08231223687938413
2 24 -0.14863356424049062
2 25 0.09805539466720403
2 26 -0.09310942325499247
2 27 0.02861246483691731
2 28 0.05593101774726946
2 29 0.09227243468290047
2 30 0.06581201566316398
2 31 0.015104832757435455
2 32 0.03304253851792641
2 33 -0.1699928110138018
2 34 -0.0852075812822439
2 35 -0.0992954910151841
2 36 0.01614047092323536
2 37 -0.13482975908324152
2 38 0.007256701154223902
2 39 -0.03624613913360785
3 3 0.0
3 4 -0.033496914485623676
3 5 -0.1433261591508979
3 6 0.04411055808130465
3 7 0.03059831868442404
3 8 -0.044456636627165626
3 9 0.04313775799145857
3 10 -0.12340293727088544
3 11 -0.0937279698682286
3 12 0.004832979760139801
3 13 -0.03434811174788947
3 14 0.08175993403586904
3 15 -0.008288633824509468
3 16 0.03473638179513299
3 17 -0.0008846958677016564
3 18 -0.022031597680466475
3 19 0.08303455849228572
3 20 -0.04328633051620266
3 21 0.026786038659743376
3 22 0.06044534494422327
3 23 -0.1425105379174632
3 24 -0.057610978793470526
3 25 0.06473405050489213
3 26 -0.006893588618406402
3 27 -0.01221289612408778
3 28 -0.08007840127605921
3 29 -0.15124766691295682
3 30 0.11327883238633249
3 31 -0.008596148828310158
3 32 0.10706536505934601
3 33 -0.04590115181543246
3 34 0.06389995694113886
3 35 0.037269863874864945
3 36 -0.012494725143983618
3 37 -0.06506365873583995
3 38 -0.02744599856549037
3 39 0.039446249420389774
4 4 0.0
4 5 0.10350275527272963
4 6 -0.021531985686551076
4 7 0.0499878477248714
4 8 -0.0011042338950069356
4 9 0.10378522741076697
4 10 -0.04078963519244845
4 11 0.04339918364434024
4 12 0.09122877588732484
4 13 -0.10669712931670969
4 14 -0.011729758126161486
4 15 -0.0564570496507818
4 16 0.010563493491688846
4 17 0.030887317230834366
4 18 -0.049827256123803114
4 19 -0.02326403880546222
4 20 0.08792591394550496
4 21 -0.02193349212959867
4 22 -0.009758556726517008
4 23 -0.019594562837527328
4 24 -0.11151758170279795
4 25 0.04725241410161946
4 26 0.0036130492546517534
4 27 0.03522678319562015
4 28 -0.02803763719614335
4 29 0.04406646813374553
4 30 -0.13080859629167346
4 31 -0.04190849824724261
4 32 0.001358240831560699
4 33 0.08774840471563901
4 34 -0.11372467886534829
4 35 -0.050516333399188075
4 36 0.0074448871798798695
4 37 0.010066767462950175
4 38 -0.060524403676137005
4 39 -0.020360013964882434
5 5 0.0
5 6 0.028191864466770876
5 7 -0.05986149619664486
5 8 0.015704703797933414
5 9 0.11190138039760436
5 10 0.02800160606344082
5 11 0.09650373874495746
5 12 -0.0521197728888806
5 13 -0.016866692251348476
5 14 -0.015455659815274289
5 15 0.05907410766348287
5 16 0.04487054047599326
5 17 0.01682983394563836
5 18 0.003524592218612837
5 19 -0.016065856218119023
5 20 0.06909703835087469
5 21 -0.026479441676240112
5 22 -0.1254392916170522
5 23 0.16975877994456673
5 24 0.16297335015759387
5 25 -0.0896447128686241
5 26 -0.012718259599974885
5 27 -0.016985689866091794
5 28 -0.045442840853820485
5 29 0.06834528412979163
5 30 -0.17250076822634644
5 31 -0.0409669658314582
5 32 -0.09914529747144084
5 33 0.14486371598383557
5 34 -0.16873777746489102
5 35 -0.07089717095564631
5 36 0.03533079911490445
5 37 -0.01854202849187391
5 38 -0.048508254327190775
5 39 -0.04607051802807213
6 6 0.0
6 7 0.07269942582792066
6 8 0.05382492016608793
6 9 -0.07391328269672584
6 10 0.06707066333376634
6 11 -0.0158007995323944
6 12 -0.06305492276690941
6 13 0.0293497174601335
6 14 -0.0022999713476345384
6 15 0.16934783444332466
6 16 0.10589699386072116
6 17 -0.0013271655339196177
6 18 0.06549115766419172
6 19 -0.05659782402324862
6 20 0.07035029103747474
6 21 -0.02324030842749189
6 22 0.0657210351655659
6 23 0.16180448469508776
6 24 0.0354825162355704
6 25 0.03425691486899642
6 26 0.005106245331529756
6 27 0.0909966596835599
6 28 0.00966993753667533
6 29 -0.0603439855868919
6 30 0.02834679861777421
6 31 0.01805725238560816
6 32 -0.05351720325996334
6 33 -0.1562523219972246
6 34 -0.0012969175947370511
6 35 -0.06667550244811905
6 36 -0.037951249865014115
6 37 -0.14721763203309288
6 38 -0.09275676593517504
6 39 -0.1494447747402616
7 7 0.0
7 8 0.05137325756932468
7 9 -0.07979645539931458
7 10 0.0632593962725407
7 11 0.03244382911419001
7 12 0.1169624399259583
7 13 -0.00361583832766755
7 14 -0.016736269370481404
7 15 0.08207389975173542
7 16 0.04586330991395281
7 17 -0.03504325473567652
7 18 0.00796445097153597
7 19 -0.024085442222872178
7 20 0.048046718480237546
7 21 0.059028305676821435
7 22 0.10277850332684431
7 23 0.06868894097202254
7 24 -0.091689305642745
7 25 -0.04745681269574837
7 26 0.04944105267608216
7 27 0.025368872088923834
7 28 -0.011717499611059825
7 29 0.013266244815721659
7 30 0.04362364559913508
7 31 -0.030340489406005873
7 32 -0.059506881513149326
7 33 -0.14382647008008465
7 34 0.10247689003420198
7 35 0.02992813262372876
7 36 -0.0343287249160117
7 37 -0.07518633546947795
7 38 0.05177342288897171
7 39 -0.11881275687455468
8 8 0.0
8 9 0.022699864727092598
8 10 -0.13197075322562507
8 11 -0.048157013230010544
8 12 -0.0305002545173708
8 13 -0.00765998431668916
8 14 -0.047374046918964303
8 15 0.029133392379380386
8 16 -0.09287700581462062
8 17 -0.06314561470485852
8 18 0.0672106623419144
8 19 -0.05935843222382836
8 20 -0.12019259991319671
8 21 -0.10759467510152534
8 22 0.07377647680651918
8 23 0.2037555445861743
8 24 0.03585822853616291
8 25 -0.2760863747841138
8 26 0.07035783513568937
8 27 0.03425071464328512
8 28 0.09348839276488788
8 29 0.17168031037186066
8 30 -0.061721265097289105
8 31 0.036413928662134734
8 32 -0.08539950137341328
8 33 -0.13748289469942868
8 34 -0.014657869580099
8 35 0.08848286695787777
8 36 -0.00897110661611606
8 37 -0.026325222355779727
8 38 -0.03898752456069008
8 39 -0.027160291158719714
9 9 0.0
9 10 -0.232539754821876
9 11 -0.05273350920707134
9 12 0.010222238629288125
9 13 -0.014859203779012505
9 14 0.05168227846220963
9 15 -0.13926805775864307
9 16 -0.0020457738829611945
9 17 0.020166249737890937
9 18 -0.17736767942061693
9 19 0.10240697349928136
9 20 -0.055546610155683296
9 21 0.004080838786799909
9 22 -0.10562361824515476
9 23 -0.050284737991058426
9 24 -0.13209750809032877
9 25 -0.03408848401987124
9 26 -0.006247214692361969
9 27 0.010466415465667045
9 28 -0.07659722886885734
9 29 0.04003940822483617
9 30 -0.06965646954274066
9 31 -0.05113481468264812
9 32 0.13744805297199308
9 33 0.15039561992448153
9 34 -0.15831338766552402
9 35 -0.04087863586005041
9 36 0.14526794417627817
9 37 0.05272617035626592
9 38 -0.07507981007112571
9 39 0.07511316847232222
10 10 0.0
10 11 0.11187871779225915
10 12 0.07125485479322022
10 13 -0.013311847404694401
10 14 -0.06456331644896639
10 15 0.09597518298625528
10 16 0.06186579668624616
10 17 -0.04313839227083409
10 18 0.04485494944958219
10 19 -0.10786833019914417
10 20 0.21208244739743395
10 21 0.10030740916242993
10 22 0.04807682304743558
10 23 0.18453018130918922
10 24 0.01403304300392691
10 25 0.07338111480913018
10 26 0.022672126102358643
10 27 -0.026775872907359603
10 28 0.03534070791987639
10 29 -0.07030806519251478
10 30 0.07679000110116732
10 31 -0.0236622017563441
10 32 -0.0634256311220417
10 33 -0.12467961112076911
10 34 0.05980879286959878
10 35 -0.06589938698542597
10 36 -0.05145238581384466
10 37 -0.009946024201101297
10 38 0.15420002465731655
10 39 -0.11350716278596737
11 11 0.0
11 12 0.06201618816813963
11 13 0.026796986993622603
11 14 -0.008403857935179686
11 15 0.037821466312070916
11 16 0.05123120283861391
11 17 -0.0019213328261723356
11 18 -0.022669956020198986
11 19 0.07161383751173718
11 20 0.05351213660258586
11 21 0.015193085263002008
11 22 -0.03967672521110628
11 23 0.08314875059724644
11 24 0.04500875006572756
11 25 -0.07714036221397508
11 26 0.06173062058537389
11 27 -0.014631860083669845
11 28 -0.000165293368227001
11 29 0.034715276651831495
11 30 -0.10287411225268131
11 31 0.04126454908333573
11 32 -0.11614707281318104
11 33 0.05640687082318537
11 34 0.08546711489970371
11 35 0.006067045911720975
11 36 -0.021258112080632826
11 37 0.05511394301434799
11 38 0.06359425397862677
11 39 -0.09679339398947903
12 12 0.0
12 13 -0.08448578944742596
12 14 0.019632761830864435
12 15 0.04406034142948008
12 16 0.036521360702306396
12 17 -0.12316048742469021
12 18 -0.08991133661568933
12 19 0.023998185882556557
12 20 0.13715528071348318
12 21 0.03378547408775248
12 22 0.14836594071392967
12 23 -0.014144805932828072
12 24 -0.14722436686725643
12 25 -0.03621569741472733
12 26 0.01667067271055767
12 27 -0.06496180842283619
12 28 -0.04655992188354241
12 29 -0.06427080070654977
12 30 0.05463948853210858
12 31 -0.07600825107263894
12 32 0.033396848270870916
12 33 0.008694389298313319
12 34 0.15643688377948767
12 35 0.038139405118792095
12 36 -0.007841296906951626
12 37 0.0742120176421066
12 38 0.0949847849490355
12 39 -0.03569461825731384
13 13 0.0
13 14 -0.03640924115857359
13 15 0.030419529734303164
13 16 0.034412205308824065
13 17 0.025141042342614595
13 18 0.007204754416207375
13 19 -0.048198743647975155
13 20 -0.12072065398409375
13 21 0.03391330842274081
13 22 -0.06023420316425633
13 23 0.05670209190363178
13 24 0.0035827064836958496
13 25 -0.031557349041780806
13 26 -0.05660154190698659
13 27 0.05955525428175736
13 28 0.07443269765500425
13 29 0.21335672854864757
13 30 -0.03098865235360635
13 31 0.08259621055008676
13 32 -0.09498102072082323
13 33 -0.01332619090217477
13 34 0.054219772955850745
13 35 -0.06881762596886473
13 36 0.06300741754150473
13 37 -0.04692859091566483
13 38 -0.031034952470607308
13 39 -0.10019119784810726
14 14 0.0
14 15 0.00765983441505088
14 16 0.011760214328083541
14 17 -0.02797070376564128
14 18 -0.023262927757358866
14 19 0.09618764871393591
14 20 -0.004468473825622667
14 21 -0.008261705250037957
14 22 0.0314879003823549
14 23 -0.07613703368852338
14 24 0.045170866593502175
14 25 0.009536705023093714
14 26 0.01801274079703389
14 27 -0.04589652134275612
14 28 -0.054752688796023116
14 29 -0.11231050316134558
14 30 0.04055665806246824
14 31 -0.014873436849197588
14 32 0.05490626324891348
14 33 0.048307994964188555
14 34 0.05402206181766184
14 35 0.022794782180500996
14 36 -0.013479048838897136
14 37 0.010012843742101814
14 38 -0.0072185582421596655
14 39 0.043683009649078106
15 15 0.0
15 16 0.14568967201562524
15 17 -0.10670355366973838
15 18 0.04969276648810371
15 19 0.020506318663804812
15 20 0.0889228456549722
15 21 -0.027588799944773385
15 22 0.1100984069959899
15 23 0.15677323236233837
15 24 0.1791135942136133
15 25 -0.11910914242559363
15 26 -0.011705171556218804
15 27 0.022218367103264535
15 28 -0.04385856019758429
15 29 -0.10989826074560494
15 30 0.12626579750310823
15 31 -0.07459295565512879
15 32 -0.1364863932119269
15 33 -0.10579177206292836
15 34 0.2052238384370631
15 35 0.0579372018651374
15 36 -0.03614357700582012
15 37 -0.07218113362159337
15 38 -0.007866407281992397
15 39 -0.17579790022182845
16 16 0.0
16 17 0.000492627024726647
16 18 -0.06420551780676967
16 19 0.06682913337790106
16 20 0.0840304234251644
16 21 0.04674160947594254
16 22 -0.039064392240004034
16 23 0.08052388612162242
16 24 -0.053455567515840595
16 25 -0.0337791994823507
16 26 -0.05844857836646391
16 27 0.014729533197867873
16 28 -0.11155230983039284
16 29 -0.09807494036333214
16 30 -0.017808427278140266
16 31 0.03675155641747528
16 32 -0.052445003412177116
16 33 -0.003397747685747487
16 34 0.0926879181627392
16 35 -0.007509768053272724
16 36 0.025183015486781195
16 37 -0.056221672180524186
16 38 -0.00287451027304433
16 39 -0.1627796374217668
17 17 0.0
17 18 -0.008325314507604209
17 19 0.02487193679757281
17 20 -0.0705177195513082
17 21 0.028392240772966936
17 22 -0.15574891771118402
17 23 -0.0633347187993367
17 24 -0.042522084786185244
17 25 0.08933133231083887
17 26 0.01352944650606602
17 27 0.08822057030635472
17 28 0.008573565120586471
17 29 0.06576797335341035
17 30 -0.08906433476940945
17 31 0.054975344622737066
17 32 -0.017530021464569893
17 33 0.020217936305899117
17 34 -0.12319934661113738
17 35 -0.035270839410261504
17 36 0.02285317919312225
17 37 -0.02560756445152742
17 38 -0.04670003448362628
17 39 -0.0069496043219781384
18 18 0.0
18 19 -0.15318623277608473
18 20 -0.0038328043239194603
18 21 -0.06497522262628827
18 22 0.07347401248678845
18 23 0.02756785592043385
18 24 0.18199385166921794
18 25 0.03478199637220193
18 26 -0.04106464249343884
18 27 -0.02530926496000891
18 28 0.06163360450366552
18 29 0.025064635263524083
18 30 -0.009568196898382012
18 31 0.017037620359134392
18 32 -0.07595464965159118
18 33 -0.047494238307894246
18 34 -0.03950216849508186
18 35 -0.016772169163753507
18 36 -0.10709743889270314
18 37 -0.09770445223141697
18 38 -0.046579677079883294
18 39 0.028070442793468913
19 19 0.0
19 20 -0.10518080760642798
19 21 0.0480018719707745
19 22 -0.10798744712267361
19 23 -0.06901249012188526
19 24 0.030580595429339375
19 25 -0.16698104334147035
19 26 0.15718183958514068
19 27 -0.016411114160163994
19 28 -0.10689861879471074
19 29 -0.13478312811023524
19 30 0.025085966100739675
19 31 0.03322964706547858
19 32 0.0003572052946567361
19 33 0.04951093781009546
19 34 0.19454983156330918
19 35 0.15995206809458357
19 36 0.03816158337784189
19 37 0.11328491649162593
19 38 0.09491839825907919
19 39 -0.02159047458059084
20 20 0.0
20 21 -0.008621857442953346
20 22 0.1145658638980807
20 23 0.06621002771010827
20 24 -0.05434724222769781
20 25 0.15337979980012156
20 26 -0.051055339377829315
20 27 -0.019250316196767654
20 28 -0.02396461561707726
20 29 -0.139337672830232
20 30 0.01642618311687764
20 31 -0.06780021764179395
20 32 0.03491374581593049
20 33 0.014959879354543884
20 34 -0.017485972665818993
20 35 -0.10960601621462418
20 36 -0.04260463378268758
20 37 -0.002984333312718128
20 38 -0.008779795412329986
20 39 -0.05774274700548596
21 21 0.0
21 22 -0.07381185578800074
21 23 0.017355717364263334
21 24 -0.08069224348759822
21 25 -0.02564836691617873
21 26 0.034412089334574084
21 27 -0.033235433682616305
21 28 -0.08285752754342805
21 29 -0.018806552531515898
21 30 0.10204893512843669
21 31 -0.056654519954205895
21 32 0.013972207850722531
21 33 -0.08645342155893405
21 34 0.027634133881066232
21 35 0.029148936508951413
21 36 0.05488476957558421
21 37 -0.04988153788374397
21 38 0.1603919160430935
21 39 -0.03668186710232097
22 22 0.0
22 23 -0.00193092515666306
22 24 -0.006737390717418639
22 25 0.05547997873052812
22 26 -0.006859392267033197
22 27 -0.035714300847048505
22 28 0.05090486110688288
22 29 -0.09496286019627431
22 30 0.13220026740131366
22 31 -0.06259423999736821
22 32 0.049374441308485034
22 33 -0.09892177149387923
22 34 0.12671645265659665
22 35 -0.006495366351605572
22 36 -0.09372440153408218
22 37 -0.021024187842774662
22 38 -0.02226610371231863
22 39 0.010238812833137101
23 23 0.0
23 24 0.05830059317754292
23 25 -0.23941071488754345
23 26 0.061650449561441466
23 27 0.029323443668255667
23 28 0.040822764683430365
23 29 0.09741872538865184
23 30 -0.051939419454333204
23 31 0.025801120031951025
23 32 -0.1559444421951312
23 33 -0.16887404967241137
23 34 0.0014865762237874231
23 35 -0.015437048163181625
23 36 0.01931675022040189
23 37 -0.06671375027020882
23 38 0.056507490369715564
23 39 -0.198769563722423
24 24 0.0
24 25 -0.1223138006131329
24 26 0.022355716246401418
24 27 -0.10223407309552682
24 28 -0.0031547501712880623
24 29 -0.056839962923350085
24 30 0.00847253449508278
24 31 -0.024241464050716883
24 32 -0.1344120524920825
24 33 0.06595823879667105
24 34 0.037065690354163586
24 35 0.06517923952402149
24 36 -0.09685277821096269
24 37 -0.03718043752133875
24 38 -0.0024340969479979433
24 39 0.05746924162403283
25 25 0.0
25 26 -0.1022767226424937
25 27 0.08802282662775132
25 28 0.0617896292040631
25 29 -0.1002972097091823
25 30 0.04542030278232921
25 31 -0.03755020138219578
25 32 0.17404286482895548
25 33 0.05890368540454701
25 34 -0.18588041446208614
25 35 -0.22875507112869764
25 36 -0.03932679265331776
25 37 -0.03137699425283239
25 38 -0.1572317105059889
25 39 0.09361682409484351
26 26 0.0
26 27 0.04175183185141206
26 28 0.039597022014439036
26 29 -0.0039653813118943355
26 30 0.03494681852136271
26 31 -0.008419943702016812
26 32 -0.029477946431317716
26 33 -0.10626472857171616
26 34 0.07649894480948503
26 35 0.07870702876533917
26 36 -0.012440743896992911
26 37 0.056027808707755866
26 38 0.08990939266522212
26 39 -0.030959727438920503
27 27 0.0
27 28 0.08587701880796478
27 29 0.09083812559616014
27 30 -0.033509675662188175
27 31 0.028757665912210982
27 32 -0.02567882050286362
27 33 -0.08215907979077765
27 34 -0.059843534617065944
27 35 -0.06542397985891832
27 36 0.03002711449913279
27 37 -0.01732030669423505
27 38 -0.10937220737797756
27 39 -0.09570025804753221
28 28 0.0
28 29 0.14086299239731942
28 30 -0.031255878722479306
28 31 0.046275310676694784
28 32 -0.026170206834902416
28 33 -0.0567092298002419
28 34 -0.03693610834194456
28 35 -0.06169253009282903
28 36 -0.02603122472407342
28 37 0.042564199892029426
28 38 -0.057022647048149536
28 39 0.004708361200244213
29 29 0.0
29 30 -0.1810523559660953
29 31 0.06052615039142613
29 32 -0.12903560319967333
29 33 0.007967579383458321
29 34 -0.12315329970618775
29 35 -0.05133466100111832
29 36 0.062087971356246566
29 37 -0.00046430086251332347
29 38 -0.044165075334247336
29 39 -0.04604195641637858
30 30 0.0
30 31 -0.14307243629984065
30 32 0.11421058018282541
30 33 -0.18265346451049064
30 34 0.14121526521146327
30 35 0.06672837958143957
30 36 0.004297908062065597
30 37 -0.029594128055119833
30 38 0.11493513880346315
30 39 0.04471819486861575
31 31 0.0
31 32 -0.06481360897502761
31 33 0.02295993661059372
31 34 0.037220877120235155
31 35 -0.00032177002946852005
31 36 -0.023837656474258832
31 37 0.021439585755545575
31 38 -0.0396258095220144
31 39 -0.051532053152046044
32 32 0.0
32 33 0.03029612860754611
32 34 -0.08168141541780306
32 35 -0.04922338292929928
32 36 0.03951998876494418
32 37 0.03932153943792354
32 38 -0.02182924369079915
32 39 0.14859471531127244
33 33 0.0
33 34 -0.0852689616855051
33 35 -0.049670414802685955
33 36 0.021726746208051814
33 37 0.11391466175387695
33 38 -0.08595652612942091
33 39 0.11681458658585704
34 34 0.0
34 35 0.17619796170565422
34 36 -0.05009132785114355
34 37 0.07110581064017424
34 38 0.1468442395654621
34 39 -0.11093245185815889
35 35 0.0
35 36 -0.01374721022088245
35 37 0.0443425296910752
35 38 0.12612452594704032
35 39 0.011690695426573746
36 36 0.0
36 37 0.026100486583758204
36 38 0.011338988839698725
36 39 -0.00962791139229384
37 37 0.0
37 38 0.04602740773101809
37 39 0.06422741519473067
38 38 0.0
38 39 -0.005499219662665583
39 39 0.0
