0 0 0.0
0 1 0.10183709521691478
0 2 -0.13871434080885672
0 3 -0.1853328264004013
0 4 -0.11765842623647733
0 5 0.2281700332627096
0 6 -0.06738282766006214
0 7 -0.23577366342835865
0 8 -0.0612504849926183
0 9 -0.09731703561163221
0 10 -0.0939362433940087
0 11 -0.03197102021932098
0 12 0.09651704860802818
0 13 -0.017385400247155038
0 14 -0.020479272178212594
0 15 0.05080074077545628
0 16 -0.0441329890220697
0 17 0.05182387313675981
0 18 0.04317008535505707
0 19 0.0036208441196094883
0 20 0.014824319016289958
0 21 0.04639552194636618
0 22 0.13087487383416654
0 23 -0.06580127256169012
0 24 0.04835176812256948
0 25 -0.07960030616138254
0 26 0.05693079197540547
0 27 -0.05214577164080819
0 28 0.11659635239601525
0 29 -0.1259740461123165
0 30 0.09858485202654357
0 31 -0.08014279561321816
0 32 0.0203467534829097
0 33 -0.1007480083699354
0 34 -0.2286662294451177
0 35 -0.06902966348140702
0 36 -0.16777613935772723
0 37 -0.0009544504054766155
0 38 -0.05265688943167881
0 39 0.09754801521648936
1 1 0.0
1 2 -0.07948376300565733
1 3 0.1274626909294353
1 4 -0.20620702295778517
1 5 -0.06585244420814297
1 6 -0.09410060745746625
1 7 -0.06208794665059172
1 8 0.1543305112047886
1 9 -0.056693783965673906
1 10 0.0876333398755805
1 11 0.12881765164211745
1 12 -0.04301281185519492
1 13 -0.12114680281404196
1 14 -0.1225899757401167
1 15 -0.16195064980606305
1 16 0.1598955323990785
1 17 0.058268295808017664
1 18 -0.007795050327662663
1 19 -0.1578199224839525
1 20 -0.07782687620238846
1 21 -0.008781721887548498
1 22 -0.007497502297643771
1 23 -0.10666488363581775
1 24 -0.0723026533377848
1 25 -0.07411747951940963
1 26 0.05056541584909622
1 27 0.08522005838143087
1 28 -0.09478240278285356
1 29 0.11383762051830433
1 30 -0.0036121157611719245
1 31 0.24173606637753342
1 32 0.3018321982893798
1 33 0.018398066864434015
1 34 0.03674351344547939
1 35 0.14980287712972057
1 36 -0.07284592901311879
1 37 0.05077982565957636
1 38 -0.27913475465024085
1 39 -0.007642031140461462
2 2 0.0
2 3 -0.003466090266785934
2 4 0.026589683765484956
2 5 -0.004372351077438454
2 6 -0.010559747864488699
2 7 0.12791274690584475
2 8 0.027368133596508908
2 9 0.06470133236774854
2 10 0.004989135275365122
2 11 -0.18626065771126715
2 12 0.11642926593973164
2 13 0.08392909706031873
2 14 0.0942694607825127
2 15 -0.06442950550597179
2 16 -0.2401893616323607
2 17 0.03372614165144799
2 18 0.08170571916641509
2 19 0.07808287800947075
2 20 -0.13797182660465368
2 21 -0.04096647033382283
2 22 0.04596251949151227
2 23 -0.02094433535073334
2 24 0.040698011212975706
2 25 0.10659948471778971
2 26 -0.08377347062103849
2 27 0.020464613450470886
2 28 -0.06527164767208597
2 29 0.04602019285044919
2 30 -0.05597183124999409
2 31 0.09245841173028164
2 32 -0.05041699936875271
2 33 0.038281197540313006
2 34 -0.026212332858364117
2 35 0.028386284816925282
2 36 0.1475426922478211
2 37 -0.24527512606697593
2 38 0.12327335326014
2 39 0.005571853358562344
3 3 0.0
3 4 -0.1298743346821732
3 5 -0.1379376546811465
3 6 0.014313295260652151
3 7 0.007322092752759565
3 8 0.05282526836173305
3 9 0.2273680277231128
3 10 0.10283988274037355
3 11 0.14488107564787256
3 12 -0.09093310565299409
3 13 -0.2359162643286329
3 14 0.026236691458681977
3 15 -0.1571269671854441
3 16 -0.006721558846543232
3 17 -0.14401075185033274
3 18 0.001052733025502906
3 19 -0.14839500136433004
3 20 -0.1498095809994322
3 21 -0.013214942300659577
3 22 0.007490181617461081
3 23 -0.09846636305262527
3 24 -0.14519709853998136
3 25 0.07438259897977202
3 26 0.17378064399417292
3 27 0.07364599941418452
3 28 -0.11514365675895785
3 29 0.11971053043410748
3 30 -0.22323226845556937
3 31 0.2590355091144116
3 32 0.1790339194184716
3 33 0.007712528519995124
3 34 0.3736880368708585
3 35 0.18640006863325
3 36 -0.05592257553254417
3 37 0.05443735920443974
3 38 -0.24178464944082018
3 39 -0.12206907466761194
4 4 0.0
4 5 0.07781586127937375
4 6 -0.057132441158285495
4 7 0.20727432470817414
4 8 0.12805115900677494
4 9 -0.07462802989908592
4 10 -0.1080658805795484
4 11 -0.19043045641486236
4 12 -0.050445279505735775
4 13 0.04097480014222417
4 14 -0.003517232500124112
4 15 0.20798869004412865
4 16 -0.02267739613089746
4 17 -0.08068500816228492
4 18 -0.10586597579827275
4 19 0.13777750152205132
4 20 0.2960345738812725
4 21 0.12543528807942209
4 22 -0.04882627576539855
4 23 0.08187395038947587
4 24 0.1604118141752239
4 25 0.06369304009327585
4 26 0.05449870914708349
4 27 -0.021879551329162236
4 28 0.02421826115732587
4 29 -0.21587309444421932
4 30 0.022985051925703704
4 31 -0.07526724058950088
4 32 -0.22227606371163092
4 33 0.11475434950824777
4 34 0.06656896252008009
4 35 -0.005715990015885367
4 36 0.07526247501784106
4 37 0.017265523409248452
4 38 0.08683317762598625
4 39 -0.05459348137908062
5 5 0.0
5 6 0.03209955987250697
5 7 -0.055198968115266964
5 8 0.04531722320670287
5 9 -0.17418655198283364
5 10 -0.2162909462589441
5 11 -0.12328881517100936
5 12 0.2300371406533928
5 13 0.056215089335415094
5 14 -0.08401879258008368
5 15 -0.07879817367492241
5 16 -0.3292974432810582
5 17 -0.0027073473785648528
5 18 -0.037546521546814725
5 19 0.08941920370824427
5 20 0.07881700903492589
5 21 0.10283373643189556
5 22 0.1759684637809894
5 23 -0.07792464955467332
5 24 0.034300650959228074
5 25 -0.10557140100350496
5 26 0.1565865545931902
5 27 -0.2025437753136717
5 28 0.0824571814802531
5 29 -0.12118131375247469
5 30 0.07476388452403157
5 31 0.015579323544677098
5 32 0.021210927651992978
5 33 0.10220754942814594
5 34 -0.02647929725732371
5 35 0.1552102413450609
5 36 -0.08967270626911925
5 37 -0.07058615696278078
5 38 0.10634699800358269
5 39 0.19222473726617445
6 6 0.0
6 7 0.028480138562628703
6 8 -0.17091513728133878
6 9 -0.008617972175807242
6 10 -0.0813413862830423
6 11 -0.010604262946259557
6 12 0.01896912908205005
6 13 0.06937151242983483
6 14 -0.012708857316895755
6 15 -0.04937127533836106
6 16 -0.11948624140433337
6 17 0.010711371985527726
6 18 -0.07435397620310881
6 19 -0.03329187821377431
6 20 -0.06058481675843406
6 21 -0.052008723669924053
6 22 0.022405023056200075
6 23 0.012797345918773854
6 24 -0.009471686327707708
6 25 0.11928354031194441
6 26 -0.057345535641145404
6 27 0.04129609490377697
6 28 0.0723645158139615
6 29 0.008566896713874336
6 30 0.13739897755657263
6 31 -0.04283559877832289
6 32 -0.03461785672567437
6 33 0.08966619716353325
6 34 -0.005697308215321996
6 35 -0.1842719954802719
6 36 0.09280078930424154
6 37 -0.014271564663447752
6 38 0.15344839782139133
6 39 0.11522361100206799
7 7 0.0
7 8 0.07734761412173441
7 9 0.14897760940152543
7 10 0.09385296530575687
7 11 0.15202684305344064
7 12 -0.16018691005471647
7 13 0.23844103166139902
7 14 -0.012819320918454485
7 15 0.0042070960220486784
7 16 0.03048903033003692
7 17 -0.12193163374514318
7 18 0.1520307386006719
7 19 0.12347525086532234
7 20 0.09795191280118008
7 21 -0.09358671469134472
7 22 -0.12494150249562508
7 23 0.31217976905768763
7 24 0.029557651822045294
7 25 -0.08559322869546192
7 26 0.1656663359531549
7 27 0.03279771948915962
7 28 -0.20962523817817802
7 29 -0.12530276937241758
7 30 -0.0950534672870955
7 31 0.07484011943404431
7 32 0.06133536105366292
7 33 -0.05317931999644635
7 34 0.15009671013991482
7 35 0.07231928626847914
7 36 -0.09650874976804702
7 37 -0.07835277486125836
7 38 -0.10292181044729383
7 39 0.15835228900631446
8 8 0.0
8 9 -0.16397895100231188
8 10 -0.047467875500994995
8 11 -0.10090531028343379
8 12 0.06900279938379836
8 13 -0.20421396806876282
8 14 -0.1385612232781718
8 15 -0.055259473587018645
8 16 0.15944748906066378
8 17 0.022814186466561685
8 18 0.00820147524346192
8 19 0.030507629469084085
8 20 0.13525745176119391
8 21 0.07562853192252222
8 22 -0.04000136011542978
8 23 -0.2352869459114876
8 24 0.03327290092472901
8 25 0.06885212850910713
8 26 0.10154095913062325
8 27 -0.03358535809060256
8 28 -0.08248005787220865
8 29 -0.038379872967277635
8 30 -0.17497793291804267
8 31 0.18055179469060714
8 32 0.13506211077998248
8 33 0.04914137321243162
8 34 0.04303903244062876
8 35 0.22830059674112152
8 36 -0.06811655676754524
8 37 0.04304149954008236
8 38 -0.1480337637642297
8 39 -0.10786384924736721
9 9 0.0
9 10 0.16728533523406766
9 11 0.18908925343316707
9 12 -0.1383497916165125
9 13 0.020843798038455128
9 14 0.14837437203971843
9 15 0.012429048259119188
9 16 -0.028453831054009303
9 17 -0.1935283348096055
9 18 0.15393809618346616
9 19 0.021510700545944873
9 20 -0.10028465340123742
9 21 -0.05423029785759133
9 22 0.009973079242656429
9 23 0.24167954096568045
9 24 -0.11872212582205006
9 25 -0.0010889229912447846
9 26 0.2314705501508751
9 27 -0.045604703957844904
9 28 -0.18170691696434177
9 29 0.0694011209349835
9 30 -0.19062425360441182
9 31 0.07914737786680139
9 32 -0.009783722273179201
9 33 -0.10595611834126543
9 34 0.22460137929126844
9 35 0.07525393692561815
9 36 -0.1252692947169218
9 37 -0.12994514342404515
9 38 -0.08538095583624972
9 39 -0.009017889233688571
10 10 0.0
10 11 0.24557247100181617
10 12 -0.12051843468207261
10 13 0.00198496272245768
10 14 0.06618429148136705
10 15 -0.26596271599327825
10 16 0.1851891250119603
10 17 -0.14270149633709775
10 18 0.052133478822537306
10 19 -0.018241454402657266
10 20 0.093484131127475
10 21 -0.04259904732817423
10 22 -0.19879996712283263
10 23 0.21177791616007643
10 24 -0.13582688111090033
10 25 -0.17935765615528212
10 26 0.030809627194725624
10 27 0.07834021428343127
10 28 -0.09652485130554785
10 29 -0.0014100996889865709
10 30 -0.167160660924375
10 31 0.09824108777672869
10 32 0.10414718121058539
10 33 -0.01778583267513395
10 34 0.1419000266115758
10 35 0.0469645839521606
10 36 -0.04344115643057773
10 37 0.16025294533951956
10 38 -0.22983493339886668
10 39 -0.15697487563517862
11 11 0.0
11 12 -0.16743950613629296
11 13 0.12922176062862492
11 14 -0.0898911175649291
11 15 -0.14625040197169786
11 16 0.20297288837364275
11 17 -0.17065142153134183
11 18 0.11552088608077068
11 19 -0.08787195678823854
11 20 0.002192229187274747
11 21 -0.06258681546520264
11 22 -0.0817972532484637
11 23 0.29852218491953
11 24 -0.12564799990032643
11 25 -0.27117270508478086
11 26 0.107822306494914
11 27 -0.054589096983603945
11 28 -0.08442654062472316
11 29 0.04436570008729402
11 30 -0.06153957677801036
11 31 0.05585734771933877
11 32 0.2026039444529431
11 33 -0.181415137119509
11 34 0.12419473083292598
11 35 0.10700433131056475
11 36 -0.19149439279726405
11 37 0.04181447418686747
11 38 -0.22509034697709662
11 39 0.03677198549097304
12 12 0.0
12 13 0.08711501344650724
12 14 -0.04459476620197545
12 15 -0.03891759524932499
12 16 -0.16865564418203624
12 17 0.10420062453855897
12 18 0.17344024197170754
12 19 -0.018715155358088646
12 20 -0.03593243814467466
12 21 0.09481169868055242
12 22 0.05652852955624939
12 23 -0.2529857149866507
12 24 -0.01158129806008378
12 25 0.08179477924161119
12 26 -0.15395477406529556
12 27 -0.20095514437048628
12 28 0.21370243130944178
12 29 -0.059279771839894954
12 30 -0.10992647047223233
12 31 -0.09132226092874884
12 32 -0.19393232016130543
12 33 0.18028483205525195
12 34 -0.07809027263426614
12 35 0.04967256457666874
12 36 0.053164383163262344
12 37 -0.13165550360958653
12 38 0.1700082101985354
12 39 0.07368690345214983
13 13 0.0
13 14 -0.05113031491641288
13 15 0.09263603992487084
13 16 -0.010035035250594054
13 17 0.16843447136852713
13 18 0.28160326877437114
13 19 0.07580068311692464
13 20 -0.03561083923887763
13 21 0.07806665359975092
13 22 -0.09849915530646418
13 23 0.2651027002397704
13 24 0.07448912102565469
13 25 0.018892489982438344
13 26 -0.3046745381693686
13 27 -0.10253545903532724
13 28 0.11397845208750004
13 29 -0.0704871094399908
13 30 0.14210074646705417
13 31 -0.1764291681977972
13 32 -0.2325437110416643
13 33 -0.10802301557254582
13 34 -0.008558282478759862
13 35 -0.16386956987617168
13 36 -0.14120201269707416
13 37 -0.16585896038754966
13 38 0.21828847345345123
13 39 0.1876459440603823
14 14 0.0
14 15 0.1151856087735322
14 16 0.011470524028303892
14 17 -0.12094686790842823
14 18 -0.05526790200017282
14 19 0.02384637800687741
14 20 -0.2186377467965977
14 21 -0.016170642841767224
14 22 -0.008365962778479352
14 23 0.10622350325664506
14 24 -0.14161906772703625
14 25 -0.016809813728848162
14 26 -0.05353042873208221
14 27 0.13433286450777648
14 28 -0.06143287475245503
14 29 0.08419024105187015
14 30 -0.10560873557917634
14 31 -0.03502919876598069
14 32 -0.11319695449771239
14 33 -0.02169628408966949
14 34 0.11024743788299134
14 35 -0.08124259472160614
14 36 0.11130296133886568
14 37 0.01399997560348383
14 38 -0.09742239672699557
14 39 0.00861679200492729
15 15 0.0
15 16 0.09261142312965523
15 17 0.09983117183589596
15 18 0.029471080472801215
15 19 0.07487436331576872
15 20 -0.06888947251056901
15 21 0.008765425908789584
15 22 0.04215374216793001
15 23 0.0596453601238313
15 24 0.10888520470977595
15 25 0.11584365931636367
15 26 -0.08910596734639709
15 27 0.024757822711857662
15 28 0.15830510809622766
15 29 -0.05427412626397974
15 30 0.05213049544261451
15 31 -0.2926005907377832
15 32 -0.3031859697565532
15 33 -0.05597304218023892
15 34 -0.04715742040230124
15 35 -0.1312771872722912
15 36 0.06948083723890894
15 37 -0.13426280468573565
15 38 0.13860215093296618
15 39 0.05627623556221887
16 16 0.0
16 17 -0.08505546901553972
16 18 0.03019862402189319
16 19 -0.009444717391078957
16 20 0.02588226807868414
16 21 0.024813383186763682
16 22 -0.2581327479605223
16 23 0.12709174538557982
16 24 -0.14160644056705418
16 25 0.09343080990052996
16 26 -0.15391413159573625
16 27 0.11270120781786257
16 28 0.023379152665335502
16 29 0.0458283259961337
16 30 -0.0719294656134988
16 31 0.03178271218100802
16 32 -0.041026074757555486
16 33 -0.1056792682490858
16 34 0.0854864237702598
16 35 -0.09567658310892443
16 36 -0.08515100681343687
16 37 0.2756270787565075
16 38 -0.30753382877884033
16 39 -0.1330547842442724
17 17 0.0
17 18 0.1535137720781105
17 19 0.030877157269048716
17 20 0.07024253648735755
17 21 0.011159688056916032
17 22 -0.020394838335300158
17 23 -0.22532498058478695
17 24 0.1172984776586442
17 25 0.20848526147215213
17 26 -0.24743714274895057
17 27 0.06733396619521441
17 28 0.08825332361493292
17 29 -0.037132650806704866
17 30 0.12375692732888396
17 31 -0.2105952418569781
17 32 -0.06443754123539173
17 33 0.07062798016564507
17 34 -0.13985255557939047
17 35 -0.10561064114136372
17 36 -0.04262365415987679
17 37 0.009163678507466843
17 38 0.21738984754205654
17 39 -0.03686073229935756
18 18 0.0
18 19 0.013853623569395398
18 20 0.03821085826439806
18 21 0.028178389674198834
18 22 -0.03857327694886785
18 23 0.13895015483470902
18 24 -0.003540083589464436
18 25 0.12704037748561692
18 26 0.018801627881461433
18 27 -0.11298412757198002
18 28 0.007227612142027923
18 29 -0.11740083825889998
18 30 -0.12473815030759476
18 31 -0.18239692607767588
18 32 -0.1205920301796446
18 33 -0.11446168903100444
18 34 0.011833311917606207
18 35 0.12149827917418751
18 36 -0.26625089456361745
18 37 -0.12607393181027163
18 38 -0.030997603364708755
18 39 0.10841596500106288
19 19 0.0
19 20 0.1391473463004587
19 21 -0.05450136161793695
19 22 -0.029198118460970406
19 23 0.10860889724160525
19 24 0.008227395804495757
19 25 0.08739330937916226
19 26 0.09736572136957869
19 27 -0.05808711706628901
19 28 -0.019155900463846954
19 29 -0.08713389531093849
19 30 0.005524919840135105
19 31 -0.006476935656643897
19 32 -0.11959390380650173
19 33 0.08218241270165008
19 34 0.020696595382154688
19 35 -0.010550155410648762
19 36 -0.010233694090481119
19 37 0.0010468800510055943
19 38 0.07059164286026948
19 39 0.0009801986186432742
20 20 0.0
20 21 0.06701090174455583
20 22 -0.08539978600119849
20 23 0.16862322448623288
20 24 0.10380153351143813
20 25 -0.002594630328308691
20 26 0.195824106192182
20 27 -0.017655206961059735
20 28 0.06123080576185354
20 29 -0.4306566408769016
20 30 -0.008701398868393957
20 31 -0.16537252273455025
20 32 -0.06636673621639524
20 33 0.17973541726914605
20 34 -0.07164107100493744
20 35 0.06316804223435318
20 36 -0.0481973376221996
20 37 0.1872594446141857
20 38 -0.024685276589453423
20 39 -0.18591235801370642
21 21 0.0
21 22 -0.008223752540859606
21 23 -0.06038236554072951
21 24 0.061685304018916386
21 25 0.09192437401207867
21 26 -0.09679843258724016
21 27 -0.10149063896421281
21 28 0.08769650083218447
21 29 -0.032453701426986524
21 30 0.013784166341403625
21 31 -0.04746373216582659
21 32 -0.10981570193139382
21 33 -0.021979225362760275
21 34 0.12488173472916042
21 35 0.02823593714778764
21 36 -0.11756152408039008
21 37 -0.018159340567069904
21 38 0.016999793576547025
21 39 -0.10167253921501655
22 22 0.0
22 23 -0.008579392392137812
22 24 -0.006358787501669044
22 25 0.02326750500182411
22 26 0.07304335914669766
22 27 -0.05312543345194346
22 28 -0.06947314174932813
22 29 0.005828280300112586
22 30 0.09796672157991404
22 31 -0.001653981112628385
22 32 0.06274104584937865
22 33 -0.08970998098636682
22 34 -0.21869400291574256
22 35 0.04506293987677464
22 36 0.06966318814207144
22 37 -0.24270885066170206
22 38 0.015979897034477098
22 39 0.11007948512162105
23 23 0.0
23 24 -0.1292377013369575
23 25 -0.12822010050040142
23 26 0.10094283796860597
23 27 0.04921171001345013
23 28 -0.054243803271122125
23 29 -0.11528791008713686
23 30 0.1525937065396697
23 31 -0.20187910326814826
23 32 -0.06729625338360742
23 33 -0.09711321641262924
23 34 0.08631907448557667
23 35 0.05729301018907329
23 36 0.058261771020828156
23 37 -0.04837842754014049
23 38 -0.23648323534018467
23 39 0.07533970171238911
24 24 0.0
24 25 0.026767641575007866
24 26 -0.02509866603801823
24 27 -0.0554133426450634
24 28 0.10620083338702084
24 29 -0.08658963188568794
24 30 0.1726274559804296
24 31 -0.11019434152818933
24 32 -0.038328343888968004
24 33 -0.04654852533946861
24 34 -0.11946747498680958
24 35 -0.07327235206341065
24 36 -0.0408711706695118
24 37 -0.08614060670039564
24 38 0.21384114099000903
24 39 -0.02657474604636308
25 25 0.0
25 26 -0.15130164087564874
25 27 0.024785402373799777
25 28 0.08483535193728167
25 29 0.011038596335392059
25 30 0.13855234638061947
25 31 -0.040015496750523565
25 32 -0.29729163260369074
25 33 0.12011974892361502
25 34 0.05843881847451497
25 35 -0.1837126263598348
25 36 0.03863565049691306
25 37 -0.02659501719984293
25 38 0.11927713449861499
25 39 -0.09516403483521778
26 26 0.0
26 27 -0.14342961842747007
26 28 -0.2240488145076176
26 29 -0.0614547802600033
26 30 -0.14922899773785964
26 31 0.16575477822538176
26 32 0.2363035003317294
26 33 0.06296290821173126
26 34 0.21867110560625375
26 35 0.3711127737219656
26 36 -0.20983432537425606
26 37 0.03228450683488496
26 38 -0.16709801682468034
26 39 0.052309700299372416
27 27 0.0
27 28 -0.042281600688806736
27 29 -0.10357507810258308
27 30 -0.032413736437502685
27 31 0.030433042815685783
27 32 0.08114752141359485
27 33 -0.04156919936770162
27 34 -0.11546014564386065
27 35 -0.20357137243145088
27 36 0.13634548917471617
27 37 0.14412380454081122
27 38 -0.15561974135384332
27 39 -0.048388428122834976
28 28 0.0
28 29 -0.11322269953426523
28 30 0.13939551581001972
28 31 -0.2522122632653522
28 32 -0.24904509740130015
28 33 0.14557643719876975
28 34 -0.011795428148535906
28 35 -0.12390318894580925
28 36 0.12281218411473094
28 37 0.030127145855526644
28 38 0.16894620708004857
28 39 -0.06458132994612412
29 29 0.0
29 30 0.11656983075602174
29 31 0.13462788372666923
29 32 0.11463385674841517
29 33 -0.02277699373235667
29 34 0.21281856404144456
29 35 0.11266639594900685
29 36 0.07749634337731727
29 37 -0.041666119609704344
29 38 0.013784739027922535
29 39 0.00038564336701343404
30 30 0.0
30 31 -0.23520723773700647
30 32 -0.04442096082964919
30 33 0.02144241722056437
30 34 -0.10007373880999637
30 35 -0.13104424263580877
30 36 0.1696592590595246
30 37 -0.0025551279969446322
30 38 0.08311212302046675
30 39 0.06730683820571583
31 31 0.0
31 32 0.28067169432026623
31 33 -0.02855186699726105
31 34 0.10237308999039878
31 35 0.08713705193072714
31 36 -0.11016074112773415
31 37 -0.0010806239205732567
31 38 -0.10253501023078629
31 39 -0.009156982972979982
32 32 0.0
32 33 -0.1392672878851022
32 34 -0.01533308491237526
32 35 0.21003324319549002
32 36 -0.11354412100632758
32 37 0.030002186341703298
32 38 -0.24716881777637129
32 39 0.019161866483550748
33 33 0.0
33 34 0.21673685335199963
33 35 0.0949915326915501
33 36 0.24362041172729582
33 37 0.1474658225332849
33 38 0.0810931286976198
33 39 -0.07672481454509629
34 34 0.0
34 35 0.30203787492155953
34 36 -0.10030295582714195
34 37 0.16082983563156786
34 38 -0.18824195564236498
34 39 -0.13637211752093786
35 35 0.0
35 36 -0.07299936365522738
35 37 -0.0355463552174826
35 38 -0.19549766936133323
35 39 -0.02142661722657933
36 36 0.0
36 37 -0.03848004601436874
36 38 0.04313972269060435
36 39 -0.07042555227356012
37 37 0.0
37 38 -0.1861815962394065
37 39 -0.11923670253686311
38 38 0.0
38 39 0.0615411367321141
39 39 0.0
