0 0 0.0
0 1 -0.02116728537932054
0 2 -0.044407422045031585
0 3 -0.008191366059264283
0 4 -0.024422355586766545
0 5 -0.004564920876157112
0 6 -0.046715509904648844
0 7 -0.04279330942988397
0 8 -0.013474875997829067
0 9 -0.09294488268369856
0 10 0.03574548318129581
0 11 -0.04152432193069855
0 12 0.03035250734191543
0 13 -0.09188624445249402
0 14 -0.02379942365282302
0 15 0.0123914322575475
0 16 0.015046457259423463
0 17 0.032118302297850385
0 18 0.010078168126848678
0 19 -0.11832053071895825
0 20 0.057930683576909926
0 21 0.04064866413313047
0 22 -0.05581929880678869
0 23 -0.13394236831697315
0 24 0.06030138441943089
0 25 0.06445891256645012
0 26 0.020245265845945406
0 27 -0.06625795529655465
0 28 0.06038998040671404
0 29 0.06490663846474413
0 30 -0.0367936983616726
0 31 0.07705338844374729
0 32 0.015152299878855163
0 33 0.03250647088460558
0 34 -0.013181768846567257
0 35 -0.005482764898499551
0 36 0.05164090079126897
0 37 0.018724027192131672
0 38 -0.010109052800718306
0 39 0.054411700418529704
1 1 0.0
1 2 -0.018579042790345314
1 3 0.038265617892294976
1 4 0.05225418822361252
1 5 -0.004237663147291315
1 6 0.033678943306311396
1 7 -0.13641031249099378
1 8 0.08632793584309167
1 9 0.11645077181966998
1 10 0.05401692728225381
1 11 -0.028147158380261057
1 12 -0.07270292525156306
1 13 0.14756417351719298
1 14 0.04456813543871648
1 15 -0.033440591568787106
1 16 -0.012028681646944752
1 17 -0.000664361072432666
1 18 -0.15915046444524739
1 19 -0.0024776621117032624
1 20 -0.08006780130621856
1 21 -0.12022120525050599
1 22 -0.02024305091983885
1 23 -0.07904815382928457
1 24 -0.0030438994928937433
1 25 -0.10344129295226001
1 26 -0.005250478942064618
1 27 0.0276270099997933
1 28 -0.1438563339598709
1 29 -0.008463667961173671
1 30 -0.03722749252322038
1 31 -0.08504972017350061
1 32 -0.111031648541735
1 33 0.08843049444899896
1 34 0.01230685682868935
1 35 -0.01157203594156661
1 36 -0.1107714454331344
1 37 0.008395533883120945
1 38 -0.025764725914613262
1 39 0.03359476940305792
2 2 0.0
2 3 0.03195181302445612
2 4 0.12101880256628902
2 5 -0.03611755266565887
2 6 0.02676613203491789
2 7 -0.03273115893224548
2 8 -0.04449099383328127
2 9 -0.000517912206677074
2 10 0.055501972996517844
2 11 0.004422705874558741
2 12 0.10611509686875095
2 13 -0.07574815640569892
2 14 0.053924482817137874
2 15 -0.04994855023148348
2 16 -0.05999050500851694
2 17 0.05151509931344418
2 18 -0.04930467657886322
2 19 0.10458935811373368
2 20 0.06205244506275217
2 21 0.027652612169222303
2 22 0.10027227930729413
2 23 0.05859769516890111
2 24 -0.06041108837798191
2 25 -0.03625270780134793
2 26 -0.04642193380369987
2 27 0.061979393064770925
2 28 0.08958258597976898
2 29 0.05216564663148723
2 30 -0.041403685502943065
2 31 -0.056178604838333625
2 32 0.00930886879751225
2 33 0.04304453053803478
2 34 0.07977529909001171
2 35 0.11047849900739035
2 36 -0.00883469544704103
2 37 0.02728968800896986
2 38 0.05476571331608269
2 39 0.07851795518665776
3 3 0.0
3 4 0.02958675321628166
3 5 0.02491964386847622
3 6 0.009303837727434278
3 7 -0.16726995470765557
3 8 0.045561711646441225
3 9 0.07977929506494984
3 10 0.10233909022890782
3 11 -0.11170794425883623
3 12 0.20777356828094345
3 13 -0.010054737050497626
3 14 -0.12561587750479783
3 15 -0.014560320876078007
3 16 0.006975781377813373
3 17 0.022177292734342872
3 18 -0.04886438853910532
3 19 -0.07541617252731889
3 20 -0.024568714991551742
3 21 -0.027526452096880212
3 22 0.0057525184669688775
3 23 0.07070019991943813
3 24 0.09387366698233143
3 25 -0.08401829790440722
3 26 -0.119196004401581
3 27 0.00997199226829949
3 28 -0.05146763226122605
3 29 -0.01216011993990552
3 30 -0.00666364693483396
3 31 -0.09938482988624764
3 32 -0.016299194538033253
3 33 0.10235892980301675
3 34 0.06457338356608466
3 35 -0.03466300834172052
3 36 0.11884783900237876
3 37 0.003961707464341808
3 38 0.13972472462754432
3 39 -0.007574774222496282
4 4 0.0
4 5 -0.1156615619389095
4 6 0.09623729418004145
4 7 0.09919616778324347
4 8 -0.11864128076998426
4 9 -0.07204439977875345
4 10 -0.10751588255750096
4 11 -0.06168384586000678
4 12 0.0885716716508721
4 13 -0.19842792075984006
4 14 0.039079116837402575
4 15 0.06229464779472058
4 16 -0.03856658090658123
4 17 0.04421362989715954
4 18 -0.021963399387350306
4 19 0.1029950877326099
4 20 0.0667719244942148
4 21 0.031384306479977475
4 22 0.08002225478301456
4 23 0.02680494573200782
4 24 -0.17931720793014078
4 25 0.11116234980252826
4 26 -0.002749780395514408
4 27 0.0875899060728994
4 28 0.00005792657586542565
4 29 0.1267876325916301
4 30 -0.023763959360972576
4 31 -0.026329445469060443
4 32 0.009843238072427585
4 33 0.03298621266466369
4 34 0.1856547288631251
4 35 0.004942430885801976
4 36 0.07951300823494109
4 37 -0.01773386790186544
4 38 0.031535922359345346
4 39 0.013035847319230031
5 5 0.0
5 6 -0.01568357459180387
5 7 -0.07472825815236767
5 8 0.0333974392112168
5 9 0.09099496749488824
5 10 -0.0021036192038680736
5 11 0.0024085386499490746
5 12 -0.07549905129016918
5 13 0.09595269695609698
5 14 0.04499083162360207
5 15 0.029906142455581135
5 16 0.06069736747708336
5 17 0.017271726222971382
5 18 0.039044048697865624
5 19 -0.06663055852929667
5 20 -0.023164532102302463
5 21 -0.02764961196956413
5 22 0.04626075073124901
5 23 0.048736258034145136
5 24 0.12101640484045757
5 25 -0.06145665851367068
5 26 -0.07166000926912645
5 27 -0.014313663497788348
5 28 -0.04188614881132861
5 29 0.02057869832700843
5 30 -0.01784857956917143
5 31 -0.050714886830507434
5 32 0.0251699835233054
5 33 0.018295369019109876
5 34 -0.09449873628021291
5 35 -0.013755399378572777
5 36 -0.010342889403218796
5 37 0.014625847633646308
5 38 0.02109738650963279
5 39 0.05257649884522016
6 6 0.0
6 7 0.02040192890159161
6 8 -0.06485320664619064
6 9 -0.00003633640898896244
6 10 -0.10853967522453897
6 11 0.009643684641681846
6 12 -0.10201973453722275
6 13 0.0014236157653211754
6 14 0.1079213626825863
6 15 0.0885307138015945
6 16 0.00281961467074537
6 17 -0.022311747728994295
6 18 0.02707799207612241
6 19 0.13619140853497108
6 20 -0.10715606425133255
6 21 -0.04916988867669286
6 22 0.03108355362931109
6 23 0.0914768810313802
6 24 -0.11764796816281113
6 25 0.036506248718138054
6 26 -0.009399043018706118
6 27 0.0099250821783588
6 28 -0.02270805211176149
6 29 0.03678211759489321
6 30 -0.0077481725563738795
6 31 0.052515663844353896
6 32 -0.007612805038712681
6 33 0.07118163500757588
6 34 -0.03383519675109152
6 35 -0.13673337846690775
6 36 0.024755844280530993
6 37 -0.06369125714264061
6 38 0.031107480386268843
6 39 -0.022689961579577336
7 7 0.0
7 8 -0.15007680348508456
7 9 -0.08709768149200743
7 10 -0.14481882142884817
7 11 0.1348636500408586
7 12 -0.21964435732678417
7 13 -0.03738403370916663
7 14 0.10277297219189381
7 15 0.07520154746700296
7 16 -0.008719181111556087
7 17 -0.07443069293851427
7 18 0.07336049416931456
7 19 0.10035458108551817
7 20 0.11115063240285747
7 21 0.09551296474018778
7 22 0.02497809796504926
7 23 0.06144444353418789
7 24 -0.21198119408655075
7 25 0.30282085563843575
7 26 0.11353828385294176
7 27 0.0521517431342091
7 28 -0.008825926117358333
7 29 -0.0016201825588008489
7 30 0.0884134954141512
7 31 0.05207985798208035
7 32 0.05385457904138789
7 33 -0.2663242864645289
7 34 0.06794373635145369
7 35 0.0739332320680625
7 36 0.015025522060428027
7 37 0.04902716654770466
7 38 -0.0977898182890526
7 39 -0.15392064414041137
8 8 0.0
8 9 0.09641129615010358
8 10 0.14191641004385233
8 11 -0.03978976403786313
8 12 0.09215823478104143
8 13 0.10581039950898485
8 14 -0.11317621054507816
8 15 -0.10157965858695348
8 16 0.009529216810450698
8 17 0.01861192907106072
8 18 -0.0525447562007515
8 19 -0.04334545832290213
8 20 -0.08843983833729249
8 21 -0.07281406118743261
8 22 -0.0642073436468965
8 23 -0.01745281603360095
8 24 0.0919718470415764
8 25 -0.18084388654444147
8 26 0.0045572679547804555
8 27 -0.014076650401473706
8 28 -0.060134854350495315
8 29 -0.14124416494367154
8 30 0.011592853570501466
8 31 -0.07894315981962899
8 32 -0.05906634135833353
8 33 0.01914086499555743
8 34 -0.041115127787598724
8 35 0.014404207438572283
8 36 -0.08075791883458117
8 37 -0.01649407168927109
8 38 -0.0027896599606726732
8 39 0.043234552350201266
9 9 0.0
9 10 0.08783209260496784
9 11 -0.005070069309092101
9 12 -0.05046746432868514
9 13 0.19025149798046917
9 14 0.013482154133703997
9 15 -0.027608362537029817
9 16 0.05458930897270044
9 17 0.02175387415425325
9 18 -0.033659890780161926
9 19 0.004998650660859273
9 20 -0.08371907218415818
9 21 -0.10118181865291387
9 22 0.058205827922197986
9 23 0.14751348226652697
9 24 0.07205001391304401
9 25 -0.13538655657926324
9 26 -0.08255096784295676
9 27 0.0415136941183784
9 28 -0.1549144719110187
9 29 -0.09777642109659349
9 30 0.028422599361813704
9 31 -0.1907803710465955
9 32 -0.03521742322302201
9 33 -0.01690814051703949
9 34 -0.04960404250262939
9 35 0.029556324448633587
9 36 -0.05598037467506108
9 37 0.021799706965024757
9 38 0.04833071663534365
9 39 0.03648457126651762
10 10 0.0
10 11 -0.06597047500920841
10 12 0.13945878577785592
10 13 0.05607201120495113
10 14 -0.11717036376848333
10 15 -0.17693855222736216
10 16 0.01697317768108603
10 17 0.0967752776409649
10 18 -0.11819059422532126
10 19 -0.0665107102537493
10 20 -0.06314647626186799
10 21 -0.04936306028500685
10 22 -0.1418967005216264
10 23 0.016435897305415732
10 24 0.015576893012218592
10 25 0.0031803842578321645
10 26 0.046004878530522784
10 27 -0.0571225712755727
10 28 -0.021814086451867915
10 29 -0.26533442342897456
10 30 0.012246133530974847
10 31 -0.11309904620887219
10 32 -0.08438570452500746
10 33 -0.09836712183951232
10 34 -0.031092855305636324
10 35 0.15130984660649888
10 36 0.008495867349142299
10 37 0.09682262468713236
10 38 0.08019200659107488
10 39 0.15593968337069936
11 11 0.0
11 12 -0.1913787361962667
11 13 0.09543033886306619
11 14 0.10017600888149905
11 15 -0.007387524608035934
11 16 -0.025827847139194105
11 17 -0.07027318528788674
11 18 0.0024045155443991944
11 19 0.09165735854964842
11 20 0.026126499208349425
11 21 0.004746940263966442
11 22 0.017429791590667664
11 23 0.015793953897338196
11 24 -0.05643896073413539
11 25 0.04418052076799313
11 26 0.044211113614104326
11 27 -0.005478462700130796
11 28 0.01911518183089098
11 29 -0.026433442476818902
11 30 0.05682579377441764
11 31 0.03957167414145908
11 32 -0.005573417095047333
11 33 -0.07852508408662634
11 34 -0.050650261605192905
11 35 0.04230163494146562
11 36 -0.0812421694315083
11 37 0.023802539098160266
11 38 -0.0647338074957646
11 39 -0.09535697943793342
12 12 0.0
12 13 -0.19701760078913624
12 14 -0.36354993226126675
12 15 -0.1438244793719819
12 16 -0.10582917084366032
12 17 0.029884842693376247
12 18 -0.08902769413393817
12 19 -0.13601921882609697
12 20 0.08239758498726472
12 21 0.09543828735981078
12 22 -0.03785823061906606
12 23 -0.06395965146542658
12 24 0.12708362473192852
12 25 -0.19090284564796192
12 26 -0.08437106060547689
12 27 0.0670505535017362
12 28 0.10652034987375995
12 29 -0.007241131867582136
12 30 -0.06290905762468466
12 31 -0.06317841164460729
12 32 0.0091469313697444
12 33 0.11727748630423544
12 34 0.24940818074997534
12 35 0.06681682949184539
12 36 0.11739659979431971
12 37 -0.0170702858158868
12 38 0.1162298019224212
12 39 -0.011659168040728252
13 13 0.0
13 14 0.054878543257644394
13 15 -0.035742191300674464
13 16 0.01549591333944568
13 17 -0.09084548904511415
13 18 -0.054249960091927465
13 19 0.02123530975447866
13 20 -0.13176095894618417
13 21 -0.0937633743676223
13 22 -0.014056312174005391
13 23 0.08783435464212522
13 24 0.055791176952083577
13 25 -0.1060357638274014
13 26 -0.01907919628459746
13 27 0.015039208887456653
13 28 -0.12940734027894657
13 29 -0.13938734693705304
13 30 0.02759334687774832
13 31 -0.065770493112941
13 32 -0.05393859542689574
13 33 -0.05856650549996133
13 34 -0.1282418609798525
13 35 -0.011496420475278098
13 36 -0.13321765372174513
13 37 0.022575971657059612
13 38 -0.028024795834684296
13 39 -0.07705256387870625
14 14 0.0
14 15 0.12543067828035404
14 16 0.051290607248957384
14 17 0.029497018275773983
14 18 0.06524480481238515
14 19 0.12435857915805859
14 20 -0.03193289349524421
14 21 -0.02477593787541072
14 22 0.11315816813974629
14 23 0.06234108585858352
14 24 -0.11337817106814418
14 25 0.1305500817862135
14 26 0.012874980101645122
14 27 0.009120326841656076
14 28 0.003129133353116466
14 29 0.1277657423858449
14 30 -0.061904309755895136
14 31 0.050710208241824
14 32 0.03811694090972435
14 33 -0.02117136834756894
14 34 -0.13643001435805086
14 35 -0.022332349831635477
14 36 -0.07263990420214088
14 37 0.013233911853415109
14 38 -0.05261102854937148
14 39 0.12359573251709248
15 15 0.0
15 16 0.054349430854253825
15 17 -0.009083562472679194
15 18 0.09727857907472957
15 19 -0.006009098943781389
15 20 -0.018750740149674375
15 21 0.021033567538462878
15 22 0.05778530317696122
15 23 0.04972041652724564
15 24 -0.03337399598105819
15 25 0.13241551574645485
15 26 -0.03293538163470577
15 27 0.007812033988670401
15 28 -0.021420765051062184
15 29 0.14184277293813913
15 30 -0.046005411394943886
15 31 0.06867965801025358
15 32 0.06570844604912704
15 33 0.015757216725069422
15 34 -0.03912421243869342
15 35 -0.12203250020232277
15 36 0.07869914191855507
15 37 -0.024877104747234473
15 38 0.007195906806001656
15 39 0.003769212785953752
16 16 0.0
16 17 0.0653122343812855
16 18 0.06651452847734277
16 19 -0.03526991108985116
16 20 -0.03755343384673099
16 21 -0.049895895698789695
16 22 0.01520994871417448
16 23 0.05031170255171459
16 24 0.03624442050845346
16 25 0.02336679926708816
16 26 -0.0149892651116801
16 27 -0.039256577557611264
16 28 -0.074782670093274
16 29 -0.01043369776106443
16 30 0.019751090810785694
16 31 -0.053031681854627324
16 32 0.011069415669974023
16 33 -0.01632036015835448
16 34 -0.08755576457416711
16 35 -0.0318419592967062
16 36 0.022170026043718705
16 37 -0.0010578597076969722
16 38 0.014476490391951
16 39 0.09239011960907517
17 17 0.0
17 18 0.026336178425354424
17 19 -0.014194467423666049
17 20 0.010059218857062336
17 21 -0.03850457779923244
17 22 0.03603506048654733
17 23 0.005533793229427636
17 24 0.019028494590317857
17 25 -0.028460438982986263
17 26 -0.009134818754581043
17 27 -0.023604261203807216
17 28 -0.011226378417536816
17 29 0.009539614023910882
17 30 -0.014337258806626299
17 31 -0.08956638041267431
17 32 0.0007490120049522232
17 33 0.027391811538051154
17 34 -0.02518186967093331
17 35 0.0522226792766991
17 36 0.0034773087260327367
17 37 0.0051846278244597485
17 38 0.02640058797949683
17 39 0.2047365733759691
18 18 0.0
18 19 0.009796958452114075
18 20 -0.024837206558084263
18 21 0.020701162021319903
18 22 0.03667651635022542
18 23 0.06147512733893349
18 24 -0.006480740963474852
18 25 0.06157883017667785
18 26 0.004188272340540705
18 27 -0.01802518602010435
18 28 0.017497200357355833
18 29 0.04832693115637147
18 30 -0.006118066307778284
18 31 0.05140329663726708
18 32 0.07176800070724215
18 33 -0.028004464990091064
18 34 -0.079671698601856
18 35 -0.07507778600118953
18 36 0.036538302467808065
18 37 -0.042051895973990054
18 38 -0.013129815212549778
18 39 0.04869360477786852
19 19 0.0
19 20 -0.1320320734089538
19 21 -0.09046484350592186
19 22 0.02956344648922758
19 23 0.13677456693556317
19 24 -0.2356853230051153
19 25 -0.025785155444293013
19 26 0.07525274967306297
19 27 0.017972973021047656
19 28 -0.0012468290068976113
19 29 -0.10007012650415556
19 30 0.07575818721472191
19 31 0.019058056570887986
19 32 -0.055187511921015855
19 33 0.007425321689752582
19 34 -0.04286409311496678
19 35 -0.05572525981503412
19 36 -0.0939328631128262
19 37 -0.08448636368594944
19 38 -0.017833067962845266
19 39 -0.026762104916400964
20 20 0.0
20 21 0.13795404618998325
20 22 0.08596465998267792
20 23 -0.11098559613355126
20 24 0.08519672771176229
20 25 0.09273512087143264
20 26 -0.04766213416427274
20 27 0.027637411398957014
20 28 0.07918398708604296
20 29 0.16311971512245643
20 30 0.015935719173827335
20 31 -0.048717092879643306
20 32 0.06095444822128961
20 33 -0.05614106869268141
20 34 0.16190207909019452
20 35 0.20314024661328522
20 36 0.06028089912520649
20 37 0.11584817144246003
20 38 -0.01469389970892716
20 39 -0.052879041098439175
21 21 0.0
21 22 0.023205870887378976
21 23 -0.05474553175495385
21 24 0.011754318205030357
21 25 0.12412674091557963
21 26 -0.005593483601916081
21 27 0.05422203116349533
21 28 0.11264689879327523
21 29 0.11615761099917157
21 30 -0.07631307690568419
21 31 0.0773777019535661
21 32 0.08751748495771206
21 33 -0.07542650922795405
21 34 0.09967344342133652
21 35 0.0716683724877805
21 36 0.0608745947070368
21 37 0.05263250083177305
21 38 -0.02036945287047648
21 39 -0.04087380941285283
22 22 0.0
22 23 0.08980946293711137
22 24 0.02845571552550171
22 25 -0.032716091119572785
22 26 -0.10300533124388014
22 27 0.07941787888633531
22 28 -0.003827901307907567
22 29 0.14848631677974092
22 30 -0.03421749939853924
22 31 -0.0951169217696775
22 32 0.06196624571566791
22 33 0.02439975979648338
22 34 0.03670594012042418
22 35 0.05881943944105068
22 36 -0.0066351580560287185
22 37 0.020897440552086838
22 38 0.02143318001246622
22 39 0.050977083675096256
23 23 0.0
23 24 -0.07907554196891563
23 25 0.008059578031249601
23 26 -0.06827187857375192
23 27 0.061564671215901
23 28 -0.09831488143733884
23 29 -0.0930342037862842
23 30 0.050027326557214834
23 31 -0.12054124603265626
23 32 0.02001309005383139
23 33 -0.06736432077873726
23 34 -0.03455207813843123
23 35 -0.035027365767092096
23 36 0.04335762875484611
23 37 -0.014267004008087203
23 38 0.09466120876026271
23 39 -0.010416276202213713
24 24 0.0
24 25 -0.1827828136139415
24 26 -0.13564515076868866
24 27 -0.03742086605776551
24 28 -0.00365163230540368
24 29 0.07153920238006226
24 30 -0.028076083837522674
24 31 -0.07845792669011281
24 32 0.027291084285693417
24 33 0.10407502360887959
24 34 -0.028431243099437453
24 35 0.034463969216314186
24 36 0.020594532498277633
24 37 0.03776356369223628
24 38 0.04195127021220472
24 39 0.025614888838598908
25 25 0.0
25 26 0.0863769550531683
25 27 -0.002788200734738565
25 28 0.030176882649736596
25 29 0.07305740825317274
25 30 -0.01630387374921347
25 31 0.1303195692843199
25 32 0.07211194962969766
25 33 -0.21035486536442835
25 34 0.03648545110226431
25 35 0.016796784659562865
25 36 0.1464762329611775
25 37 0.0888993829688284
25 38 -0.021785802168841562
25 39 -0.043963684677958505
26 26 0.0
26 27 -0.03324722370942601
26 28 0.02313201793358583
26 29 -0.1041877149965057
26 30 0.030086470857527164
26 31 0.09172736967782459
26 32 -0.03501219209093362
26 33 -0.09763428327694915
26 34 -0.03285448152529855
26 35 0.0024985973805583097
26 36 -0.07059065037747383
26 37 -0.021367213115192615
26 38 -0.09462144198589931
26 39 0.0033485386104712815
27 27 0.0
27 28 -0.010219152649147408
27 29 0.05161562723135336
27 30 -0.06581398958108436
27 31 -0.051497850737179565
27 32 0.03974582171127106
27 33 -0.05526566253689471
27 34 0.10238369611248468
27 35 0.055274461437551284
27 36 -0.022531910596779944
27 37 0.016110109438618948
27 38 -0.009285932206350583
27 39 -0.012225535493952285
28 28 0.0
28 29 0.09775935982264998
28 30 -0.0807405595595506
28 31 0.15190065581055404
28 32 0.05473521006566449
28 33 0.04026585238095921
28 34 0.022027043317843362
28 35 0.03024323663308956
28 36 0.01131013612110636
28 37 -0.0008547349609053966
28 38 -0.01881327828367956
28 39 0.022962101892028637
29 29 0.0
29 30 -0.14457273067104878
29 31 0.07765210987006439
29 32 0.11143710186437131
29 33 0.11720641523464728
29 34 0.07004360389939622
29 35 -0.019081928432468285
29 36 0.07017256266386107
29 37 0.01740906681632322
29 38 -0.005602847678635832
29 39 0.0452896807894803
30 30 0.0
30 31 -0.07864736266297905
30 32 -0.06755680698869165
30 33 -0.0388870107751597
30 34 -0.005495949630966826
30 35 0.018793757948314622
30 36 0.00677964774029331
30 37 -0.003689108500530411
30 38 0.012750562648764705
30 39 -0.12889325773693253
31 31 0.0
31 32 0.035898739111529514
31 33 0.03396466101096687
31 34 -0.06115562555275359
31 35 -0.14518924283126317
31 36 0.01969852258099414
31 37 -0.05663336646739599
31 38 -0.06474461077092242
31 39 -0.0631489784007723
32 32 0.0
32 33 -0.03670383603489847
32 34 0.015534687159191684
32 35 0.009068086340255757
32 36 0.046430739645860336
32 37 0.01644589483133129
32 38 -0.002793815113167583
32 39 0.025602705266083565
33 33 0.0
33 34 -0.026338709035381637
33 35 -0.14717049518930947
33 36 0.023133564252857963
33 37 -0.0922736933678569
33 38 0.07405537091248543
33 39 0.03712162882782632
34 34 0.0
34 35 0.10952254231830334
34 36 0.07555777572883551
34 37 0.04347094744175202
34 38 0.026575637254058305
34 39 -0.10627929424063201
35 35 0.0
35 36 -0.05796960438662059
35 37 0.13373017062895737
35 38 -0.02945301828960662
35 39 0.05240923252672073
36 36 0.0
36 37 0.021914841938090603
36 38 0.11635695012132034
36 39 -0.057704619507972156
37 37 0.0
37 38 0.007041675201282821
37 39 0.0012026584073013833
38 38 0.0
38 39 -0.0001362665026177316
39 39 0.0
