0 0 0.0
0 1 0.20731047136734246
0 2 -0.048535072986004624
0 3 -0.13520692095814849
0 4 -0.07116941344384352
0 5 -0.006213860156122701
0 6 -0.04173589524355214
0 7 -0.1336947293511827
0 8 -0.015092633122501675
0 9 0.03509991641320653
0 10 0.03836172440774536
0 11 0.02812544455086537
0 12 0.026341387845194845
0 13 -0.13733875035789112
0 14 -0.016275693934094875
0 15 0.007414874156950668
0 16 -0.05719883725718564
0 17 -0.03192194080892835
0 18 0.03617498649774535
0 19 -0.05585804859622544
0 20 0.15363346839156783
0 21 -0.05227978951344442
0 22 -0.03463565030740652
0 23 -0.08250388986312598
0 24 -0.002553408352793346
0 25 -0.09297950160683265
0 26 -0.08747231815274176
0 27 0.11751380722691598
0 28 0.035994693052671826
0 29 0.05103748702363818
0 30 0.006320393400672995
0 31 0.003904361706295751
0 32 0.10844577079814995
0 33 0.0051050934497858455
0 34 -0.09024564694525944
0 35 -0.03331487488593029
0 36 0.10704849444075963
0 37 0.01316084373771135
0 38 0.04963434582595026
0 39 0.07806502680167864
1 1 0.0
1 2 -0.11592513346583086
1 3 -0.2418278308412126
1 4 0.08362651969951229
1 5 0.02113877665312666
1 6 0.1633237418267285
1 7 -0.04993924799616216
1 8 -0.07124704611957539
1 9 -0.17511580814439015
1 10 0.0914382070524679
1 11 -0.1440257020442792
1 12 0.04124152629977621
1 13 -0.011675293836441909
1 14 -0.07043135295535737
1 15 0.08229945269740312
1 16 -0.13269989145810385
1 17 -0.02141246722777868
1 18 0.08052984910581276
1 19 -0.045846161033231934
1 20 0.2271290159660293
1 21 0.10968150293991936
1 22 -0.10863493752454782
1 23 0.06943331724898243
1 24 0.03631857992710951
1 25 -0.03673822029927858
1 26 -0.07793753446291632
1 27 0.209188586506346
1 28 -0.04795338104685986
1 29 0.05771646502965814
1 30 0.06802175605616267
1 31 -0.005907294709121244
1 32 0.015700887664264657
1 33 0.0822687489291441
1 34 -0.024853560595502117
1 35 -0.20378950206386076
1 36 0.09911748581335973
1 37 0.05348420708350413
1 38 -0.0013881584537238675
1 39 0.24252310434279067
2 2 0.0
2 3 -0.08254095062641068
2 4 0.034442655029760474
2 5 0.07549444897675285
2 6 0.03732652947617694
2 7 0.021111101453952286
2 8 0.13225153838123
2 9 0.18075255918126226
2 10 0.001959336510642793
2 11 0.034980684529934115
2 12 -0.08189113694521336
2 13 0.2830009725108841
2 14 -0.060101913877322
2 15 0.10115447769806085
2 16 0.1365685218226803
2 17 -0.050660612273098614
2 18 -0.16473704208031986
2 19 -0.016097382814971105
2 20 -0.05581705607437461
2 21 0.0025794685172639423
2 22 0.19764285400116205
2 23 -0.06374109475919279
2 24 -0.004574053884515714
2 25 -0.1586824231339123
2 26 -0.10287606769302124
2 27 0.00621759676371205
2 28 0.07462692491287579
2 29 -0.09501956333495334
2 30 -0.08482118340228804
2 31 0.03138068352499391
2 32 -0.017258690936497824
2 33 -0.05234854056891135
2 34 0.08044388892008278
2 35 0.049105992139934475
2 36 0.04715395003484531
2 37 0.0577620617540629
2 38 -0.07650125397990254
2 39 -0.1760803114461013
3 3 0.0
3 4 0.06845869477388236
3 5 0.04872078826556384
3 6 -0.17601030184014807
3 7 0.09534702065291481
3 8 -0.00597627300740704
3 9 0.028987953249631538
3 10 0.011880176366324572
3 11 0.14422744690468953
3 12 -0.015652591580480914
3 13 0.05883243036759915
3 14 0.022095317610306104
3 15 0.032314723160012715
3 16 -0.028456289646662247
3 17 -0.01670185726841238
3 18 -0.011645618523245603
3 19 0.09721051219486268
3 20 -0.07224163237113687
3 21 -0.0027075454645443375
3 22 -0.05694952017127765
3 23 -0.015547587314537797
3 24 0.030303343471716888
3 25 0.18002694561333474
3 26 0.08642399916556241
3 27 -0.31302283487038757
3 28 -0.021583320817189767
3 29 -0.0632766894790749
3 30 0.008480234029238778
3 31 -0.08078272617513702
3 32 0.17708180112747904
3 33 -0.08003844937961099
3 34 0.006444093160251222
3 35 0.06999598060562814
3 36 0.06312324273580755
3 37 0.014056264898490304
3 38 -0.17567973838009646
3 39 -0.08451646546140062
4 4 0.0
4 5 -0.005200345633659825
4 6 0.02587579261611822
4 7 0.09143832974078354
4 8 -0.02825588700716486
4 9 -0.06090968874227165
4 10 0.07581788854913185
4 11 -0.00913384304374651
4 12 -0.03214114836994382
4 13 0.22903790451738476
4 14 -0.022841706385547066
4 15 0.10661796236990151
4 16 -0.025587233780091017
4 17 -0.017774983223148924
4 18 -0.01887285355557594
4 19 0.032053845815632476
4 20 0.0812564796764857
4 21 0.11896276221827626
4 22 -0.09483178098779366
4 23 0.012177273110712645
4 24 0.03490319472419857
4 25 0.02017589363686171
4 26 -0.018259419285803772
4 27 -0.062145290998348035
4 28 -0.011954923059250378
4 29 -0.09321399152825913
4 30 -0.0017225077843105445
4 31 -0.006162844129079004
4 32 0.10636425173949057
4 33 0.022020509763681907
4 34 0.011315312145711864
4 35 -0.059035380239888455
4 36 0.06535094998876945
4 37 0.059485269476261225
4 38 -0.11600941352498569
4 39 0.1158079161224567
5 5 0.0
5 6 0.09199027011587589
5 7 0.07471911801956087
5 8 0.039713087728742366
5 9 0.03069143872391685
5 10 0.025815219003139583
5 11 -0.11215137380826519
5 12 -0.09035676781405183
5 13 0.05699821518147563
5 14 -0.0960913112521684
5 15 0.17354432107524284
5 16 0.0026341278569505544
5 17 0.0650175169946183
5 18 0.02445584278824266
5 19 0.013183785607604128
5 20 0.03187840045686456
5 21 0.09314285014174237
5 22 -0.029064657737478627
5 23 0.11638926175862238
5 24 0.08308373815739618
5 25 -0.0664178788115792
5 26 -0.07132010847247193
5 27 -0.07051535258417199
5 28 -0.022813984902354405
5 29 0.14025130157312332
5 30 -0.0192085753803196
5 31 0.05416753246750344
5 32 0.03551328982666787
5 33 -0.02461124317002482
5 34 0.035193861758779435
5 35 -0.1203488105695317
5 36 0.03943154083386101
5 37 0.05012451460526189
5 38 -0.1397770497897684
5 39 -0.06726001705102845
6 6 0.0
6 7 0.036950305085112954
6 8 0.05253444096738894
6 9 -0.21003957107861032
6 10 0.042901309266266424
6 11 -0.0888861252848253
6 12 -0.09485468968647605
6 13 0.04749637600725136
6 14 -0.026799710413750715
6 15 -0.0751144115206808
6 16 -0.03763421052551735
6 17 0.019543360417984358
6 18 -0.02332244585626677
6 19 0.10310271281911283
6 20 0.02589883253037827
6 21 0.0661409296409253
6 22 -0.011940878370247685
6 23 0.13767337294437526
6 24 0.11973729988751777
6 25 -0.15341936979101925
6 26 0.11219086096632816
6 27 0.1342117741489955
6 28 -0.08715763763296434
6 29 0.024075084573230793
6 30 0.06860410282937666
6 31 0.1394991616439939
6 32 -0.18537012914867462
6 33 0.017199722561711574
6 34 0.05160366237840166
6 35 0.10432317474037078
6 36 -0.05902649635533417
6 37 0.08306788527527441
6 38 -0.060032657756244015
6 39 0.10651889489083462
7 7 0.0
7 8 -0.18700058370601352
7 9 0.07664806231897317
7 10 -0.09549992860943154
7 11 -0.11323475512298231
7 12 0.054368900255433096
7 13 0.209595425691777
7 14 -0.09101906424331332
7 15 -0.06899167620857476
7 16 -0.07631360477427548
7 17 0.10248613296097028
7 18 -0.06528530428760015
7 19 -0.03234909955910152
7 20 -0.07702684099155835
7 21 0.10456161149919349
7 22 -0.0547287735183023
7 23 0.12175319937648325
7 24 0.048200146993449156
7 25 0.09667050393370696
7 26 -0.08487435772736357
7 27 -0.048181155563278524
7 28 0.06515341645197192
7 29 0.07714810180140749
7 30 -0.06315872219277127
7 31 0.17257014946378163
7 32 -0.09696398247322553
7 33 -0.07004619045899496
7 34 0.11425659932176643
7 35 0.10455449052360204
7 36 -0.13835032348962997
7 37 0.05100218420584004
7 38 -0.2607705772474658
7 39 0.06343673925610348
8 8 0.0
8 9 -0.0684580765100247
8 10 0.04927122529752768
8 11 0.15589504662548265
8 12 -0.23657107617830656
8 13 -0.09996222359776866
8 14 0.11789403610289476
8 15 0.0825524388956102
8 16 0.10309342022188524
8 17 -0.10516857217842993
8 18 0.016996509221382662
8 19 0.19236093076549965
8 20 -0.030870571006013932
8 21 -0.0880493750952452
8 22 0.08784751782242231
8 23 -0.04674850559961249
8 24 0.06065183321606267
8 25 -0.07174459430834093
8 26 0.1493430475424687
8 27 -0.12387543824125806
8 28 -0.10871070948741876
8 29 -0.04092201625934615
8 30 0.08540484367016973
8 31 -0.05713457176237495
8 32 0.008089864621082181
8 33 0.055996594099357276
8 34 -0.04166017862367018
8 35 -0.044304672667787634
8 36 0.14359039049697558
8 37 0.093989161833171
8 38 0.07684705791151022
8 39 -0.2299216355197026
9 9 0.0
9 10 -0.16576542686449855
9 11 -0.0251217012006081
9 12 0.0030520793255928024
9 13 0.06762974684725724
9 14 -0.09444560858308634
9 15 -0.076946325958347
9 16 0.04343054325525463
9 17 0.019857983735379472
9 18 -0.0454953061605803
9 19 -0.04749521194513332
9 20 -0.05293606175070209
9 21 -0.15423345107713893
9 22 0.04145040690598102
9 23 -0.0715830894292712
9 24 0.00906978372945558
9 25 0.01830334569310365
9 26 -0.192992865840166
9 27 -0.027111468045578162
9 28 0.2495494214164502
9 29 -0.023881249352792816
9 30 -0.17397204138444894
9 31 0.15534679002984156
9 32 0.04588971556329623
9 33 -0.09951250912165197
9 34 0.08915400205163213
9 35 0.13551248273565436
9 36 -0.04710589046735629
9 37 0.004473481244146008
9 38 -0.027261568253688195
9 39 -0.08504513131450259
10 10 0.0
10 11 0.049179815253355935
10 12 0.016049948894427676
10 13 0.06023085366339568
10 14 -0.007179903801296466
10 15 0.17605316686296363
10 16 -0.020965869065831276
10 17 -0.024688056190835753
10 18 -0.022298326517782435
10 19 -0.04327567375524266
10 20 0.11590046964347767
10 21 0.11070004755921412
10 22 -0.030935406849800097
10 23 -0.03655848275252947
10 24 -0.02731774595892969
10 25 -0.07958033848645799
10 26 0.0034657134084905366
10 27 0.019549835304308136
10 28 -0.09263636969000537
10 29 -0.03390508079423955
10 30 0.044484993108443935
10 31 -0.12451902683242418
10 32 0.18514147046853408
10 33 0.07553169199951347
10 34 -0.11146021711779774
10 35 -0.10867804574297306
10 36 0.10965874072461204
10 37 -0.016953406139856672
10 38 0.01321769103904985
10 39 0.0699490206937126
11 11 0.0
11 12 -0.09623961016917944
11 13 -0.051958304441136305
11 14 0.12591520889736035
11 15 -0.09055868349003549
11 16 0.016263542414549664
11 17 -0.11710747917178337
11 18 -0.07249913672144052
11 19 0.19007945763005601
11 20 -0.04531134185779994
11 21 -0.13433497207401562
11 22 0.013857324727635647
11 23 -0.17383628233598777
11 24 0.05837293211253884
11 25 -0.011320638791304129
11 26 0.17995699014827699
11 27 -0.1519516106403028
11 28 -0.02177923264895211
11 29 -0.12441395382596554
11 30 0.014828978786705587
11 31 -0.0012872990009810507
11 32 0.13940611094565727
11 33 -0.021821416358448982
11 34 -0.09656081114728517
11 35 0.18712240148641948
11 36 0.12979442853211415
11 37 0.07510218607254285
11 38 -0.03804779785768308
11 39 -0.09447757633820808
12 12 0.0
12 13 0.09931660037560666
12 14 -0.1256149409803139
12 15 0.002369668881473766
12 16 -0.0640726039853021
12 17 0.03137375927183854
12 18 -0.05077269248673687
12 19 -0.2370075873746121
12 20 -0.01742604936168924
12 21 0.0862739698633979
12 22 0.038834675979457195
12 23 -0.008133600049810275
12 24 -0.1473547851456229
12 25 0.13339242583799216
12 26 -0.11481941290539481
12 27 0.17423399865170086
12 28 0.06740365927609616
12 29 -0.031013091361436013
12 30 -0.08887887779197683
12 31 -0.1400491178936565
12 32 0.022263164394057157
12 33 -0.014492495916992051
12 34 0.03200166541968495
12 35 -0.10430079751322945
12 36 -0.0826880425294526
12 37 -0.18085949173210544
12 38 0.03300504483197237
12 39 0.15338092479059484
13 13 0.0
13 14 -0.1560613336674413
13 15 0.12080968876039525
13 16 0.031134699148301703
13 17 -0.004435238109768868
13 18 -0.16714527548641447
13 19 -0.06633388112570975
13 20 0.0042071885909276815
13 21 0.174294774341609
13 22 0.02743835168645834
13 23 0.00039962392866157444
13 24 -0.0006388362538043877
13 25 -0.03188196501951339
13 26 -0.11066921561577983
13 27 0.013428924710616005
13 28 0.09560392343857593
13 29 -0.17651251177159524
13 30 -0.13909524118406505
13 31 0.0043183232390148815
13 32 0.07175154303883416
13 33 -0.08131017075338867
13 34 0.12477297181426658
13 35 -0.0037348261752289625
13 36 0.006911185859435218
13 37 0.00013431907430402603
13 38 -0.2192185739951341
13 39 0.11461024847396246
14 14 0.0
14 15 -0.04881054541490337
14 16 0.08701818404326411
14 17 -0.0173758354014562
14 18 0.048665440448714646
14 19 0.0861265536141414
14 20 -0.02421128216420432
14 21 -0.057675108512698636
14 22 -0.00888163208232682
14 23 -0.0699004839458376
14 24 -0.011554255277463548
14 25 -0.07517399489216606
14 26 0.1313351714786633
14 27 -0.09085040126466928
14 28 -0.07879050606430656
14 29 0.0006225631424391927
14 30 0.07119534365190273
14 31 -0.02068184522171466
14 32 -0.04219412284920017
14 33 0.009742021317650618
14 34 -0.08638588881746724
14 35 0.04948169116868288
14 36 0.013320802796844092
14 37 0.013406836128781258
14 38 0.09541289751429
14 39 -0.0863905568830717
15 15 0.0
15 16 0.05599636599746054
15 17 0.005627426989612449
15 18 0.0402243616907096
15 19 -0.15376117978454984
15 20 0.10865187124263209
15 21 0.21935584959965668
15 22 0.021048257918893556
15 23 0.019410677079130818
15 24 -0.10342909167203358
15 25 0.009042190819674457
15 26 -0.16789469681586178
15 27 -0.06552142088228843
15 28 -0.11191370794941394
15 29 0.0815555821540289
15 30 0.02183282026155067
15 31 -0.25605053615726575
15 32 0.2156622464193168
15 33 0.13356397352340482
15 34 -0.0809059753866467
15 35 -0.48732033407254455
15 36 0.1699668785397075
15 37 -0.03806109806570833
15 38 0.02427262597327194
15 39 -0.1057192617523347
16 16 0.0
16 17 0.017016975880879998
16 18 0.017117280959486766
16 19 -0.02242096230000559
16 20 -0.036021700808374954
16 21 -0.009845098420330201
16 22 0.06268868659457393
16 23 -0.09747463433787532
16 24 -0.07227017508921622
16 25 -0.2239136338479903
16 26 0.03360466257928248
16 27 -0.01715943808106752
16 28 0.0238526582209658
16 29 -0.07409016697126992
16 30 -0.07419963298084571
16 31 -0.06359636023369734
16 32 -0.06189733253534644
16 33 -0.0792951731096592
16 34 -0.008084026467921107
16 35 -0.04193758528234275
16 36 -0.02544179139595723
16 37 -0.10464521312706651
16 38 0.15802627267837094
16 39 -0.09099232084809772
17 17 0.0
17 18 0.017488378720606608
17 19 -0.11264999935495716
17 20 0.0045156791790074815
17 21 0.07975376239122385
17 22 -0.0644294123830783
17 23 0.05019470433772041
17 24 -0.028991332806880554
17 25 -0.08784109461710969
17 26 -0.08201346549124516
17 27 0.04294040678109009
17 28 0.02062642703054951
17 29 0.1263502886513184
17 30 -0.043445780778285446
17 31 0.08904022369281483
17 32 -0.04349875779221201
17 33 -0.006108616413643143
17 34 -0.028334450026775353
17 35 0.008155823781979784
17 36 -0.1295739550680585
17 37 -0.05421392500480764
17 38 -0.002588695237388187
17 39 0.05921785235651876
18 18 0.0
18 19 0.021829362108667517
18 20 0.05146572254294794
18 21 -0.010926078104997348
18 22 -0.07822270184127456
18 23 0.03877168067595184
18 24 0.0009265520489879102
18 25 0.02390706741738253
18 26 0.023118247586262484
18 27 -0.024856882069597224
18 28 -0.04040229591719859
18 29 0.06208720270213456
18 30 0.044663296132067556
18 31 -0.043900332103981025
18 32 -0.01904553753752998
18 33 0.030322887034333373
18 34 -0.02174049037865979
18 35 -0.14727275923629468
18 36 0.017524127277080914
18 37 -0.021601177973068198
18 38 0.10817458120778237
18 39 0.008417108548782245
19 19 0.0
19 20 -0.06736034891263064
19 21 -0.15631315226304793
19 22 -0.0525403012712534
19 23 0.00953266506816036
19 24 0.21617746060712828
19 25 0.06766297267704363
19 26 0.26353713811511575
19 27 -0.17167396674618898
19 28 -0.034123913206970814
19 29 -0.09669598164140561
19 30 0.04723260243073584
19 31 0.13699712838786088
19 32 -0.03998718001477466
19 33 -0.01694857056784326
19 34 0.05224616430856329
19 35 0.16137881243390648
19 36 0.09393741966291691
19 37 0.18018531771635657
19 38 -0.09166380104736101
19 39 -0.07344744311178084
20 20 0.0
20 21 0.06697667273660336
20 22 -0.11682010573103056
20 23 -0.03462117565912734
20 24 0.0012610496011685795
20 25 -0.154749909063068
20 26 -0.0844201828415698
20 27 0.07387941354155492
20 28 -0.007226962619171483
20 29 -0.005583995404634738
20 30 0.02910777463589211
20 31 -0.02406169214100527
20 32 0.16633135144075287
20 33 0.01678297605378431
20 34 -0.0932230230407656
20 35 -0.059822068889301985
20 36 0.09957066079347573
20 37 0.005195087556903396
20 38 0.02416269787204165
20 39 0.17675657147218912
21 21 0.0
21 22 -0.0408297839719837
21 23 0.07730205390402814
21 24 -0.0678426711962828
21 25 -0.031293759005252816
21 26 -0.10398572057699632
21 27 0.036566671816616624
21 28 -0.08012121282081777
21 29 0.08189524946020427
21 30 0.006647833106503102
21 31 -0.08714349483154013
21 32 0.0409888721946609
21 33 0.05154648333794881
21 34 -0.02947927095610294
21 35 -0.220018555821533
21 36 -0.010713340555568019
21 37 -0.04592061506900953
21 38 -0.07540422776398122
21 39 0.08689202707248239
22 22 0.0
22 23 -0.009813525960336399
22 24 -0.08443254923274247
22 25 0.04393837055591657
22 26 -0.01544942236988064
22 27 0.019777334899820954
22 28 -0.023259695915139673
22 29 -0.03666351071692437
22 30 0.03151702561261236
22 31 -0.13111353782521765
22 32 -0.1133877715009742
22 33 -0.016187157464895928
22 34 0.07500078909461608
22 35 -0.018243497468208216
22 36 0.007379596625669599
22 37 -0.02453847907709147
22 38 0.038873766821496694
22 39 -0.20842598964811815
23 23 0.0
23 24 0.04983941028043583
23 25 0.13484305431324659
23 26 -0.0162462697911874
23 27 0.0025842631841241576
23 28 -0.06441304420532233
23 29 0.12185699450205636
23 30 0.06758078895137237
23 31 0.041524350734776436
23 32 -0.13260680541015776
23 33 0.0468045883102359
23 34 0.09305090612517204
23 35 -0.07710559403957332
23 36 -0.0657718860175146
23 37 0.051943640599666975
23 38 -0.09332086907052681
23 39 -0.006174190373419143
24 24 0.0
24 25 0.01021077871606719
24 26 0.10017376441837378
24 27 -0.06431927068361748
24 28 0.014615527760559693
24 29 -0.00500097408533001
24 30 0.003890669429303989
24 31 0.1899715316096519
24 32 -0.009044426260194475
24 33 -0.014158225662860156
24 34 0.04160622361880746
24 35 0.13928602328231593
24 36 0.0361862722990391
24 37 0.1481111602581118
24 38 -0.13588815741306243
24 39 0.026310389056610244
25 25 0.0
25 26 0.0038698775553582913
25 27 -0.13909128325734915
25 28 -0.03689393727376648
25 29 0.030430496710825705
25 30 0.0662257583349641
25 31 -0.12146091709614948
25 32 0.00036010964948166106
25 33 0.12425304679365638
25 34 0.1265724219867594
25 35 -0.20550841521953878
25 36 0.04536997183478315
25 37 0.06772260725509438
25 38 -0.11937645192778032
25 39 -0.1236527671637927
26 26 0.0
26 27 -0.09765884358229068
26 28 -0.0944133623549265
26 29 -0.1232278165055476
26 30 0.07121017672641214
26 31 -0.0012902566605111204
26 32 -0.0881935498557714
26 33 -0.03405223841055944
26 34 0.00705976672245452
26 35 0.15488066510613288
26 36 0.021761362186309103
26 37 0.03674483327419768
26 38 0.03030597445352514
26 39 -0.022778759352469716
27 27 0.0
27 28 0.06802739204056878
27 29 0.0064527076641377815
27 30 -0.06809737426713551
27 31 0.04575605189047606
27 32 -0.09988624176214381
27 33 0.03897837845127393
27 34 -0.0026744742688486864
27 35 -0.01961290611413224
27 36 -0.10979144732322499
27 37 -0.10507862140514737
27 38 0.15206444431392224
27 39 0.2128681760476721
28 28 0.0
28 29 -0.07142329039183519
28 30 -0.15877857295000497
28 31 0.13193661970046833
28 32 0.018550888153213936
28 33 -0.09012590529949441
28 34 0.061146823178990214
28 35 0.12627358148786832
28 36 -0.06324581506807705
28 37 -0.034725593224764276
28 38 -0.006885617037379607
28 39 0.08531756984223492
29 29 0.0
29 30 0.052454195614974
29 31 0.09459570974291412
29 32 -0.06866415373886899
29 33 0.10197907597215598
29 34 -0.0701139852874785
29 35 -0.14112205275532771
29 36 -0.06801605726542052
29 37 0.044324437924250004
29 38 -0.04643698214170151
29 39 -0.089087504634529
30 30 0.0
30 31 -0.09330517259022382
30 32 -0.03377058680310951
30 33 0.0596703566593225
30 34 -0.03040279956912878
30 35 -0.007470648748132737
30 36 0.06538579484879826
30 37 0.07740414832447474
30 38 -0.012316092910745433
30 39 -0.07779586582814427
31 31 0.0
31 32 -0.10586257319603172
31 33 -0.03361972110133221
31 34 0.02374074446180068
31 35 0.33261536450933604
31 36 -0.14237037567800884
31 37 0.14769590178978437
31 38 -0.1460183145296748
31 39 0.10072277031122341
32 32 0.0
32 33 0.05525465448807397
32 34 -0.1562027033549252
32 35 -0.09118218383461836
32 36 0.19847733386071992
32 37 -0.0004252519430293079
32 38 -0.038782830357192086
32 39 0.07255214319605348
33 33 0.0
33 34 -0.08509396132781304
33 35 -0.21691238896243661
33 36 0.03397108084903942
33 37 0.03947546872023584
33 38 0.07996339872331615
33 39 -0.036709515984514725
34 34 0.0
34 35 0.03408788797391689
34 36 -0.04642744875080261
34 37 0.020429758837094504
34 38 -0.08823146933967392
34 39 -0.026626653837844644
35 35 0.0
35 36 -0.15130603804839485
35 37 0.09447137570211063
35 38 -0.1517302023534243
35 39 0.10166255444704697
36 36 0.0
36 37 0.08543413266924255
36 38 -0.04222637523398035
36 39 -0.07125695073199076
37 37 0.0
37 38 -0.17821772277001371
37 39 -0.07188822186854218
38 38 0.0
38 39 -0.0032400502800082032
39 39 0.0
