0 0 0.0
0 1 -0.046540576668050684
0 2 0.12827232007410275
0 3 -0.036480141868422085
0 4 -0.047227290286922095
0 5 0.2991996485916414
0 6 0.18870572099758293
0 7 -0.10006368548409872
0 8 -0.07679224765224708
0 9 0.0968752036766348
0 10 -0.10857986834851545
0 11 -0.14242806724733154
0 12 0.1722053233273065
0 13 0.04048751356663012
0 14 -0.002279792605647539
0 15 0.14111391805613516
0 16 0.14173205278998155
0 17 -0.021716077161253296
0 18 -0.16383013862263957
0 19 0.18384659871019365
0 20 -0.11455664197750182
0 21 -0.04357149563304879
0 22 0.09149639767171643
0 23 -0.05787168748165757
0 24 -0.09734575904247193
0 25 -0.1490145215458942
0 26 0.0934193624913648
0 27 0.11443640019997973
0 28 -0.045984111519847826
0 29 -0.14331820533140666
0 30 0.04928767231301293
0 31 -0.1288886527930634
0 32 -0.04972810706912224
0 33 0.1988856030404276
0 34 -0.27469134536717993
0 35 0.10498030455610927
0 36 -0.0032062971041116072
0 37 0.2010903054567029
0 38 0.013106561760366259
0 39 -0.004824703888428013
1 1 0.0
1 2 -0.18032979607293506
1 3 -0.024300295452496914
1 4 0.006774167947582591
1 5 0.0141177166308761
1 6 0.058191831570165185
1 7 0.2725723863200399
1 8 -0.1190146717494199
1 9 0.16347525488742426
1 10 -0.19908310305978769
1 11 -0.058949223624721936
1 12 -0.04184917252520534
1 13 -0.1702085287486594
1 14 0.08549334366312279
1 15 -0.18915565840593634
1 16 0.027183981488482785
1 17 -0.21770128677080586
1 18 0.0073024574097324685
1 19 -0.09056458438039741
1 20 0.03945144212713803
1 21 -0.018571444177780404
1 22 -0.06798544731468921
1 23 -0.1308286381665716
1 24 -0.11854051378324801
1 25 0.0000854216722702502
1 26 0.009269759100903278
1 27 -0.020848982901716766
1 28 0.0309043164779361
1 29 0.03314818265483564
1 30 0.0356761432508361
1 31 0.18090648927088732
1 32 -0.04573434473210713
1 33 -0.0202300627175464
1 34 -0.030867711646441642
1 35 0.0009974860887357149
1 36 -0.06615137362828943
1 37 -0.25702520754226643
1 38 -0.13288115398633643
1 39 -0.01890444573264182
2 2 0.0
2 3 0.02443126067693886
2 4 0.16254093682414256
2 5 -0.10679598204363812
2 6 -0.20108018036573155
2 7 -0.3410252223814537
2 8 0.02952767626717017
2 9 -0.21947428494162607
2 10 0.18378891436134198
2 11 -0.08730525243195297
2 12 -0.03559781920324219
2 13 0.1392427709657495
2 14 -0.10122905343605948
2 15 0.19945204807479067
2 16 0.02470445557936208
2 17 0.081168879066354
2 18 -0.13104098542173773
2 19 -0.01078377177696023
2 20 0.0037047423460784172
2 21 0.018417941370251035
2 22 0.10177754664431962
2 23 0.09807312879062677
2 24 -0.1613432210233473
2 25 0.005444027790173987
2 26 0.018555114763904347
2 27 0.12198395408636642
2 28 -0.07628670169272905
2 29 -0.0722019851742409
2 30 -0.024396718751579973
2 31 -0.17281774168868944
2 32 -0.08331461785552367
2 33 -0.052542462895775174
2 34 -0.01449385662169585
2 35 0.00803323683869421
2 36 0.0741530283332683
2 37 -0.023714120738478367
2 38 0.24293935687557164
2 39 0.02662332412763168
3 3 0.0
3 4 0.12298751532899335
3 5 -0.01405522865312451
3 6 -0.0562440579103925
3 7 0.0729188991559535
3 8 0.07104708173630116
3 9 -0.01608507385618926
3 10 0.07461491675119863
3 11 0.05977420845311523
3 12 0.030573527351716246
3 13 -0.042199748102682295
3 14 -0.03807486265648446
3 15 -0.013167460902960174
3 16 -0.04405117313020194
3 17 -0.08802864218137421
3 18 -0.007293090196907162
3 19 -0.13290160314542868
3 20 0.04692559044003765
3 21 0.1140885313142315
3 22 0.0391429928272078
3 23 0.07580716100689325
3 24 -0.028559168547796148
3 25 0.07172566906820935
3 26 0.092099895432371
3 27 0.10406227803402227
3 28 -0.02805405006382892
3 29 -0.08927040502921992
3 30 -0.03143327855488191
3 31 -0.014795785781278974
3 32 0.1912707923928576
3 33 -0.001835278878005955
3 34 -0.07565611090605777
3 35 -0.061530839588853546
3 36 0.09146146890649107
3 37 -0.0842123983267683
3 38 0.059891957271416815
3 39 -0.07879164406100093
4 4 0.0
4 5 0.06088191938365163
4 6 -0.14051021337704994
4 7 0.0065592036631276955
4 8 0.0017317641455663068
4 9 -0.15044948083112936
4 10 -0.07361477056234914
4 11 0.14973426411838917
4 12 -0.13544918317217935
4 13 -0.24088960729075032
4 14 -0.1799134247277312
4 15 -0.022139509277181054
4 16 -0.07414974855216325
4 17 -0.06636750149804316
4 18 0.03037564067609852
4 19 -0.07421552998665244
4 20 0.08307569867593716
4 21 0.12382890615756166
4 22 -0.08083770741270892
4 23 -0.14263571886522858
4 24 0.05116370195680916
4 25 0.0732784987952896
4 26 0.08302368530908649
4 27 0.23022149458975233
4 28 -0.0031062310559862895
4 29 -0.0614740006087781
4 30 0.11952947979672238
4 31 0.14107259433617583
4 32 -0.03534448177782097
4 33 -0.2490242624229234
4 34 -0.15971708252524497
4 35 0.027874287919263108
4 36 0.015848665560199832
4 37 -0.20434134178482477
4 38 -0.029124988058968758
4 39 0.018712138227182977
5 5 0.0
5 6 0.16581151502598915
5 7 0.20311176525787986
5 8 -0.10018832388767702
5 9 0.0527764640145009
5 10 -0.16102914612041935
5 11 0.12985973144197857
5 12 0.22880982874885455
5 13 -0.04848956066951737
5 14 -0.1520443985265331
5 15 -0.197012540864203
5 16 0.09694032655162238
5 17 0.02015141569669803
5 18 -0.12339741592417944
5 19 0.1550388616111656
5 20 -0.02555667832269538
5 21 0.17390421224983127
5 22 -0.08245186496327943
5 23 -0.24530922574990227
5 24 -0.03939032505583726
5 25 0.08249521982468776
5 26 0.12746121186290926
5 27 0.17178572192982083
5 28 0.15547869987233362
5 29 0.1018758173077104
5 30 0.10403683542927636
5 31 0.07233219990144513
5 32 -0.04603565970236804
5 33 0.12244461447291193
5 34 -0.09351775290480403
5 35 0.11828612353262236
5 36 -0.07156580688809297
5 37 0.12244547179043219
5 38 -0.15966598242190438
5 39 -0.029038822551579253
6 6 0.0
6 7 0.09444964971374466
6 8 0.12738309834768619
6 9 0.24825164448632547
6 10 -0.20181855505289156
6 11 -0.05619696023256919
6 12 0.14175714064868633
6 13 -0.16548912267283555
6 14 0.23598237270867237
6 15 -0.03831481877937022
6 16 0.10150072634183165
6 17 0.08366788623489423
6 18 0.12609775035404666
6 19 0.1305086958795954
6 20 0.08396378237311619
6 21 -0.16969604173209113
6 22 -0.12630935711687324
6 23 0.11511780334821604
6 24 0.024915211176880038
6 25 -0.1097340577628523
6 26 0.057877488559259026
6 27 -0.06936589912190498
6 28 0.07182175363862786
6 29 -0.02624105964218864
6 30 -0.10560063025986463
6 31 0.025597412917476935
6 32 0.010537634531363778
6 33 0.10867764128207422
6 34 -0.2244174966130888
6 35 0.11463148129062765
6 36 0.13206949772668944
6 37 0.13480984212872107
6 38 -0.07885584760366231
6 39 -0.19349635327714698
7 7 0.0
7 8 -0.10395740613177695
7 9 0.1787656272791512
7 10 -0.13300820045024814
7 11 0.17287298700999706
7 12 -0.01069716863078696
7 13 -0.22386866342147496
7 14 0.022786236487401614
7 15 -0.3347058002418462
7 16 -0.005273886997596486
7 17 -0.21481808114254686
7 18 0.09603785599310624
7 19 -0.23755152672359067
7 20 0.029340518026606123
7 21 -0.01449028660383411
7 22 -0.04331975036172165
7 23 -0.0981881907248675
7 24 0.026926113120606537
7 25 -0.061029607806527074
7 26 0.05627886948315404
7 27 -0.03005588216965141
7 28 0.14713988722824672
7 29 0.08814994985760669
7 30 0.007698210248598377
7 31 0.20572486219897557
7 32 0.17127402327856525
7 33 -0.058401597675926134
7 34 -0.037079855562754484
7 35 -0.00945072990866106
7 36 -0.08159626573299958
7 37 -0.1866615138947957
7 38 -0.1465864160405051
7 39 -0.1489494782793121
8 8 0.0
8 9 0.014660797097366859
8 10 0.13437484062905145
8 11 0.09333484054553735
8 12 0.01794938230370605
8 13 0.010134797486690637
8 14 0.11159794389887703
8 15 0.04999425781043772
8 16 -0.09840766481179251
8 17 0.044115327203987774
8 18 0.09524064671600341
8 19 0.10863198060812249
8 20 0.11221454122446708
8 21 -0.000078162962980929
8 22 -0.07118006001158435
8 23 0.20517763924298976
8 24 -0.08758916845572948
8 25 0.15175009311288026
8 26 0.1652048335349067
8 27 -0.07754851338407881
8 28 -0.13942084687183837
8 29 -0.14703444089037793
8 30 0.010325021354979915
8 31 -0.13683585552104632
8 32 0.13495596544323077
8 33 -0.0797251654524532
8 34 -0.011612447756994423
8 35 -0.03398892331040319
8 36 0.1309797503213257
8 37 -0.012645254282523897
8 38 0.04887409625949144
8 39 -0.2873159209833963
9 9 0.0
9 10 -0.1143160905475927
9 11 -0.05433218623664129
9 12 0.0013698111821467557
9 13 -0.05206008343780035
9 14 0.14216113663969243
9 15 -0.20637475835181612
9 16 0.04959980903356188
9 17 -0.08725120999092498
9 18 0.016172173676300867
9 19 0.08021426800757851
9 20 0.12105554290367995
9 21 -0.09307776428947773
9 22 -0.1940820395879139
9 23 0.011944516544380442
9 24 -0.21936348277237375
9 25 -0.09092249343540819
9 26 0.043815075791562644
9 27 -0.0493709238831655
9 28 -0.06792854147197866
9 29 -0.06349972946361157
9 30 -0.13233517673039705
9 31 0.08334909611077275
9 32 0.10776946146281255
9 33 0.11985927528583402
9 34 -0.041878776523226524
9 35 0.17824545217635415
9 36 0.10833378714610989
9 37 -0.02315247784950929
9 38 -0.1529667852548649
9 39 -0.06678321329157849
10 10 0.0
10 11 0.11328888894373941
10 12 -0.062124490498582915
10 13 0.12800112409075579
10 14 -0.10940517617427348
10 15 0.16603393428918178
10 16 -0.04977543746777009
10 17 0.0014726964186092938
10 18 -0.028019974529179474
10 19 0.025549921781806116
10 20 0.01960296335656035
10 21 0.10384642853087686
10 22 0.16724470918654305
10 23 0.09748301300555028
10 24 -0.09071735963303626
10 25 -0.014225631407821637
10 26 -0.007682953976106688
10 27 -0.01843202188316332
10 28 -0.060693808030279336
10 29 0.03274664291317862
10 30 -0.13333838351382166
10 31 -0.16128223828958566
10 32 0.1445791408524029
10 33 -0.004110743197664427
10 34 0.1696549487012704
10 35 -0.06031541314085398
10 36 0.08294936244720107
10 37 -0.0680921928977828
10 38 0.10211729204903822
10 39 -0.06167978797733202
11 11 0.0
11 12 -0.013269039734730804
11 13 -0.1059749995459591
11 14 -0.12183185022520049
11 15 -0.09961479600852653
11 16 -0.08197915045474626
11 17 0.04846343032781969
11 18 0.05585667904233258
11 19 -0.02393314816716373
11 20 0.07928095735738087
11 21 0.14715064576022308
11 22 -0.05945956091653406
11 23 -0.0918149158122677
11 24 0.13288094682608426
11 25 -0.004628672149155452
11 26 0.02875765713372096
11 27 -0.09033621027475305
11 28 0.04948511359843487
11 29 0.060545685179607456
11 30 0.09000311745454927
11 31 0.06901966564374792
11 32 0.1469223221540541
11 33 -0.1560487153758347
11 34 0.05981448775658824
11 35 -0.003330448056680841
11 36 0.050102744003220366
11 37 -0.1121985101852105
11 38 -0.10281973558165873
11 39 -0.12711772820866557
12 12 0.0
12 13 0.1337125489606103
12 14 0.06385957608210689
12 15 0.0003451921078053637
12 16 0.21314561399443316
12 17 0.08257280699661126
12 18 -0.12708234023380077
12 19 0.041574354931119314
12 20 0.12350237129807037
12 21 0.05873393759440918
12 22 -0.09140591449251914
12 23 0.022055020969028057
12 24 -0.010546501991579927
12 25 -0.025268713238203844
12 26 0.02888827948834465
12 27 0.007052680788177362
12 28 0.11400935177899578
12 29 0.0757407404214574
12 30 -0.017806128124605188
12 31 0.02850060801453866
12 32 0.00890347033510424
12 33 0.2211217141567252
12 34 -0.07806251645364662
12 35 -0.08453666219759029
12 36 -0.046347940567428886
12 37 0.13876248126124185
12 38 -0.015246135998836513
12 39 0.011290236120352822
13 13 0.0
13 14 -0.05079068326896859
13 15 -0.0011942657633629958
13 16 0.021296699945025734
13 17 0.09332824730809242
13 18 -0.19248793667499323
13 19 0.10397207407152717
13 20 -0.018215305316574625
13 21 0.10304918331936075
13 22 -0.03708229869871941
13 23 0.014164991938859941
13 24 -0.12103806316676007
13 25 0.11329755785337015
13 26 -0.04764001794900578
13 27 0.016064971795764
13 28 -0.046933025146360316
13 29 0.01670602933995109
13 30 0.07224543783421022
13 31 -0.19904895588024515
13 32 -0.021712973217373036
13 33 0.13724298996747056
13 34 0.1698956069607006
13 35 -0.01740908646598302
13 36 -0.05366139310108916
13 37 0.2711220169300542
13 38 0.11953103216773338
13 39 0.18799541486063867
14 14 0.0
14 15 -0.06484592459482366
14 16 0.08882832864394395
14 17 0.08310287872809294
14 18 0.08729249508028368
14 19 -0.09803233718434536
14 20 0.13141312917117604
14 21 -0.1285342862856723
14 22 -0.01332835356465413
14 23 0.222766272645862
14 24 -0.024397429477843506
14 25 -0.16877801971929912
14 26 -0.07686954405913328
14 27 -0.2394645781024122
14 28 -0.05876430089493183
14 29 -0.12842061315239098
14 30 -0.06866080807961586
14 31 0.04546345786858092
14 32 0.006429805787930723
14 33 0.05925761199093042
14 34 0.1007211986320872
14 35 -0.02252827011956076
14 36 0.13969738604739146
14 37 -0.04141175442685703
14 38 0.1484788592777164
14 39 -0.14424973742553543
15 15 0.0
15 16 0.07807242349481222
15 17 0.014199470935502195
15 18 0.0440164507706491
15 19 0.21015414389215797
15 20 -0.0898396720118538
15 21 -0.00478617413935257
15 22 0.27528593533092816
15 23 0.10518014109274787
15 24 0.2295773015229492
15 25 -0.12137069447184023
15 26 -0.11521821053291295
15 27 0.09098393686901056
15 28 0.14090027927112544
15 29 0.09211448076014159
15 30 -0.08934143383786987
15 31 -0.21210615187248827
15 32 -0.08955864603670549
15 33 -0.006229261225317188
15 34 -0.26660113373831457
15 35 -0.12986729270946795
15 36 -0.019433221290215116
15 37 0.04470827758129915
15 38 0.07816934643465066
15 39 0.09291598997022296
16 16 0.0
16 17 0.00755464711062664
16 18 -0.12991809009960015
16 19 0.02123269174296611
16 20 0.14240057959395633
16 21 -0.01198113928590248
16 22 -0.043465510267960424
16 23 0.03415551123881164
16 24 -0.045412260039507504
16 25 -0.19043305040470876
16 26 -0.13774528540182784
16 27 0.023789289299340197
16 28 0.16594481969969826
16 29 0.14596876990491336
16 30 -0.1779914330586433
16 31 0.0708519708239342
16 32 -0.09343622881991287
16 33 0.10659608804554162
16 34 -0.04033935388076781
16 35 -0.007701537988142587
16 36 -0.08476455952543686
16 37 -0.035117626597637105
16 38 -0.010799572045734927
16 39 0.11774300151145026
17 17 0.0
17 18 0.10674545725650723
17 19 0.046089297110255015
17 20 0.06394884378856076
17 21 -0.09148787956553975
17 22 -0.16245816257761597
17 23 0.22075183552168295
17 24 0.12332438590369724
17 25 0.04339689318547461
17 26 -0.01816528746759197
17 27 -0.14435161861802495
17 28 0.06333596220322402
17 29 0.0015495016742032735
17 30 0.04213251008775863
17 31 -0.0122586484742571
17 32 -0.03176366795077428
17 33 0.03228310979087314
17 34 0.13126581112050645
17 35 0.07375267277958707
17 36 0.13061659775955187
17 37 0.23198942158045116
17 38 0.1524011179813577
17 39 -0.009726795302350304
18 18 0.0
18 19 0.026376776081456676
18 20 0.07423506071624919
18 21 -0.16161770534214587
18 22 -0.03632262506097478
18 23 0.08290490594262254
18 24 0.15945064834166015
18 25 0.0026332480221443466
18 26 0.134965150104521
18 27 0.0068606638252382435
18 28 0.08964516607409033
18 29 0.03297262405959141
18 30 0.019558828048060233
18 31 0.10607251059500729
18 32 0.0904514458922315
18 33 -0.007829329589325296
18 34 -0.12431058591380373
18 35 -0.020391506823910475
18 36 0.1487862262972563
18 37 0.039127158965511846
18 38 0.00998810849028853
18 39 -0.177875775731772
19 19 0.0
19 20 0.056678325022293405
19 21 0.21672848697605254
19 22 -0.05988970119071672
19 23 -0.19441270907381766
19 24 -0.2315492090255485
19 25 0.07861874206807361
19 26 0.11547816248716876
19 27 0.1733032147391843
19 28 0.1054940543251052
19 29 0.12463482331544418
19 30 0.051006489537225565
19 31 -0.10621677709494189
19 32 -0.17450923503120255
19 33 0.12655886675771919
19 34 -0.06067388227022167
19 35 0.15524219289438587
19 36 0.10015245344748983
19 37 0.0958693159860013
19 38 -0.2037497354984354
19 39 -0.025804562549916903
20 20 0.0
20 21 0.09563174443571143
20 22 -0.2593381017604644
20 23 0.03994624420729713
20 24 -0.1770120455882491
20 25 -0.0441945889848218
20 26 0.010716925321050131
20 27 0.044389552463453545
20 28 0.09968206957138462
20 29 0.10993127737601283
20 30 -0.13786242147488695
20 31 0.1936264593598293
20 32 0.05388147068598834
20 33 0.05409563781975794
20 34 0.03577690283670171
20 35 0.03400786066802419
20 36 0.16612016594589935
20 37 -0.1880773781312218
20 38 -0.02342960937996908
20 39 -0.03441641892762618
21 21 0.0
21 22 0.0783390875237919
21 23 -0.27661620613382587
21 24 -0.08996539449911575
21 25 0.25198509340584707
21 26 -0.04284699572703377
21 27 0.2163443280612109
21 28 0.11747740942149212
21 29 0.14346441546470864
21 30 0.10874956595277638
21 31 -0.01462731256139487
21 32 -0.03858626947380887
21 33 0.01843486604924294
21 34 0.15419693852065222
21 35 -0.01550003669413024
21 36 0.10351773601703214
21 37 -0.20911273955401471
21 38 -0.03329369898968538
21 39 0.09590280094690891
22 22 0.0
22 23 -0.01887639865998241
22 24 0.14723823966296307
22 25 -0.1079485438541932
22 26 -0.088116478989858
22 27 0.015365323563293523
22 28 -0.013890734988328305
22 29 -0.02012902057252633
22 30 -0.02174841659093544
22 31 -0.199207544517703
22 32 -0.012925020817063584
22 33 0.00017607366440957172
22 34 -0.0050822565492930905
22 35 -0.14770364610454015
22 36 -0.02479020300868882
22 37 -0.02485189274130649
22 38 0.15041361509790493
22 39 -0.03271546916603611
23 23 0.0
23 24 -0.021359146385029736
23 25 -0.0756072259156566
23 26 0.004314534366449891
23 27 -0.1892176727612258
23 28 -0.02255949654357671
23 29 -0.1546908728377387
23 30 -0.18326857000391777
23 31 -0.13698366965271372
23 32 0.15450814533994903
23 33 -0.03994840130865952
23 34 0.02072336443562485
23 35 -0.026804533870120755
23 36 0.10311508415325872
23 37 0.06077979468285125
23 38 0.25980381947982834
23 39 -0.18114840674693047
24 24 0.0
24 25 -0.07116019876151461
24 26 -0.2863457658899848
24 27 -0.09938753865727312
24 28 0.1637724445439634
24 29 0.12609347543546123
24 30 0.07466831610632618
24 31 0.008739827370875081
24 32 -0.01020013033132169
24 33 -0.14067844064897334
24 34 -0.24680893160094763
24 35 -0.1696903806875242
24 36 -0.1122370038548715
24 37 0.2357460347309365
24 38 0.02269381079951034
24 39 0.21321425893820453
25 25 0.0
25 26 0.1676469964295239
25 27 0.2107638965246954
25 28 -0.021920674183229953
25 29 0.018434638625932972
25 30 0.19697372293546073
25 31 -0.026380088855373914
25 32 -0.014632609294310612
25 33 0.019904658872393934
25 34 0.09266710089422257
25 35 -0.01662738341164554
25 36 -0.00544788192605821
25 37 0.0064302653506265964
25 38 0.0127548127704462
25 39 0.05634826934456251
26 26 0.0
26 27 0.11883753215630813
26 28 -0.1166632780391262
26 29 -0.16955614996884324
26 30 0.15007264732722486
26 31 0.004729256379440793
26 32 0.13707438803917932
26 33 0.09285477281911439
26 34 -0.09788168542011308
26 35 0.026997772626941197
26 36 0.08594549877330386
26 37 0.04257366289254125
26 38 -0.037798544227701146
26 39 -0.2926099816765969
27 27 0.0
27 28 0.15520457085528366
27 29 0.13678664520994283
27 30 -0.03784593125643244
27 31 0.023513624989909096
27 32 -0.05946591161638376
27 33 0.10346366330494634
27 34 -0.2242908498486175
27 35 0.035749225185524994
27 36 -0.006233861097971489
27 37 0.014644460715084281
27 38 -0.032805350395846006
27 39 0.15303738055741448
28 28 0.0
28 29 0.37775235184919176
28 30 -0.08129898317413664
28 31 0.05820517371860491
28 32 -0.10686787325463556
28 33 -0.026823928075861824
28 34 -0.16337152514639702
28 35 -0.019199132855265977
28 36 -0.04369063690308484
28 37 -0.046132442468746294
28 38 -0.04142352559593327
28 39 0.07484444321655463
29 29 0.0
29 30 -0.13523161492445412
29 31 0.09547202222533364
29 32 -0.13819012153042998
29 33 0.023163534993631076
29 34 -0.01710612175734369
29 35 -0.029409251254362778
29 36 -0.09466299673990086
29 37 -0.06611282898797435
29 38 -0.1196640976089363
29 39 0.18191030400874522
30 30 0.0
30 31 -0.003675950934502046
30 32 -0.0518148685914314
30 33 -0.08094002146671887
30 34 0.013383564081755287
30 35 -0.050868001515432505
30 36 -0.06775970739354933
30 37 0.05569667761300747
30 38 -0.011203093480869581
30 39 -0.0374072001902658
31 31 0.0
31 32 -0.012603956911617423
31 33 0.044602407662354196
31 34 0.07003068940837327
31 35 -0.006793207397260674
31 36 -0.06057491550643966
31 37 -0.16746827482008278
31 38 -0.1333918264398803
31 39 0.08362917829112936
32 32 0.0
32 33 0.04183226024863077
32 34 -0.031167047811997445
32 35 -0.03408716003431439
32 36 0.12864210931661454
32 37 -0.0037280595665058645
32 38 0.03356067740449673
32 39 -0.17795799374869126
33 33 0.0
33 34 0.018208971790759587
33 35 -0.009071289568951289
33 36 0.04731651719488053
33 37 0.1869889083250557
33 38 -0.002214365187960873
33 39 0.06574436787642314
34 34 0.0
34 35 0.0006498690086482358
34 36 -0.044525676053508975
34 37 -0.13994156940373748
34 38 0.09768887047813715
34 39 0.04871156137034379
35 35 0.0
35 36 0.1249213193196407
35 37 0.04349767025677716
35 38 -0.06841834548101902
35 39 -0.02230934768814405
36 36 0.0
36 37 -0.037123151673533014
36 38 0.10777113373373823
36 39 -0.23092453108137329
37 37 0.0
37 38 0.04651905411575284
37 39 0.09114173747929563
38 38 0.0
38 39 -0.03913128892796465
39 39 0.0
