0 0 0.0
0 1 0.046869679206698725
0 2 0.04566330940406042
0 3 0.1065164948690406
0 4 0.018956614078599845
0 5 0.08901196584378426
0 6 0.015067294276190125
0 7 -0.005098148387811673
0 8 -0.04325721248942163
0 9 0.05069555162464921
0 10 0.00374561227353611
0 11 -0.05956918588122554
0 12 0.08429026099910367
0 13 0.028243011458610294
0 14 -0.06648167707508335
0 15 -0.0021369942454968903
0 16 -0.054258058905972406
0 17 -0.01799087985624189
0 18 -0.0833536409773585
0 19 0.029589227818283315
0 20 -0.09378097224830698
0 21 0.040448243831706004
0 22 0.05641688738067167
0 23 -0.04796165244718059
0 24 0.09167097895805947
0 25 -0.01727905521571703
0 26 0.032966076322364
0 27 0.0677687203275464
0 28 0.05175990756462375
0 29 0.061870542303888686
0 30 0.041456665556084765
0 31 -0.018849879207641983
0 32 -0.05337680028021681
0 33 -0.021542570404183753
0 34 0.011357873792922522
0 35 0.0761109991915857
0 36 -0.01757768730154504
0 37 -0.01618419159596962
0 38 -0.030548685205589576
0 39 -0.022117414059520883
1 1 0.0
1 2 0.05919505331544124
1 3 -0.006467340045629691
1 4 0.06373313505249349
1 5 -0.12149705157821937
1 6 0.20226372368644174
1 7 -0.025385033453929944
1 8 0.027666634996879925
1 9 0.05333043587983381
1 10 0.05471943109636486
1 11 -0.012344831842475385
1 12 0.1213121810646586
1 13 -0.007568386220573961
1 14 -0.05000274545725901
1 15 -0.15674770302945135
1 16 -0.07817316131533388
1 17 0.05419210042301009
1 18 -0.05464707048663555
1 19 0.10140467657276209
1 20 -0.0993363749370796
1 21 -0.13672333425137723
1 22 0.057171136347316076
1 23 0.043141137650105285
1 24 0.026284254883530984
1 25 0.10350891887435949
1 26 -0.06854486882533029
1 27 0.17281081517215763
1 28 0.19167581752527443
1 29 -0.010118906761752536
1 30 -0.004139096855002625
1 31 -0.008098373803765772
1 32 0.15377152891465537
1 33 -0.02545322755343219
1 34 0.0786389234260303
1 35 0.027765857345233763
1 36 -0.08328372480585643
1 37 -0.04727833952532738
1 38 -0.04802834827441028
1 39 -0.05069170317311805
2 2 0.0
2 3 0.07249962930174869
2 4 0.043747166912584776
2 5 0.024539355196193036
2 6 0.05516394072617966
2 7 0.016232908982642617
2 8 -0.008689988097345825
2 9 0.002526167412865001
2 10 0.007861977306065434
2 11 -0.008655395189502684
2 12 0.049027260405759845
2 13 0.025347148422672938
2 14 -0.01957877098468461
2 15 -0.041556075430563236
2 16 -0.073117623129994
2 17 0.042284130952029396
2 18 -0.03124067855273155
2 19 -0.01514085648533663
2 20 -0.11055019566493654
2 21 -0.004539267762538182
2 22 -0.01632970829424979
2 23 -0.008532658586697718
2 24 0.024266294915486764
2 25 0.038962112662452864
2 26 0.00021576767055822753
2 27 0.023019787051403968
2 28 0.024102687093634802
2 29 0.021652121218765592
2 30 0.03683625110456288
2 31 0.005709174886675126
2 32 -0.0038825349455111186
2 33 -0.012038212756833682
2 34 0.02287698539370756
2 35 -0.01742035662558219
2 36 -0.023341296547708692
2 37 -0.021154922978632962
2 38 -0.01347236099218398
2 39 0.03930132257521374
3 3 0.0
3 4 0.029258204438987752
3 5 0.1069980119018052
3 6 0.00890358497173757
3 7 0.011161243155820238
3 8 -0.040075008907877976
3 9 0.0014757931479879721
3 10 -0.041712699885535234
3 11 -0.03526179815858675
3 12 0.03575918330128335
3 13 0.03889365055829551
3 14 -0.03569160302218326
3 15 -0.023896141439809983
3 16 -0.08133500357822834
3 17 0.01238503315784548
3 18 -0.044881080839065925
3 19 -0.047626708686415484
3 20 -0.10580720580041406
3 21 0.03488812997464087
3 22 0.001043971603140723
3 23 -0.03601787067833859
3 24 0.06680030724355776
3 25 -0.020643787873031942
3 26 0.025831627038538467
3 27 -0.0015635412562242455
3 28 0.0010357498638889667
3 29 0.023194661337612298
3 30 0.04740870183790703
3 31 0.0196354924936775
3 32 -0.05710339933617322
3 33 -0.009184084592586761
3 34 0.012000072705720967
3 35 -0.014889084978218014
3 36 -0.005091004759395744
3 37 -0.01030463396458212
3 38 -0.011440949949484674
3 39 0.020196042706192963
4 4 0.0
4 5 0.017577812655321927
4 6 -0.01907047080361858
4 7 -0.008035627514560353
4 8 0.03178043711886548
4 9 0.03789764124203006
4 10 -0.03070766913381376
4 11 0.023282382892011476
4 12 0.05317576828674979
4 13 0.009704362655004337
4 14 0.020572877359562897
4 15 0.06995482424752769
4 16 -0.08169917185389558
4 17 -0.06349463124441315
4 18 -0.0022231913518732838
4 19 -0.025811431316165746
4 20 -0.05715639671013863
4 21 0.013574946369505214
4 22 -0.07399288297898052
4 23 -0.03972510359154548
4 24 0.028360399032122285
4 25 0.04564038884991288
4 26 0.048230128964707616
4 27 0.13993282459668738
4 28 0.0707229511326745
4 29 0.07153521908112406
4 30 0.01525864929550948
4 31 0.004812432011145956
4 32 0.0025528289288957733
4 33 0.053189235116313405
4 34 0.0022872734100154377
4 35 -0.0002825217633824352
4 36 0.01713021265678972
4 37 0.07848670956262137
4 38 -0.014765598025599699
4 39 0.023524296316754834
5 5 0.0
5 6 -0.101327811771872
5 7 0.05537510479740859
5 8 -0.048483574591944884
5 9 -0.02760620099237438
5 10 -0.037643278476916835
5 11 -0.03403499190283741
5 12 -0.013345159792044647
5 13 0.01107038625521258
5 14 -0.04132931141538864
5 15 0.1253135749285425
5 16 -0.03518473833738949
5 17 -0.06251229883497814
5 18 0.022540614616811457
5 19 -0.06917634508594922
5 20 -0.04418752303881599
5 21 0.10151403749308412
5 22 -0.05552998542893993
5 23 -0.09260082688022692
5 24 0.10098309327177128
5 25 -0.09558568622772881
5 26 0.08766613744310443
5 27 -0.017457363568061768
5 28 -0.051395809908962
5 29 0.017088540669579898
5 30 0.039546059986526494
5 31 0.01311981642553485
5 32 -0.12426515697951819
5 33 0.004902704634946605
5 34 -0.023179685678947872
5 35 -0.02996832257365223
5 36 0.045969966306729504
5 37 0.02272289793406937
5 38 -0.02323870516082644
5 39 -0.008804735225186586
6 6 0.0
6 7 -0.006850888697559428
6 8 -0.0022473762546717626
6 9 -0.030297584471523496
6 10 0.07674014659430099
6 11 -0.034118462760027106
6 12 0.10094718135127793
6 13 -0.030948800259840932
6 14 -0.05127033932172932
6 15 -0.20760411953743665
6 16 -0.012525080222858675
6 17 0.18357288801451072
6 18 -0.04571262313006326
6 19 0.07034220108706991
6 20 -0.14406603482612027
6 21 -0.10672348206814312
6 22 0.049433069213309304
6 23 0.06906312310130693
6 24 0.012733120761616179
6 25 0.13114662945762803
6 26 -0.11229992832685047
6 27 -0.027434240322058823
6 28 0.057373032016133384
6 29 -0.021123228423102793
6 30 0.055543434911898684
6 31 -0.012836840421634197
6 32 0.07834121784174658
6 33 -0.04549874899649796
6 34 0.034157040096670616
6 35 0.005322914358446916
6 36 -0.0709167296364728
6 37 -0.1385902255624312
6 38 -0.016269075064628942
6 39 -0.03286880003201031
7 7 0.0
7 8 -0.016574229160115684
7 9 -0.034710377707299574
7 10 0.11745848408208608
7 11 -0.0017536884649229465
7 12 0.0015760752581266261
7 13 -0.004430668557208068
7 14 -0.04548354419074077
7 15 0.09303863932632321
7 16 0.002388900899860617
7 17 0.02058090557212543
7 18 0.041114279593570495
7 19 0.02039754903960018
7 20 -0.06293249486143253
7 21 0.04518284841914987
7 22 -0.0588076200929377
7 23 -0.04506111920199582
7 24 0.01973945285829519
7 25 -0.013707143740693286
7 26 0.0408946302116462
7 27 -0.023114353989395334
7 28 -0.040944981534677974
7 29 -0.00826785021654708
7 30 0.018544503686699527
7 31 -0.03198578314842123
7 32 -0.04487530463585469
7 33 -0.05202568379853569
7 34 0.009785977656173863
7 35 -0.02478617122453794
7 36 -0.008710427477215035
7 37 -0.04916280242003334
7 38 -0.03925276281669575
7 39 0.04267196397806626
8 8 0.0
8 9 0.00807605541215611
8 10 -0.007951906049560179
8 11 0.06225758196344057
8 12 -0.03802885751555872
8 13 0.007878214621249852
8 14 0.03192206755076823
8 15 -0.007839568667826148
8 16 -0.01024343265121446
8 17 -0.019651695948141066
8 18 0.015573273130128063
8 19 0.01388118406325072
8 20 0.04071915305625319
8 21 -0.058988454234852064
8 22 0.008468033172613097
8 23 -0.021865212954900588
8 24 -0.012105925897951746
8 25 0.002164381282694867
8 26 -0.0011566697329031307
8 27 0.08226837027264747
8 28 -0.013410602665925702
8 29 0.009739153748039119
8 30 0.0014040329476848823
8 31 -0.017777154174867176
8 32 0.03902404604366819
8 33 -0.02060935173053293
8 34 -0.07361481204964218
8 35 -0.013482710516560465
8 36 -0.017896796068337724
8 37 0.05099312669670687
8 38 -0.002484177678191451
8 39 0.036135907575782736
9 9 0.0
9 10 -0.019126758452463352
9 11 0.01213917455863463
9 12 0.008721741443918947
9 13 0.05910087776718551
9 14 0.012418824532078564
9 15 0.020973205526531025
9 16 -0.05134913074840282
9 17 -0.11038990890947739
9 18 -0.05694885643061792
9 19 0.0318093400711959
9 20 0.05609373821447768
9 21 -0.0010725275645358816
9 22 0.057866368941159076
9 23 -0.0017477704505261052
9 24 -0.031660019322766485
9 25 -0.035710560329073424
9 26 0.035593393152555296
9 27 0.13375528243936669
9 28 0.09472822078724277
9 29 0.02345864392550121
9 30 -0.06782333331996601
9 31 -0.001434611240394712
9 32 0.05171428712367434
9 33 0.0020247362684778568
9 34 0.05445132723751027
9 35 0.05801620768663753
9 36 -0.02385910174584074
9 37 0.07571793503991767
9 38 -0.006223561576345102
9 39 0.02922398153684603
10 10 0.0
10 11 -0.0235056683832618
10 12 0.1138458924430141
10 13 -0.04331168261521619
10 14 -0.07405246975700777
10 15 0.08615084535378872
10 16 0.06707481663588993
10 17 0.12808779959706743
10 18 -0.008476547624022097
10 19 0.1397467037615409
10 20 -0.15945888353734303
10 21 0.055892217876532015
10 22 -0.0403545790831525
10 23 -0.023099997003340752
10 24 0.0012637828071411475
10 25 0.1263542866100602
10 26 0.0035350406830889003
10 27 -0.030092516512340472
10 28 -0.03816305232980867
10 29 0.08290945002113297
10 30 0.07177534109708784
10 31 -0.11734185866609888
10 32 -0.05896974788621987
10 33 -0.08211026168313065
10 34 -0.00571884784541092
10 35 0.09518624775780786
10 36 -0.040109933375009045
10 37 -0.14345411943068534
10 38 -0.05021983092143919
10 39 0.05688513081676788
11 11 0.0
11 12 -0.09139434981232368
11 13 0.038454407009415145
11 14 0.04291279228582257
11 15 0.0032108685782058595
11 16 -0.025936460340480937
11 17 -0.05294584159389828
11 18 0.028104962694331166
11 19 -0.008079785928542253
11 20 0.08336060539918698
11 21 -0.05902407461119909
11 22 0.01379131244849606
11 23 -0.026882698852165782
11 24 -0.03631933066792329
11 25 -0.051961208716002585
11 26 0.015716189039235322
11 27 0.07674260652712474
11 28 -0.031101097919614663
11 29 -0.0254947997888113
11 30 -0.03045162890220753
11 31 -0.0037785136456080547
11 32 0.04878881746831467
11 33 -0.038553335607661526
11 34 -0.06229559313107345
11 35 -0.04771955974758976
11 36 -0.023980367015878266
11 37 0.07513624697292678
11 38 -0.0003596282700910434
11 39 0.07152061439783396
12 12 0.0
12 13 -0.07037599199417541
12 14 -0.05118439316045524
12 15 0.022265024200980955
12 16 0.009576482506667353
12 17 0.11977273348142174
12 18 -0.06867413667845187
12 19 0.06266728401913231
12 20 -0.23506917368309455
12 21 0.07889936920450388
12 22 -0.06912535026042141
12 23 0.01880779418471578
12 24 0.05644803412989544
12 25 0.21538147860800336
12 26 -0.019910751247850193
12 27 -0.004969341124707357
12 28 0.07646194177419856
12 29 0.15424495768907348
12 30 0.1066522352522489
12 31 -0.05033564298167674
12 32 -0.07149961589285833
12 33 0.06599795815331869
12 34 0.04717706243375174
12 35 0.12822987155119764
12 36 0.019137025965817085
12 37 -0.1050683766015548
12 38 -0.014087521529392525
12 39 -0.05058752546106382
13 13 0.0
13 14 0.014263272038000235
13 15 -0.026631097766493316
13 16 -0.07447260235417229
13 17 -0.07846247300809996
13 18 -0.0328136143462518
13 19 -0.01592360101492774
13 20 0.06132640733302167
13 21 -0.026597432564229095
13 22 0.06500820289458245
13 23 -0.013961817909212498
13 24 -0.035782473855869266
13 25 -0.09581688518356794
13 26 0.029983200173360453
13 27 0.06971079541772703
13 28 0.01614483566137475
13 29 -0.037976356417653276
13 30 -0.05978506307590631
13 31 0.01865988952179235
13 32 0.04500654701212004
13 33 -0.04922806294493971
13 34 0.023798898510731522
13 35 -0.026187657199381913
13 36 -0.04217242023160754
13 37 0.06455035185186422
13 38 -0.002765168586838025
13 39 0.0815175962295099
14 14 0.0
14 15 0.0038961215026356204
14 16 -0.000009596177274350643
14 17 -0.041736624741189235
14 18 0.0131687401211724
14 19 -0.04620468481265439
14 20 0.07808515154146302
14 21 -0.00931898545396925
14 22 -0.015442132396846914
14 23 0.022396560741933698
14 24 -0.05989961567625329
14 25 -0.001285512114666852
14 26 -0.000756790170126841
14 27 0.002642383043567801
14 28 -0.015221183915161873
14 29 0.0013745977385985326
14 30 -0.03238162416684303
14 31 0.024566912924392163
14 32 0.023052948039656025
14 33 0.04353671950363755
14 34 -0.01587759901436274
14 35 -0.021969666176165113
14 36 0.021804983047768258
14 37 0.07145845615624274
14 38 0.0371238294486259
14 39 0.030575834311939137
15 15 0.0
15 16 0.03289339235909258
15 17 -0.15581082949643132
15 18 0.06831864467630461
15 19 -0.009802027326058725
15 20 0.0051505935077317214
15 21 0.19508944957185878
15 22 -0.16631787215812918
15 23 -0.11217171441134788
15 24 0.029538634211270353
15 25 -0.02397041042392335
15 26 0.15987918523753805
15 27 0.0629461791598241
15 28 -0.03110743926717959
15 29 0.11742669713561589
15 30 0.0002742439982811228
15 31 -0.05060391032639577
15 32 -0.146976763311686
15 33 0.06357527230229337
15 34 -0.01314806689671828
15 35 0.056007297894213715
15 36 0.09324531405505862
15 37 0.08532130114284789
15 38 -0.028450634639965035
15 39 0.030754907119637354
16 16 0.0
16 17 0.07026709287117712
16 18 0.0275910934607524
16 19 0.03935753110687425
16 20 0.025264329009914245
16 21 0.038053134400375825
16 22 -0.010088413289348935
16 23 0.0267519299758762
16 24 -0.01645401636352658
16 25 0.04863503737666014
16 26 -0.03401553453928813
16 27 -0.13027091169589508
16 28 -0.07918188331252972
16 29 0.018504722924193574
16 30 0.028202336406307166
16 31 -0.03793062214358832
16 32 -0.05390475913822881
16 33 0.013053523314933785
16 34 -0.045179894009355806
16 35 0.05241297740867891
16 36 0.034079965107928344
16 37 -0.06951537178066865
16 38 0.021125601578509446
16 39 -0.05294771221860582
17 17 0.0
17 18 -0.028016600356081146
17 19 0.04325157933255158
17 20 -0.22037671853579224
17 21 -0.01920724063758137
17 22 -0.018712402021566505
17 23 0.0613543182382727
17 24 0.015137984828932059
17 25 0.204198703281756
17 26 -0.11942151503318199
17 27 -0.2017422431658013
17 28 -0.09272284921111175
17 29 0.04684135374393915
17 30 0.14875134757827438
17 31 -0.047208770838293515
17 32 -0.05461491181476245
17 33 -0.030893666232291034
17 34 -0.04692840409455509
17 35 0.0237089668250547
17 36 -0.02491628430415391
17 37 -0.20749475899234288
17 38 0.01383365471459074
17 39 -0.00621420121943789
18 18 0.0
18 19 -0.03655181068268662
18 20 0.058691800036739926
18 21 -0.003497724478589739
18 22 -0.07006316304698637
18 23 -0.018316663820166876
18 24 0.0024607633562142204
18 25 -0.04424444313218634
18 26 0.01721685754030252
18 27 -0.0255057858554578
18 28 -0.03920196907230769
18 29 -0.0575304048295621
18 30 -0.017999408657957662
18 31 0.017835394807637715
18 32 0.001167621171255291
18 33 0.011283761864254106
18 34 -0.01971642326426826
18 35 -0.07944612929595118
18 36 0.03137809274640884
18 37 0.020201381683428915
18 38 -0.006217607952060599
18 39 -0.020575075307323366
19 19 0.0
19 20 -0.035684623960103044
19 21 -0.02606073308263591
19 22 0.058615067674691476
19 23 -0.003979406286598278
19 24 0.0043288754605589844
19 25 0.051464351272848916
19 26 -0.019002092535313375
19 27 0.057987314990521246
19 28 0.029718698432294088
19 29 0.03699358053354303
19 30 0.014610087185637397
19 31 -0.07355810829528385
19 32 0.023965248971501173
19 33 -0.0647179705534901
19 34 -0.012791068530411032
19 35 0.09191542794264693
19 36 -0.050729760626263797
19 37 -0.062027799896675825
19 38 -0.03360151974582194
19 39 -0.0011316965487653875
20 20 0.0
20 21 -0.08093607963688727
20 22 0.10808946217044357
20 23 0.017415269925499646
20 24 -0.09399947931067126
20 25 -0.23937183310691168
20 26 0.022024865338495823
20 27 0.06568298153747086
20 28 0.009934716090831719
20 29 -0.16105523809646188
20 30 -0.18763393143926835
20 31 0.0644816478715514
20 32 0.12700700584666227
20 33 -0.0109358762104175
20 34 0.004309839074167359
20 35 -0.0713070616526414
20 36 0.0014217650251277616
20 37 0.1648369484027268
20 38 0.028955002634825082
20 39 -0.016765334756830876
21 21 0.0
21 22 -0.10866878466280427
21 23 -0.03201133574294675
21 24 0.017118047136230708
21 25 0.04537190584732622
21 26 0.0755359657034974
21 27 -0.07980113572601616
21 28 -0.039674663297667195
21 29 0.11082839552184967
21 30 0.040298667798427126
21 31 -0.024794953859421657
21 32 -0.15406993929396495
21 33 0.07085691699350731
21 34 0.030033260555957515
21 35 0.0726387350329154
21 36 0.07658038107861068
21 37 -0.013251856309604963
21 38 0.007934091075520854
21 39 0.00869976299339615
22 22 0.0
22 23 0.02374603276716285
22 24 -0.01961322195283846
22 25 -0.10164564224326822
22 26 -0.04722537898942107
22 27 0.046501465731129746
22 28 0.022780497906031566
22 29 -0.07489274383796769
22 30 -0.055962158558589825
22 31 0.0006212472972201685
22 32 0.09272377478102369
22 33 -0.09524538078757386
22 34 -0.012690794251709265
22 35 0.02432362455731148
22 36 -0.08027493361380102
22 37 0.0034639374614001315
22 38 0.00010893995385934474
22 39 0.0003314024561362038
23 23 0.0
23 24 -0.07267009267314567
23 25 0.05724493910088931
23 26 -0.0744956313427506
23 27 -0.08918149457945392
23 28 0.04391210553651376
23 29 -0.04624295999916929
23 30 -0.039153950517683625
23 31 0.0373926282091873
23 32 0.06558512347575551
23 33 0.03879093813388258
23 34 0.08893908443056285
23 35 -0.0025534319657274586
23 36 -0.004217105621372541
23 37 -0.046599158581829066
23 38 0.03628700384702208
23 39 -0.035208178861410075
24 24 0.0
24 25 -0.0014499085598138363
24 26 0.02386020420293077
24 27 0.040733541124856915
24 28 -0.0031821660221976154
24 29 0.042192354304826554
24 30 0.08289315422836994
24 31 -0.018387151083547222
24 32 -0.06963859363256218
24 33 -0.006375503046335484
24 34 -0.0636472149562137
24 35 0.011413232372765165
24 36 0.01441586280221906
24 37 -0.023037893008284287
24 38 -0.037104438183751094
24 39 -0.06378086427027109
25 25 0.0
25 26 -0.06909062758083877
25 27 -0.07301141204810038
25 28 0.011621712370730532
25 29 0.16346795702431344
25 30 0.13401672161127037
25 31 -0.05861666378895419
25 32 -0.05862996655789334
25 33 0.07636433402034302
25 34 -0.0040922228262928965
25 35 0.10352204054739726
25 36 0.021817395561970997
25 37 -0.12369035165872648
25 38 0.017960961205725365
25 39 -0.012404485633167298
26 26 0.0
26 27 0.08146240357634617
26 28 0.00003395774810554269
26 29 0.03717109148591344
26 30 -0.019032164258248434
26 31 -0.010547023848047852
26 32 -0.05310620041312995
26 33 0.006567861087299285
26 34 -0.0037522105608477976
26 35 0.007185289211431946
26 36 0.025548898049611118
26 37 0.07716130532270656
26 38 -0.022004442556056786
26 39 0.03970628315324479
27 27 0.0
27 28 0.1592817240535285
27 29 0.03349232139820961
27 30 -0.06355819060279885
27 31 -0.01911440421277858
27 32 0.10916444395460619
27 33 -0.028803007355257693
27 34 -0.016567086381364674
27 35 0.026799544919590357
27 36 -0.0507407090241781
27 37 0.16595647461626478
27 38 -0.06104794696783903
27 39 0.03302471202257296
28 28 0.0
28 29 -0.02209422113526301
28 30 -0.08554114725731757
28 31 0.04219577149387711
28 32 0.12038158400614604
28 33 0.05460890750440813
28 34 0.15602900584975882
28 35 0.026837006109752204
28 36 -0.01807712785319908
28 37 0.04277578019797088
28 38 -0.023213874773197772
28 39 -0.07049366321014919
29 29 0.0
29 30 0.11720665771805705
29 31 -0.07893869117312927
29 32 -0.12944644583166592
29 33 0.05388499724832628
29 34 -0.07259044431922093
29 35 0.13801674950120663
29 36 0.03841187115814003
29 37 -0.010962657612060415
29 38 0.002469830391196133
29 39 0.032200850164295705
30 30 0.0
30 31 -0.05741928124604789
30 32 -0.11754032567187625
30 33 -0.0014079668053995913
30 34 -0.11016833184739983
30 35 0.04563589220769322
30 36 0.015472200342999625
30 37 -0.08839905034065751
30 38 -0.00562483917395828
30 39 -0.00005807158015639464
31 31 0.0
31 32 0.049621634381069375
31 33 0.04274724611752857
31 34 0.06656691044202556
31 35 -0.07305064674406105
31 36 0.016099065300019432
31 37 0.04056348010623617
31 38 0.020059569176680694
31 39 -0.03417960618067284
32 32 0.0
32 33 -0.031071812139778988
32 34 0.07957267565037948
32 35 -0.06249620998702933
32 36 -0.06688073481117285
32 37 0.04614026442217274
32 38 -0.004931057261000075
32 39 -0.010760332731667313
33 33 0.0
33 34 0.05622345340049053
33 35 0.0189285700159737
33 36 0.08305837835719257
33 37 0.038224841272562815
33 38 0.03668459228923031
33 39 -0.07137288978406303
34 34 0.0
34 35 -0.010558364970349971
34 36 -0.000656405921129077
34 37 -0.019586036033687953
34 38 -0.00011209837457447824
34 39 -0.038049179654577076
35 35 0.0
35 36 0.005948080206458903
35 37 -0.03631430083615628
35 38 -0.0011002338589893219
35 39 -0.013956041866662092
36 36 0.0
36 37 0.022036604513231663
36 38 0.020524261788686
36 39 -0.044000713900205796
37 37 0.0
37 38 0.009361219265593097
37 39 0.03549074229297812
38 38 0.0
38 39 -0.0007597298864638455
39 39 0.0
