0 0 0.0
0 1 -0.10082073471485391
0 2 0.21872232857615276
0 3 0.03734987984256985
0 4 0.03492146197914009
0 5 0.026519662825892167
0 6 -0.017949968338920756
0 7 0.06461426342073953
0 8 0.22471954488375606
0 9 0.03709094785734941
0 10 -0.12520162582585254
0 11 -0.06861019816461214
0 12 -0.10043664535006351
0 13 -0.015796711812057607
0 14 0.25090630865509744
0 15 -0.14613218406271666
0 16 0.048292497494667526
0 17 -0.20219655430211675
0 18 0.07267589945414307
0 19 -0.1709682976283588
0 20 -0.11444077401662409
0 21 0.11510645796090728
0 22 0.18479157641514996
0 23 0.2521059766921094
0 24 -0.00959837117515875
0 25 -0.18018833447054786
0 26 0.03957800590010499
0 27 -0.09899786948518159
0 28 -0.09826993662087719
0 29 0.045755609623008064
0 30 -0.030740817036215878
0 31 0.015964726623693883
0 32 -0.14745155018465894
0 33 -0.058689009555482216
0 34 -0.25200005918401114
0 35 -0.13696538044499687
0 36 0.2843204706920289
0 37 0.12479878449232522
0 38 -0.13152010917476925
0 39 0.12524636125009808
1 1 0.0
1 2 0.14360449702436334
1 3 0.1021990525177294
1 4 -0.12487951178137273
1 5 0.024563721400458562
1 6 0.00564077614839761
1 7 -0.2192049539962621
1 8 -0.10370910504269082
1 9 -0.07475723226996879
1 10 0.05878129559935461
1 11 -0.08881178781327209
1 12 -0.048922246965379015
1 13 -0.03822230310616775
1 14 0.002816366966331754
1 15 -0.12360902676146097
1 16 0.02309131436844176
1 17 0.05556851496528753
1 18 0.17993899794167956
1 19 0.14702749346557992
1 20 0.06916128582678296
1 21 -0.06150152079643748
1 22 -0.10214428455000538
1 23 -0.02654347076992656
1 24 0.012285166850398956
1 25 -0.024689350587200655
1 26 0.0009269018026989666
1 27 0.058639966875476957
1 28 0.006719284315893255
1 29 -0.1071114401880777
1 30 0.14940605716548455
1 31 -0.03676699065296247
1 32 0.10320374757622135
1 33 0.04177542487212445
1 34 0.07591446986038354
1 35 -0.019399862576215055
1 36 0.022571549760697786
1 37 -0.03031171374095295
1 38 -0.08283026208073374
1 39 -0.030685014030814573
2 2 0.0
2 3 0.16610176420218323
2 4 -0.09325438527327945
2 5 0.12482179925742103
2 6 0.02793152917375824
2 7 -0.15897325282660785
2 8 -0.0376148065285943
2 9 -0.13930949386598954
2 10 0.0644614750149384
2 11 -0.195765593520947
2 12 -0.15798169317526525
2 13 -0.10230950266448664
2 14 0.07682573944971315
2 15 -0.2700537221831445
2 16 0.01703254979776111
2 17 -0.06940403452633918
2 18 0.1668950692806263
2 19 -0.2467982301316193
2 20 0.08726154627696975
2 21 -0.01045050606462734
2 22 0.010244525186174277
2 23 0.06711540398280275
2 24 0.03345115946966616
2 25 -0.13742676908751342
2 26 0.07560864292561485
2 27 0.023079318249229017
2 28 -0.22958701709311824
2 29 0.028359257946621003
2 30 0.08278292807702843
2 31 0.033668383865340934
2 32 0.04840228353030668
2 33 -0.013850949424213102
2 34 -0.021636340061913697
2 35 -0.038659757416548146
2 36 0.20763075040130635
2 37 0.016108374143530627
2 38 -0.11322004601416147
2 39 -0.004788604096858159
3 3 0.0
3 4 -0.07689689522116767
3 5 -0.0014914108230166209
3 6 0.06000444357403719
3 7 -0.16573550341574256
3 8 -0.014133198097968553
3 9 -0.2068386751706936
3 10 -0.0001803870945890906
3 11 -0.11880654211298054
3 12 -0.1033355135287595
3 13 -0.08017560208599551
3 14 0.12528911403565363
3 15 -0.031618231626577606
3 16 0.06413096773044856
3 17 -0.08773492315350669
3 18 0.16248066511352913
3 19 -0.09547463326556173
3 20 0.07706798631331356
3 21 0.08288484064075713
3 22 0.05518957732851461
3 23 -0.008365979286939104
3 24 0.02860000484076548
3 25 -0.03841523378416646
3 26 0.01994874402622576
3 27 -0.04569770315627781
3 28 -0.020782308020227683
3 29 -0.06986487804776181
3 30 0.042098851670021226
3 31 0.010401437369432928
3 32 0.07117100130809877
3 33 0.0034612237408969725
3 34 -0.09112046012049564
3 35 -0.03788202159431214
3 36 0.11361229144307361
3 37 0.06664147829371221
3 38 0.0787380511393768
3 39 0.06827892897587924
4 4 0.0
4 5 -0.028728079983683607
4 6 0.07350876339587413
4 7 0.09114510294901908
4 8 0.05064682810573967
4 9 0.08604375592535904
4 10 -0.07729893407881486
4 11 0.018987885616184065
4 12 0.0538228580742391
4 13 0.01251296166986161
4 14 -0.03865633793267881
4 15 0.12509576051953034
4 16 0.0038512130300840863
4 17 0.10545925532932814
4 18 -0.16960069563998864
4 19 -0.00822226006280115
4 20 -0.041618673958823224
4 21 0.005689836172559717
4 22 0.08239020848172472
4 23 0.06428309984689225
4 24 -0.08042204548644441
4 25 0.028712838527501013
4 26 -0.060312928883577935
4 27 -0.0059787965968408985
4 28 0.12531837638627052
4 29 0.006050774801374642
4 30 -0.09794558155329186
4 31 0.1482918365466904
4 32 -0.12399042130854136
4 33 -0.09163611227327838
4 34 0.0320247646902536
4 35 -0.015255130822516482
4 36 0.11172511016239453
4 37 0.05261855974422848
4 38 -0.010168464673913084
4 39 -0.002311241137312232
5 5 0.0
5 6 -0.07110495665059038
5 7 -0.0179475274058448
5 8 -0.02271584763384997
5 9 -0.0720241621066566
5 10 0.029711893971098448
5 11 -0.04037892121216242
5 12 -0.07409397215991854
5 13 -0.015223288608343266
5 14 -0.07039215178135297
5 15 -0.11405356095737211
5 16 -0.01984411101147741
5 17 -0.045479990012843176
5 18 0.019318120266066174
5 19 -0.10002514812370913
5 20 -0.0026519130664755734
5 21 -0.019639940308457844
5 22 0.003344587103088304
5 23 -0.07034135819218881
5 24 0.011030693910349797
5 25 0.016927124532801895
5 26 -0.011072537852032324
5 27 0.044370657469110494
5 28 -0.16184634971272424
5 29 -0.02836440827752828
5 30 -0.01438969229471172
5 31 0.023325041681317694
5 32 0.05789013806088435
5 33 0.07769999555906092
5 34 -0.058501646316167034
5 35 -0.0244738113218398
5 36 0.018730874537779697
5 37 -0.05056320865577311
5 38 -0.0447484372955447
5 39 0.035627537140360044
6 6 0.0
6 7 -0.025119812507997302
6 8 -0.011023623081857063
6 9 0.03041639094250973
6 10 -0.04611381969419122
6 11 -0.031062382547995527
6 12 0.04400329449670929
6 13 -0.050247301446760574
6 14 -0.002306708943211695
6 15 0.10472298747504201
6 16 0.01896724781666603
6 17 0.10218529982331963
6 18 -0.1050971669656702
6 19 0.020793869018017334
6 20 0.023038838245624676
6 21 0.024272181893538615
6 22 -0.00015812724517705003
6 23 0.06096682745673556
6 24 -0.04031872628420222
6 25 -0.0723830093789409
6 26 -0.02575305588234464
6 27 -0.0757281708586234
6 28 0.1251413976999628
6 29 0.0387450952718495
6 30 -0.014796285161327994
6 31 0.10838551295082173
6 32 -0.0792297820722018
6 33 -0.08134515459373728
6 34 0.062128082939450616
6 35 0.024510625707380523
6 36 0.07988471336332398
6 37 0.04238973195442327
6 38 0.015774675531138253
6 39 -0.05119863958695385
7 7 0.0
7 8 0.07473752375984584
7 9 0.12448612607340923
7 10 -0.036708697624450455
7 11 0.12928947729697488
7 12 0.06770663046466902
7 13 0.047054329111251215
7 14 -0.05480899216452734
7 15 0.09268454275793939
7 16 -0.049999742498007524
7 17 -0.04070547713758639
7 18 -0.19790926541246512
7 19 -0.07767295437373942
7 20 -0.09292809507376608
7 21 0.032594310699558836
7 22 0.017452696417652368
7 23 -0.0011394520582604347
7 24 0.006104558845008068
7 25 0.0009283647243162557
7 26 -0.009941698672202993
7 27 -0.07454267587799557
7 28 -0.0427144935939467
7 29 0.12815188609497272
7 30 -0.1299038925134973
7 31 0.008876024407315185
7 32 -0.09115121727701314
7 33 0.01575183666983892
7 34 -0.06322546392899406
7 35 0.03800040753177259
7 36 -0.09911134099673095
7 37 -0.01945256959158717
7 38 0.02993568945085891
7 39 -0.00007972364997919572
8 8 0.0
8 9 0.09066745255589126
8 10 -0.16207528537082605
8 11 -0.028699199099343164
8 12 0.018567072701086887
8 13 0.031053370949465996
8 14 0.07772267366834143
8 15 0.012163019011288483
8 16 0.03131514120992634
8 17 -0.11581977820783274
8 18 -0.06925087500101494
8 19 0.052845564994490016
8 20 -0.10704351781319858
8 21 0.06760951958572467
8 22 0.18393442492143336
8 23 0.14076955495386284
8 24 -0.06350247483686791
8 25 -0.0926207443669588
8 26 0.007193771991930796
8 27 -0.019280920189414782
8 28 0.058034477353422834
8 29 -0.0023822882956247757
8 30 -0.0063997155521132
8 31 -0.04930673674930785
8 32 -0.10059412346848742
8 33 -0.06221742091833256
8 34 -0.14491585927504852
8 35 -0.07274405497402046
8 36 0.07139488144705355
8 37 0.008182711171746815
8 38 0.0021150858787484512
8 39 0.08343559010346527
9 9 0.0
9 10 -0.0859724502931412
9 11 0.0591957407932525
9 12 0.14780321790406134
9 13 0.07063146506751597
9 14 -0.04841741078696245
9 15 0.061300737416955686
9 16 -0.02670959873831925
9 17 0.09502923290600354
9 18 -0.1766564611412236
9 19 0.20540376509753422
9 20 -0.0822030815882535
9 21 -0.062254927263881724
9 22 0.012493168520237505
9 23 0.14247342030060672
9 24 -0.0754681989053514
9 25 -0.06938752637559999
9 26 0.008992716662009088
9 27 0.028594691229884218
9 28 0.15696925693428884
9 29 0.08277519324424464
9 30 0.029213313392378964
9 31 -0.04909903922365781
9 32 -0.13793418850472022
9 33 -0.11008146355672291
9 34 0.11593360452488252
9 35 0.025514515492949263
9 36 -0.0570065727669156
9 37 -0.04684221864458906
9 38 -0.07225664372550489
9 39 -0.08784439653379839
10 10 0.0
10 11 0.03806474965115777
10 12 -0.03721749850259057
10 13 -0.010641219897129118
10 14 0.002383464115358539
10 15 -0.06359652834483974
10 16 -0.03192114121456589
10 17 0.041865413577789855
10 18 0.13760088137171902
10 19 -0.12824092001154944
10 20 0.10611634506622876
10 21 -0.05862838168258383
10 22 -0.15920251101034336
10 23 -0.1000099129112912
10 24 0.09385135831060284
10 25 0.09027917904190291
10 26 0.045924383298357324
10 27 0.03039963443338354
10 28 -0.1121767154425869
10 29 0.04007684161378512
10 30 0.01266522488424757
10 31 -0.0175848534377174
10 32 0.10016520911788854
10 33 0.0446174104368012
10 34 0.12035855571852086
10 35 0.0672084250112949
10 36 -0.07195952591769021
10 37 0.016140809876835766
10 38 -0.0007427710691174449
10 39 -0.07041160594308285
11 11 0.0
11 12 0.0508678045653528
11 13 0.035675888760466096
11 14 -0.036529730450355895
11 15 0.0891317503854158
11 16 -0.04129852027770437
11 17 0.006928163864354207
11 18 -0.0722356731623242
11 19 0.012071916004283256
11 20 -0.048959048606580916
11 21 0.013727720443386595
11 22 -0.10459919457778319
11 23 -0.07097394887855893
11 24 0.05006527754505694
11 25 0.04960642999380739
11 26 -0.030649054065095216
11 27 -0.08596697666753667
11 28 -0.015386915299646814
11 29 0.0627043678265102
11 30 -0.08398150033589957
11 31 -0.00018856538488165752
11 32 -0.016627691121245715
11 33 0.08033530919892226
11 34 -0.02065136116673174
11 35 0.04633983034620146
11 36 -0.13802267184620648
11 37 -0.001498591570135364
11 38 0.013803760898748994
11 39 -0.015532952108470282
12 12 0.0
12 13 0.042962623532457805
12 14 -0.061023647738046215
12 15 0.11002505123143196
12 16 -0.016952278812604492
12 17 0.09067418868520093
12 18 -0.13075553270316545
12 19 0.14783882255931025
12 20 -0.0163734242849164
12 21 -0.03992511546505885
12 22 -0.008392037580954097
12 23 0.03719635810284361
12 24 -0.04422134821708974
12 25 -0.001156897678093269
12 26 0.0033327474461653213
12 27 0.022559399852524902
12 28 0.14663871468110784
12 29 0.047736458753255495
12 30 0.014448505284122854
12 31 -0.036150623387138564
12 32 -0.05837714911046228
12 33 -0.07501680847336098
12 34 0.11856163822692725
12 35 0.05216126633292199
12 36 -0.09832925773233381
12 37 -0.03829216550787125
12 38 0.030823220048856466
12 39 -0.07452310122994303
13 13 0.0
13 14 -0.003252792079967224
13 15 0.017719164970371647
13 16 -0.007535286526307057
13 17 0.0072458406739394285
13 18 -0.010689702784589625
13 19 0.07017703592908765
13 20 -0.02210833087249669
13 21 -0.02796568391107069
13 22 0.01880999302228242
13 23 0.02044154551036883
13 24 -0.015546140709965892
13 25 0.037125365772439495
13 26 0.012342552794184855
13 27 0.051662178421523985
13 28 0.04880779583077836
13 29 -0.00316531228585784
13 30 0.011801914752843534
13 31 -0.0571321862296902
13 32 -0.01301590786958692
13 33 -0.027197584083063563
13 34 0.0351720118907001
13 35 0.0024666492248686467
13 36 -0.05048037920864925
13 37 -0.014611900457403043
13 38 0.0026659273958757673
13 39 -0.008027211594485467
14 14 0.0
14 15 -0.04744508942074945
14 16 0.07276968803238003
14 17 -0.10127341973689771
14 18 0.25111320510317103
14 19 -0.07863082626146604
14 20 0.029060461307010888
14 21 0.07319252634427763
14 22 0.07600585597592086
14 23 0.17826952280886527
14 24 0.04044334249245192
14 25 -0.03781832844010949
14 26 0.08030584132039613
14 27 -0.03992347503432977
14 28 0.06038712743590865
14 29 -0.007873200309593643
14 30 0.048633603608219306
14 31 -0.060575316619342554
14 32 -0.04079170802040551
14 33 -0.10505593092011618
14 34 -0.054573553441534715
14 35 -0.0656494010287005
14 36 0.1778972036262399
14 37 0.18069279802211421
14 38 -0.007771024478656209
14 39 0.053796760975112524
15 15 0.0
15 16 0.0044622784589313565
15 17 0.09813261540051191
15 18 -0.18375269609142958
15 19 0.0807145067634135
15 20 -0.019678255049942132
15 21 0.04062607231636532
15 22 0.022392600402065747
15 23 -0.0196271686524511
15 24 -0.04385586040424633
15 25 0.058234700050561194
15 26 -0.06090005148214791
15 27 -0.06796574024828952
15 28 0.20315609201670348
15 29 0.016792972016469444
15 30 -0.0948748097726099
15 31 0.0801913391768796
15 32 -0.07780138146998919
15 33 -0.054841594763865076
15 34 0.04200008755557429
15 35 0.04549280973836955
15 36 -0.05522911981333206
15 37 0.03498728226124333
15 38 0.12190393711291223
15 39 -0.018362312696527095
16 16 0.0
16 17 -0.009934551952464468
16 18 0.056810995791774746
16 19 0.02094692428580202
16 20 0.0077460861542326745
16 21 0.02247204750125067
16 22 0.05506581939631894
16 23 0.050940485368620725
16 24 -0.01842122492718987
16 25 -0.007978646779425794
16 26 0.0017871509724708037
16 27 0.005797511277438536
16 28 0.06073812530077895
16 29 -0.04603173398372343
16 30 0.02261769596555619
16 31 0.005120621644611145
16 32 -0.011769099435761198
16 33 -0.041458637251369924
16 34 -0.017871136402660744
16 35 -0.035771670310486246
16 36 0.0801485247786348
16 37 0.046375881343144826
16 38 0.0057511977654744004
16 39 0.029557878358521167
17 17 0.0
17 18 -0.08177441220561489
17 19 0.12884675026844095
17 20 0.06468076669966369
17 21 -0.11371940683418669
17 22 -0.08350307071326316
17 23 0.016170113750043864
17 24 -0.06811168373958568
17 25 0.07951776294965753
17 26 -0.0460915367116479
17 27 0.08458077669537287
17 28 0.19799949065796468
17 29 -0.02276272739133008
17 30 0.014180467853953346
17 31 0.12831264815779125
17 32 -0.04811003943920014
17 33 -0.11028246131350265
17 34 0.2728732781692193
17 35 0.04726022460664488
17 36 0.045121515163461946
17 37 0.02072261522887095
17 38 -0.055209575683583346
17 39 -0.1288391879750212
18 18 0.0
18 19 -0.06311250159676375
18 20 0.11440470451385573
18 21 -0.011725821315477494
18 22 -0.040919990183272664
18 23 0.03264520363799273
18 24 0.09198905043131952
18 25 0.05710158394025017
18 26 0.09164702382354623
18 27 0.07516585020865932
18 28 -0.05633037834091118
18 29 -0.10040579695369141
18 30 0.1343702816592064
18 31 -0.11672924324169878
18 32 0.12937264564616993
18 33 -0.003146920234925477
18 34 0.018281142340504382
18 35 -0.05442617126118715
18 36 0.1025833487256244
18 37 0.11566489448285458
18 38 -0.037328375907331054
18 39 0.0363837732503314
19 19 0.0
19 20 -0.07321858332870637
19 21 -0.07684653743948776
19 22 -0.011259043073586997
19 23 0.06631484223262095
19 24 -0.10889139325344617
19 25 -0.033915046546963076
19 26 -0.05369559094774422
19 27 0.081495866720564
19 28 0.30417208822591735
19 29 -0.1256507831171015
19 30 0.15389847526821512
19 31 -0.1102242234145802
19 32 -0.031414501328164576
19 33 -0.04049953999936388
19 34 0.10977909074721288
19 35 -0.021836490997919535
19 36 -0.10725433261548441
19 37 -0.09843570820267532
19 38 -0.0558804896747659
19 39 -0.043802475553766734
20 20 0.0
20 21 -0.047767381364528
20 22 -0.0473616720418355
20 23 -0.025483628008856056
20 24 0.0282916105405894
20 25 0.059237769486521805
20 26 0.05527257410823412
20 27 0.07140569506867529
20 28 0.011379428546399818
20 29 0.0023431433476850234
20 30 0.053656730277767364
20 31 -0.012533557259701936
20 32 0.06827652477265249
20 33 -0.06049947965220207
20 34 0.1515788980375682
20 35 0.04727352686079982
20 36 0.005542283320195329
20 37 0.029927735469907863
20 38 0.04720550267815738
20 39 -0.06495770897494142
21 21 0.0
21 22 0.05477467271777512
21 23 0.0033672927559409266
21 24 0.022122088096808344
21 25 -0.04944630505809885
21 26 -0.021633860907523703
21 27 -0.12424965732360219
21 28 -0.03606578581989726
21 29 0.0075397818204076174
21 30 -0.06563418435944839
21 31 0.027136902141707636
21 32 -0.025390595220316718
21 33 0.047507070872450936
21 34 -0.17706706562538044
21 35 -0.033465437725954214
21 36 0.03941813928613841
21 37 0.046110889741045144
21 38 0.04751721185407125
21 39 0.08478716724158616
22 22 0.0
22 23 0.13271144925536807
22 24 -0.09820544125064215
22 25 -0.027494757179574114
22 26 0.011419060691450881
22 27 0.06473420305142694
22 28 0.09282094458688131
22 29 -0.060358471949969794
22 30 -0.005624203289006058
22 31 -0.005105530906480415
22 32 -0.07614034462800703
22 33 -0.12680530412131952
22 34 -0.09707526995216903
22 35 -0.0865382775099167
22 36 0.1530097379816796
22 37 0.033432069448188564
22 38 0.05322247011832763
22 39 0.09767991150869589
23 23 0.0
23 24 -0.07150967024115361
23 25 -0.10804086783922644
23 26 0.055588583567835095
23 27 0.02711059007971439
23 28 0.16515919283070923
23 29 0.02307917913909766
23 30 0.068898705694714
23 31 -0.022974686943759738
23 32 -0.14484417571208508
23 33 -0.1996635221669974
23 34 0.04778467337094662
23 35 -0.058020160235720306
23 36 0.191862832375485
23 37 0.095906306413117
23 38 -0.07686054189543948
23 39 -0.014100663687623607
24 24 0.0
24 25 0.010559642272263173
24 26 0.02959672497377906
24 27 -0.061836422669198865
24 28 -0.1279429459300304
24 29 0.048425852195968025
24 30 -0.013914711692364795
24 31 -0.04072214378054791
24 32 0.06365348140003961
24 33 0.08572351845353628
24 34 -0.039902771859604495
24 35 0.03201966735543347
24 36 -0.07395139695690575
24 37 0.011532095872958236
24 38 0.017340773767452175
24 39 -0.0008993030747280516
25 25 0.0
25 26 -0.021534550964272193
25 27 0.09885699076162266
25 28 0.0338737263966704
25 29 -0.07236000366040483
25 30 -0.043755193455203144
25 31 0.03485540701414269
25 32 0.06568162322845941
25 33 0.004066576903999237
25 34 0.09621023938102155
25 35 0.018064568503512464
25 36 -0.03303187254974919
25 37 0.03151567624890149
25 38 0.054267294592600844
25 39 -0.001788878668756936
26 26 0.0
26 27 0.05117755186509113
26 28 -0.02319426637357113
26 29 0.06113875275749213
26 30 0.06982107749158135
26 31 -0.11817258794631084
26 32 0.023128874658404158
26 33 -0.06979439225103912
26 34 0.0684458477147338
26 35 0.03087475136546286
26 36 -0.03405659086108474
26 37 0.0032866196626056936
26 38 0.032798788481665876
26 39 -0.040918602741286794
27 27 0.0
27 28 0.07556416448250539
27 29 -0.07860243875897809
27 30 0.10707053920002658
27 31 -0.07620580894063037
27 32 0.05076084780900787
27 33 -0.11484241112464096
27 34 0.1904308507962857
27 35 -0.0033373187902661756
27 36 0.008741540964769376
27 37 -0.04323204270176057
27 38 -0.0068836859294410845
27 39 -0.046956886906457176
28 28 0.0
28 29 -0.07970127230939175
28 30 0.06611757662071276
28 31 0.02075871430744279
28 32 -0.11977821098054545
28 33 -0.2254943651246631
28 34 0.1977827183907316
28 35 -0.011126794633882442
28 36 0.08340877006291904
28 37 0.07841816616526746
28 38 0.03337103031577965
28 39 -0.05750022094578453
29 29 0.0
29 30 -0.03919498017324379
29 31 -0.03448979407944151
29 32 -0.04783700091320462
29 33 -0.01999102697684743
29 34 0.03588882495310524
29 35 0.0851276832682311
29 36 -0.09827062645992456
29 37 -0.017869532792656757
29 38 0.02569676619999539
29 39 -0.07831014381066811
30 30 0.0
30 31 -0.1398162126717713
30 32 0.049274335791516556
30 33 -0.06635884970007691
30 34 0.11251294361613225
30 35 -0.0013537406063742433
30 36 -0.01965716335566261
30 37 -0.037777011735683645
30 38 -0.02753932326253063
30 39 -0.04951038772357127
31 31 0.0
31 32 -0.07716904534669818
31 33 0.009933534989990828
31 34 -0.02258730358065424
31 35 -0.03271868929680245
31 36 0.19545645982304685
31 37 0.08475544063692067
31 38 -0.06303153136160229
31 39 0.02111929766506517
32 32 0.0
32 33 0.10180210490460809
32 34 0.0034500898827381477
32 35 0.0249848895112849
32 36 -0.11152363847389861
32 37 -0.05844908312999443
32 38 0.0481369977661925
32 39 0.00679930312466828
33 33 0.0
33 34 -0.19701102225229858
33 35 -0.002690355659634036
33 36 -0.13479949917056772
33 37 -0.08100631148002305
33 38 -0.018799871228057468
33 39 0.0717115764231592
34 34 0.0
34 35 0.10590753705783466
34 36 -0.042792682757433864
34 37 -0.0013975914359137642
34 38 -0.004629422474964685
34 39 -0.20647721364143162
35 35 0.0
35 36 -0.13367170728719988
35 37 -0.04122190967835047
35 38 0.057191245129763923
35 39 -0.08272855448871361
36 36 0.0
36 37 0.18368510857949197
36 38 -0.12401154177083813
36 39 0.07411811906737256
37 37 0.0
37 38 -0.014817378839152042
37 39 0.027649575647551966
38 38 0.0
38 39 0.01035685184316103
39 39 0.0
