0 0 0.0
0 1 -0.05321578457522138
0 2 -0.014002197865617455
0 3 -0.032282341851561015
0 4 0.17693301489194838
0 5 0.04226981510578922
0 6 -0.0323803814577382
0 7 -0.09641066525184999
0 8 0.07048359865865085
0 9 0.24230086172315204
0 10 0.024274922557233253
0 11 -0.01502912053578832
0 12 -0.013507931413481864
0 13 0.18998340390405813
0 14 0.1110113142753735
0 15 -0.018638001663564586
0 16 0.02722411038235777
0 17 0.08311808766157605
0 18 -0.1960595391761178
0 19 0.06327461594686798
0 20 0.002615520020918354
0 21 -0.041999585267330504
0 22 0.15579426605843072
0 23 -0.11264575675034012
0 24 -0.1335236729873353
0 25 0.1450136770002109
0 26 -0.0734974144739487
0 27 -0.17882356430508745
0 28 0.019096933743433138
0 29 -0.04783039346302571
0 30 0.10400022161779351
0 31 0.022606488749536267
0 32 -0.020304793821745472
0 33 0.3831553197256203
0 34 -0.09031853308125994
0 35 -0.09219561440461126
0 36 0.00912118095379819
0 37 0.006921148029562915
0 38 0.11647264800265245
0 39 0.06406845707007847
1 1 0.0
1 2 -0.04146351672205349
1 3 -0.13485422750932263
1 4 0.04600425856597559
1 5 0.1900778823808228
1 6 0.05567803966694218
1 7 -0.014723587689606979
1 8 -0.007676589327615886
1 9 -0.027461290820137374
1 10 0.13107037292768117
1 11 -0.07269411303077511
1 12 -0.018439784162745717
1 13 0.11019829146062651
1 14 0.06789571330985826
1 15 -0.08304984036400134
1 16 -0.13513805187124284
1 17 0.017459192350264652
1 18 0.09598307269637699
1 19 -0.0994327689384848
1 20 0.08341903646959689
1 21 -0.08813694909478112
1 22 -0.0044134323734491354
1 23 0.11031285451151904
1 24 0.009669030432878648
1 25 -0.025205609860778615
1 26 0.09210066104303972
1 27 -0.1257089954012044
1 28 -0.14428287065056009
1 29 -0.1334035138330183
1 30 -0.10783642275743806
1 31 -0.001080216549347378
1 32 -0.05045079799292175
1 33 -0.054410689634491013
1 34 -0.08703760207665215
1 35 0.018381492687740534
1 36 0.19053160921496048
1 37 -0.06436654985928517
1 38 0.12221641920873434
1 39 -0.14013863848291477
2 2 0.0
2 3 0.1021939970886709
2 4 -0.1537154654713686
2 5 0.06263739775975764
2 6 0.06129796570066677
2 7 0.04229808458248216
2 8 -0.05024731434714025
2 9 0.06314896529620355
2 10 -0.055836171708412076
2 11 -0.15417351514282948
2 12 -0.008102634824927941
2 13 -0.09579565673749335
2 14 -0.15602309681222312
2 15 -0.05603050538336304
2 16 -0.03804450190333318
2 17 -0.06563109198953183
2 18 0.1210739327268449
2 19 0.07785729134223197
2 20 -0.023158232163190004
2 21 0.0328436121704819
2 22 0.04166017395731469
2 23 -0.11420506499129975
2 24 -0.07847405633886212
2 25 -0.06340602910319618
2 26 0.02411461425504149
2 27 -0.02735802773960457
2 28 -0.09757744597520336
2 29 0.06294486267231282
2 30 -0.040131905375584066
2 31 -0.07701103705152286
2 32 -0.15103465283067974
2 33 -0.0031898217086204434
2 34 0.17992849479534823
2 35 -0.08229235535291281
2 36 -0.0846834478162812
2 37 0.02467034000485218
2 38 -0.03640079049498379
2 39 0.037727329265487136
3 3 0.0
3 4 -0.03549548790613556
3 5 0.07781530714318464
3 6 -0.021882500112353723
3 7 0.1338006477986037
3 8 -0.24713984966105257
3 9 -0.09048518119905649
3 10 0.06954613844837645
3 11 0.0032734937995938596
3 12 -0.010892745469171326
3 13 -0.008251564423446394
3 14 -0.30762772909011593
3 15 0.13180501730169705
3 16 0.06323186933334432
3 17 -0.0251296279358481
3 18 0.05141510237273328
3 19 0.15615071330266678
3 20 0.03649614478924991
3 21 0.1367850623449135
3 22 0.025595678877295858
3 23 0.03463435503602832
3 24 -0.05987577892583172
3 25 0.03460283211036814
3 26 -0.014922154006537711
3 27 0.028159037420684745
3 28 0.12267190672181542
3 29 0.15164026321080848
3 30 -0.055434504947119136
3 31 -0.003526011293205089
3 32 -0.025972582145596935
3 33 -0.17688344749797713
3 34 -0.0671865272824113
3 35 0.13101388693209465
3 36 -0.014878042727928933
3 37 0.010374037378263175
3 38 -0.1995629140280742
3 39 0.01100243172213386
4 4 0.0
4 5 0.042172836099343976
4 6 -0.151264475824159
4 7 -0.13518471679397992
4 8 0.16247360541725303
4 9 0.08434722634316053
4 10 0.11291978447204076
4 11 -0.009980595070692924
4 12 -0.015558906224629559
4 13 0.18221059285404373
4 14 0.11318725318108439
4 15 0.1714473444589074
4 16 -0.05679991240476907
4 17 -0.06340524668483954
4 18 -0.09919722474862627
4 19 0.09344089066344223
4 20 0.13104068763391935
4 21 0.03852443753888764
4 22 -0.013491871533524357
4 23 -0.009039473471963138
4 24 -0.17548264710370698
4 25 0.15969269353655427
4 26 0.10202747336327593
4 27 -0.07608953455563365
4 28 0.01625275065906664
4 29 0.08519070063316114
4 30 0.024463767830858626
4 31 -0.07338329380194179
4 32 -0.10128170805210442
4 33 0.08406642579060597
4 34 -0.2983215367352682
4 35 0.17458948861310639
4 36 0.016024900406998433
4 37 0.0529534087683766
4 38 0.003480439684496429
4 39 -0.2518982029769948
5 5 0.0
5 6 0.12835911885893037
5 7 0.01444826629149536
5 8 -0.1184495115140642
5 9 0.2185059394402295
5 10 0.063468831965086
5 11 0.03760477151088471
5 12 -0.15821647784240953
5 13 0.055672027117633124
5 14 -0.17020397158519363
5 15 -0.10247478477392195
5 16 -0.077568426200371
5 17 0.18126480954399055
5 18 0.08175477713491722
5 19 0.03928773487887543
5 20 0.10592402866352413
5 21 0.09433666334913583
5 22 0.025577388648875977
5 23 0.03098177720405232
5 24 0.05954072050002416
5 25 -0.020642587467351953
5 26 -0.06467917885303336
5 27 0.0862579207644212
5 28 -0.11660770365403857
5 29 0.017188638090733205
5 30 -0.04976048970730659
5 31 -0.02488657276305674
5 32 -0.06608642024877434
5 33 -0.32597437883472746
5 34 -0.09601178624466669
5 35 0.17097382531285318
5 36 0.09805950068203399
5 37 -0.019059712481091454
5 38 0.1277224611932753
5 39 0.04362083182636674
6 6 0.0
6 7 0.15499918630495516
6 8 0.013196515121966406
6 9 -0.12042545417920511
6 10 -0.07145472568223413
6 11 -0.02305312763626242
6 12 -0.17043310307615084
6 13 -0.029743985755087167
6 14 -0.10507917712795342
6 15 -0.09204283141788767
6 16 0.1842020670881936
6 17 -0.0042487683918116985
6 18 0.1230212664065163
6 19 -0.18579141696608628
6 20 0.03536732687386463
6 21 -0.07527404910992383
6 22 -0.020674981694155922
6 23 0.04475644903868799
6 24 0.1709154324523328
6 25 -0.0916855100599551
6 26 -0.020412798398248173
6 27 0.03196571608407116
6 28 0.026670703567206733
6 29 0.09478756465493629
6 30 0.15014982183289072
6 31 0.11011032163537804
6 32 0.053286081851313075
6 33 -0.15900647841914622
6 34 0.03564111966267955
6 35 -0.003989455768531472
6 36 0.030778662466742483
6 37 0.12633899774996374
6 38 0.1646616013870645
6 39 0.20146776311403009
7 7 0.0
7 8 -0.23139651323709337
7 9 -0.02848838125916382
7 10 0.05533543376225902
7 11 -0.10916639668049026
7 12 -0.13041532300885966
7 13 -0.20885125539203933
7 14 -0.15698125533365417
7 15 0.11801101957760785
7 16 0.09787881407957276
7 17 -0.09381770985813609
7 18 -0.074961125121818
7 19 -0.08928783328560373
7 20 0.035318304108079054
7 21 -0.024727678850563015
7 22 -0.22431789140669695
7 23 -0.06371573864416427
7 24 0.07352880156747096
7 25 -0.1422798994158539
7 26 0.13799950991848528
7 27 -0.09571894941843184
7 28 0.04580828888211843
7 29 0.043823984359144474
7 30 -0.15384273775267937
7 31 -0.009301740745997948
7 32 0.11315192937111973
7 33 -0.22900847857699042
7 34 0.03698758885277721
7 35 -0.03675176076153578
7 36 0.31714698937608254
7 37 0.1759682098329526
7 38 0.034226135980605435
7 39 0.04449516515535336
8 8 0.0
8 9 -0.01707479642530374
8 10 -0.12229939831000154
8 11 0.09898506365612796
8 12 -0.09119560515404748
8 13 0.14737774647285024
8 14 0.2700715100780484
8 15 -0.045161508245851856
8 16 -0.013181200254658318
8 17 -0.10975404637052733
8 18 -0.08843841686663725
8 19 0.04948829683865888
8 20 0.020987376905280637
8 21 -0.048845359585008255
8 22 -0.0270806156293792
8 23 -0.02518832995590008
8 24 -0.10876776697454635
8 25 -0.012163816103203929
8 26 0.009937730160584305
8 27 0.07548764921123602
8 28 0.13517836533596037
8 29 0.14642141372487194
8 30 0.15487663917904085
8 31 -0.31024013530372135
8 32 0.0361138400276107
8 33 0.14937338917661955
8 34 -0.17274804641329816
8 35 -0.09853248353341153
8 36 -0.07619295141136012
8 37 0.08333171121522306
8 38 0.034777606308573836
8 39 -0.22605727025713224
9 9 0.0
9 10 -0.0194207480082408
9 11 -0.04908603485277331
9 12 0.07978037942288835
9 13 0.062412913373331005
9 14 0.1209812180701237
9 15 -0.09773341803616703
9 16 -0.06492449856829988
9 17 0.16595717763528034
9 18 -0.10575058212311664
9 19 0.07756621265249432
9 20 0.034250761425012564
9 21 0.017192727056159963
9 22 -0.00911711864442549
9 23 -0.14022091222311914
9 24 -0.05812551756262389
9 25 0.09762060039259378
9 26 -0.03813478415182125
9 27 -0.12099782933780734
9 28 -0.15403558021415442
9 29 -0.15746639724321226
9 30 -0.16352533266629737
9 31 0.052804330466331276
9 32 0.029691804792129278
9 33 0.09871639441034781
9 34 0.13438755138867625
9 35 -0.008335463730312439
9 36 -0.04961907550645455
9 37 -0.04498679756541104
9 38 0.11667018299264578
9 39 0.047836281249997226
10 10 0.0
10 11 -0.04227574744233102
10 12 0.027499045238045784
10 13 0.11410608307353139
10 14 -0.06301301390355382
10 15 0.016950328317449928
10 16 -0.13481208516515325
10 17 -0.07463651240316177
10 18 0.012209998470979654
10 19 -0.031198119230391654
10 20 0.132012834425953
10 21 -0.021230271053404755
10 22 -0.03884082525687756
10 23 -0.020485729398203582
10 24 -0.026106676987022664
10 25 0.04261917626330348
10 26 0.07224218154753044
10 27 -0.10028296331126489
10 28 -0.0104192724139418
10 29 0.05792319536728928
10 30 -0.061192933712777085
10 31 0.07895258249599682
10 32 -0.06969730283957752
10 33 -0.0022849969916219517
10 34 -0.17059832836832436
10 35 0.1104609858665166
10 36 0.10545095436817586
10 37 -0.02164935254409978
10 38 -0.06053495932057196
10 39 -0.1474699893847344
11 11 0.0
11 12 0.013230846369364196
11 13 0.03535743767715006
11 14 0.08225562810073818
11 15 -0.04074737619916109
11 16 0.07455158194479275
11 17 0.07501547519333959
11 18 -0.21479737560729117
11 19 -0.011422925909480422
11 20 -0.0884106833404058
11 21 0.16218074730499848
11 22 0.04209978448173954
11 23 0.06226019009655257
11 24 0.10378936079725405
11 25 -0.011614466127207058
11 26 -0.16758071138808747
11 27 0.2957985794053954
11 28 0.0914483857902184
11 29 -0.04324514330242543
11 30 0.13372273927363726
11 31 -0.0016708495904973059
11 32 0.17539451706760162
11 33 -0.15114496798317786
11 34 -0.17426452741959592
11 35 -0.011036245837612597
11 36 0.07549846117697974
11 37 0.029096500853016165
11 38 -0.060224896780224225
11 39 0.10164633019423037
12 12 0.0
12 13 0.05024060913870203
12 14 0.11715403606081023
12 15 0.04015808202735567
12 16 0.03330349681356606
12 17 0.09556937900325614
12 18 0.04309694989276475
12 19 0.008237829673587714
12 20 -0.016057805611024756
12 21 0.06506601182367397
12 22 -0.010255164859575408
12 23 -0.05840272887846221
12 24 0.01794896492065776
12 25 0.05147536724556717
12 26 -0.031121902587849616
12 27 -0.15765563881491812
12 28 -0.11874807332006372
12 29 -0.1891934281283475
12 30 -0.19779790991453597
12 31 0.20642075851817104
12 32 0.10001412845862996
12 33 0.14468210644832352
12 34 0.04679053235663804
12 35 -0.05059706586391326
12 36 -0.06315322055149072
12 37 -0.025210008243574798
12 38 -0.0700501825563549
12 39 -0.029341116056565746
13 13 0.0
13 14 0.18236515657015145
13 15 -0.0597633925205429
13 16 -0.014663872770503359
13 17 0.07263935941627345
13 18 0.0692325049943707
13 19 -0.06673903935659001
13 20 0.1309450256950142
13 21 -0.024574046309966686
13 22 0.059946146888969376
13 23 0.10288407313940903
13 24 -0.14330598496300034
13 25 0.12038959039455857
13 26 -0.06195203894639077
13 27 -0.14236107614638854
13 28 0.0660415146626731
13 29 0.047188530591528506
13 30 0.0348271210618812
13 31 0.06977998531028577
13 32 0.08634321176534182
13 33 0.19622104903869614
13 34 -0.15270139892481846
13 35 0.14664579040081227
13 36 -0.03075623272754995
13 37 -0.07360344877969863
13 38 -0.025807180683221104
13 39 -0.1116485521378772
14 14 0.0
14 15 -0.02771806491482464
14 16 0.017087120819028277
14 17 0.0916509647865059
14 18 -0.10113310566698257
14 19 -0.07543183579159732
14 20 -0.028134285163891777
14 21 -0.048467045242417045
14 22 -0.011945030786582093
14 23 0.030170994933451666
14 24 -0.12454547261812646
14 25 0.02668183178750891
14 26 -0.012732015219122126
14 27 -0.09357601664415198
14 28 -0.05127718960765263
14 29 -0.1984621633525861
14 30 -0.03852030313439046
14 31 -0.006776403319025142
14 32 0.10942102577453575
14 33 0.25487491741418516
14 34 0.010447799019089024
14 35 -0.10860449721022092
14 36 0.02599549684659323
14 37 0.0003197296809614981
14 38 0.07999535036166434
14 39 -0.0792661499146515
15 15 0.0
15 16 0.08933155604928808
15 17 -0.06845645370543027
15 18 0.015546677819094992
15 19 0.13971812649120607
15 20 0.09704300074711918
15 21 0.11958450747928476
15 22 -0.09953734689032331
15 23 -0.12733049970031954
15 24 -0.11796592004196216
15 25 0.021253620377989994
15 26 0.04216211799957463
15 27 0.002409595507890673
15 28 -0.005715844639490547
15 29 0.021895113004030114
15 30 -0.16799345203900184
15 31 -0.02636450658504567
15 32 -0.04303201849081508
15 33 -0.1562295875793726
15 34 -0.13466354741789793
15 35 0.12410861772938638
15 36 0.052132046332077076
15 37 0.22483003299164
15 38 -0.1191862161736789
15 39 -0.08359831153376518
16 16 0.0
16 17 0.15962185079088592
16 18 0.013413358262967403
16 19 -0.09751489976214951
16 20 -0.07222081582122578
16 21 -0.028135959618830204
16 22 0.018291966878986887
16 23 0.0549698974408417
16 24 0.0770255854568583
16 25 0.010563732597580379
16 26 -0.05408237643502005
16 27 -0.06746956916497258
16 28 0.09231012728162759
16 29 -0.023585980418791997
16 30 0.05213458145817288
16 31 0.20832368129519913
16 32 0.14447871899189066
16 33 -0.0524134185654639
16 34 -0.04654176187376106
16 35 -0.02368672903441585
16 36 -0.039793597024615136
16 37 0.13792293757645308
16 38 0.00870019463090347
16 39 0.1191042207647891
17 17 0.0
17 18 0.10075828400321411
17 19 -0.006183284222901629
17 20 -0.10940029247302327
17 21 0.04296762449665147
17 22 0.18765747300405972
17 23 0.14243543430805336
17 24 0.1026991993497693
17 25 -0.10494972790614288
17 26 -0.1911439062509233
17 27 -0.053634186703981415
17 28 -0.1476592023006121
17 29 -0.2068857344297826
17 30 -0.003227978844146012
17 31 0.1727965415583298
17 32 0.16739643737317575
17 33 0.07440893366219765
17 34 0.04443808295661146
17 35 -0.06608357757052018
17 36 -0.08243662181100307
17 37 -0.14289863219302296
17 38 0.1800047327631345
17 39 0.1158187857795326
18 18 0.0
18 19 -0.0015029905202552528
18 20 0.08683277712440744
18 21 0.004546357104524909
18 22 -0.010060936003100113
18 23 -0.0493848186691306
18 24 0.01862027978607391
18 25 -0.09138747598696148
18 26 0.007938860296553028
18 27 -0.023533470490830564
18 28 -0.07455632988817039
18 29 0.07313933327056242
18 30 -0.06292008946375777
18 31 0.1889878344654399
18 32 -0.1012779130102552
18 33 -0.09328082974085655
18 34 0.10537245345014176
18 35 0.1806092802630634
18 36 -0.174122490742763
18 37 0.07290923073424214
18 38 0.004894849436145186
18 39 0.01789313913994665
19 19 0.0
19 20 -0.007382667402693438
19 21 0.17092845837165502
19 22 0.07204549177086386
19 23 -0.03499736666989629
19 24 -0.22425541145421063
19 25 0.09353702127432582
19 26 0.06868629527605895
19 27 0.09627828362370991
19 28 0.04164403660111009
19 29 -0.04296410878120678
19 30 -0.07608940770500575
19 31 -0.12727591254990617
19 32 -0.21014597384768977
19 33 0.001724000966052464
19 34 -0.04955067928338028
19 35 0.011185373245855343
19 36 -0.072050189270282
19 37 0.04820279320157152
19 38 -0.09820291820324803
19 39 -0.04983757615397254
20 20 0.0
20 21 0.05086929585589678
20 22 -0.13557704227467152
20 23 -0.003731791868980025
20 24 -0.04363815113218519
20 25 0.08408734478571123
20 26 -0.026902350987041836
20 27 -0.06503177359222989
20 28 -0.07334363980862765
20 29 0.11932926169429756
20 30 -0.12673683591943025
20 31 0.044725286394370636
20 32 0.0012412487355244806
20 33 -0.12503365687477327
20 34 -0.07046922583604512
20 35 0.14883132551926465
20 36 -0.02094487738079873
20 37 0.04053974800725492
20 38 -0.06563162955903307
20 39 -0.021552400690551664
21 21 0.0
21 22 -0.07463947261270414
21 23 -0.06320175698120861
21 24 -0.04394316917019378
21 25 -0.0564418534454012
21 26 -0.0690999543037841
21 27 0.15973339794474686
21 28 -0.07114698188267798
21 29 0.07066766874425284
21 30 -0.050680215791393604
21 31 -0.02163407461180769
21 32 0.0374565830978395
21 33 -0.10439325149672259
21 34 -0.032182365609667654
21 35 0.04164496848796202
21 36 -0.024530709731276003
21 37 0.130702706199164
21 38 -0.04876756204039001
21 39 0.07021976792596756
22 22 0.0
22 23 0.1633348551901957
22 24 -0.09447735535266885
22 25 0.03674278850490985
22 26 -0.08875063693153361
22 27 0.020107102054969635
22 28 -0.09604541833341515
22 29 -0.09720527219999599
22 30 0.20942541923536817
22 31 -0.038378930569534085
22 32 -0.15094927013131193
22 33 0.16317855707869763
22 34 -0.014327747266581823
22 35 -0.12160655724300404
22 36 -0.10972246364614006
22 37 -0.21136642254468593
22 38 0.000044427899827063474
22 39 0.035637318557690804
23 23 0.0
23 24 -0.024035110044004264
23 25 0.093211772497709
23 26 -0.0002050844399100523
23 27 -0.07723025696254239
23 28 0.0032873597611573838
23 29 -0.08854814335970945
23 30 0.10000932117875747
23 31 -0.07151396411024534
23 32 0.09504251035308403
23 33 0.011533215512292612
23 34 -0.017318018882593107
23 35 -0.09084792182899146
23 36 -0.0056740294589519725
23 37 -0.379213889596707
23 38 0.011996759312579586
23 39 -0.024008801353203806
24 24 0.0
24 25 -0.05759463929843881
24 26 -0.1284956282819836
24 27 0.031971540224198916
24 28 0.010941028202937287
24 29 -0.0655216418029291
24 30 0.031479332602454356
24 31 0.26415591313451914
24 32 0.4151623173063631
24 33 -0.14031717638135852
24 34 -0.00755776160738292
24 35 0.01937333784925207
24 36 0.07203681458599258
24 37 -0.0509964951375659
24 38 0.19563277755772562
24 39 0.23080536624733217
25 25 0.0
25 26 0.02100597547496523
25 27 -0.1215618089365171
25 28 0.07766119325676343
25 29 -0.060768955561952054
25 30 -0.024402019167306985
25 31 0.1065025609721687
25 32 -0.014188809841512759
25 33 0.09813436160487463
25 34 -0.09822668604203354
25 35 0.08399670929105864
25 36 -0.05591669020354354
25 37 -0.10301049761389285
25 38 -0.1059618101349639
25 39 -0.010683330811158978
26 26 0.0
26 27 -0.13175404162450685
26 28 0.0680322015503303
26 29 0.008711432991098604
26 30 -0.04707704240330585
26 31 -0.04723396102798875
26 32 -0.19169669959929747
26 33 0.04141494884562925
26 34 -0.06732869139204542
26 35 0.02135858843404768
26 36 0.12115376408370333
26 37 0.09818988362324349
26 38 0.04921570971929901
26 39 -0.2329510371197646
27 27 0.0
27 28 0.09619376377585229
27 29 0.1414655304873766
27 30 0.21014972898338344
27 31 -0.1461247371566588
27 32 -0.10492297682152511
27 33 -0.3461204170634361
27 34 0.0017666583796297475
27 35 0.11641394803063723
27 36 -0.08100385658438365
27 37 0.12209473196155571
27 38 -0.08045754168046712
27 39 0.16435146554718688
28 28 0.0
28 29 0.19249541225680608
28 30 0.14685060996039703
28 31 -0.011448504027584407
28 32 0.07448277319520419
28 33 0.02417732415621286
28 34 -0.13390055317782001
28 35 0.14506219354884967
28 36 0.01145988464191337
28 37 0.09230469674282551
28 38 -0.07941720392224569
28 39 -0.03200158864180071
29 29 0.0
29 30 0.258535319987427
29 31 -0.13804508713282548
29 32 -0.11437362322783154
29 33 -0.04862535943601566
29 34 -0.10432975063224943
29 35 0.17659345126451104
29 36 -0.16519551023823717
29 37 0.10155811162451844
29 38 -0.1280019138843005
29 39 -0.0876256709372072
30 30 0.0
30 31 -0.03591982593481148
30 32 -0.10376249477929411
30 33 0.1748768126224996
30 34 -0.09088220662915694
30 35 -0.026980911168872246
30 36 -0.15866688789449987
30 37 -0.05624086594405999
30 38 0.06706787757796646
30 39 0.09427899492754549
31 31 0.0
31 32 0.1457198483188366
31 33 0.053986526606226305
31 34 0.00010264426374484227
31 35 0.1277333885063212
31 36 -0.08139998021514895
31 37 0.08924689614059927
31 38 0.06083404237651148
31 39 0.23715408315363112
32 32 0.0
32 33 0.013076237785584885
32 34 0.0048293386558272994
32 35 -0.03196285445017145
32 36 0.1280356465441902
32 37 -0.090945264339371
32 38 0.12330855808170213
32 39 0.1666646261320128
33 33 0.0
33 34 0.07389100569947823
33 35 -0.25922783172280395
33 36 -0.1415841705650739
33 37 -0.18262394446763858
33 38 0.1148574760080261
33 39 -0.06735413236390653
34 34 0.0
34 35 -0.14953052208393286
34 36 -0.1761719890871179
34 37 -0.10266838277191608
34 38 0.06259833890007376
34 39 0.25364851915147696
35 35 0.0
35 36 -0.03947844550404155
35 37 0.1272531743272603
35 38 -0.08075874686530697
35 39 -0.04998934844615857
36 36 0.0
36 37 0.09196090353563982
36 38 0.08906593445110078
36 39 -0.09436019752944028
37 37 0.0
37 38 0.02633683444948843
37 39 0.0211164520054459
38 38 0.0
38 39 0.10042246002920123
39 39 0.0
