0 0 0.0
0 1 -0.025417372926795013
0 2 0.052109846147857505
0 3 -0.0337626198722376
0 4 -0.13775410890298173
0 5 0.08833784801297587
0 6 0.06862415035212642
0 7 -0.11892959124989202
0 8 -0.06584301042130254
0 9 -0.07796825270148328
0 10 0.1227585808568716
0 11 0.014955200968090509
0 12 0.004771214536428263
0 13 -0.02074681890880114
0 14 -0.0855148977178515
0 15 -0.013298391222363043
0 16 0.04288617919942836
0 17 0.11334894529626596
0 18 0.021458526402612494
0 19 -0.13989122985925656
0 20 0.09212832325338552
0 21 0.01699206092038064
0 22 0.08739967117010217
0 23 -0.19714892216526644
0 24 0.09942532748893709
0 25 -0.02513906365127198
0 26 -0.0036745565990448357
0 27 -0.02400286315984277
0 28 0.025403980770237207
0 29 0.1244383625778751
0 30 0.1502183679695879
0 31 -0.06547879740731236
0 32 0.07283964596068124
0 33 0.09556996782620487
0 34 -0.05834800463165103
0 35 0.027526309306119982
0 36 -0.04912100265790008
0 37 0.11717451312206639
0 38 0.034237404479957836
0 39 -0.1072810939140401
1 1 0.0
1 2 -0.05841204782912721
1 3 -0.02007323076018953
1 4 -0.10423175573391792
1 5 -0.07450292878584228
1 6 -0.08681384746378516
1 7 0.03126501580911203
1 8 0.04391633616429884
1 9 0.005540026692971908
1 10 0.016825149755293665
1 11 -0.059762712455947206
1 12 0.07428244646182072
1 13 -0.00793537833274361
1 14 0.002355041561398593
1 15 -0.01969697794154154
1 16 -0.029389412004496202
1 17 -0.03576280975525484
1 18 0.029797031854825257
1 19 0.018330607066561824
1 20 0.024114649413688138
1 21 0.014262858761628524
1 22 -0.0010684768665098106
1 23 0.028273358603940896
1 24 0.03942897314261144
1 25 -0.009089627924352904
1 26 -0.02337946268340908
1 27 -0.04381323621232241
1 28 -0.011026244449241296
1 29 0.017534006261823564
1 30 -0.08398216556177804
1 31 -0.006768794802128024
1 32 -0.04006124577932306
1 33 -0.00588531169447563
1 34 0.008928140957856648
1 35 -0.006881706756457469
1 36 0.0005444484403438002
1 37 0.02354166196704184
1 38 -0.0158084693541898
1 39 0.05015986029668612
2 2 0.0
2 3 0.005517834214275439
2 4 0.16970902040434002
2 5 0.1682163671208916
2 6 0.2297074372791806
2 7 -0.026786122397420835
2 8 -0.058746875960855906
2 9 0.03440708901569163
2 10 0.026174437817285755
2 11 0.060527007585158096
2 12 -0.170468809382487
2 13 -0.09140198587212747
2 14 -0.12749861620199504
2 15 0.09370017028654266
2 16 0.069927984976738
2 17 -0.003876112482198378
2 18 0.06753077660022296
2 19 0.022133449846485534
2 20 0.03321459505264987
2 21 0.21310454742772347
2 22 0.0795875284216956
2 23 -0.06256742174628717
2 24 -0.06999898221454362
2 25 -0.09091653991892348
2 26 0.02240511014002016
2 27 0.1562646079296662
2 28 0.024700973947373854
2 29 0.028529578985957576
2 30 0.038904999145582216
2 31 0.06993511119749893
2 32 0.07258067612157935
2 33 -0.058358375382377106
2 34 -0.045340712773676364
2 35 0.08434072603736194
2 36 -0.08882982786790736
2 37 -0.12220567222623688
2 38 0.1082508418212808
2 39 -0.13272469817143467
3 3 0.0
3 4 0.0010307991767439886
3 5 0.010906760157510064
3 6 0.01427949200188349
3 7 -0.016297882155417144
3 8 0.0049418563061566
3 9 -0.037821105073619916
3 10 -0.04766793998731744
3 11 -0.00287450148136453
3 12 0.004932418543141368
3 13 0.05586531798263382
3 14 0.035266258826338076
3 15 0.02424295386172005
3 16 0.08085330489018515
3 17 -0.03578491383878869
3 18 -0.019459152685644375
3 19 0.023831075109039052
3 20 -0.004431588572233703
3 21 -0.02739079265122952
3 22 0.0024718168418539285
3 23 -0.003078314501563338
3 24 -0.08468658107757977
3 25 -0.010527516936579589
3 26 0.025779273317479312
3 27 0.05391455651506053
3 28 -0.006417502135040147
3 29 -0.023545897771576237
3 30 -0.014216517482980983
3 31 -0.017791730848633
3 32 0.0569970108968188
3 33 0.02711801080950253
3 34 -0.0072998830492812345
3 35 0.04231444719229244
3 36 0.03497868218500768
3 37 -0.052343096171322434
3 38 0.0036337965742009046
3 39 -0.03965229628167919
4 4 0.0
4 5 0.1823814845101899
4 6 0.21169965133940724
4 7 0.07638824711373754
4 8 -0.07610997685796317
4 9 0.0980326485357402
4 10 -0.03474315811947908
4 11 0.23965662955807637
4 12 -0.19572936578416242
4 13 -0.02239491876044899
4 14 -0.035835841807697055
4 15 0.06943628786349271
4 16 0.0001484750271861197
4 17 0.11853000622536891
4 18 -0.01168682398351659
4 19 -0.03264640445516923
4 20 -0.03930025702880356
4 21 0.050239227670827
4 22 -0.02471127653153309
4 23 0.012191092461977002
4 24 -0.19804781504770216
4 25 -0.040875944499834393
4 26 0.058615857625139045
4 27 0.09414467003096644
4 28 0.0768628379688699
4 29 -0.03000096656445369
4 30 0.1644095306741962
4 31 0.05234196043527384
4 32 0.007273251974607263
4 33 -0.07524459912392435
4 34 -0.0711215566558757
4 35 -0.047277213981072444
4 36 -0.14121244407788436
4 37 0.008336384203181217
4 38 0.07473362291061571
4 39 -0.13439889817414002
5 5 0.0
5 6 0.17472544221591643
5 7 0.05838951298764196
5 8 -0.03266077115183858
5 9 0.0025630453125851113
5 10 0.0699385524754128
5 11 0.12645377117641107
5 12 -0.10845666944823765
5 13 -0.027911866665476636
5 14 -0.02619443928907448
5 15 0.03942968082537429
5 16 0.08002621849854707
5 17 0.1125919590342527
5 18 0.015721127004989198
5 19 -0.009522844086955164
5 20 0.017310618367336144
5 21 0.017411194560780684
5 22 0.055802089979014424
5 23 -0.08252615009683989
5 24 -0.04470830350780704
5 25 -0.12126479861588343
5 26 0.08792851543529702
5 27 0.053493299709173756
5 28 0.08587344850586234
5 29 0.012011014880120467
5 30 0.05654529125720783
5 31 0.0027491600204341913
5 32 0.03949306852024824
5 33 0.017999724327588975
5 34 -0.0029435669596646922
5 35 -0.04798611087508699
5 36 -0.04720109001965078
5 37 -0.06690548741367197
5 38 0.11340407307755562
5 39 -0.20025679026756618
6 6 0.0
6 7 -0.06855417491967807
6 8 -0.023717418999473792
6 9 -0.03884288839090308
6 10 0.02286486847645271
6 11 0.0919216561905532
6 12 -0.10518439402704491
6 13 0.05623526379863458
6 14 -0.118308219202984
6 15 0.1484306834614242
6 16 0.033523957471161124
6 17 0.07233897236687238
6 18 0.04080809050004508
6 19 -0.01558487557241418
6 20 0.011499635643325214
6 21 0.25887902195098683
6 22 0.11494366893582811
6 23 -0.159757038092475
6 24 -0.1345858603516062
6 25 -0.0743304215268639
6 26 0.12363114243023372
6 27 0.13068910594964125
6 28 0.08598167659034313
6 29 0.0410865607620351
6 30 0.07546641906207724
6 31 0.11540096769553751
6 32 0.018169840368430133
6 33 0.07946055186874997
6 34 0.02434727138397838
6 35 0.0203799189298976
6 36 -0.12745482707552308
6 37 -0.05342631937774671
6 38 0.11772492004489296
6 39 -0.0656642803169153
7 7 0.0
7 8 0.03671482651172926
7 9 0.09738801121720483
7 10 -0.05444685460549855
7 11 0.15762709772432243
7 12 -0.030477471267638223
7 13 -0.13021947428145117
7 14 0.1602209052164548
7 15 0.006652059545397956
7 16 0.13670262981042772
7 17 -0.04220780133228288
7 18 -0.06394632298531541
7 19 0.08861498673213253
7 20 -0.14673019309416002
7 21 -0.045614371244819304
7 22 -0.06905254986920772
7 23 0.09771995770318567
7 24 -0.07909255401631354
7 25 -0.06552455003107185
7 26 -0.06666389934748926
7 27 -0.07377766159739323
7 28 0.02105627475444086
7 29 -0.19385179883986972
7 30 -0.10460289999144519
7 31 -0.036682474223307046
7 32 0.004111511894953589
7 33 -0.053421641817072554
7 34 -0.04286071155382212
7 35 -0.12368302964091275
7 36 -0.041002018714517106
7 37 -0.056426619355954236
7 38 0.0313111415885976
7 39 -0.016062507926487928
8 8 0.0
8 9 -0.09315932929387165
8 10 0.02531305444368605
8 11 -0.06622682103463466
8 12 0.12239400369399103
8 13 0.002668025650394884
8 14 0.02457959045999308
8 15 0.017853788116726048
8 16 0.006403291909166528
8 17 0.028202054979220174
8 18 -0.061322087787999094
8 19 0.04847113340284101
8 20 0.05163172948151934
8 21 0.09418704354710881
8 22 -0.01999685663494648
8 23 -0.014154816099548832
8 24 0.07335838961528547
8 25 -0.06151748319589375
8 26 0.03192185044758617
8 27 -0.012890249165776408
8 28 -0.015233074300752023
8 29 -0.029653805787375052
8 30 -0.13134606578517977
8 31 0.05196292097126433
8 32 -0.07459758976279321
8 33 -0.011590625215768143
8 34 0.07389103196788485
8 35 -0.04416794419595552
8 36 0.014342113154893477
8 37 0.009600717322134116
8 38 0.007441823624132195
8 39 0.032857347264268616
9 9 0.0
9 10 -0.028317896362833595
9 11 0.04168182216498779
9 12 -0.10590830937638487
9 13 -0.04005701867972812
9 14 -0.020476113018062327
9 15 -0.04942390894936171
9 16 -0.0863976067023364
9 17 -0.08884708348540568
9 18 0.09638870162058226
9 19 0.05022706216708491
9 20 -0.14000480146926086
9 21 -0.08505806711896419
9 22 0.03872187188149437
9 23 0.14707753559464742
9 24 -0.012614175289294713
9 25 0.08944879800600894
9 26 -0.028993775657771455
9 27 -0.04504452918763621
9 28 0.00815645027813538
9 29 -0.03263469199191976
9 30 -0.01137152264388109
9 31 -0.026569076122651487
9 32 -0.020301216801542572
9 33 -0.043773704035837746
9 34 -0.006077962516572532
9 35 -0.042644388542107795
9 36 -0.0046954397601888295
9 37 -0.10260994215910453
9 38 0.004666421303755341
9 39 0.07059600687742092
10 10 0.0
10 11 -0.06047641931396717
10 12 0.018620259878260284
10 13 -0.043033571484495714
10 14 -0.07783551211849797
10 15 -0.0395544787756532
10 16 -0.12354185787880345
10 17 0.12228412222681648
10 18 0.06111172979769719
10 19 -0.042693773099030954
10 20 0.11530364975899673
10 21 0.022372265938552814
10 22 0.028134403481746735
10 23 -0.07658426017886787
10 24 0.19518391073187052
10 25 -0.08040059893289869
10 26 0.042757605217981234
10 27 -0.06064765472844473
10 28 0.05294633523928527
10 29 0.12129886022686416
10 30 -0.004470795669098804
10 31 0.037974460380956254
10 32 -0.09361246469483289
10 33 0.006811991787867157
10 34 0.07877963180131528
10 35 -0.05816103839118432
10 36 0.004844327659922721
10 37 0.04805840334215652
10 38 0.033214200347409975
10 39 -0.05075757288758216
11 11 0.0
11 12 -0.10687744878242969
11 13 -0.061228635616729477
11 14 0.05803968981352666
11 15 0.05430469720725649
11 16 0.16785069244436293
11 17 0.10878014853757009
11 18 -0.08909324596409336
11 19 -0.09379154186445092
11 20 -0.03165647686976435
11 21 -0.010050455880294682
11 22 -0.064043643038478
11 23 -0.04102665004679312
11 24 -0.24066760867904344
11 25 -0.05182186274562043
11 26 -0.03981775193109384
11 27 0.040817380130304504
11 28 0.041779749074267014
11 29 -0.07255888405045095
11 30 0.19350378747746963
11 31 -0.06661182598173992
11 32 0.1044474388559686
11 33 -0.040876944396976186
11 34 -0.20003269264142295
11 35 -0.028924458741919408
11 36 -0.17442571246724375
11 37 0.1372669757278041
11 38 0.04174298900635047
11 39 -0.17429376448317527
12 12 0.0
12 13 0.12729948035469682
12 14 -0.03317889719540251
12 15 -0.04023372123264484
12 16 -0.003907330693634218
12 17 0.03406653246789183
12 18 -0.05244643017298024
12 19 0.003170055521217034
12 20 0.07648279907569579
12 21 0.01836963174694976
12 22 0.06549554921684067
12 23 0.01306121636960934
12 24 0.06435911924345913
12 25 0.038249576281912744
12 26 0.07198703525952918
12 27 -0.021718440625977074
12 28 -0.06019936589986943
12 29 0.035755543759984014
12 30 -0.11397608774684698
12 31 -0.056219295913758224
12 32 -0.054089810858187884
12 33 0.022643439166372136
12 34 0.026584407751136612
12 35 -0.029735424289819685
12 36 0.004485310269184004
12 37 0.075595542503207
12 38 -0.00649658683163889
12 39 0.04134031496677266
13 13 0.0
13 14 -0.07540242361778957
13 15 0.025554681309164478
13 16 -0.021791517754548587
13 17 -0.02921241080083408
13 18 0.07999953328469744
13 19 0.00709302516212919
13 20 -0.010945691766863223
13 21 -0.028116412360776704
13 22 0.17950668607708295
13 23 -0.013038784711603446
13 24 -0.16490484288473864
13 25 0.088352223919317
13 26 0.19390388531192654
13 27 0.058164636919347736
13 28 0.030833691011087544
13 29 0.09194173734865185
13 30 -0.03159806226719204
13 31 -0.047421747642411374
13 32 0.0081116204632359
13 33 0.17524213834807945
13 34 0.05370900075747973
13 35 0.022401667616292392
13 36 0.005382790239471037
13 37 -0.05218678159051916
13 38 0.035407828309722604
13 39 0.034860033530202825
14 14 0.0
14 15 0.010409368151541793
14 16 0.12667997568191305
14 17 -0.0689650689463105
14 18 -0.08815238654592226
14 19 0.038646137376600435
14 20 -0.08977885092673867
14 21 -0.15825240987567304
14 22 -0.17995757861503758
14 23 0.009036619040478592
14 24 -0.06442452440373006
14 25 -0.06711726421018005
14 26 -0.10772610446123647
14 27 -0.08478872490415422
14 28 0.02547942943077195
14 29 -0.15442378746583324
14 30 -0.03565080677044749
14 31 -0.010654096404339442
14 32 0.04345850205916139
14 33 0.037297687310460965
14 34 0.0016252636336886248
14 35 -0.029860601972405577
14 36 0.09411485942973936
14 37 -0.007871427951528811
14 38 -0.07072176728588668
14 39 0.016599445629775274
15 15 0.0
15 16 0.0874971908653973
15 17 -0.02494498412170876
15 18 0.00838041182845511
15 19 0.00896602018959664
15 20 -0.005410287918482547
15 21 0.18021008187311272
15 22 0.010204036641712832
15 23 -0.10883899341773787
15 24 -0.1633906803673701
15 25 -0.07835859414180416
15 26 0.02149164013079795
15 27 0.07079208220580827
15 28 0.053039907641290164
15 29 -0.021200944071237432
15 30 0.0014388629745174554
15 31 0.0809285335946435
15 32 0.03449128520422399
15 33 0.07497175255626423
15 34 -0.007844008473811373
15 35 0.04418996415761331
15 36 -0.07777261254804524
15 37 -0.013107946082924076
15 38 0.04012135508329173
15 39 0.0005875063546406397
16 16 0.0
16 17 -0.03769782671836065
16 18 -0.1333960289911778
16 19 -0.001919944004185559
16 20 -0.007178515692056911
16 21 0.008371996115608123
16 22 -0.035827139801884386
16 23 -0.05975057516740249
16 24 -0.28152836249034574
16 25 -0.09621434416607794
16 26 -0.048518878176695
16 27 0.12655961076421954
16 28 -0.03189997766883771
16 29 -0.1312191468944785
16 30 0.03456430070795332
16 31 -0.11546979344452593
16 32 0.22895204814132883
16 33 0.0011494979811312428
16 34 -0.2013305713003824
16 35 0.09165652764819075
16 36 -0.06466535818956157
16 37 0.00004853745616037401
16 38 0.041908584133683494
16 39 -0.2105751822466134
17 17 0.0
17 18 -0.08800352756408227
17 19 -0.15147853609898837
17 20 0.17490400262711814
17 21 0.01712258428606873
17 22 -0.03963342211393203
17 23 -0.11250193767708457
17 24 0.07660891462322852
17 25 -0.08070017466366058
17 26 0.05026548809515698
17 27 -0.004119534843320014
17 28 0.03209965306952567
17 29 0.09951853777651046
17 30 0.17014607657783773
17 31 -0.011410472875493453
17 32 -0.047770532515103645
17 33 -0.061047179725387334
17 34 -0.05978899488025
17 35 -0.07436897889027785
17 36 -0.10999173118874746
17 37 0.23792610357314867
17 38 0.0347971066278918
17 39 -0.18477162671780073
18 18 0.0
18 19 0.03070730920705426
18 20 -0.009852911616536885
18 21 0.0062473108342249286
18 22 0.12181082586540307
18 23 -0.007252885014676531
18 24 -0.014306649384573928
18 25 -0.010855855467131777
18 26 0.06527016135155636
18 27 -0.022558103572954763
18 28 0.09156409589927052
18 29 0.13148467515988874
18 30 -0.06115625566479105
18 31 0.03376996993760363
18 32 -0.04203288429127088
18 33 0.11168521995827436
18 34 0.08457506823279805
18 35 0.022578008132976665
18 36 0.017103912223476556
18 37 -0.11322029759519896
18 38 0.0371999704841771
18 39 0.05375172903790391
19 19 0.0
19 20 -0.1319033430385444
19 21 0.023585970296119772
19 22 0.0525452620924598
19 23 0.10999265289189827
19 24 0.04237934444129471
19 25 0.021311777555154735
19 26 0.03536909325085703
19 27 -0.0017688582202049865
19 28 -0.017477562886658398
19 29 -0.10875803212984618
19 30 -0.2152447587462496
19 31 0.05153792044338569
19 32 -0.04118401181341483
19 33 0.007665379217490642
19 34 0.13761820457750823
19 35 -0.03374014627577029
19 36 0.10404630258691709
19 37 -0.2478876772948237
19 38 0.02237561906696157
19 39 0.1212676619363848
20 20 0.0
20 21 0.06094765841796026
20 22 -0.0448790573530474
20 23 -0.12761511721558544
20 24 0.045278063185563794
20 25 -0.13344507086887542
20 26 0.014009278663194194
20 27 0.05768682687272103
20 28 0.005800396085547735
20 29 0.18151938342031956
20 30 0.09110631695254284
20 31 -0.008674853407466716
20 32 0.0007942714776524133
20 33 -0.056497357159060735
20 34 -0.08143066759799208
20 35 0.07200648606139178
20 36 -0.06332987367023422
20 37 0.2133787696173505
20 38 0.00750461981445259
20 39 -0.19886096622833088
21 21 0.0
21 22 0.09344974672082354
21 23 -0.14959068480842558
21 24 -0.04263327254125386
21 25 -0.08030973419243453
21 26 0.04621091603386072
21 27 0.1212081414418367
21 28 0.009094999673763291
21 29 0.016708094561049915
21 30 -0.06196380507622584
21 31 0.19089227462644737
21 32 -0.05799698541861269
21 33 0.0025671138850437186
21 34 0.02894978896105363
21 35 0.0429748066966828
21 36 -0.18775259896915017
21 37 0.010860956055884887
21 38 0.09161879553390888
21 39 0.08123075288913793
22 22 0.0
22 23 0.010322315438417776
22 24 -0.02247216401938045
22 25 0.08473613124162052
22 26 0.1730825960866672
22 27 0.06277891840875265
22 28 0.006548100974816462
22 29 0.07923511225372508
22 30 -0.08188341411559875
22 31 -0.03090548629599916
22 32 -0.006293374927571186
22 33 0.09562505210030411
22 34 0.06242268647672814
22 35 -0.00600888667737714
22 36 -0.03514426200891235
22 37 -0.15328144049940257
22 38 0.10610379718127874
22 39 0.02946714118102735
23 23 0.0
23 24 0.05612229395439929
23 25 0.14744917271734384
23 26 -0.022781391052790628
23 27 -0.021794492041577927
23 28 -0.09668379651476214
23 29 -0.09553616664641203
23 30 -0.10799467317895498
23 31 -0.0691611786116029
23 32 -0.02948507611421412
23 33 -0.13419986985797475
23 34 0.010602462572330018
23 35 -0.0412964764636979
23 36 0.08083211815153371
23 37 -0.13575649733627207
23 38 -0.03273634411346431
23 39 0.08781203160577164
24 24 0.0
24 25 0.04529620754158505
24 26 -0.030553005670601364
24 27 -0.1674589950518538
24 28 -0.06403367209966793
24 29 0.03900986774661232
24 30 -0.12194060127753462
24 31 0.08140283997116746
24 32 -0.21157949934994047
24 33 -0.10566466921778281
24 34 0.23306908428434897
24 35 -0.12611729236084965
24 36 0.17888108517710655
24 37 -0.04003313123907038
24 38 -0.050313264152643325
24 39 0.14716597562313638
25 25 0.0
25 26 0.006130997227555374
25 27 -0.012855435207218931
25 28 -0.10066378828862918
25 29 -0.033345612346013125
25 30 0.016966406187038492
25 31 -0.06164979538126365
25 32 -0.009417165723536538
25 33 -0.025059569636839685
25 34 0.006578693357019436
25 35 -0.004336441179486385
25 36 0.036611488341601606
25 37 -0.049018345199270355
25 38 -0.04895907492112842
25 39 0.16865366686664143
26 26 0.0
26 27 0.05323070639749851
26 28 0.04837044121138179
26 29 0.0755620515535325
26 30 -0.06331339991143517
26 31 0.011512670453042816
26 32 -0.048219458908493704
26 33 0.095505550874894
26 34 0.10333158200303108
26 35 -0.044878625200785165
26 36 -0.006132979384691614
26 37 -0.09684690359741126
26 38 0.09074025960649726
26 39 -0.026742704537904026
27 27 0.0
27 28 -0.038159865006599666
27 29 0.015490163959888692
27 30 0.045118123154414984
27 31 -0.013013500565424973
27 32 0.10689183942235163
27 33 -0.04168096595074213
27 34 -0.09528614292236533
27 35 0.11310158309824354
27 36 -0.06829837096713505
27 37 -0.0377521824841736
27 38 0.05599804068127327
27 39 -0.12447552044397722
28 28 0.0
28 29 0.05262291782990465
28 30 0.013841741477978073
28 31 0.053971074929113794
28 32 -0.030871144930204358
28 33 0.11583823442750849
28 34 0.05432255405283182
28 35 -0.037106069201269895
28 36 -0.023193326641090264
28 37 -0.0012561086174969188
28 38 0.03617632621569562
28 39 -0.026314659209722813
29 29 0.0
29 30 0.08214386723962577
29 31 -0.00712759115656896
29 32 -0.032746416697836934
29 33 0.05012023816961567
29 34 -0.005136420324038803
29 35 0.050622172533865674
29 36 -0.042331851566887575
29 37 0.11260451204510616
29 38 0.020906117224265115
29 39 -0.08208681242109458
30 30 0.0
30 31 -0.06746011612407252
30 32 0.10625678532731345
30 33 -0.03744864669497509
30 34 -0.2092413937239817
30 35 0.0610698709982153
30 36 -0.13240573632820302
30 37 0.26195841732524927
30 38 -0.02872141913271567
30 39 -0.16911052768960316
31 31 0.0
31 32 -0.11311462108493657
31 33 0.031958663869248796
31 34 0.15166763280164727
31 35 -0.022466404995136996
31 36 0.011669283226043093
31 37 -0.05528394821460954
31 38 0.003863772514269772
31 39 0.13298392832020828
32 32 0.0
32 33 0.002885679243398407
32 34 -0.17752459589508027
32 35 0.1209978131547372
32 36 -0.03213666320649841
32 37 0.005181324800097859
32 38 0.0077326980332800554
32 39 -0.15627252769083358
33 33 0.0
33 34 0.10802532416115615
33 35 -0.0027224912615892768
33 36 0.031073712162242095
33 37 -0.06211006235974185
33 38 0.02199158367627612
33 39 0.0802873659033915
34 34 0.0
34 35 -0.10272141193783242
34 36 0.16668779662373323
34 37 -0.21097159027232132
34 38 0.006095748717976798
34 39 0.2115742705082572
35 35 0.0
35 36 -0.009298457401233768
35 37 0.012728245894218079
35 38 -0.021643680364173534
35 39 -0.05854954876997594
36 36 0.0
36 37 -0.18114151690341784
36 38 -0.061821071747434383
36 39 0.0939447237382113
37 37 0.0
37 38 -0.0654260630822101
37 39 -0.12475658042358106
38 38 0.0
38 39 -0.07879305819584845
39 39 0.0
