0 0 0.0
0 1 -0.06662411546689419
0 2 -0.12311704996599397
0 3 -0.016081471452501214
0 4 0.05309908894230164
0 5 -0.04791598467961115
0 6 -0.11081840224777342
0 7 0.0036587514399901654
0 8 0.067585019308562
0 9 0.11143766538898099
0 10 0.06789977787763855
0 11 -0.05383278494180153
0 12 -0.09811513028576938
0 13 -0.10993762260065496
0 14 -0.13750833904068913
0 15 -0.1228208853688256
0 16 -0.058911407655055016
0 17 0.025247173790760857
0 18 -0.1945497432756271
0 19 0.18624825597520128
0 20 0.1416257226101561
0 21 -0.037095132090592765
0 22 0.009510807508584001
0 23 -0.10370531330749233
0 24 -0.07802693517089661
0 25 0.28026490011206107
0 26 -0.050228084036957145
0 27 0.05659486193841786
0 28 -0.020019316595086094
0 29 0.10015341297704036
0 30 -0.05815091362855958
0 31 0.043410932886716894
0 32 0.07687730139698037
0 33 -0.03400588063424192
0 34 -0.04103891301282734
0 35 0.09943949989880405
0 36 -0.04596668992839979
0 37 0.11329047103281684
0 38 0.11052315121922365
0 39 0.1961674912979237
1 1 0.0
1 2 -0.05081677959779357
1 3 0.09996930195518543
1 4 -0.07779334289363823
1 5 -0.11972437442273046
1 6 -0.087292784256077
1 7 -0.016541952970026638
1 8 -0.04911761579026243
1 9 -0.04394545001445928
1 10 0.021828271442324357
1 11 0.009335409643202008
1 12 0.029831884599044428
1 13 -0.03360203178323731
1 14 -0.057574392413852336
1 15 -0.02958547179385764
1 16 -0.006211614829485361
1 17 -0.054753277328156255
1 18 -0.1192001078401588
1 19 -0.01657456120271308
1 20 0.04403971137229311
1 21 -0.006638348644042902
1 22 -0.09897872963940851
1 23 0.05908430026835483
1 24 0.12364072895007427
1 25 -0.010202508188657554
1 26 0.10693543108851575
1 27 -0.06593336327751192
1 28 0.10045533823721549
1 29 -0.08299630356430478
1 30 -0.05975361561377977
1 31 0.043594731317240544
1 32 0.09509032543013056
1 33 -0.1411316597789001
1 34 -0.0687692055743415
1 35 -0.05650679513445668
1 36 -0.08632507420472671
1 37 0.038938401563973636
1 38 -0.054987637961685674
1 39 -0.23251665463523855
2 2 0.0
2 3 -0.09072203174881974
2 4 -0.15431040112555106
2 5 0.04918503130939797
2 6 0.21350481212008338
2 7 0.29104936995727015
2 8 -0.09060034482781912
2 9 0.044132647127822125
2 10 -0.1262129769541185
2 11 0.07884483240718407
2 12 -0.05127500994171884
2 13 -0.023376798119346395
2 14 0.10244933904046039
2 15 -0.08648170410887915
2 16 -0.011177131742295265
2 17 -0.23267957881674897
2 18 0.09274074953777482
2 19 0.03230630489762574
2 20 -0.08276423762893587
2 21 -0.03707140315230938
2 22 0.04666233773021033
2 23 0.026971538992047184
2 24 -0.10613576373780391
2 25 -0.0018145640811797383
2 26 -0.03589702433303022
2 27 -0.14838433778514673
2 28 -0.1339097327524899
2 29 -0.047938522840789616
2 30 -0.015375237305553787
2 31 -0.0882833708127445
2 32 -0.12709554347472546
2 33 -0.06853972195246638
2 34 -0.1295556903683144
2 35 -0.010516924393215023
2 36 -0.12636576815841322
2 37 -0.11766021204181801
2 38 0.03749404647966351
2 39 0.07848606834183766
3 3 0.0
3 4 0.10892674824691288
3 5 -0.0918999008932931
3 6 0.10176659987697942
3 7 0.011480354676241707
3 8 -0.15075107441100716
3 9 0.021262016495040455
3 10 0.012446921025688005
3 11 0.06641216708823677
3 12 0.1806968825009344
3 13 0.07815293946482967
3 14 -0.1332144360885826
3 15 0.1575019675913329
3 16 0.14143930850522266
3 17 -0.006059305802774037
3 18 0.015821678432630222
3 19 -0.08982692219716713
3 20 0.16454906925750362
3 21 0.0379681617058651
3 22 -0.028204651750582295
3 23 0.08941534651107884
3 24 0.22626240012942134
3 25 -0.15603327830017538
3 26 -0.06493122589809444
3 27 -0.12902932632276048
3 28 -0.05287816242250911
3 29 -0.0853455444692979
3 30 -0.15483007904357315
3 31 0.08465021608155801
3 32 0.05070103972637842
3 33 -0.2000843154562754
3 34 -0.06920832688532874
3 35 -0.16071180767020682
3 36 -0.09512277815341748
3 37 0.11293977056023463
3 38 -0.06898252260026484
3 39 -0.17997099804222325
4 4 0.0
4 5 0.05650682753965356
4 6 -0.061693417010005414
4 7 -0.2008107101311703
4 8 0.09022697697332735
4 9 -0.08282085057153757
4 10 0.012065934800545767
4 11 0.03097863226693104
4 12 0.07045661549444984
4 13 0.0902515846410398
4 14 -0.1339640723942851
4 15 0.0808133261576571
4 16 -0.022520879732510816
4 17 0.14071020924291414
4 18 0.08571903798398364
4 19 -0.05865503459223065
4 20 0.0734460657436871
4 21 -0.05555013394994135
4 22 0.004712983698047525
4 23 0.06230168238350088
4 24 -0.06160678793033199
4 25 -0.10586129851286188
4 26 0.004005941104416089
4 27 0.06284632185522214
4 28 -0.008146014566942725
4 29 -0.03411622488704102
4 30 -0.06278594570477504
4 31 0.045584214135588434
4 32 -0.030683787177567916
4 33 -0.0033399770098004127
4 34 0.07960537832084483
4 35 -0.12821327257056697
4 36 0.0677201912479896
4 37 0.011253024218797501
4 38 -0.19004027624862838
4 39 -0.0018305705930245133
5 5 0.0
5 6 0.10450816515602515
5 7 -0.013010654399530702
5 8 -0.029149176569807277
5 9 -0.05339459828174414
5 10 -0.0931703531223034
5 11 -0.04024859519271473
5 12 -0.06328895796891892
5 13 0.021269467022897216
5 14 0.11367209322403035
5 15 0.04089788393040027
5 16 0.09106631510099468
5 17 0.03031096557920936
5 18 0.03054648574681687
5 19 0.016480303771381405
5 20 -0.02219047392051304
5 21 -0.03289555318896207
5 22 0.024882415997122088
5 23 -0.095115093216964
5 24 -0.10939367062464982
5 25 0.028997396275373444
5 26 -0.06880953017619587
5 27 0.07325930302504872
5 28 -0.08424265540699277
5 29 0.021477973907453894
5 30 0.0007253948329189699
5 31 0.04938396420812282
5 32 -0.06386472285632451
5 33 0.026171994454561014
5 34 0.02388463508923056
5 35 -0.00039161373043076364
5 36 0.06594615109250515
5 37 0.057140837013863466
5 38 0.0649966763984255
5 39 0.07777651186328693
6 6 0.0
6 7 0.17925617532832755
6 8 -0.1600820255884978
6 9 -0.12818973531382938
6 10 -0.09495318198470808
6 11 -0.026046562019547304
6 12 0.11688835200020249
6 13 0.05114696539502943
6 14 0.18913193777505274
6 15 0.12212253550154639
6 16 0.2437511412030718
6 17 -0.15825849051411564
6 18 0.033846783932426405
6 19 0.07324827796509696
6 20 0.13017230679127595
6 21 0.029335401217648598
6 22 0.07218689471825795
6 23 -0.11726445339555354
6 24 -0.05593897516844957
6 25 -0.013232338259459287
6 26 -0.14257875103176718
6 27 -0.20712239746958755
6 28 -0.28730919429100366
6 29 -0.06435947364947311
6 30 -0.07331953060666488
6 31 0.05240371943422097
6 32 0.04349120819995746
6 33 -0.040837884102961644
6 34 -0.030582549456550718
6 35 -0.034079610830488945
6 36 -0.17456218409873198
6 37 0.000311256466833026
6 38 0.08922881679085728
6 39 -0.1809898893157333
7 7 0.0
7 8 -0.16984015098322777
7 9 0.054360732891806506
7 10 -0.05103734416221808
7 11 0.15008908695315978
7 12 -0.03195826639611548
7 13 -0.04631991026092273
7 14 -0.01568484726047264
7 15 -0.05718217038319279
7 16 0.029516230723352917
7 17 -0.1675209647625527
7 18 0.0018241199052285225
7 19 0.06586054446012889
7 20 0.14391846874261777
7 21 -0.0517638302879986
7 22 -0.008382313732913706
7 23 -0.017569841581452077
7 24 -0.01838245412021175
7 25 0.09091868646757348
7 26 -0.10121843928090621
7 27 -0.08029667756679007
7 28 -0.14793872150499077
7 29 -0.04192881439600598
7 30 0.025265393076885266
7 31 0.037209307468586125
7 32 -0.03062027100772451
7 33 -0.07351511372354451
7 34 -0.06825314078121829
7 35 0.0017762742309975772
7 36 -0.21528538132831626
7 37 -0.005141994565284853
7 38 0.17722421651662035
7 39 0.10936346839200575
8 8 0.0
8 9 0.030327239486022794
8 10 0.06384950967549949
8 11 -0.09945465382909005
8 12 0.08899798165192815
8 13 0.04754958665334831
8 14 0.055150682113209504
8 15 -0.08879486978393608
8 16 -0.19611022658914584
8 17 -0.07872411748181049
8 18 0.1191176050930803
8 19 -0.1323703699409583
8 20 -0.021539770015115176
8 21 -0.10631934482116548
8 22 -0.12015052044994623
8 23 0.16252520833611195
8 24 -0.15810173497308994
8 25 0.06513775395507918
8 26 0.046999164244428224
8 27 0.0974982295650888
8 28 -0.026116712070034277
8 29 -0.020713665943728025
8 30 0.27435214007219494
8 31 -0.11450529716964264
8 32 0.04078844703078814
8 33 0.11753893458387665
8 34 0.1733780549873692
8 35 0.07434161656455737
8 36 0.05652077233601384
8 37 -0.17745154592244378
8 38 -0.16594270157387295
8 39 0.12263440886423822
9 9 0.0
9 10 -0.039562138164465833
9 11 -0.08785367132088404
9 12 -0.07876801857836088
9 13 -0.09063880196350685
9 14 0.0819730874284475
9 15 -0.0005823725112975664
9 16 0.011574654183309357
9 17 -0.1376459719233467
9 18 -0.008176134858842207
9 19 0.014183219367454536
9 20 -0.1553456167927467
9 21 -0.0807284444819524
9 22 0.040035338780150295
9 23 0.022264984976567936
9 24 0.13507252667512873
9 25 0.09436963360019089
9 26 -0.051429181290465975
9 27 0.0422803090111538
9 28 0.05877688712895377
9 29 0.048969990383431715
9 30 0.1269669443668673
9 31 -0.049153067023728805
9 32 -0.10988068078907676
9 33 -0.0024728803418721723
9 34 -0.16811912701095316
9 35 0.061185106480545114
9 36 0.11690260879976096
9 37 0.006986539006372086
9 38 0.2285639843462791
9 39 0.2629036110623834
10 10 0.0
10 11 0.025237110046351135
10 12 0.014589425797076038
10 13 0.0046998098459272875
10 14 -0.12982697217018033
10 15 -0.024791869709215555
10 16 -0.13213685442781267
10 17 0.136684683998691
10 18 -0.030190750915285603
10 19 -0.0032790136244474515
10 20 0.05807050620291369
10 21 0.14417540243132748
10 22 0.02527695692344486
10 23 -0.00387521337326971
10 24 0.011017132072699897
10 25 -0.0013743611395739409
10 26 0.00663690189715826
10 27 0.015491338552615485
10 28 0.05741424688576709
10 29 0.030317379622947394
10 30 -0.0018264147076695303
10 31 -0.01263449898538456
10 32 0.07875280814018464
10 33 0.12630516880950762
10 34 -0.019726903155724018
10 35 0.011262107614795642
10 36 -0.021152938208490235
10 37 -0.022930957528275623
10 38 -0.07033169258625618
10 39 -0.04833669451267884
11 11 0.0
11 12 0.00962330578085242
11 13 0.03570303109206173
11 14 -0.1797721574636421
11 15 -0.06895537067912685
11 16 -0.08186416355268514
11 17 0.09758602383355512
11 18 0.11407390602070977
11 19 -0.05232331277692096
11 20 0.1357384873289147
11 21 -0.02309417022782342
11 22 -0.05654734254986558
11 23 0.023866592913024516
11 24 0.02988588494907305
11 25 -0.11126547531701433
11 26 0.00327923648506835
11 27 0.012655769884421696
11 28 -0.008078090198421598
11 29 -0.031148196249536908
11 30 -0.035370645149522054
11 31 -0.004172202359413348
11 32 -0.035258112708809644
11 33 -0.028571282527178443
11 34 0.05689637161293072
11 35 -0.12986548840252238
11 36 -0.12211138790181039
11 37 -0.05370419738803687
11 38 -0.12483616407065667
11 39 -0.08967141125745916
12 12 0.0
12 13 0.08720710922602454
12 14 -0.004162850191525057
12 15 0.16750166883950968
12 16 0.09578365851018207
12 17 -0.023914456794380385
12 18 0.09554716985876319
12 19 -0.01328883037773603
12 20 0.07057958751549462
12 21 0.018651062003695516
12 22 0.06482976724386756
12 23 0.15013797291372677
12 24 -0.02305227162565431
12 25 -0.15335493363968614
12 26 -0.00039250881910812065
12 27 -0.16017329077056558
12 28 -0.08103169015365994
12 29 -0.10062812665745971
12 30 0.036521309293651896
12 31 -0.0350074469499295
12 32 0.06965510771754083
12 33 -0.11183508543650444
12 34 0.1164479848840924
12 35 -0.05934242886669381
12 36 -0.10739241171430325
12 37 -0.12323282568016007
12 38 -0.05365313202135276
12 39 -0.12732373224354662
13 13 0.0
13 14 -0.017378258488316874
13 15 0.05891142039073928
13 16 0.014758014542396386
13 17 0.05039342220435013
13 18 0.10526391273953664
13 19 -0.14352992400983708
13 20 0.028081587786878852
13 21 0.023508699944706467
13 22 -0.001066769283491379
13 23 0.09383713510959463
13 24 -0.029340703437790015
13 25 -0.13795754156697038
13 26 0.03657752732506649
13 27 -0.006700822904349933
13 28 -0.06967734099369258
13 29 -0.02706575935817147
13 30 0.011949811737628354
13 31 -0.043355946883455836
13 32 0.0016364630852945942
13 33 0.050678259782055715
13 34 0.10121634313193681
13 35 -0.04866550247833866
13 36 0.005765236276153759
13 37 -0.008924248849853723
13 38 -0.13132792911817584
13 39 -0.07175702195689515
14 14 0.0
14 15 0.033425926925688736
14 16 0.1747043717277557
14 17 -0.1442157166540085
14 18 0.028905705714707387
14 19 -0.00033141388112459074
14 20 -0.17464385428728751
14 21 -0.029728466068109916
14 22 0.015506071747867894
14 23 -0.09478422293880619
14 24 -0.007662676410741272
14 25 0.05168654019939646
14 26 -0.03591755521721353
14 27 -0.010949121296727819
14 28 -0.08310301343823405
14 29 0.04040819569354288
14 30 0.1413665116051539
14 31 -0.07068078139518473
14 32 -0.023589456811137798
14 33 0.031706040188871104
14 34 0.014954514539594357
14 35 0.11202926822915386
14 36 0.08481638563898722
14 37 -0.02405739619518345
14 38 0.18157937414520817
14 39 -0.015083362401865447
15 15 0.0
15 16 0.17059477194143394
15 17 -0.0033929771083700657
15 18 0.010674331143700647
15 19 0.02040571315276734
15 20 0.011270510762586889
15 21 0.008088346180273837
15 22 0.12342718410284777
15 23 0.061306167433068395
15 24 0.02529543313251243
15 25 -0.10197548579553573
15 26 -0.05459786274403712
15 27 -0.06519816598850728
15 28 -0.03122449791666057
15 29 -0.07816716750272765
15 30 -0.012277240576397527
15 31 0.1034590169412684
15 32 -0.007510923463322633
15 33 -0.02390408217955227
15 34 -0.0021117118175487757
15 35 -0.04913691648409904
15 36 0.04797401829132939
15 37 0.030515213495018907
15 38 0.09513260188564367
15 39 0.03137521911532139
16 16 0.0
16 17 -0.044492230231838945
16 18 -0.04754394601265004
16 19 0.05045039714483094
16 20 0.03432673747892982
16 21 -0.03954063340917976
16 22 0.05519654929268404
16 23 -0.09115520890185172
16 24 0.0700272256945226
16 25 -0.012377655306877736
16 26 -0.05809063579326966
16 27 -0.0618795909874474
16 28 -0.11699075058688164
16 29 -0.01042552305698105
16 30 -0.030524091537904162
16 31 0.06927227450122594
16 32 0.024572909400236036
16 33 -0.12197614804925754
16 34 0.021269173123802197
16 35 -0.009166532246380532
16 36 -0.012423833823488406
16 37 0.12799725375108947
16 38 0.21402045002537085
16 39 -0.10800119589399679
17 17 0.0
17 18 0.0220003937103814
17 19 -0.022838841257174468
17 20 0.02853792573359921
17 21 0.19421640406030985
17 22 0.09162373816640187
17 23 -0.1301859005565283
17 24 -0.009887532003470102
17 25 -0.11406202407291632
17 26 0.04427631678267154
17 27 0.14485671592455668
17 28 0.08198670530886196
17 29 0.12439122369416371
17 30 -0.055283930573907514
17 31 -0.044168734446187484
17 32 0.029622856288322525
17 33 0.17738592743759357
17 34 0.07753398719827753
17 35 -0.05486689329818293
17 36 0.07062542408687386
17 37 0.053901202079950895
17 38 -0.07305801088671854
17 39 -0.16717964313807626
18 18 0.0
18 19 -0.1676091679181517
18 20 -0.05486791256511131
18 21 -0.03157055838678911
18 22 -0.03439243722597057
18 23 0.09223534565080621
18 24 0.008453813670787062
18 25 -0.20057790407241308
18 26 -0.029907523545403138
18 27 0.016620553362699072
18 28 -0.04926966085276684
18 29 -0.017790096447405302
18 30 0.10462622366749766
18 31 -0.11305276381624674
18 32 -0.10601640529076306
18 33 0.04696427896420366
18 34 0.1249905866104262
18 35 -0.08078580021880756
18 36 0.031791936710258754
18 37 -0.1654250836028886
18 38 -0.16451280896562562
18 39 -0.0078036168464725875
19 19 0.0
19 20 0.02761005547452693
19 21 0.005679688843797321
19 22 0.13651228761141637
19 23 -0.16188299691149
19 24 -0.08978779411310547
19 25 0.17999795483070208
19 26 -0.08682245973261324
19 27 -0.07818954149373282
19 28 0.023502538178522887
19 29 0.008702245164254196
19 30 -0.09119122435217653
19 31 0.10350816412212165
19 32 0.021772287965224034
19 33 -0.09076435079823433
19 34 -0.12697562890049535
19 35 0.04441850169084634
19 36 -0.07478710710479693
19 37 -0.015092906978353308
19 38 0.21785977270909312
19 39 0.08600820454115113
20 20 0.0
20 21 -0.1044096854649379
20 22 -0.126836286793914
20 23 -0.042333747209457685
20 24 -0.013712867435436121
20 25 0.08913083818151767
20 26 -0.07822575970744941
20 27 0.024287203914698637
20 28 -0.14484346334118364
20 29 -0.09046065472053089
20 30 -0.01447528533758662
20 31 0.1909348430669495
20 32 0.13773098135627532
20 33 -0.05470112784215144
20 34 0.09344729141436271
20 35 -0.11287729426140083
20 36 -0.22274929112779862
20 37 0.0899243540896316
20 38 -0.01805282441244926
20 39 -0.12423756426286352
21 21 0.0
21 22 0.14677102736069764
21 23 -0.07898983577201016
21 24 0.03270470850969641
21 25 -0.09172949017939754
21 26 -0.04601173885744276
21 27 -0.10216399514032666
21 28 0.03107971394248185
21 29 0.11214919328572492
21 30 -0.1639756545786608
21 31 -0.09683134564111495
21 32 0.0584599907812583
21 33 0.08021264997318944
21 34 -0.13084282688741888
21 35 0.06207596779394566
21 36 -0.00031529049667705395
21 37 0.027961227248220567
21 38 -0.04505712012612758
21 39 -0.11567338214875007
22 22 0.0
22 23 -0.0006125436392439856
22 24 -0.15676553644880611
22 25 -0.050269571317047325
22 26 0.039918291081954334
22 27 -0.1089618091686416
22 28 -0.03040589876093845
22 29 0.03196620103671462
22 30 -0.04575076714981367
22 31 -0.08913248339062876
22 32 -0.0460992089021499
22 33 0.10895542344232037
22 34 -0.11501531292722507
22 35 0.028425212215453032
22 36 0.021356426889689122
22 37 -0.04591462643547998
22 38 0.1420901725705131
22 39 0.06540781987025032
23 23 0.0
23 24 -0.057504633487126686
23 25 -0.142046870799678
23 26 0.1370719180629652
23 27 -0.07599801675585588
23 28 0.006049168046064371
23 29 -0.11984714948149688
23 30 0.06387540451674775
23 31 -0.07808269131855797
23 32 -0.032557256306664846
23 33 -0.038125471283530554
23 34 0.07280058813576039
23 35 -0.031342572230829556
23 36 -0.0028778321403642245
23 37 -0.09694091413397246
23 38 -0.16763456322654371
23 39 0.10300823081462358
24 24 0.0
24 25 -0.08097710761410601
24 26 -0.08862136780118463
24 27 0.011694937484663454
24 28 0.14453395276498238
24 29 0.02253880697140263
24 30 -0.06362459414542512
24 31 0.07160674672863919
24 32 0.00949345830629612
24 33 -0.12638466905298396
24 34 -0.07364978332919757
24 35 -0.05008577652098448
24 36 0.057317755277040285
24 37 0.09222780180017819
24 38 0.00223096394113361
24 39 -0.1390928609504924
25 25 0.0
25 26 -0.07874616205375125
25 27 0.078324118571312
25 28 -0.02890921893994346
25 29 0.04067010937324865
25 30 0.0581269983043747
25 31 0.11070529298669443
25 32 0.05995400976576156
25 33 -0.002148605752448377
25 34 -0.07093389479184167
25 35 0.12910989852928273
25 36 -0.03379060873295907
25 37 0.09129417893767693
25 38 0.22414877225191615
25 39 0.19521852588150962
26 26 0.0
26 27 0.004086005514416193
26 28 0.0588862018370432
26 29 -0.017324834766826766
26 30 0.04462882001509312
26 31 -0.13992277530544842
26 32 0.02108718791944519
26 33 0.09421380462725777
26 34 0.08284474531996497
26 35 -0.0010358099711790041
26 36 0.021656435039091572
26 37 -0.03618548906484189
26 38 -0.10673886231469734
26 39 -0.14098172916724372
27 27 0.0
27 28 0.06774628538509367
27 29 0.0730882042686474
27 30 0.14269215731777124
27 31 0.046631298728730806
27 32 -0.03255553787136426
27 33 0.1516698769652089
27 34 0.11238190976989718
27 35 0.018221463327128422
27 36 0.14519405691564582
27 37 0.07575951072158002
27 38 0.030346104503389516
27 39 0.11348098772870893
28 28 0.0
28 29 0.031223541334886556
28 30 -0.038434031141208844
28 31 0.0175431498283533
28 32 -0.02802699295332663
28 33 -0.009646408569337375
28 34 -0.048983246160404705
28 35 0.011753874157698112
28 36 0.13524004544226503
28 37 -0.017830943254551056
28 38 -0.04904620916103509
28 39 0.027257919161066336
29 29 0.0
29 30 -0.007350050146644106
29 31 -0.08293803029118499
29 32 -0.0044463385516907445
29 33 0.08662354833819252
29 34 0.009504646303383811
29 35 0.09862936027266309
29 36 0.08111998084870875
29 37 0.049048049139486405
29 38 0.0545901303962412
29 39 0.038286128400852396
30 30 0.0
30 31 -0.07753009185824869
30 32 -0.011976926465898206
30 33 0.18663603724413497
30 34 0.16176376926738026
30 35 0.06409261145398537
30 36 0.05383447990734971
30 37 -0.12360196791713438
30 38 0.11659987544433321
30 39 0.10673592867423456
31 31 0.0
31 32 0.033677224997190655
31 33 -0.1070177106859684
31 34 -0.047735683162186
31 35 -0.06241529790601671
31 36 -0.02364422460101654
31 37 0.13090543446224848
31 38 0.0828538447044735
31 39 0.07034053279977989
32 32 0.0
32 33 -0.005502836652207943
32 34 0.056948196744321423
32 35 0.033576693570254244
32 36 -0.09484940839337679
32 37 0.0485745920460131
32 38 -0.011528911793194915
32 39 -0.1690243541060479
33 33 0.0
33 34 0.061437796873473005
33 35 0.06992695566904458
33 36 0.1225179517121966
33 37 -0.04820969968678291
33 38 0.005738235230730659
33 39 0.027690849183959625
34 34 0.0
34 35 0.0410080402727516
34 36 0.014813352252310166
34 37 -0.05702964523043118
34 38 -0.11455643317114732
34 39 -0.037733424982482625
35 35 0.0
35 36 0.06529543808501544
35 37 0.01819044719197104
35 38 0.12174745734039291
35 39 0.17300387132730116
36 36 0.0
36 37 0.037619893253031216
36 38 0.012159008697664911
36 39 0.16555643511349144
37 37 0.0
37 38 0.10506083342558739
37 39 0.006660106824064484
38 38 0.0
38 39 0.20232180219939458
39 39 0.0
