0 0 0.0
0 1 0.09883386393533006
0 2 0.06267355836467237
0 3 0.12192506985475182
0 4 -0.06334329547392548
0 5 -0.13222906854927988
0 6 0.007249444500287754
0 7 -0.17186381660566624
0 8 0.0397947734502629
0 9 -0.041659345903862076
0 10 0.08741890331248794
0 11 -0.10594813921759723
0 12 -0.06382209786410944
0 13 0.08736141911985586
0 14 0.08357736694878784
0 15 -0.23068346733841408
0 16 0.09295632614342987
0 17 0.058803664854105195
0 18 0.011314268941183227
0 19 -0.06525298167542631
0 20 -0.05028469842923371
0 21 -0.11413225436301225
0 22 -0.05460111233219227
0 23 -0.04881948462088025
0 24 -0.001975652667198077
0 25 -0.11013821414073877
0 26 0.02582183689736891
0 27 -0.04415006963272655
0 28 -0.010732385960219767
0 29 -0.03989792639839278
0 30 0.04375786286277154
0 31 -0.01725874065262688
0 32 0.005192705168493957
0 33 -0.1402627374843096
0 34 0.02822446646540448
0 35 0.08793321251160159
0 36 -0.02107779026515267
0 37 0.05570802433936739
0 38 0.0964338390682454
0 39 0.033037209112127285
1 1 0.0
1 2 0.1425902788905214
1 3 -0.07610842431007064
1 4 -0.22328599326484194
1 5 0.002407578863009252
1 6 0.0045029597954509715
1 7 -0.005198751060013313
1 8 -0.0021842987630962757
1 9 -0.03362378556117191
1 10 -0.08989890798733166
1 11 -0.03992528032903877
1 12 -0.034801674338337266
1 13 0.15751653403281302
1 14 0.1045332668247519
1 15 0.07407892972062213
1 16 -0.12039065637453221
1 17 0.1033266742345282
1 18 0.0582201913291589
1 19 -0.040982761377986184
1 20 -0.008017540428665076
1 21 0.051149524591210735
1 22 -0.000756271505183381
1 23 -0.15213811009485467
1 24 -0.1597819364068518
1 25 -0.0756356210191686
1 26 0.058048332735661914
1 27 -0.12125125589508752
1 28 -0.0963306754246129
1 29 -0.10774856824628191
1 30 0.08746981361778568
1 31 0.13581544028736836
1 32 -0.0014180037407335634
1 33 -0.039346851232211724
1 34 0.06777041070186157
1 35 -0.01215970258430365
1 36 -0.02071455299974865
1 37 0.040008855223434316
1 38 0.10258410610595241
1 39 -0.023457468326883765
2 2 0.0
2 3 -0.06995411586829017
2 4 -0.17041055493254226
2 5 0.049500578977529616
2 6 0.07619949463255428
2 7 -0.0033123583444551337
2 8 -0.005219248086984934
2 9 0.007046749828429672
2 10 -0.13692746386608576
2 11 -0.01328580152341731
2 12 0.045489832839563024
2 13 0.1174701338367374
2 14 0.034495950811354426
2 15 -0.021459542753175985
2 16 -0.07749331382637231
2 17 0.23135940248203674
2 18 0.006227136212353114
2 19 0.02597650105495563
2 20 0.04928377926556239
2 21 -0.03655494194987213
2 22 0.06219750701254308
2 23 -0.07829704691928427
2 24 0.030878885208248535
2 25 -0.029711413377681146
2 26 0.09196931633737296
2 27 -0.04721687731969287
2 28 -0.11411600054729217
2 29 -0.07489066008755062
2 30 0.026856298042900524
2 31 0.1536607562059824
2 32 0.10245445410469149
2 33 -0.04308772310655921
2 34 -0.006317639857135023
2 35 -0.08093857666005291
2 36 0.05126465453634921
2 37 0.11722750100145667
2 38 0.05544808093855895
2 39 -0.0013037456495696923
3 3 0.0
3 4 0.1385024437909319
3 5 -0.09967389862384117
3 6 -0.16783175345140192
3 7 -0.10819442345740789
3 8 -0.07681873874642606
3 9 0.23857503935986107
3 10 0.17406405376198328
3 11 0.09858082568746082
3 12 0.06251233577019502
3 13 0.11112594235686879
3 14 0.05289203552018501
3 15 -0.009643258425242883
3 16 0.09384096411424919
3 17 0.04748592420720353
3 18 -0.069771050151892
3 19 -0.0650200276073945
3 20 -0.059613257093870754
3 21 -0.060412821145368965
3 22 -0.2192568704138298
3 23 -0.17395297564636197
3 24 0.08332533763512608
3 25 0.02429850418206363
3 26 0.08655600808268966
3 27 0.030279309049065894
3 28 0.06226811917161114
3 29 0.08554194083311789
3 30 0.11221617344274488
3 31 -0.06460598534995886
3 32 -0.04019477739930068
3 33 -0.00923982444583517
3 34 -0.11382369006256403
3 35 0.05527012562369725
3 36 0.0757095607513302
3 37 -0.09605909138728651
3 38 -0.035108585035540346
3 39 0.1329276903792194
4 4 0.0
4 5 0.005061436677578276
4 6 -0.07033435750343153
4 7 -0.003095646228685757
4 8 0.007459975715811956
4 9 0.1570853015917076
4 10 0.08237659200297368
4 11 0.21857278581761602
4 12 -0.03609294898464405
4 13 0.060725450611233814
4 14 -0.0004369030304526915
4 15 -0.10550790975153886
4 16 0.12022214034899115
4 17 -0.1376703011678924
4 18 -0.05469266187432117
4 19 -0.05332232145324127
4 20 0.047115829485205325
4 21 0.08644391508761494
4 22 0.042731091345602
4 23 -0.021675697697725198
4 24 0.14610048346260593
4 25 0.022672704104895074
4 26 0.033430899617577996
4 27 -0.018122004994958116
4 28 0.1162064291086818
4 29 0.2700103502659309
4 30 -0.14233352814650196
4 31 -0.3478501132500808
4 32 0.022693330399109254
4 33 -0.12348510125307059
4 34 0.04383657703648846
4 35 0.15557453227906032
4 36 -0.07663397924842556
4 37 -0.13051362840094943
4 38 -0.2947648219222131
4 39 0.18447853639589554
5 5 0.0
5 6 0.08062301806373957
5 7 0.1554825442432695
5 8 -0.036145777572943655
5 9 0.09274628748765006
5 10 -0.017831683826290957
5 11 0.0957575640878868
5 12 0.055989224121448834
5 13 0.11712000619926495
5 14 -0.025384056764874114
5 15 0.05525370593162452
5 16 -0.011867035489124439
5 17 -0.0587419952053828
5 18 -0.029232545169331138
5 19 0.01958858475494238
5 20 0.09267999984487416
5 21 0.03766920738326786
5 22 0.039253136530337164
5 23 -0.0158979540370693
5 24 0.05950831266644509
5 25 0.0014336330565223074
5 26 0.03086694217333702
5 27 -0.010031539441500353
5 28 -0.028865886553352586
5 29 -0.024976018397319145
5 30 0.03890631797927036
5 31 0.06792209794422752
5 32 -0.020855438141754723
5 33 0.021844071957472656
5 34 -0.08362293492073926
5 35 -0.15428356124896306
5 36 -0.039387589569832765
5 37 0.008743471887748471
5 38 -0.07800108215375985
5 39 0.023085981650354453
6 6 0.0
6 7 0.032026479570681325
6 8 0.03457624916660683
6 9 -0.09205616655929016
6 10 -0.056774617684025044
6 11 -0.07445044692079193
6 12 0.08316850462733258
6 13 0.07248921247573212
6 14 -0.06607194999421556
6 15 -0.03193631379593982
6 16 0.03155649680377657
6 17 -0.024516321707393214
6 18 -0.09867922331632016
6 19 0.12868032866529633
6 20 0.030109597337336508
6 21 -0.009801649986196807
6 22 0.06885827069175308
6 23 0.10032272469439488
6 24 0.07910915502423277
6 25 0.031163097166625915
6 26 -0.019256897027029977
6 27 -0.023667780417617253
6 28 0.042164662440937126
6 29 -0.015924758592059895
6 30 0.01833045006532668
6 31 0.13883034163401384
6 32 0.10128552952310028
6 33 -0.012811741575617297
6 34 -0.006055538383576731
6 35 -0.2658206720155948
6 36 -0.07879254477726749
6 37 0.12075594160263045
6 38 0.026331284324769288
6 39 0.011167108394208345
7 7 0.0
7 8 -0.11260530806989155
7 9 0.0315958379205066
7 10 -0.04741586322424378
7 11 0.0022139091875175865
7 12 0.0001900003589470933
7 13 -0.027744468756029754
7 14 0.008767719963214814
7 15 0.10318549704096462
7 16 -0.02700049985882197
7 17 -0.12260410516985092
7 18 0.10665222006158233
7 19 0.015337920708367717
7 20 -0.024050764733630717
7 21 0.11583062131208252
7 22 0.019577490689700716
7 23 0.05008289325981528
7 24 0.12132992064672661
7 25 -0.029646073501945487
7 26 0.0422453058412726
7 27 -0.036772978997638574
7 28 0.11179097826591615
7 29 -0.13394693856686293
7 30 0.07997663397079924
7 31 -0.03758702371998781
7 32 -0.08476309005935564
7 33 0.0963977936035201
7 34 -0.12212141592582833
7 35 -0.038070823420484005
7 36 -0.10911293965652338
7 37 -0.005692737809992401
7 38 -0.07825839607829654
7 39 0.023861821174534528
8 8 0.0
8 9 -0.04155890855859283
8 10 0.041275511130733925
8 11 -0.07518638148574833
8 12 0.014482314412484954
8 13 -0.02828102637944636
8 14 -0.000946836944173492
8 15 -0.05415745672551867
8 16 0.009289010526869639
8 17 -0.12937477489262733
8 18 -0.10807340962197398
8 19 0.011304705161547203
8 20 0.09161791363233539
8 21 -0.050259764467663136
8 22 0.04595303906130618
8 23 0.010510016788430545
8 24 -0.07485658847524576
8 25 -0.023234801603323745
8 26 -0.08841612557817578
8 27 0.09667574989578451
8 28 -0.056563327838408464
8 29 0.04901998580881255
8 30 -0.11626213836986318
8 31 -0.02495101048227062
8 32 0.0041104325977491165
8 33 -0.11993695547446784
8 34 0.1736200427645717
8 35 -0.030649509617750897
8 36 0.10779419245268287
8 37 0.06202674100854989
8 38 0.04346639083645505
8 39 0.060123747329168864
9 9 0.0
9 10 0.13556982665197587
9 11 0.24230481621914968
9 12 0.15819126683043952
9 13 0.23196993308646427
9 14 -0.10782384529471085
9 15 -0.04519896581200918
9 16 0.05547818166241569
9 17 0.043337615823783995
9 18 -0.0334603710213041
9 19 -0.12788405917215132
9 20 0.024014498194125752
9 21 0.10972634514346465
9 22 -0.009747969906037096
9 23 -0.22004280194101594
9 24 -0.04673009777778998
9 25 -0.056791173392218966
9 26 0.12024974147364036
9 27 0.009941647130348001
9 28 -0.06258000062960901
9 29 0.12324280301482352
9 30 0.07586476742213127
9 31 -0.06776578270487675
9 32 -0.006432411125758007
9 33 0.004826139602971618
9 34 -0.22419184153901953
9 35 -0.0700826158080575
9 36 0.06014372820391935
9 37 -0.2298349914645042
9 38 -0.12037204031448794
9 39 0.2247679660596992
10 10 0.0
10 11 -0.0054965525464737205
10 12 -0.06763541853786126
10 13 0.04365050914341813
10 14 0.03377824104145426
10 15 -0.25374326150264787
10 16 0.22362409438634206
10 17 -0.2440229277479114
10 18 -0.08862233018452634
10 19 -0.10754050790296199
10 20 0.034524092379402654
10 21 -0.04246238155378176
10 22 -0.12364699290019535
10 23 0.01309859153852832
10 24 -0.10341955273709365
10 25 -0.08567954089300435
10 26 -0.1062053942464021
10 27 0.007106806182149631
10 28 0.00211191622042099
10 29 0.02288404754208132
10 30 0.018376871702410726
10 31 -0.10406255030844022
10 32 -0.22841921714088595
10 33 -0.03665175501233009
10 34 -0.056196307569318926
10 35 -0.026549309157814893
10 36 -0.028016698922777056
10 37 -0.11653284463251908
10 38 0.026141646426483384
10 39 0.026824496988657714
11 11 0.0
11 12 0.03783017108277419
11 13 0.16930107899155986
11 14 -0.03170048900769647
11 15 0.0789078643654025
11 16 0.03689791414636953
11 17 0.09765271003998174
11 18 -0.060928672783844985
11 19 -0.06852674448130683
11 20 0.07356173267045993
11 21 0.11589964424737083
11 22 -0.04386087363793493
11 23 -0.1303786353153456
11 24 -0.018353604986985
11 25 0.031989317119878055
11 26 0.06776555040630396
11 27 -0.0810821786314003
11 28 -0.0842231736983882
11 29 0.15147934121424317
11 30 0.061886597042145275
11 31 0.0432320900329407
11 32 0.06030268265669627
11 33 -0.05827592915997387
11 34 -0.1646566801473864
11 35 0.05576959794618702
11 36 0.034301881211575944
11 37 -0.15989628521011792
11 38 -0.1808098080981328
11 39 0.10400496187664157
12 12 0.0
12 13 0.058724590036094704
12 14 -0.20842948998515265
12 15 0.19032210209844205
12 16 -0.02803796441071174
12 17 0.09395552875668337
12 18 -0.08456951808900148
12 19 0.03645357041631298
12 20 -0.02162936472193232
12 21 -0.007548961383732828
12 22 0.08389189138632351
12 23 -0.053714934433647846
12 24 -0.006354235380967306
12 25 0.084938476710917
12 26 0.026390985391241063
12 27 0.0980704367762462
12 28 -0.041595865020903275
12 29 0.12756906955181865
12 30 0.06632746866222447
12 31 0.052180764749082675
12 32 0.20836135001245643
12 33 0.04839873545331345
12 34 -0.04612022278937306
12 35 -0.20869937920265852
12 36 -0.02258278240191068
12 37 0.02755413384788525
12 38 0.003867952406938617
12 39 0.13325704248084083
13 13 0.0
13 14 0.031052602621215963
13 15 -0.05217931891072397
13 16 -0.019695360133755398
13 17 0.04112153092091307
13 18 -0.05175199868994229
13 19 -0.08334291232582267
13 20 0.092550576886911
13 21 0.03139153906619483
13 22 0.010736835679414265
13 23 -0.2496299470777048
13 24 0.008092348529091582
13 25 -0.07313101653685641
13 26 0.1628249412499812
13 27 -0.04801170584603452
13 28 -0.03229234223695736
13 29 0.05970519588047703
13 30 0.11501780865293376
13 31 0.12050134981865952
13 32 0.028796954157122984
13 33 -0.06219245916424014
13 34 -0.06264178330341155
13 35 -0.1848666705447649
13 36 0.008479660527866612
13 37 -0.07017416838676355
13 38 -0.048522283694414824
13 39 0.126061827544499
14 14 0.0
14 15 -0.07785930415570155
14 16 0.031605916449322154
14 17 0.0044889230121368615
14 18 -0.01399374424181521
14 19 -0.04713828628836432
14 20 0.09955362261438219
14 21 -0.034500915748964175
14 22 -0.10738839056823127
14 23 -0.027724742911771277
14 24 0.022721471292498872
14 25 -0.05847296589364685
14 26 -0.015544294205875336
14 27 -0.10764384038079036
14 28 -0.009640537654245057
14 29 -0.10818664336333952
14 30 0.015922933634481298
14 31 0.048981312132904055
14 32 -0.13511684082959516
14 33 -0.1049365516089428
14 34 0.1460094737043514
14 35 0.12505993408070776
14 36 0.048497374943955264
14 37 0.12691360424968234
14 38 0.058920701543167066
14 39 -0.06768724854500184
15 15 0.0
15 16 -0.23652880191977288
15 17 0.011831058016538786
15 18 0.004761470606975578
15 19 0.09936675082415651
15 20 -0.05644757285797195
15 21 0.08321569524699475
15 22 -0.04039386137635943
15 23 -0.06870437185689146
15 24 -0.0004382648246176746
15 25 0.18104602084430613
15 26 0.026839385466041244
15 27 0.07685090929557227
15 28 0.04933616481535742
15 29 0.02128897890288849
15 30 0.12351708602044895
15 31 0.15990425329929883
15 32 0.14057651844145103
15 33 0.13777466525480214
15 34 0.02672328425277303
15 35 -0.05643532536742938
15 36 0.02117934803277235
15 37 0.03256774669626068
15 38 -0.0250074785457694
15 39 0.005719635465480794
16 16 0.0
16 17 -0.09780878830557509
16 18 -0.11192823992113714
16 19 -0.05761903639958491
16 20 0.0229254701129402
16 21 -0.029695850048626342
16 22 -0.09554382906915351
16 23 0.10932172414955763
16 24 -0.006408356804195253
16 25 -0.056958195095532106
16 26 -0.11572793380185911
16 27 -0.09023624011680527
16 28 -0.007010113262221916
16 29 0.037402266315524714
16 30 0.05502957906872907
16 31 -0.06264808594932075
16 32 -0.06453281235565142
16 33 -0.13431425494736948
16 34 -0.08974088946430922
16 35 0.036665965462171456
16 36 -0.10770622979419711
16 37 0.005039239618848997
16 38 -0.011061479536673482
16 39 0.06572909613734425
17 17 0.0
17 18 0.003986583234442658
17 19 0.013718352476525506
17 20 0.008665566843652505
17 21 -0.014541153261232976
17 22 0.09275037617581737
17 23 -0.09898075515587021
17 24 -0.07355654709896103
17 25 0.08379412475875621
17 26 0.11179212218579766
17 27 -0.138781353923965
17 28 -0.238517487568258
17 29 0.06657718855601066
17 30 -0.0058383394187081165
17 31 0.20167434751473073
17 32 0.2711344726329295
17 33 0.026403404488829812
17 34 -0.006081579077856029
17 35 0.013867279919412199
17 36 0.09063055920579671
17 37 0.08676703775907976
17 38 0.08785193600680466
17 39 -0.092014332089312
18 18 0.0
18 19 -0.1408496188295111
18 20 -0.14214093326705574
18 21 0.050795733295437726
18 22 0.10081129145395928
18 23 -0.016356224640353717
18 24 0.058512566554114874
18 25 -0.13612221215994263
18 26 0.12101952875154465
18 27 0.04984652520532246
18 28 0.1253899698080529
18 29 -0.13461287045015138
18 30 0.0687717821531093
18 31 -0.11576387306879325
18 32 -0.027322066050711434
18 33 0.09832618689452853
18 34 -0.06973510720937336
18 35 0.23855820960573643
18 36 -0.0419235586803034
18 37 -0.09209746197464254
18 38 0.015866532978432046
18 39 -0.02151677868601709
19 19 0.0
19 20 -0.01700009109331747
19 21 -0.0248050902035307
19 22 -0.0678796991845059
19 23 0.08459352738190849
19 24 0.11768963109290478
19 25 0.16968039704569043
19 26 -0.02183547626991787
19 27 -0.033961007867698956
19 28 0.0149370921198056
19 29 -0.01611403529334653
19 30 -0.09941550387523067
19 31 0.0651117983632855
19 32 0.04672490999818247
19 33 0.035894277551606846
19 34 -0.01593651011485217
19 35 -0.19774370257962878
19 36 -0.012270409601266056
19 37 0.09777174052664372
19 38 -0.06766169003600352
19 39 -0.052908199945310784
20 20 0.0
20 21 -0.054434815742444555
20 22 0.04229035704537545
20 23 -0.020156684403435186
20 24 -0.041629464883630285
20 25 0.011449324502298073
20 26 -0.054904164400683755
20 27 0.010921424969073824
20 28 -0.13979541251089922
20 29 0.05589252070803129
20 30 -0.07912789698681193
20 31 0.09602447104033096
20 32 -0.02622400365713016
20 33 -0.08082481481407226
20 34 0.14512796597075434
20 35 -0.09772985090913679
20 36 0.1007514658355511
20 37 0.09551387114060646
20 38 0.012798232964181996
20 39 -0.03619932265660823
21 21 0.0
21 22 0.018854566935289398
21 23 -0.04111780939195758
21 24 -0.0937827611502838
21 25 -0.022208604925471876
21 26 0.03625402242191976
21 27 -0.11019646259576713
21 28 0.0662387298000518
21 29 0.016616517525891987
21 30 0.049322541765249875
21 31 -0.009680189472755977
21 32 -0.0026387380166249894
21 33 0.05173153189061073
21 34 -0.10238232934010587
21 35 0.009930480251324477
21 36 -0.02045401422856351
21 37 -0.16880220718336636
21 38 -0.07066646064431008
21 39 0.09169807118259805
22 22 0.0
22 23 0.021241321625322974
22 24 -0.04412139977824485
22 25 -0.03891272324171547
22 26 0.03020515919549686
22 27 0.08211670183272271
22 28 -0.03728148022672336
22 29 0.08405474004870009
22 30 -0.11161968560184174
22 31 -0.07391643644491794
22 32 0.14198550693282197
22 33 0.04087543526894545
22 34 0.14996535505042832
22 35 -0.032347420313743866
22 36 -0.02288151378996975
22 37 0.02745068796981005
22 38 0.02833753023768144
22 39 -0.006672126806789252
23 23 0.0
23 24 0.05019275892106908
23 25 0.03997705322753078
23 26 -0.15152052300872193
23 27 -0.001307614069609428
23 28 0.06384630143707151
23 29 -0.0469718902461274
23 30 -0.052760208109799644
23 31 -0.02011065900374897
23 32 -0.016201859080758357
23 33 0.022689614727138575
23 34 0.02266081260987586
23 35 0.004095694749523776
23 36 -0.0961008828165189
23 37 0.10189207528861592
23 38 0.03858444442785625
23 39 -0.11166221049505735
24 24 0.0
24 25 0.01725894683947642
24 26 0.15678911972042758
24 27 0.08718317457545602
24 28 0.23698532664104155
24 29 -0.0894153838950166
24 30 0.02854912696479426
24 31 -0.08124386510825622
24 32 0.04669078454428668
24 33 -0.02751331295938353
24 34 -0.13164257672067042
24 35 0.028458592884989982
24 36 -0.014828409475313584
24 37 0.10916500960314283
24 38 -0.17182023061072213
24 39 0.10150419755600418
25 25 0.0
25 26 -0.04137559169588799
25 27 -0.0001795754155944043
25 28 -0.03278491606948111
25 29 0.10032487273089423
25 30 -0.07515010914831674
25 31 0.06266873641070847
25 32 0.08384017993097748
25 33 0.07318339761030171
25 34 0.04159258301364548
25 35 -0.13357133143469252
25 36 0.005182634269539238
25 37 0.04891439724171411
25 38 -0.04613634238825334
25 39 -0.0745980863268926
26 26 0.0
26 27 0.01763774314293087
26 28 0.07392026904074198
26 29 -0.031206917272467855
26 30 0.05705860542166229
26 31 -0.010218505361681871
26 32 0.06202058684730758
26 33 0.033878015431062836
26 34 -0.11698977400237583
26 35 0.019272383631736348
26 36 0.040294158016080286
26 37 -0.06626135834691763
26 38 -0.07998549788397995
26 39 0.09037158766120945
27 27 0.0
27 28 0.08407743899095561
27 29 0.020632116661857415
27 30 -0.03372203101646507
27 31 -0.03622723657319831
27 32 0.01728340128498266
27 33 0.08224510430969086
27 34 0.06576412836176018
27 35 -0.02979675057445243
27 36 0.14090434170536484
27 37 -0.0034097577296643236
27 38 0.04375756892303908
27 39 0.026500943639094787
28 28 0.0
28 29 -0.07321558989371968
28 30 0.09317609040915954
28 31 -0.09352044440987772
28 32 -0.03997507813623175
28 33 0.08545545265001855
28 34 -0.0772289904416091
28 35 0.036019836412968013
28 36 -0.04439257806384915
28 37 -0.0596435440060384
28 38 -0.04951162589588164
28 39 0.08919019790299355
29 29 0.0
29 30 -0.11045721129649635
29 31 -0.10101212478550865
29 32 0.14145603923872788
29 33 -0.041021286120446435
29 34 0.10293497543682295
29 35 -0.0380748948948576
29 36 -0.014027811433048026
29 37 -0.06633415163662028
29 38 -0.0927418884541283
29 39 0.07118764624064347
30 30 0.0
30 31 0.1820462357159775
30 32 0.013263769742628015
30 33 0.020439587540613178
30 34 -0.19960847155254693
30 35 0.0046057377193639325
30 36 -0.046277335313434816
30 37 -0.02347184711106568
30 38 0.07283248349648228
30 39 0.08059539314324525
31 31 0.0
31 32 0.07843547506553909
31 33 0.06284693767556958
31 34 -0.051037889486505075
31 35 -0.2484386542549764
31 36 0.15925448566372885
31 37 0.10875420310599475
31 38 0.19576525063961578
31 39 -0.11679847171713956
32 32 0.0
32 33 -0.036282061535115546
32 34 0.03432876229255169
32 35 -0.03839806604234098
32 36 -0.008910186952791827
32 37 0.09145394129361897
32 38 -0.008398802640569627
32 39 0.08093987397021278
33 33 0.0
33 34 -0.06449243513471363
33 35 -0.13936162405738556
33 36 0.023492843038587972
33 37 -0.09999704214813193
33 38 0.06259634424691587
33 39 -0.12665677460612074
34 34 0.0
34 35 0.013702787838564452
34 36 0.04200695156624735
34 37 0.2105808947971486
34 38 0.1312105392196057
34 39 -0.11560270669297512
35 35 0.0
35 36 -0.008210420581777232
35 37 -0.061391044659453456
35 38 -0.06337432941839717
35 39 0.026340521202832194
36 36 0.0
36 37 -0.026345138390122442
36 38 0.07959308477697463
36 39 0.0035635395156726987
37 37 0.0
37 38 0.10498812153381401
37 39 -0.07574256530576037
38 38 0.0
38 39 -0.12419223499233172
39 39 0.0
