0 0 0.0
0 1 -0.025562767233732558
0 2 -0.17560581881492515
0 3 -0.06843221146193947
0 4 0.20546104804067428
0 5 0.005990896922886859
0 6 0.17743328481619217
0 7 -0.18300041754921653
0 8 0.13272420291705023
0 9 -0.027467067914464786
0 10 -0.06846870944800862
0 11 0.07493746194318039
0 12 -0.03899208575052337
0 13 0.165583515355207
0 14 0.11165498934497523
0 15 -0.036601438737761616
0 16 0.08425481295309246
0 17 0.08993059535261093
0 18 0.030440995613743516
0 19 0.026486936949362404
0 20 -0.1581008374039255
0 21 0.13659394914863024
0 22 -0.024764026531980003
0 23 -0.03590718900350441
0 24 -0.07085097260090811
0 25 -0.2295865465292947
0 26 0.09322908240448137
0 27 -0.18946175372747334
0 28 -0.0201996278613267
0 29 0.15284630838775354
0 30 0.040328851944511274
0 31 -0.17672107199261988
0 32 -0.20678126776762573
0 33 -0.0005482795098095753
0 34 0.0914422198807613
0 35 0.0842142288825247
0 36 0.005497368105815389
0 37 -0.0723417244412887
0 38 -0.014058404033695373
0 39 -0.018445374471033765
1 1 0.0
1 2 0.2090345529703459
1 3 0.030280338372532516
1 4 0.1414970258878534
1 5 0.2834074453573578
1 6 -0.13460463413932502
1 7 -0.03185966163076454
1 8 0.02979114142619106
1 9 -0.016628863688573168
1 10 0.012827911375042151
1 11 -0.14955917970240556
1 12 -0.05616751899568382
1 13 0.06603054321653044
1 14 0.06540856019129315
1 15 -0.035933671212003505
1 16 -0.16011113182685519
1 17 -0.003511508760298223
1 18 0.011603700696545188
1 19 0.143185245093139
1 20 -0.10257772807147329
1 21 0.13465940200057908
1 22 -0.14012049460737264
1 23 0.10987963474590048
1 24 -0.10304107329186693
1 25 0.09576582548610472
1 26 0.010337709967628195
1 27 -0.07414847211349074
1 28 0.24590106450176355
1 29 -0.16761618843929343
1 30 -0.11293416103795621
1 31 0.008512217131181828
1 32 0.0922668684480803
1 33 -0.07678346035836613
1 34 0.13164320080248176
1 35 -0.026678896227120562
1 36 0.19801370079417252
1 37 0.18558144115467798
1 38 0.011062846272212734
1 39 0.03546261213088766
2 2 0.0
2 3 0.08520731280058083
2 4 -0.15311182663976705
2 5 0.24585836096796837
2 6 0.05077362321810304
2 7 -0.12408040115188221
2 8 0.04417718651782354
2 9 -0.0033966813133122623
2 10 0.1119983972689339
2 11 -0.0687821012308289
2 12 -0.19774565027672764
2 13 -0.015348888712577894
2 14 -0.08364180637227216
2 15 -0.21901093145374656
2 16 0.04965555926767164
2 17 -0.05330471310510645
2 18 -0.07234561917490727
2 19 -0.037147772099608165
2 20 0.024382726304637222
2 21 0.01572377872059629
2 22 -0.10087539254350157
2 23 0.07730633731978725
2 24 0.10923563121672097
2 25 0.10436705011906337
2 26 -0.2938749952957768
2 27 0.051195011100567143
2 28 -0.008586230662538864
2 29 -0.11108382456825192
2 30 -0.057803035827533975
2 31 -0.009891001001551698
2 32 0.07848213378994807
2 33 -0.078309490805115
2 34 0.24669442506038558
2 35 -0.15201237588035532
2 36 0.012130237572730376
2 37 0.1363869731581187
2 38 0.03421679278406148
2 39 0.015551158120226014
3 3 0.0
3 4 -0.022467954859853277
3 5 -0.00778170982387644
3 6 0.04848377418370145
3 7 -0.03011847956897241
3 8 -0.07974032690169305
3 9 0.13749232483372928
3 10 -0.07158517740546035
3 11 0.09246116548829414
3 12 -0.10106382704813337
3 13 0.03928893259702332
3 14 -0.18341601268119545
3 15 -0.025661776470586938
3 16 0.06784189044099725
3 17 0.029776666361283954
3 18 0.026952242109939257
3 19 0.03233891746100593
3 20 -0.10153607496788915
3 21 0.12676045954484363
3 22 -0.09984274198218526
3 23 0.05349147993165913
3 24 0.002814248204927559
3 25 0.1580454363493822
3 26 -0.10060740588821968
3 27 -0.06539074323924267
3 28 0.15266666512401766
3 29 -0.05358714585628664
3 30 0.1022242638803557
3 31 0.057738992991649286
3 32 -0.019266724690687985
3 33 0.08268961389435964
3 34 -0.09465455874633466
3 35 0.17869545666692838
3 36 0.011217491477792644
3 37 0.0033723674329257484
3 38 0.0747851977960088
3 39 -0.05362134693439474
4 4 0.0
4 5 0.004774158186480559
4 6 -0.0247826254296508
4 7 -0.18891627937935593
4 8 -0.018907205843719316
4 9 0.07133787706382709
4 10 -0.1083148930247763
4 11 -0.02814516428988952
4 12 0.14126544532120552
4 13 0.050307693516223904
4 14 0.14733840269166817
4 15 0.09910934926046237
4 16 -0.18311174974970698
4 17 0.1898543258184893
4 18 -0.0397260009520181
4 19 -0.07190769197859054
4 20 -0.11302574304059876
4 21 0.25641190879597114
4 22 -0.14073060828281256
4 23 -0.07278809172885757
4 24 -0.04550049581407959
4 25 -0.09381032458402794
4 26 0.054999860844754535
4 27 -0.02546057785858357
4 28 0.2211049766688203
4 29 -0.010045036905672631
4 30 -0.1751008677871818
4 31 -0.07832336300382334
4 32 -0.13763131431318293
4 33 0.0041676881121264775
4 34 0.0546272928167729
4 35 0.04759091480575901
4 36 0.06360563645579959
4 37 -0.04420665205883245
4 38 0.029702606028781848
4 39 -0.04315646732188062
5 5 0.0
5 6 -0.15160276155932514
5 7 -0.03990541513381564
5 8 0.06163804509097591
5 9 0.06960763822481215
5 10 -0.013815878943511276
5 11 -0.14935736964049875
5 12 0.03583023434531778
5 13 0.03138741472540037
5 14 0.11450412653172445
5 15 -0.08625679348536354
5 16 0.009367972934261597
5 17 -0.04273901297391206
5 18 0.013953248831555543
5 19 0.12187410949903381
5 20 -0.05555312478173659
5 21 0.013225388061640775
5 22 -0.045463157116385086
5 23 0.05938077659971904
5 24 -0.10668194735121787
5 25 -0.016393327436185337
5 26 -0.03602268201661828
5 27 -0.10002324363145683
5 28 0.08504042320603857
5 29 -0.12736134595495982
5 30 0.031150481895578803
5 31 -0.05396012523936944
5 32 0.1520077875716688
5 33 -0.0856963126367475
5 34 0.10097023338637334
5 35 -0.10611533664327492
5 36 0.03182820985883619
5 37 0.2794861666822041
5 38 -0.026703368040109206
5 39 0.09249982162406079
6 6 0.0
6 7 -0.12375905128802386
6 8 0.1352935072747698
6 9 -0.0674414208905771
6 10 -0.1219431496160673
6 11 0.16404250377950133
6 12 -0.1939564331478093
6 13 0.12599647196889463
6 14 -0.08313321976553133
6 15 -0.08266990821138445
6 16 0.06315288227397922
6 17 0.05513764059677364
6 18 -0.026510553740931884
6 19 -0.015396069589168662
6 20 -0.1796459284235764
6 21 0.030477310908964383
6 22 -0.04646814557640653
6 23 -0.07458801176051214
6 24 0.13531103904097902
6 25 -0.005387976014879435
6 26 0.023929232216381026
6 27 -0.1671926488218422
6 28 -0.1116732466793108
6 29 0.2886815046892893
6 30 -0.02300102728635918
6 31 -0.09847506887972893
6 32 -0.33624031223547146
6 33 -0.08568122691609799
6 34 0.17176555910643254
6 35 0.1238118600601763
6 36 0.03541750591117019
6 37 -0.2219941416889526
6 38 0.1570060441717351
6 39 -0.07144004701485576
7 7 0.0
7 8 -0.03864378179835582
7 9 0.08281087247856421
7 10 -0.05506562871880438
7 11 -0.06085019580290655
7 12 0.01615779972883913
7 13 -0.10743977083448612
7 14 0.1137717643702287
7 15 0.12521949649918726
7 16 -0.008695946103770986
7 17 -0.05266084107089395
7 18 0.08816336353812926
7 19 0.01661621465152695
7 20 0.0633048900456387
7 21 -0.13041064067519947
7 22 0.06413851555177794
7 23 0.013378827322404996
7 24 0.025367892863890823
7 25 0.22222761299107976
7 26 0.13279030710388767
7 27 0.03967124646062991
7 28 0.05458933314910904
7 29 -0.013579790239866513
7 30 0.02107649204312507
7 31 0.14852284949958422
7 32 0.15630947631257713
7 33 0.026274061652131853
7 34 -0.12297203537727368
7 35 0.050076633657679025
7 36 0.12650422494923488
7 37 0.11961472076945594
7 38 -0.025021471736865246
7 39 0.13424383092856015
8 8 0.0
8 9 -0.04522844192667454
8 10 0.07363410899958651
8 11 -0.1259450911263717
8 12 -0.14350257481063955
8 13 0.09937189568913533
8 14 0.05245331200638429
8 15 -0.22280812146803203
8 16 -0.09388540856841636
8 17 0.06131793205320546
8 18 0.09945079999364521
8 19 0.06536350951035841
8 20 -0.1438431930091833
8 21 -0.02413264101655805
8 22 -0.08262953794996243
8 23 0.04307833446288101
8 24 0.008345160457997191
8 25 -0.018142271913006276
8 26 -0.0030015641517790025
8 27 -0.08441304416419172
8 28 -0.04251921610390168
8 29 0.1349231118918623
8 30 -0.12045766028908086
8 31 -0.07447991085575464
8 32 -0.09282316333014629
8 33 -0.12268302528507066
8 34 0.08698966934738658
8 35 -0.056373396795113516
8 36 -0.03975891429045429
8 37 -0.13653691031314796
8 38 -0.05966941648758008
8 39 0.10321845927855836
9 9 0.0
9 10 -0.1498402445066393
9 11 -0.07865582896301518
9 12 0.08104423018521331
9 13 0.03253188435827974
9 14 0.12472594736157623
9 15 0.07989522903737376
9 16 0.06000547340735925
9 17 0.001225237348240296
9 18 -0.004425835572528396
9 19 -0.06441152235128664
9 20 -0.006310948934278434
9 21 0.10807920877164053
9 22 -0.010606041225706313
9 23 -0.04730095874368216
9 24 0.044421341800725586
9 25 0.0044195127882634844
9 26 0.04639561018422299
9 27 -0.01847636244024814
9 28 0.16951238752601705
9 29 -0.06434889110352851
9 30 0.005585042430009844
9 31 -0.025017925531426333
9 32 -0.006141906523210203
9 33 0.010891465446462844
9 34 -0.10822963112690583
9 35 0.05033589745062796
9 36 -0.0011063559563319245
9 37 0.1295923140848648
9 38 -0.03402038244860229
9 39 0.036253790149038026
10 10 0.0
10 11 -0.12261904909717991
10 12 -0.11163051634004843
10 13 -0.019354190740586148
10 14 -0.11651598906174236
10 15 -0.12430754932278629
10 16 0.07669453680907244
10 17 0.025163663743515464
10 18 0.1398037922008711
10 19 -0.05239580112247053
10 20 -0.054375694829427904
10 21 -0.21372213775063345
10 22 -0.14777595656244757
10 23 0.19690930474262894
10 24 -0.13711741503420197
10 25 0.04853023386720694
10 26 0.06643481564887047
10 27 0.10575975016259913
10 28 -0.0014802153629134267
10 29 -0.14357653179896543
10 30 -0.07923616767438181
10 31 0.1025838846119417
10 32 -0.09260901785598474
10 33 -0.020683368226528828
10 34 0.03899844428993889
10 35 -0.013884564917840837
10 36 -0.15533064148976833
10 37 -0.1938465049254509
10 38 0.0914793531692519
10 39 0.0390256615326891
11 11 0.0
11 12 0.05522114351380701
11 13 0.06591870771180365
11 14 0.04957838756310392
11 15 0.07164404430582509
11 16 0.1866000054846709
11 17 -0.13794460159305116
11 18 -0.09709239267318488
11 19 -0.08577293938007477
11 20 0.2146058953667323
11 21 0.017592704925497867
11 22 0.08630922828091006
11 23 -0.015559271434009212
11 24 0.21203233251689935
11 25 -0.000796071202432454
11 26 0.08595188875839228
11 27 0.10920190616719108
11 28 -0.06587141840472972
11 29 0.128194963732077
11 30 0.20904246885882913
11 31 0.1083939940316569
11 32 -0.1804443302326986
11 33 0.15862258323514944
11 34 -0.021531293101298803
11 35 0.1440914764076458
11 36 -0.01840881067730827
11 37 0.03443594193455148
11 38 -0.01863564117429644
11 39 -0.13406398112517026
12 12 0.0
12 13 0.021980523542945322
12 14 0.1254681097743079
12 15 0.1261733184068641
12 16 -0.09174837872209342
12 17 0.011032685459011024
12 18 -0.015139887431975519
12 19 -0.10715870318781143
12 20 0.12993522180340308
12 21 -0.1176149678699061
12 22 0.0962471038120853
12 23 -0.05692478768734864
12 24 -0.11013684308384894
12 25 -0.060201442655179425
12 26 0.11985492893411558
12 27 0.14188246550305744
12 28 0.018731279075935758
12 29 -0.06722250435849299
12 30 0.0743764768909734
12 31 0.06989801347330257
12 32 0.10079541165245802
12 33 0.07249948334658061
12 34 -0.149050168502541
12 35 -0.11530317608318168
12 36 -0.11385102408800234
12 37 0.1012490639852488
12 38 -0.018671387665945723
12 39 -0.009781222571771997
13 13 0.0
13 14 -0.17563527567882717
13 15 -0.19247727549682
13 16 -0.08082856907554094
13 17 0.02958651305006011
13 18 0.09505206162352099
13 19 -0.09597712479294598
13 20 -0.12473422618557958
13 21 0.08702918184049938
13 22 -0.04945803925767058
13 23 0.10250304262595974
13 24 -0.09417709068040656
13 25 0.009745839001195829
13 26 0.11852712452563278
13 27 0.007969210372846557
13 28 0.11481792933190434
13 29 0.09046476960115146
13 30 -0.016447239298984277
13 31 -0.0756922031674421
13 32 -0.04556412065680131
13 33 0.0109497721168288
13 34 0.11693088037359786
13 35 -0.035556341432278364
13 36 0.029378271604724015
13 37 -0.02321480029747844
13 38 0.08890133673971665
13 39 -0.14006081473756665
14 14 0.0
14 15 0.1927158497319233
14 16 0.056010828527177134
14 17 -0.21458631644866183
14 18 -0.08976960593582681
14 19 0.07625491949177846
14 20 0.26047252260845644
14 21 0.01164900897483893
14 22 0.05138003685141927
14 23 -0.04444789705955147
14 24 0.14876562954273026
14 25 -0.12970774410316369
14 26 0.19197424666155305
14 27 0.05078328948910595
14 28 0.03465799291033826
14 29 -0.0744130086105775
14 30 -0.015286595520687937
14 31 0.049249993899744174
14 32 -0.17109293902137707
14 33 -0.05496989432499851
14 34 -0.04008856655903306
14 35 0.08468726755654725
14 36 0.01924528290515865
14 37 0.1211113196754728
14 38 -0.2858165209326156
14 39 0.1351181769235035
15 15 0.0
15 16 0.08573213100774157
15 17 -0.08316469515241318
15 18 -0.0976553100727483
15 19 0.045224511518106233
15 20 0.15219881267861335
15 21 0.019663986267212438
15 22 0.11640779645377
15 23 -0.07559868030743538
15 24 0.03226042068257955
15 25 -0.03171578048915839
15 26 0.1295988869824764
15 27 0.045985802637992304
15 28 0.06892629222090892
15 29 -0.09569687050018341
15 30 0.11734744547617726
15 31 0.03874787351635284
15 32 -0.02175433103242156
15 33 0.010092860925782668
15 34 -0.13192668212129763
15 35 0.14282670994131932
15 36 0.12894438423362162
15 37 0.056983033182276245
15 38 -0.02396005490873939
15 39 -0.01179246762083741
16 16 0.0
16 17 -0.15638696818728268
16 18 -0.02408703397257114
16 19 -0.05416383269226477
16 20 0.1055956831161728
16 21 -0.0993991162675935
16 22 0.07400899376758549
16 23 -0.0051814991800203805
16 24 0.046881096954459064
16 25 -0.09297013907840783
16 26 0.05598218493969174
16 27 -0.026876286897770475
16 28 -0.14095179630610397
16 29 -0.0017373083321516405
16 30 0.2827246317053947
16 31 -0.038302539422583756
16 32 -0.09130898162177499
16 33 0.037255937176814406
16 34 0.043492266617227215
16 35 0.1606834768346039
16 36 -0.14564222052035797
16 37 0.12694950958728102
16 38 0.08289906716438555
16 39 -0.03969757860943675
17 17 0.0
17 18 0.12608342720738205
17 19 -0.0680204990827573
17 20 -0.3584142720091227
17 21 0.06290296154019069
17 22 -0.1570859975156302
17 23 -0.0294430370871833
17 24 -0.12970325480613212
17 25 0.07223602842703704
17 26 -0.09300408566365811
17 27 -0.1499082674933484
17 28 0.10808895476627686
17 29 0.1047930665102336
17 30 -0.11823650763354669
17 31 -0.023801226605243052
17 32 -0.0023263022745946406
17 33 0.05931393600004649
17 34 -0.0039774571189864615
17 35 -0.048717671494756046
17 36 0.08505762321269697
17 37 -0.132969946442384
17 38 0.1443975628340502
17 39 0.11485131075259661
18 18 0.0
18 19 -0.0065115235353067815
18 20 -0.19022971151645657
18 21 -0.09416071413404772
18 22 -0.10034327305165677
18 23 0.09398178164920534
18 24 -0.14791310936902197
18 25 0.11175283834377225
18 26 0.10028736006471231
18 27 -0.060847478686159376
18 28 0.07545966557167035
18 29 0.022673208814233785
18 30 -0.02286604966794283
18 31 0.04785330302404957
18 32 0.007785676493967789
18 33 0.012906967597871171
18 34 -0.025214360941398273
18 35 0.02253122600862436
18 36 -0.01408839122427219
18 37 -0.05851741325483327
18 38 0.09113305568012679
18 39 0.08561684181490224
19 19 0.0
19 20 -0.08370546176984672
19 21 0.027932620676813773
19 22 0.029369427353857103
19 23 0.03528948917998036
19 24 -0.06582277000797591
19 25 -0.05535488214931426
19 26 0.028037295874178393
19 27 -0.22418166011339644
19 28 0.021138516122695763
19 29 -0.05091918932791748
19 30 0.05515065376299853
19 31 -0.002623303359642429
19 32 -0.0018223085662309273
19 33 -0.07162786112219281
19 34 -0.1128855053387422
19 35 0.05921035674385041
19 36 0.1431306493259902
19 37 0.0183296877766223
19 38 -0.1395405499976469
19 39 0.10257585983024368
20 20 0.0
20 21 -0.07281507543637385
20 22 0.23608589489088203
20 23 -0.02547488577345803
20 24 0.2615617974723019
20 25 -0.06420482432543113
20 26 -0.03948491041387041
20 27 0.38971934014530885
20 28 -0.14626156254386366
20 29 -0.09083185838536433
20 30 0.14218092702683188
20 31 0.05791041715204992
20 32 0.07886885120280968
20 33 -0.012642572931698412
20 34 -0.04358422350443556
20 35 -0.05482626843191908
20 36 -0.09246984933222482
20 37 0.09042019422472683
20 38 -0.23053813807699317
20 39 -0.10351745824261072
21 21 0.0
21 22 -0.057624428460641565
21 23 -0.060263882974959736
21 24 0.06350810702154927
21 25 -0.07042601577747551
21 26 -0.0997506772724385
21 27 -0.11118507955889442
21 28 0.1617970094216063
21 29 0.004847904424568774
21 30 -0.09629768238137196
21 31 -0.10819216039214993
21 32 -0.04199704861527909
21 33 0.04712986269535023
21 34 0.049212426287167196
21 35 0.06380972536236498
21 36 0.17208784233025792
21 37 0.05125683271518977
21 38 -0.06622199678659298
21 39 -0.08049955227399627
22 22 0.0
22 23 -0.07628997336220869
22 24 0.07811258555732238
22 25 -0.11775797235721146
22 26 -0.048970745609034985
22 27 0.10230734459557762
22 28 -0.1735561256230676
22 29 0.03092784411612153
22 30 0.1842578212516764
22 31 -0.06442097778870816
22 32 0.13073153337772841
22 33 -0.02210533228839934
22 34 -0.07374162243867148
22 35 -0.07112650756456614
22 36 0.003815281720339527
22 37 0.054611707955428426
22 38 -0.13042763772229324
22 39 -0.04153479764714221
23 23 0.0
23 24 -0.07376839083625727
23 25 0.1003967141765553
23 26 0.06764590000167177
23 27 0.05714551219709217
23 28 0.10643728048346957
23 29 -0.09571985192123923
23 30 0.011654329349587161
23 31 0.08715219243302416
23 32 -0.020410226438947132
23 33 -0.003575779441440575
23 34 0.0010323045165003398
23 35 0.0206918101483606
23 36 0.03158776210927845
23 37 -0.04121269646806021
23 38 0.00762476702162965
23 39 0.018275037403368746
24 24 0.0
24 25 0.044321852244817835
24 26 -0.09364761155901366
24 27 0.17821812516069718
24 28 -0.06934177739331195
24 29 0.1322480071873108
24 30 0.011701964664485283
24 31 0.03596456881535192
24 32 -0.10360504183001087
24 33 -0.022707055841061235
24 34 0.027060971596017926
24 35 0.019320152069856482
24 36 0.034556423970891474
24 37 -0.006404428424139704
24 38 -0.13926932361591265
24 39 -0.015074683221753395
25 25 0.0
25 26 0.019186389644339767
25 27 0.0933937671171382
25 28 0.1738164581376524
25 29 -0.0038913507491810384
25 30 -0.045789755607491406
25 31 0.18783232241558143
25 32 0.08666220074121962
25 33 0.017442287491817275
25 34 0.0034454833490386782
25 35 0.04934806271911316
25 36 0.12533935912308478
25 37 0.028340297670028776
25 38 0.14066288864156304
25 39 0.06326703547055733
26 26 0.0
26 27 -0.06665773482299939
26 28 0.1375283556556371
26 29 -0.000974102482392393
26 30 -0.01781932041193023
26 31 0.13242768411238254
26 32 -0.21871150598718408
26 33 0.03802842487110667
26 34 -0.07358079494649129
26 35 0.18861155661712636
26 36 -0.003986461553486382
26 37 0.0401100095856949
26 38 0.07637107429099539
26 39 -0.005724577635510542
27 27 0.0
27 28 -0.024084712132069704
27 29 -0.0711407925559841
27 30 0.04266622529619887
27 31 0.07011911077602491
27 32 0.08957259384891536
27 33 -0.0495007584645373
27 34 0.015494174727347659
27 35 -0.11101024176395599
27 36 -0.08630190055366864
27 37 -0.07818008298237107
27 38 -0.07038203518424843
27 39 -0.09535887144648861
28 28 0.0
28 29 -0.12982187431309694
28 30 -0.09930201805580924
28 31 0.10031215914464364
28 32 -0.04514694798881962
28 33 0.035977869499404055
28 34 -0.04492879564909827
28 35 0.10727246061249338
28 36 0.21282991580742316
28 37 0.058299814763159465
28 38 0.04918021628451598
28 39 0.03648486083012517
29 29 0.0
29 30 0.012498842221673146
29 31 -0.07638228821665136
29 32 -0.09285928297379267
29 33 -0.013620711623065617
29 34 0.06649952605927692
29 35 0.0021331847507671964
29 36 -0.005484593031115531
29 37 -0.09112318363782511
29 38 0.04794557888308061
29 39 0.004265884948190468
30 30 0.0
30 31 -0.02433221529453066
30 32 0.07658016451995361
30 33 0.023012180457468043
30 34 -0.08680601800132527
30 35 0.06217097689475733
30 36 -0.006020550121485988
30 37 0.10386696210562667
30 38 -0.018823669111977605
30 39 -0.017893817317225794
31 31 0.0
31 32 -0.051952879876402645
31 33 0.13780425489363207
31 34 -0.14584337282426235
31 35 0.06854459453925774
31 36 0.02301423752192328
31 37 0.01905713010268458
31 38 -0.01936531762899884
31 39 0.0681092098204324
32 32 0.0
32 33 -0.013860989587788485
32 34 -0.003032607481289326
32 35 -0.22363147814583018
32 36 0.03748537491967552
32 37 0.2544688618312326
32 38 -0.008215721321734612
32 39 0.022242032981184514
33 33 0.0
33 34 -0.12028183179920808
33 35 0.05502316920384198
33 36 -0.004797640854946664
33 37 0.07630546566801807
33 38 -0.010792953373303174
33 39 -0.014624019943851313
34 34 0.0
34 35 -0.06233175736186537
34 36 0.0028856355348813776
34 37 0.05849811759033187
34 38 0.156886484484921
34 39 -0.08661554130265621
35 35 0.0
35 36 0.039815314369460036
35 37 -0.03688143428617373
35 38 0.06644398889755943
35 39 -0.032244954295207066
36 36 0.0
36 37 0.048574567013773745
36 38 -0.04746802128053759
36 39 0.07666756663391351
37 37 0.0
37 38 0.011519078916232921
37 39 0.012831509581022202
38 38 0.0
38 39 -0.08472300947836342
39 39 0.0
