0 0 0.0
0 1 0.11735078691224499
0 2 0.07270561590539139
0 3 -0.007547638118315383
0 4 -0.050493465762762126
0 5 -0.0509342671480875
0 6 -0.12186782253315205
0 7 -0.11085582523852548
0 8 -0.05634816516321892
0 9 -0.06347907226128444
0 10 0.03903310553340129
0 11 -0.08992171709694247
0 12 -0.0908613038398999
0 13 0.09445850237570008
0 14 0.011048072549734233
0 15 0.018250126645529264
0 16 -0.0661567542144314
0 17 -0.029231838597574923
0 18 -0.08825887685018477
0 19 0.07117309605949884
0 20 -0.07681582569312846
0 21 0.014074964249715069
0 22 0.07223549375667741
0 23 0.0031495039188659778
0 24 -0.05777591798952967
0 25 0.01232484767519566
0 26 -0.14736704832416658
0 27 0.006214319517958439
0 28 0.016571748906014573
0 29 -0.10837134413005682
0 30 0.023252952198686595
0 31 -0.0021183945773107287
0 32 0.03905074231723339
0 33 0.08973188883210921
0 34 0.03697349930359925
0 35 -0.09619915935226464
0 36 -0.016855334169942816
0 37 -0.12303550042535474
0 38 0.06439057442431563
0 39 0.06797887003721861
1 1 0.0
1 2 0.08078486066740549
1 3 0.0037338819699461573
1 4 -0.13674152976892065
1 5 -0.11645343508073873
1 6 -0.04607062058050825
1 7 -0.2927542724016639
1 8 -0.017825204746445653
1 9 -0.029621492017463828
1 10 0.06466401380750049
1 11 0.23687597756765957
1 12 0.1231797484228739
1 13 0.08829092902372357
1 14 0.0541316811598041
1 15 -0.03918266900738534
1 16 -0.05088524612505511
1 17 0.09305791497149613
1 18 -0.11498763766693143
1 19 0.09043996341164268
1 20 -0.1009272938091293
1 21 0.023331696299890254
1 22 -0.17871550612920956
1 23 -0.0521599731161572
1 24 -0.10476205559685674
1 25 0.024370251655988148
1 26 -0.11271832052894884
1 27 -0.015549249805107471
1 28 -0.013637996803251524
1 29 -0.011886948777507815
1 30 0.1265232012127352
1 31 -0.01004284135910507
1 32 -0.20947671782076926
1 33 0.1653370501883379
1 34 0.01350000054565734
1 35 0.049720680116192593
1 36 0.03743285929840506
1 37 -0.11345385355117192
1 38 0.0957957526735231
1 39 0.000060364177874711915
2 2 0.0
2 3 -0.06335883955953817
2 4 -0.02651797196650636
2 5 0.03543672445910474
2 6 0.044203155712251294
2 7 -0.09342193527821716
2 8 0.0279686470902532
2 9 -0.01748080750886053
2 10 -0.09940143495995084
2 11 -0.05996938504291456
2 12 0.06387824263527042
2 13 0.018325639371303527
2 14 0.042077704634018484
2 15 0.09270122036987777
2 16 -0.009202166809169413
2 17 0.040693339655945064
2 18 -0.0514455578391672
2 19 0.13014944565564926
2 20 -0.011957540689580734
2 21 -0.06904966831317357
2 22 0.1372594947486961
2 23 0.06618224683259304
2 24 -0.11264629743029446
2 25 0.02885932822449725
2 26 -0.08284190544995966
2 27 -0.05528741264948119
2 28 -0.05452676373805586
2 29 0.08911671930747642
2 30 -0.02246785131136369
2 31 -0.03505445507780345
2 32 0.09658753139234653
2 33 0.15439900157230224
2 34 -0.06220928436650197
2 35 -0.07266078953417374
2 36 0.019410433524386334
2 37 0.03414203256293508
2 38 -0.001604954822049728
2 39 0.01437868455459099
3 3 0.0
3 4 -0.007563728371809154
3 5 -0.01039889845966489
3 6 0.016042698560947626
3 7 0.17254580810573822
3 8 -0.011583393052704762
3 9 -0.18697816166685916
3 10 0.01980110511697422
3 11 0.038517018677544215
3 12 0.04659799435864222
3 13 0.03015679707868841
3 14 0.022422799577285355
3 15 -0.0820222326326562
3 16 -0.06773954337925506
3 17 -0.18655016260724305
3 18 -0.14334472896791517
3 19 -0.1651256217125892
3 20 0.003758949037210081
3 21 0.024209941238322936
3 22 0.004030852969344799
3 23 -0.06353334455012692
3 24 -0.1017481848147995
3 25 -0.027443770697543758
3 26 0.05065962791205876
3 27 -0.03434572934197422
3 28 0.09126046029517107
3 29 0.08176476269756855
3 30 0.013921935041030894
3 31 0.03689157594254691
3 32 -0.2382256090033566
3 33 0.031226314065728816
3 34 -0.04555684814640061
3 35 0.07022992159043243
3 36 -0.13991459147160426
3 37 0.03619983772678277
3 38 0.07105649578236728
3 39 0.1511933087221292
4 4 0.0
4 5 0.04068175038704251
4 6 0.03821695564958485
4 7 -0.04796106069989502
4 8 -0.2448861067558254
4 9 0.08655679188635534
4 10 0.057731472270553655
4 11 -0.12134247102277876
4 12 0.09965131407296986
4 13 -0.09372038556520072
4 14 -0.07975157962948007
4 15 -0.10845650479261879
4 16 0.31069293633093775
4 17 -0.11797952979180475
4 18 0.23264455589698083
4 19 -0.12678741826694406
4 20 -0.0494240981919241
4 21 -0.12777822984557158
4 22 -0.07556023628757774
4 23 -0.09805532165070129
4 24 -0.013138490737287952
4 25 -0.1564200224519356
4 26 -0.054866682937349906
4 27 -0.11821609936267367
4 28 0.01968103870684928
4 29 0.1549301752133217
4 30 -0.07750640809537124
4 31 -0.011768018472603507
4 32 0.09082228686912389
4 33 -0.11414628373094922
4 34 0.0678581287558969
4 35 0.009991340483026061
4 36 0.12644455798800672
4 37 0.0949460220985603
4 38 0.04753910511978893
4 39 0.0039308184152083555
5 5 0.0
5 6 0.04826384119996397
5 7 0.09667199521663566
5 8 0.05418322803832064
5 9 0.1648126095236848
5 10 -0.08527022721409928
5 11 -0.026994488225494634
5 12 0.0032213815651792785
5 13 -0.05146446229377137
5 14 0.0029175794528156353
5 15 0.014153023394981309
5 16 0.08498299869533191
5 17 0.02594386562206887
5 18 0.03881371400087068
5 19 0.009237564626475316
5 20 -0.04134477919805669
5 21 0.059829020761374266
5 22 0.015071460198616087
5 23 0.028674303565121857
5 24 0.0045721173180887946
5 25 -0.0026046438944887134
5 26 -0.006316278746206286
5 27 -0.020464624276039456
5 28 -0.008873013588966841
5 29 0.11223201029365101
5 30 -0.10205568596566121
5 31 -0.0945119713805951
5 32 0.004629066720025942
5 33 -0.07970262426350226
5 34 -0.06431230235183695
5 35 -0.023180746034712537
5 36 -0.023754435507080035
5 37 0.004169482631225833
5 38 -0.09832317045399337
5 39 -0.09162406915739106
6 6 0.0
6 7 0.010355177729842697
6 8 0.08690742505046468
6 9 0.05308606960070448
6 10 -0.09335144043284108
6 11 -0.08536544359286623
6 12 0.0284042951112732
6 13 -0.14456158369262206
6 14 0.04459598931818632
6 15 0.037544414571607204
6 16 0.1772058533590637
6 17 0.043985156329548775
6 18 0.014141961050281131
6 19 0.10927819692972152
6 20 0.06201978979802484
6 21 -0.075612169694497
6 22 -0.005387959691139204
6 23 -0.1045530677659132
6 24 -0.03372614701429083
6 25 0.025240568217337594
6 26 -0.0469349465406165
6 27 -0.16342356145947234
6 28 0.07729105276777262
6 29 0.14256711849746462
6 30 -0.07452393720216446
6 31 0.019110097988631253
6 32 -0.10714037175063715
6 33 -0.1699328000954172
6 34 -0.11447512569158622
6 35 0.06606323648678106
6 36 0.012955310742964543
6 37 0.13953977078909455
6 38 0.014153193577851853
6 39 0.06593266685993997
7 7 0.0
7 8 0.1155433171500008
7 9 -0.1306170280060393
7 10 0.0016471292845636081
7 11 -0.026172913932102953
7 12 -0.08621572636090406
7 13 -0.06365850151191085
7 14 0.07540867256874803
7 15 0.05385486570394643
7 16 -0.11289292871282644
7 17 -0.18706558145511648
7 18 -0.03699928964437152
7 19 -0.058206973599488364
7 20 0.04938455764419031
7 21 0.07058262181935009
7 22 0.10704877079176145
7 23 0.04443817901804086
7 24 -0.04597283871825008
7 25 -0.02801793484455936
7 26 0.23037123133964915
7 27 0.0020088352804053847
7 28 -0.006099764427654745
7 29 0.11696044821182192
7 30 -0.050200213974854725
7 31 -0.004081664250814172
7 32 -0.03362697751452402
7 33 -0.02243844056909775
7 34 -0.13248020795245263
7 35 -0.017553803811786624
7 36 -0.15979667928615068
7 37 0.010938922508240963
7 38 -0.015407602143158897
7 39 0.01242234715619429
8 8 0.0
8 9 0.11684794999429168
8 10 -0.015163401031431715
8 11 0.11474299156044401
8 12 -0.17161758106934635
8 13 -0.15136761111319677
8 14 0.11515352664269754
8 15 0.12424437866342355
8 16 -0.014527492637461361
8 17 0.17089498236675096
8 18 -0.09782116543501095
8 19 0.10964326067550974
8 20 -0.018581143836017954
8 21 0.08232008183248848
8 22 0.034793663661725024
8 23 0.03728672786406354
8 24 -0.04051193134829065
8 25 -0.012536469273738225
8 26 0.07667472080777857
8 27 -0.07168857281891823
8 28 -0.08601837533437978
8 29 0.014463904677020004
8 30 -0.10694343631370298
8 31 -0.14337752929108158
8 32 -0.014486086401618942
8 33 -0.13155512541221986
8 34 -0.14339292351597013
8 35 -0.019152073923011118
8 36 -0.11498322492179318
8 37 0.03740267051003253
8 38 -0.09303542403956387
8 39 -0.13089906282104
9 9 0.0
9 10 0.0075702940485222305
9 11 0.04276896929087919
9 12 -0.055520203733370445
9 13 -0.1600807282591596
9 14 -0.04865654503919088
9 15 0.04430303827756854
9 16 0.2303368192569592
9 17 0.25701603919408206
9 18 0.15053091872627739
9 19 -0.01982521338508681
9 20 -0.07780877429179558
9 21 -0.02092236966482975
9 22 -0.1522470591082245
9 23 -0.0386574307373855
9 24 0.10301504360923006
9 25 -0.0490414559961458
9 26 -0.08282309899684018
9 27 -0.040363663863174935
9 28 -0.01726741469344873
9 29 -0.04242103860370118
9 30 -0.195857158045585
9 31 -0.15054002511917353
9 32 0.0986083988568519
9 33 -0.23341798766834052
9 34 -0.007188478760398338
9 35 0.03499039743348535
9 36 0.1531438640039235
9 37 0.01933444148806037
9 38 -0.1011721049376642
9 39 -0.30674418498447553
10 10 0.0
10 11 0.06087153614021316
10 12 -0.07858737941739538
10 13 0.010085695109293772
10 14 0.018614094979530937
10 15 -0.04727539486687189
10 16 -0.015116414679145776
10 17 -0.04401221389706314
10 18 0.08284319203768128
10 19 -0.1281923675393482
10 20 -0.05130672265347987
10 21 0.09717640392762658
10 22 -0.06358946111034142
10 23 -0.02506209310864015
10 24 0.05089710425978635
10 25 -0.08835680350062068
10 26 0.032416171324591445
10 27 0.017967420355833714
10 28 -0.006819861879478112
10 29 0.021397383527858395
10 30 -0.0611796936994322
10 31 -0.001814906328459632
10 32 -0.009633140381569875
10 33 -0.11753157375889364
10 34 -0.003359232265307996
10 35 0.023428439206936137
10 36 -0.027213836128572904
10 37 -0.11193174801431775
10 38 0.09663770755611895
10 39 -0.0684638268319841
11 11 0.0
11 12 0.0988386078390693
11 13 0.02285977898597561
11 14 -0.002276659272000455
11 15 -0.07086917815455998
11 16 -0.08356956802003143
11 17 0.10741772409726255
11 18 -0.03849095356314812
11 19 -0.10431603311413613
11 20 -0.05443707186353027
11 21 0.10166592420256715
11 22 -0.1904280096484443
11 23 0.03139717983280999
11 24 -0.0028929323153938534
11 25 -0.05523956665900165
11 26 0.13573416608214173
11 27 0.0833243356779228
11 28 -0.11360079287280082
11 29 -0.014200503254074338
11 30 0.06821070116878232
11 31 -0.08235247794506015
11 32 -0.12390427915463768
11 33 0.0975605072025717
11 34 0.016942193282836505
11 35 0.0875613131480939
11 36 -0.025731976955411674
11 37 -0.0033601360855462963
11 38 -0.06359630326728948
11 39 -0.14779581150337737
12 12 0.0
12 13 0.1792104081846092
12 14 0.0007528603757019136
12 15 -0.11199534196771577
12 16 -0.14130047667311044
12 17 -0.10168237814865055
12 18 0.016764032795505604
12 19 -0.2442685356414452
12 20 0.06498704294769254
12 21 -0.1102070601093033
12 22 -0.0186208183722377
12 23 -0.022761752133400866
12 24 -0.02444323223948038
12 25 0.0026226859064840697
12 26 -0.049701309944979385
12 27 0.22450820466239185
12 28 -0.019118410934922843
12 29 0.1700536910011321
12 30 0.07988874501870763
12 31 0.020382474682881412
12 32 -0.04377859128834986
12 33 0.28301605517016937
12 34 0.005298628220439061
12 35 0.08523990078556647
12 36 0.06581115981532396
12 37 0.12299382424300745
12 38 -0.08933952449891372
12 39 -0.00023089739498555108
13 13 0.0
13 14 -0.05075078867168474
13 15 -0.12274640480878958
13 16 -0.3189903378552542
13 17 -0.10042421659378073
13 18 -0.016007448903873477
13 19 -0.15668245335161052
13 20 0.06061569711517362
13 21 0.12721609217058635
13 22 0.07821080160576738
13 23 0.050146377039610314
13 24 0.10631196512178134
13 25 0.028176258411608056
13 26 -0.05391016769215282
13 27 0.3261555764100388
13 28 -0.008068844084918331
13 29 -0.032581760772412
13 30 0.07367022576389792
13 31 0.07934730249462475
13 32 0.009131059414437412
13 33 0.2358655546177562
13 34 0.05411106556846901
13 35 0.030196245001598225
13 36 -0.05315653206555786
13 37 -0.05526770832600114
13 38 -0.022692637535218267
13 39 0.07905530369856635
14 14 0.0
14 15 0.046099909381610904
14 16 -0.06039718761318101
14 17 -0.12344775027624863
14 18 -0.08353028299022576
14 19 0.12399810721752284
14 20 -0.02345583353242345
14 21 -0.04221563913129593
14 22 0.054714959762707516
14 23 -0.003129007760295301
14 24 -0.136250247755638
14 25 0.005057556593813
14 26 -0.01929109434794234
14 27 0.004820752457927711
14 28 -0.04743295139525971
14 29 0.1795065362125527
14 30 0.08330376732432224
14 31 -0.11110514650562768
14 32 -0.04710314776679038
14 33 -0.005021424831205494
14 34 -0.04086166799430917
14 35 -0.10210836773325119
14 36 -0.1120192091169332
14 37 -0.05526117374459667
14 38 -0.06351386945542446
14 39 0.04114905258304456
15 15 0.0
15 16 -0.011386806742932735
15 17 0.08645890489924146
15 18 -0.05934138630816641
15 19 0.13506225492007956
15 20 0.010392484852545321
15 21 -0.11021112180317919
15 22 0.11052718337100545
15 23 0.08798559222951606
15 24 -0.08450037608713076
15 25 0.07448350545088797
15 26 0.04796661304178013
15 27 -0.1347861138106328
15 28 0.0006203513504759562
15 29 -0.020886820126535262
15 30 -0.09677707562109028
15 31 -0.00458820742418904
15 32 0.11587686832733232
15 33 0.04922576391658478
15 34 -0.109600436336175
15 35 -0.050629986467937114
15 36 0.06263548682291839
15 37 -0.02721400948915062
15 38 0.06805231132097952
15 39 -0.11279861726096045
16 16 0.0
16 17 0.11848497621516083
16 18 0.14552325147691186
16 19 0.21366690875225816
16 20 -0.10272437249574698
16 21 -0.11029377523118673
16 22 -0.19192181586975168
16 23 -0.1437349198889909
16 24 -0.05526827595741688
16 25 -0.1025241737770328
16 26 -0.07240848158680133
16 27 -0.38797379631406853
16 28 0.048096025656856896
16 29 0.04023355593333706
16 30 -0.08532589888829477
16 31 -0.06910260975052142
16 32 -0.03333350908474261
16 33 -0.3329005015293223
16 34 0.04592676084985863
16 35 0.01124176532889184
16 36 0.12869975565444952
16 37 0.09778142183536913
16 38 0.05874199722936985
16 39 0.002497252256278636
17 17 0.0
17 18 0.06710840624533203
17 19 0.09004759215594355
17 20 -0.03224851582235126
17 21 0.07544682410202627
17 22 -0.07752278164171023
17 23 0.007261303888384575
17 24 0.13137638339673188
17 25 0.059088334728976566
17 26 -0.03726099360484886
17 27 -0.0512110556234683
17 28 -0.09423312210758135
17 29 -0.2165287443024715
17 30 -0.059024552200059734
17 31 -0.004411413270750491
17 32 0.11640828485547669
17 33 -0.10842924592508348
17 34 -0.0728844132922475
17 35 -0.007094516528527499
17 36 0.12413959315487108
17 37 0.016616508237047363
17 38 -0.09851738582010759
17 39 -0.21557450769753772
18 18 0.0
18 19 0.006871472839306049
18 20 0.0035008567127967185
18 21 0.09682308591245417
18 22 -0.07993310888950186
18 23 -0.048480742359072834
18 24 0.18460265012725666
18 25 -0.09887430511416824
18 26 0.01175216317761267
18 27 0.06788376088004713
18 28 -0.09063924818927538
18 29 0.046341474929744796
18 30 -0.06997444579050487
18 31 0.023196933357823794
18 32 0.18857148308012336
18 33 -0.15504380000473036
18 34 -0.024434929626938363
18 35 -0.003579521739260403
18 36 0.1147169668016099
18 37 0.0014728972794458002
18 38 -0.0431284454008225
18 39 -0.12923430424532362
19 19 0.0
19 20 -0.04898614924395696
19 21 -0.00783225501857094
19 22 -0.09231053798461808
19 23 -0.03773820669134938
19 24 -0.12857376196013506
19 25 0.009952536517217461
19 26 -0.02933962470113783
19 27 -0.234829974060189
19 28 -0.06435380810324608
19 29 -0.04907326577361332
19 30 0.1564038624960739
19 31 -0.0679145600204473
19 32 0.00900529622343395
19 33 -0.01990019788523358
19 34 0.037036046407183366
19 35 -0.13134069437669774
19 36 0.03954451199245765
19 37 -0.059092454907266556
19 38 0.03961731963839451
19 39 0.1463292109164635
20 20 0.0
20 21 -0.023384877645277156
20 22 0.07369482146606436
20 23 0.025873810680131053
20 24 0.06785603276735422
20 25 0.056478775918517354
20 26 0.047559796466813395
20 27 0.07520630276684157
20 28 0.04936059924724164
20 29 0.014164581815906727
20 30 -0.011619669378210533
20 31 0.08854694764864714
20 32 0.006830518272959644
20 33 0.028698879165556523
20 34 -0.013178673890463417
20 35 0.06687133774100842
20 36 -0.001771158320781101
20 37 0.06811777895485964
20 38 0.013146825945828593
20 39 0.053457233763433844
21 21 0.0
21 22 -0.0008664934471231293
21 23 0.011416791701230725
21 24 0.19141412763973648
21 25 -0.019496646403171128
21 26 0.05100131722435527
21 27 0.15163256516018558
21 28 -0.11012526343157683
21 29 -0.033243711706713565
21 30 0.01495515774074028
21 31 0.036689549226913275
21 32 -0.018029503671804774
21 33 -0.13590860253547893
21 34 -0.09167714655261057
21 35 -0.03218601056121021
21 36 -0.15890857025712413
21 37 -0.12456717706792095
21 38 -0.08106438371484598
21 39 -0.009938281153150322
22 22 0.0
22 23 0.15243853252578612
22 24 -0.025341850649131886
22 25 0.101020011657592
22 26 -0.011102268408865888
22 27 0.049246569008923574
22 28 -0.04601454066546283
22 29 0.07835381732179068
22 30 -0.03333254859738984
22 31 0.056225019784534626
22 32 0.19907266569282614
22 33 0.09558885311404876
22 34 -0.11258329258730859
22 35 -0.15001510246977012
22 36 -0.11728779893108154
22 37 -0.002455721328175488
22 38 -0.04621375895337675
22 39 0.07425732265054286
23 23 0.0
23 24 -0.007094708710362734
23 25 0.04771632645633174
23 26 0.12645294093524712
23 27 0.027673954674661015
23 28 -0.06427150751805306
23 29 0.024111983859065718
23 30 -0.026905294234092447
23 31 -0.02158348574613946
23 32 0.13858207604800837
23 33 0.13189789854169415
23 34 0.03150880130996037
23 35 -0.038932156511825175
23 36 -0.0383398773219984
23 37 -0.04050782274803392
23 38 0.006265660803541054
23 39 -0.06582733454609262
24 24 0.0
24 25 0.034068506042946346
24 26 -0.0004739768405534267
24 27 0.20419055223719867
24 28 -0.023054745644409957
24 29 -0.14000716979628614
24 30 -0.02551506924751746
24 31 0.09903028030816152
24 32 0.10229444916810373
24 33 -0.15783646201811102
24 34 0.0059032534372447385
24 35 0.036392850243463545
24 36 0.030667599196951473
24 37 -0.03578802308105017
24 38 -0.09195921158655454
24 39 -0.0829953088830139
25 25 0.0
25 26 -0.032984263551873484
25 27 0.024302455678555046
25 28 0.03494114880558631
25 29 -0.09715989899685797
25 30 0.10888742137442206
25 31 0.11266928718289493
25 32 -0.0036469562494441084
25 33 0.042113199039953135
25 34 -0.035616393635933406
25 35 -0.060280413943867794
25 36 0.0003936925826408825
25 37 -0.0616163843632306
25 38 -0.046376905553596144
25 39 0.04449137777775403
26 26 0.0
26 27 -0.03497918313304
26 28 -0.04808793037906488
26 29 0.04430856784995667
26 30 -0.02417265809338299
26 31 0.011867944038013865
26 32 -0.000906311284613428
26 33 0.042484511717844654
26 34 -0.01678532321013785
26 35 0.06574629183539624
26 36 -0.04793500351551925
26 37 0.013511196680676657
26 38 0.05916825294695951
26 39 -0.06899373760488398
27 27 0.0
27 28 -0.11955987830110475
27 29 -0.07169958340874225
27 30 0.1302103161267747
27 31 0.01481606533269451
27 32 0.1209358945655438
27 33 0.2019394862736744
27 34 0.031517204071411134
27 35 -0.03286661377087517
27 36 -0.04264171681746061
27 37 -0.047229549307683395
27 38 -0.2472358287375671
27 39 -0.06756420558370554
28 28 0.0
28 29 -0.0006180186247809708
28 30 -0.12814687161356336
28 31 0.07172402065041142
28 32 -0.20766521630696883
28 33 -0.08361684898339526
28 34 0.04943407319285455
28 35 0.1731298449136705
28 36 0.03230740602218881
28 37 0.01954529117611896
28 38 0.21674592623864522
28 39 0.10152454162845363
29 29 0.0
29 30 -0.11455033825671815
29 31 -0.09726718947101845
29 32 -0.08240252445123583
29 33 -0.03235919199713802
29 34 -0.09853182901411567
29 35 0.04263988423478551
29 36 -0.10466765482945159
29 37 0.06581464177916661
29 38 0.05635535904018697
29 39 0.03963810530799526
30 30 0.0
30 31 0.05524488487841781
30 32 -0.027526358780167615
30 33 0.15673902178551904
30 34 0.1109714037214046
30 35 -0.18242934018263451
30 36 -0.0550987400889259
30 37 -0.07282998411174027
30 38 -0.20132876296124563
30 39 0.18816234754833722
31 31 0.0
31 32 -0.016247090883173602
31 33 0.02258120394193093
31 34 -0.05350185660028568
31 35 0.02902383668467313
31 36 0.03334708193666848
31 37 -0.026942888318231294
31 38 0.08961011842052877
31 39 0.10479311693552984
32 32 0.0
32 33 0.07948959966474291
32 34 -0.024014540809288852
32 35 -0.20313124653476336
32 36 0.10545084515461338
32 37 -0.01197559828474777
32 38 -0.1543060226323718
32 39 -0.1810664809153661
33 33 0.0
33 34 0.03946623140829445
33 35 -0.027748294832506848
33 36 0.057607678512086945
33 37 0.018342459257066363
33 38 -0.004578070187554375
33 39 0.01619966057454947
34 34 0.0
34 35 0.036430288153985586
34 36 0.0373540902703045
34 37 0.0019213708071490394
34 38 0.015145412102146674
34 39 0.09112832716324473
35 35 0.0
35 36 0.05642832395175331
35 37 0.10004316988725621
35 38 0.19397185919814847
35 39 -0.024223270994141708
36 36 0.0
36 37 0.035861484340948664
36 38 0.05846344077552186
36 39 -0.1385769663222171
37 37 0.0
37 38 -0.03517099653362955
37 39 0.03201544364289373
38 38 0.0
38 39 0.06726007527337205
39 39 0.0
