0 0 0.0
0 1 0.17053770720860323
0 2 -0.07818095531663008
0 3 -0.0010687280224676498
0 4 -0.2004653940768797
0 5 0.04466045543356771
0 6 -0.04853672904137484
0 7 -0.16337540061444353
0 8 0.0001788323424688281
0 9 0.05384740499844748
0 10 -0.08168468163766478
0 11 0.03793181804193728
0 12 -0.07510893941674467
0 13 0.11118638750503429
0 14 -0.09475519217272715
0 15 -0.1278169148880778
0 16 -0.009326532777811754
0 17 0.0006003763303313044
0 18 -0.00884872611466606
0 19 -0.16079433881621416
0 20 -0.01821287065573491
0 21 -0.03821034650220368
0 22 -0.09683446996727411
0 23 -0.025869845009878368
0 24 -0.05057572631676781
0 25 -0.09534169417048254
0 26 -0.0006703754580597576
0 27 -0.01896476258453541
0 28 -0.16870086075816895
0 29 -0.1788136758853735
0 30 0.1638494156682319
0 31 -0.16097884347541466
0 32 -0.13899692288748902
0 33 0.05040902779229942
0 34 0.2007073734569762
0 35 -0.09516965763411284
0 36 0.02791032550326436
0 37 -0.11607872284572249
0 38 -0.2005038432456765
0 39 -0.07295912949784808
1 1 0.0
1 2 0.06488484133428872
1 3 0.02759533002265039
1 4 0.09079483153549353
1 5 -0.031001863062429684
1 6 0.005263647773454749
1 7 -0.04325267127962415
1 8 -0.08718465060532349
1 9 0.0906080784908458
1 10 -0.2799967620617466
1 11 0.18187330771420837
1 12 0.012436963882380626
1 13 0.052244532936376854
1 14 0.05047582780403419
1 15 -0.021688770889201986
1 16 0.07571764031092588
1 17 -0.1466919107276575
1 18 -0.08834260644007806
1 19 0.04979541286115066
1 20 0.06449668321724113
1 21 -0.06121481823710012
1 22 -0.2115470427084675
1 23 -0.08421379219951743
1 24 -0.10212355298089568
1 25 -0.038958761900889836
1 26 -0.042298361746031736
1 27 -0.04317423444528725
1 28 -0.019094362336857077
1 29 -0.029879311190923324
1 30 0.1959846476658668
1 31 -0.031972344038272746
1 32 -0.13536628211181218
1 33 0.10766654816814707
1 34 0.12845349250239413
1 35 -0.20461826118542978
1 36 0.12304960026203986
1 37 -0.012943738714615308
1 38 -0.03747327440565214
1 39 0.040730225880740475
2 2 0.0
2 3 0.06993727156173081
2 4 0.22398918749960783
2 5 0.08743767594061796
2 6 -0.017589203845877668
2 7 0.05087413633584594
2 8 0.011466971251404043
2 9 0.06850727818114669
2 10 -0.18604576958294253
2 11 -0.016208885290694395
2 12 -0.1291128384968851
2 13 0.006815266656330583
2 14 -0.0368086076507753
2 15 0.05109409017480364
2 16 -0.022671681055050165
2 17 -0.12275589706648334
2 18 -0.001780222694018081
2 19 0.12669955591167817
2 20 0.04782981212902526
2 21 0.16079222584479394
2 22 0.16179038900733286
2 23 0.029622198448030934
2 24 0.04152871176650603
2 25 -0.1379666316243296
2 26 0.005515264893135259
2 27 0.026455960642948657
2 28 0.10081074006137936
2 29 0.022368611206597194
2 30 -0.05727910730864384
2 31 0.08760078264186758
2 32 -0.11721869368901554
2 33 -0.031815460425037675
2 34 0.09699595622041414
2 35 0.020605251884473742
2 36 0.0938999931160702
2 37 0.07422821668976573
2 38 0.10210880732772391
2 39 0.020193447383087287
3 3 0.0
3 4 0.03223290475940377
3 5 0.014960429811061696
3 6 -0.08995000607919032
3 7 0.019332196837117625
3 8 -0.05687760918766018
3 9 -0.006816475396973285
3 10 -0.07093987459007266
3 11 0.005461305200941244
3 12 -0.01500783445869681
3 13 0.010146776533222678
3 14 -0.0028294507333870094
3 15 0.03911727063176811
3 16 0.023134585158991118
3 17 -0.02807319184015335
3 18 -0.010677622424208534
3 19 0.024833410581496098
3 20 -0.007929140834246088
3 21 0.02776577903360561
3 22 0.01902494484070689
3 23 -0.012925774129730769
3 24 -0.0256312352860793
3 25 -0.05684556561237012
3 26 0.05034812238726096
3 27 -0.0141714120489457
3 28 0.016754327652936628
3 29 -0.01113852436438763
3 30 -0.01244117657727235
3 31 0.03457652617594033
3 32 -0.03283010977851483
3 33 0.027715014430587815
3 34 0.017307019369416636
3 35 0.011684989632625733
3 36 0.0018093687802849551
3 37 -0.019754805737977353
3 38 0.03274789823566662
3 39 0.053187682093130295
4 4 0.0
4 5 0.11271122457988107
4 6 0.09850834300620928
4 7 0.016993126715624217
4 8 -0.02216673615246373
4 9 -0.011600807037817793
4 10 -0.1124037939498338
4 11 0.1425971558719608
4 12 0.037961427906436376
4 13 0.05040098360330818
4 14 0.04482717723113805
4 15 0.21242589053780128
4 16 -0.040333254423278855
4 17 -0.1160785260441872
4 18 -0.13155792750563647
4 19 0.16271644266796106
4 20 -0.037532137868192775
4 21 0.05356734752593499
4 22 -0.0033480827760510126
4 23 -0.012506832303791843
4 24 0.007133184595150889
4 25 0.012312750267817188
4 26 -0.013306452492070298
4 27 -0.0794571460194465
4 28 0.19099961800000753
4 29 0.16824769768439332
4 30 -0.08077653030644114
4 31 0.142258362743845
4 32 -0.01649545924640202
4 33 -0.02693776902451424
4 34 -0.05962468871406886
4 35 -0.08290258191236326
4 36 0.05731263005268052
4 37 0.12965167336064817
4 38 0.13641616741026433
4 39 0.04931368866902614
5 5 0.0
5 6 -0.014091918271996814
5 7 -0.2500800517312358
5 8 0.04414565102037117
5 9 -0.041050842346171436
5 10 -0.033378672329714434
5 11 0.18979821102918432
5 12 -0.05446101513891435
5 13 0.027782128851737718
5 14 -0.009816075874931687
5 15 0.25419118740311397
5 16 -0.048173154900731915
5 17 -0.08517727472243602
5 18 -0.1383022104042989
5 19 0.048245988314448734
5 20 -0.1130428042149818
5 21 -0.05239271448649948
5 22 0.10314773162108029
5 23 -0.022473799918407755
5 24 0.04835078799207546
5 25 -0.004371695659144908
5 26 0.04122407773139605
5 27 -0.058406852228934034
5 28 0.12797531702929238
5 29 -0.048493979001168155
5 30 -0.10797334603500944
5 31 0.06362248235534494
5 32 -0.02728349088809019
5 33 -0.010408476073214419
5 34 0.047410848186493514
5 35 -0.029494559583466085
5 36 -0.04439078384618083
5 37 0.08500215446395695
5 38 -0.06165195326900902
5 39 -0.14403513457144462
6 6 0.0
6 7 -0.015496782823538391
6 8 0.017819111913518176
6 9 -0.022759134636293775
6 10 0.04126531604803093
6 11 0.06148678026770856
6 12 0.01937321904314674
6 13 0.0941927020145521
6 14 -0.03820400851988511
6 15 -0.007347522887359173
6 16 -0.07530729785028703
6 17 0.11872717441795892
6 18 0.021205485620407246
6 19 -0.05724119532797545
6 20 -0.04256788873938121
6 21 0.029144485693229437
6 22 -0.06092984716116271
6 23 -0.004360869585202218
6 24 -0.0593999634060783
6 25 -0.015162393903799318
6 26 -0.1109552628600865
6 27 -0.07277168450533586
6 28 0.05830996109668002
6 29 0.16531506473244909
6 30 0.06318377082966066
6 31 -0.02928980698352427
6 32 -0.021722658152990064
6 33 -0.1164787683343029
6 34 -0.027459725299958097
6 35 0.01882037516657815
6 36 -0.025349316978283354
6 37 -0.04808373520651627
6 38 -0.010095012962067383
6 39 -0.017465557949065444
7 7 0.0
7 8 -0.04775243988583882
7 9 0.009900833729403057
7 10 -0.04096610359568835
7 11 -0.10671933240015916
7 12 0.03367890140487191
7 13 -0.1754737860836231
7 14 0.016064715443877407
7 15 -0.12177703914734724
7 16 0.08186011198053092
7 17 0.01900257692751672
7 18 0.16545696994818773
7 19 0.0163666397610149
7 20 0.10297682936489597
7 21 0.09298328059321778
7 22 0.08303315140231637
7 23 0.05243487988322661
7 24 0.016983485427214156
7 25 0.015298141399274651
7 26 -0.034861341941965926
7 27 0.09306140103737967
7 28 -0.010273146929323155
7 29 0.05806059041987429
7 30 -0.0051734742898909
7 31 0.014096595695526437
7 32 0.03782859147797707
7 33 -0.0017611135582299756
7 34 -0.0559601400459705
7 35 0.10583394450457395
7 36 0.039192006289312756
7 37 -0.05812860308365596
7 38 0.0821289637179364
7 39 0.036062780689774046
8 8 0.0
8 9 0.05765682196093114
8 10 0.1110675965754386
8 11 -0.06031769102413217
8 12 -0.06849331001299717
8 13 0.030789100506822396
8 14 -0.026231847625640285
8 15 -0.02067188968105615
8 16 -0.07916221336683407
8 17 0.00605267647756259
8 18 0.000021916125219447473
8 19 -0.0018815492201594054
8 20 0.006087423822793825
8 21 0.05656084390729131
8 22 0.06682291130513886
8 23 0.03036854434352721
8 24 0.031582486679520086
8 25 -0.023294196087746827
8 26 -0.019781952224947316
8 27 0.0386864676439921
8 28 -0.013621030129304698
8 29 -0.053755912017451536
8 30 -0.04110466732877509
8 31 -0.00013422334148724795
8 32 -0.00458375760717752
8 33 -0.03791326530063595
8 34 -0.010362201831492725
8 35 -0.031481200216565544
8 36 0.02343260841513234
8 37 0.09810710097765993
8 38 0.022062526845606424
8 39 -0.04288877496501786
9 9 0.0
9 10 -0.013661315427016893
9 11 -0.004641308479252112
9 12 -0.14508687389294567
9 13 -0.04663841220035818
9 14 0.005060878544794152
9 15 -0.05097915805009329
9 16 -0.032005707991783025
9 17 -0.054658925083461526
9 18 0.003593618749557332
9 19 0.11799591191513474
9 20 0.07188892554081264
9 21 0.04930284316710481
9 22 0.10183377214681841
9 23 0.030996085901096915
9 24 -0.005184488702827758
9 25 -0.10089734226327673
9 26 -0.002883712088836072
9 27 0.020742100409481382
9 28 -0.08963116770858617
9 29 -0.04242583687125153
9 30 0.023888309673062547
9 31 -0.01932873459753568
9 32 -0.09306620989407166
9 33 -0.019720419965334947
9 34 0.05525188259050532
9 35 -0.07512033111358049
9 36 0.11439438141312701
9 37 0.04868373228191108
9 38 0.038566569737622236
9 39 -0.0011912962108572831
10 10 0.0
10 11 -0.040491672120418
10 12 0.07023769851072645
10 13 0.08869307269460683
10 14 -0.008672851249745393
10 15 0.06324165657080945
10 16 -0.15718295664686396
10 17 0.15948049141117768
10 18 -0.05704211883564253
10 19 -0.0742310876363867
10 20 -0.13155565405483158
10 21 -0.0034031109294244714
10 22 -0.02869022630389183
10 23 0.036437384835681694
10 24 -0.02636086894481483
10 25 0.0788478740532805
10 26 0.024706001456972514
10 27 -0.062380884308359044
10 28 -0.06687184449853886
10 29 0.02868114615189446
10 30 -0.10733517917473087
10 31 -0.002584758088067525
10 32 0.13141097079124875
10 33 -0.06382572846676343
10 34 -0.23933772191622382
10 35 -0.08190428456653195
10 36 -0.06831709875984168
10 37 0.08711674153825338
10 38 0.0469661941517819
10 39 0.012923284008763396
11 11 0.0
11 12 0.12120154238450317
11 13 -0.04641744110204311
11 14 0.07432387652231782
11 15 0.2789634350134045
11 16 0.009283864541342344
11 17 -0.0788979220179363
11 18 -0.16973751202918924
11 19 0.0295714681967787
11 20 -0.130914022689352
11 21 -0.1356489614153982
11 22 -0.11498598729838298
11 23 -0.061599163888296504
11 24 -0.09568094056820727
11 25 0.09827246103693048
11 26 -0.016674563165344537
11 27 -0.13904294190103406
11 28 0.06679813366510236
11 29 0.03219708055320354
11 30 0.02000174912661925
11 31 0.026478445100317854
11 32 -0.004593466030584371
11 33 0.06470414551440451
11 34 -0.09140436532843486
11 35 -0.23903715738008566
11 36 0.019710216075314167
11 37 0.02317297529273627
11 38 -0.06647179812350817
11 39 -0.12742433448073484
12 12 0.0
12 13 0.03674103019165534
12 14 0.06292154512893146
12 15 0.09096457455101549
12 16 0.030047549949030788
12 17 0.02679521839670198
12 18 -0.07554501618511897
12 19 -0.0933138956654404
12 20 -0.08452675741191845
12 21 -0.09973079211161946
12 22 -0.24086465261476198
12 23 -0.05254788727345735
12 24 -0.05939205150287554
12 25 0.18197732094611782
12 26 -0.016412151696414225
12 27 -0.06257710268445657
12 28 0.05512474741234241
12 29 0.06494921893709368
12 30 0.014575901357390153
12 31 0.022821286960278055
12 32 0.12751392461787323
12 33 0.07332238726832928
12 34 -0.16850461388083407
12 35 -0.1068934125616863
12 36 -0.05932047851509491
12 37 0.006031310007564831
12 38 -0.004703434426354578
12 39 0.026739971864640343
13 13 0.0
13 14 -0.09070680959608149
13 15 0.005122699880939706
13 16 -0.1724576141864888
13 17 0.06640411824405704
13 18 -0.15214932962884356
13 19 -0.146446497945845
13 20 -0.12298754331905426
13 21 0.07994414769274226
13 22 -0.2725106877473094
13 23 -0.05937254783399594
13 24 -0.12242209600908975
13 25 -0.09512241800992725
13 26 0.006639374537123949
13 27 -0.12592341944245763
13 28 0.0032824537381722562
13 29 0.014368672474701425
13 30 0.07229515220939497
13 31 -0.008788810630563009
13 32 -0.0705973914039112
13 33 -0.012945437402483436
13 34 -0.007582079451770146
13 35 -0.17601947070568458
13 36 -0.012187876205858665
13 37 0.06590912671530698
13 38 0.034608626887483465
13 39 0.1639135103717245
14 14 0.0
14 15 0.07454715360992151
14 16 0.06770955067380992
14 17 -0.0532315024905057
14 18 -0.040491740496373656
14 19 0.10665554877722254
14 20 0.03771111841944459
14 21 -0.08810132610004483
14 22 -0.04906290586570593
14 23 -0.04162877618658214
14 24 -0.01960354719277922
14 25 0.08501414326592813
14 26 0.0030556506903802304
14 27 0.010366814542172222
14 28 0.059168145472011546
14 29 0.021218180102947258
14 30 -0.011763285981496126
14 31 0.06686194177824806
14 32 0.06816868139473896
14 33 0.05399262854706738
14 34 -0.08766971113808439
14 35 -0.03965834624232846
14 36 0.0001888483992576214
14 37 0.06983894221336252
14 38 0.06529249508945834
14 39 0.028170705558351328
15 15 0.0
15 16 -0.052486159426161264
15 17 -0.07250006952423976
15 18 -0.21259476964354523
15 19 0.12454851138898546
15 20 -0.16007072292395935
15 21 -0.08676438033212527
15 22 -0.0016724650841447696
15 23 -0.02820611461186312
15 24 -0.008733988035361724
15 25 0.09591394114364077
15 26 0.0608929090502605
15 27 -0.14262555955210326
15 28 0.14096378775291232
15 29 0.0963346715244061
15 30 -0.14599701534806062
15 31 0.12543757389318383
15 32 0.06321677878408169
15 33 0.007111058296317872
15 34 -0.15446365238517176
15 35 -0.13596062481902654
15 36 -0.028937362031560034
15 37 0.1182913823699229
15 38 0.04970573589796999
15 39 -0.03919761112660418
16 16 0.0
16 17 -0.04793014965216624
16 18 0.08992035213543877
16 19 0.02462167712378352
16 20 0.09936187878839142
16 21 -0.06986093842767646
16 22 0.00815879956036631
16 23 -0.03156609062727364
16 24 0.008782865180581788
16 25 0.045253672009300375
16 26 -0.011558958807271024
16 27 0.08474376790118124
16 28 0.030692947355924927
16 29 -0.04204819205219256
16 30 0.048292396247189666
16 31 0.006516764147020415
16 32 0.025633306126728782
16 33 0.07343799252472072
16 34 0.04475399743820728
16 35 0.09768357490530884
16 36 -0.016212944175175277
16 37 -0.06528442883922432
16 38 -0.025076131577795535
16 39 -0.023236578739527135
17 17 0.0
17 18 0.07642829220870061
17 19 -0.1380886768961535
17 20 -0.049871545569770505
17 21 0.027074448575404707
17 22 -0.030937347424587685
17 23 0.00782097881627437
17 24 -0.05812931379069177
17 25 -0.02012924696384543
17 26 -0.019532579260407634
17 27 -0.019649119244146217
17 28 -0.04216121339961755
17 29 0.03417167529958072
17 30 0.022730255465314205
17 31 -0.05016773157171709
17 32 0.03419609387621327
17 33 -0.059895376081573234
17 34 -0.0646370942614593
17 35 0.07575820270202058
17 36 -0.082773781640248
17 37 -0.0861844773279819
17 38 -0.018920100602272418
17 39 0.02285977733472242
18 18 0.0
18 19 -0.08417809116462208
18 20 0.12792236608675317
18 21 0.09084559540084591
18 22 0.14126614025926973
18 23 0.03242553238097738
18 24 0.009737215372852314
18 25 -0.07233372092134634
18 26 -0.05638029880140368
18 27 0.15532174484997904
18 28 -0.024407637649088224
18 29 -0.06906844147992867
18 30 0.05015385234845896
18 31 -0.04570676343300175
18 32 -0.017018589564614394
18 33 -0.02030681325873596
18 34 0.07142268337491524
18 35 0.2144746960700073
18 36 -0.0217267074425836
18 37 -0.11174021832970789
18 38 -0.015796371915242344
18 39 -0.04534838244013066
19 19 0.0
19 20 0.06895199715458318
19 21 -0.050807757736823944
19 22 0.17532222049670013
19 23 0.03294284222673538
19 24 0.10878368092834356
19 25 0.016087496632734323
19 26 0.05779798488596024
19 27 -0.019229656963134865
19 28 0.04588560406673099
19 29 0.11987841824204817
19 30 -0.11845782381405918
19 31 0.10013758699564408
19 32 0.009998345855897943
19 33 -0.03806810237280195
19 34 0.0005449750707751087
19 35 0.028499821424175266
19 36 0.0748111863993017
19 37 0.09848109640098426
19 38 0.11542008989339991
19 39 0.0459633144900647
20 20 0.0
20 21 0.03469674598483355
20 22 0.07261733164379615
20 23 0.0005299019088152027
20 24 0.025926893708046888
20 25 -0.04728031234077618
20 26 -0.0363073822194903
20 27 0.13621704529563902
20 28 -0.002291679771251318
20 29 -0.05817713293655521
20 30 0.054956267655625876
20 31 0.0041983864932447785
20 32 -0.02966463373754911
20 33 0.024156991285641055
20 34 0.08746618711211711
20 35 0.10056814227243671
20 36 0.04877194713427645
20 37 0.0037507508489660257
20 38 0.04513227340534515
20 39 0.022877586084719598
21 21 0.0
21 22 0.09054600959403408
21 23 0.03442883499603874
21 24 -0.03251830054598219
21 25 -0.15809258446091576
21 26 -0.02752410587045309
21 27 0.06086413896316276
21 28 0.019833845923829693
21 29 -0.0348488327101915
21 30 -0.00533539685472687
21 31 0.024519576362953887
21 32 -0.08709650189606596
21 33 -0.04500834202662047
21 34 0.025859128335921307
21 35 0.02611681476019879
21 36 0.048588756475788544
21 37 0.03919984761268358
21 38 0.09466267278312926
21 39 0.042736163483504216
22 22 0.0
22 23 0.13505760371992878
22 24 0.19723321057725002
22 25 -0.09363004819496831
22 26 0.04534278463074019
22 27 0.09730806613299525
22 28 -0.01375255949484735
22 29 0.0034677307275562883
22 30 -0.18094030962350593
22 31 0.017728784534503716
22 32 -0.03321576248324797
22 33 -0.12713932241687098
22 34 0.11056465757010833
22 35 0.2688256765520334
22 36 0.02194269180298516
22 37 -0.034673961806698156
22 38 0.0020216509330824813
22 39 -0.13967686153636977
23 23 0.0
23 24 0.09029791874803499
23 25 -0.001527899854046867
23 26 0.013242154533566525
23 27 0.006283243332546677
23 28 -0.05426187939007062
23 29 0.03616358185657004
23 30 -0.06331442651432598
23 31 -0.027986484459912316
23 32 0.0016663155014597722
23 33 -0.061030767946823015
23 34 0.025492656803243852
23 35 0.06345991496596963
23 36 0.020934840492228355
23 37 -0.02812451125640374
23 38 -0.019503862908926937
23 39 -0.03960566166784119
24 24 0.0
24 25 0.06852338294307596
24 26 0.03766622141442966
24 27 0.027906552897654313
24 28 -0.026527959163632903
24 29 0.0545818247953746
24 30 -0.12207304949830233
24 31 -0.016370359995893608
24 32 0.04175174027050661
24 33 -0.06442281228681784
24 34 0.08557313002136104
24 35 0.14548913290274662
24 36 0.006124844703099691
24 37 -0.01889845432641493
24 38 -0.05471565517324874
24 39 -0.07232073471292465
25 25 0.0
25 26 -0.0013230173189973482
25 27 -0.031672866443539935
25 28 0.025672194150331895
25 29 0.07380155490128396
25 30 -0.05751994204607088
25 31 0.010632638283193059
25 32 0.15919750946294312
25 33 0.03724445289971342
25 34 -0.12558662670474677
25 35 -0.03715583499221724
25 36 -0.045380059650233666
25 37 0.020544023602901966
25 38 -0.04213242801715894
25 39 -0.05237610049075743
26 26 0.0
26 27 -0.03755318605176107
26 28 -0.02554153525314219
26 29 0.006292817564986957
26 30 -0.06623948243187464
26 31 0.018046175570954594
26 32 0.01400879206719636
26 33 0.001359115392895857
26 34 -0.0018300942078090636
26 35 0.013517024995202614
26 36 -0.013571806910372786
26 37 0.0001433199686442671
26 38 0.007207556369556162
26 39 0.03635056450536593
27 27 0.0
27 28 0.01805439835428813
27 29 -0.1225786164505182
27 30 0.018436278768222993
27 31 0.008289185287295634
27 32 0.0008561104622278387
27 33 0.03357516367662054
27 34 0.05218181254006484
27 35 0.11406980869996441
27 36 0.008032139903779354
27 37 0.0193208303218058
27 38 0.025338671316583312
27 39 -0.03594622946613685
28 28 0.0
28 29 0.045940474866077774
28 30 -0.0533071667133596
28 31 0.1345806069607926
28 32 0.0399763414761427
28 33 0.01578586879612692
28 34 -0.0712420346784166
28 35 0.030307244833939595
28 36 -0.044286434619654924
28 37 0.10183817790374976
28 38 0.10307527863553423
28 39 0.013548387818196745
29 29 0.0
29 30 -0.0719529446881217
29 31 0.03410126644081611
29 32 0.05790774112644568
29 33 -0.10224251908931865
29 34 -0.07586698138906947
29 35 0.05205706082465955
29 36 -0.014252619094652974
29 37 -0.035772915992648445
29 38 0.05032331810523416
29 39 0.0734913612584401
30 30 0.0
30 31 -0.07780849774012107
30 32 -0.0811083395733225
30 33 0.05999599334419128
30 34 0.07925673933039011
30 35 -0.06970277967348636
30 36 0.026618871343874407
30 37 -0.0744116742167182
30 38 -0.05678653699112647
30 39 0.027761570169331822
31 31 0.0
31 32 0.039637967050218166
31 33 0.01690881262797273
31 34 -0.09336527968533677
31 35 -0.010411113516081424
31 36 -0.00698993917188892
31 37 0.1203506587426421
31 38 0.1327962085298355
31 39 0.05577148702574068
32 32 0.0
32 33 0.01037047894934801
32 34 -0.14585911736826312
32 35 0.034896783578917005
32 36 -0.07153435688957784
32 37 0.0322220987246037
32 38 0.024701021592872966
32 39 0.0015023809041676164
33 33 0.0
33 34 -0.01907818150632896
33 35 -0.09544620745516852
33 36 0.008923181569031156
33 37 0.032163536568886084
33 38 -0.0006177941558143053
33 39 0.010127377008533564
34 34 0.0
34 35 0.1188638239094052
34 36 0.04664221307310537
34 37 -0.11598851981030153
34 38 -0.12704465217735378
34 39 -0.05305650391478298
35 35 0.0
35 36 -0.09803901198338572
35 37 -0.15441076821814934
35 38 -0.028673395700127884
35 39 -0.024788365636963565
36 36 0.0
36 37 0.04631916081207419
36 38 0.028488019643004132
36 39 0.0055077176560309775
37 37 0.0
37 38 0.15081721791686223
37 39 0.04282588633491507
38 38 0.0
38 39 0.14319712843649482
39 39 0.0
