0 0 0.0
0 1 0.09425861266304258
0 2 0.045690750499720496
0 3 0.0005477826060488107
0 4 -0.0444087226374973
0 5 0.02260927854585667
0 6 0.15427645412986926
0 7 -0.023354549419803965
0 8 0.04528525768179218
0 9 0.0024997338223250584
0 10 -0.1364356049365768
0 11 -0.10101223938656878
0 12 0.12280596968949549
0 13 -0.09496824553102844
0 14 0.16276256021456764
0 15 -0.047592591266604915
0 16 -0.08288333739004802
0 17 0.052943242628435715
0 18 -0.05381204492609002
0 19 0.030840529973615294
0 20 0.15691437661472613
0 21 -0.05026532337587042
0 22 -0.0156749782709033
0 23 -0.05699860893154566
0 24 0.026126429970690628
0 25 0.13600350726921626
0 26 0.11367768941860039
0 27 -0.021535272222235034
0 28 0.08346778464295587
0 29 0.1599342975198104
0 30 0.03681611398166139
0 31 0.08786164151996433
0 32 -0.021119084423557047
0 33 0.13501595761296897
0 34 0.01775038943405514
0 35 -0.14443903904007432
0 36 0.1013696731450432
0 37 0.048266752367223234
0 38 0.19602170545453226
0 39 0.04921087757205183
1 1 0.0
1 2 0.20434589153720628
1 3 0.11542044941951149
1 4 -0.008446852002462561
1 5 -0.0865897514525352
1 6 0.19220255296337102
1 7 0.05888082063021553
1 8 0.051543044466406805
1 9 -0.10180137547349917
1 10 0.009866549391549101
1 11 0.08948597181983985
1 12 0.2801729207638054
1 13 0.11623844658534799
1 14 0.15647515043515428
1 15 -0.2538547806680298
1 16 -0.0007490734609830416
1 17 -0.4186232514050925
1 18 0.1476089619197008
1 19 0.08221452074003911
1 20 -0.05914918814399737
1 21 -0.0701725532946296
1 22 -0.13620199134890262
1 23 -0.1375256940043224
1 24 0.25634740445928855
1 25 -0.24882501173285845
1 26 -0.03752073741941236
1 27 0.020731187395703538
1 28 0.016403221361867296
1 29 -0.12836946977131017
1 30 0.23421746541856753
1 31 -0.244845784365001
1 32 -0.025710683731531958
1 33 0.20932897153346203
1 34 -0.1777586046871837
1 35 -0.09908846013976655
1 36 -0.058075764115737595
1 37 0.08783305690703286
1 38 -0.190059620655754
1 39 0.17456908642642893
2 2 0.0
2 3 -0.09369859649771867
2 4 0.04954201767581999
2 5 0.032235679966222994
2 6 0.03231676366587851
2 7 0.033467807166244964
2 8 0.12004013257689561
2 9 -0.13149601906695885
2 10 0.0017016948808438001
2 11 0.031244505387233994
2 12 -0.03892166954881043
2 13 0.03468835452886031
2 14 -0.09995637234096547
2 15 -0.14051303515950428
2 16 0.13421211470612276
2 17 -0.10154165075037558
2 18 -0.15130117979564164
2 19 -0.016500973602778347
2 20 -0.10116639985376703
2 21 -0.08067082935849006
2 22 -0.1527486275964559
2 23 -0.12216760079582378
2 24 0.04845478056018111
2 25 -0.037611963396783375
2 26 -0.16818374938869918
2 27 -0.02603179703409843
2 28 0.07028476397381428
2 29 -0.049601680972091285
2 30 0.032312346913464
2 31 -0.14357650173215336
2 32 -0.016265917749061505
2 33 -0.023075809048467434
2 34 -0.11528926119389801
2 35 -0.06493130719595948
2 36 -0.146034744013999
2 37 -0.03704980678918358
2 38 0.040179223047770316
2 39 -0.060953257379811
3 3 0.0
3 4 -0.17456221479507747
3 5 -0.3404466498671497
3 6 -0.07873529241328622
3 7 -0.09482442927014545
3 8 0.005650401192416202
3 9 0.009608317993669499
3 10 -0.07957807636244321
3 11 0.02312970062703643
3 12 0.08621112004040252
3 13 0.09658933805475113
3 14 0.08753209110050778
3 15 0.15791846080448826
3 16 -0.07043451724896072
3 17 -0.03254457146786073
3 18 -0.07377791284921816
3 19 0.08462247305077877
3 20 -0.03033312430769538
3 21 0.061831262082919725
3 22 -0.24939916480119337
3 23 0.16074695646811718
3 24 -0.1586086852606661
3 25 0.058106542071823884
3 26 0.1038216816683882
3 27 -0.052846591465018744
3 28 0.134846202440425
3 29 0.15558844585253415
3 30 0.20475455084351962
3 31 0.17847973631999955
3 32 -0.059275383397892935
3 33 0.15549158643768912
3 34 -0.07628026671690764
3 35 0.023368805102652736
3 36 -0.11989143525429642
3 37 0.2666986853640473
3 38 0.09662979436150995
3 39 -0.01974865440933255
4 4 0.0
4 5 0.13585089310947268
4 6 0.16280957859715312
4 7 0.09859826585941621
4 8 -0.05994173119222594
4 9 0.0567788808015533
4 10 0.21244496750541905
4 11 -0.10043014411334691
4 12 -0.033159755407082846
4 13 0.018884646695538604
4 14 -0.0299592785254219
4 15 -0.046032934402632494
4 16 -0.004203959621127274
4 17 0.053194134208609856
4 18 0.11670277049069896
4 19 -0.04430070650597637
4 20 0.0479688165476414
4 21 -0.15173204413985425
4 22 -0.0019520537575141606
4 23 -0.09005541722922793
4 24 0.015581395530954448
4 25 -0.07238370958260763
4 26 0.005007774829636077
4 27 0.003946742497285651
4 28 0.0045292506398180955
4 29 -0.010279946684771063
4 30 -0.00658469223613368
4 31 -0.0986630452800947
4 32 0.04750470039365587
4 33 -0.10155232258164293
4 34 0.016598914406930933
4 35 -0.07247153912658985
4 36 0.045420019449951464
4 37 0.08089569052540638
4 38 0.006509122839108638
4 39 0.1392776839507897
5 5 0.0
5 6 0.16001316898235854
5 7 -0.1702179277744979
5 8 -0.05070644114034839
5 9 -0.061785824437019764
5 10 -0.041292419810478216
5 11 -0.000483189213962496
5 12 -0.07555827359771658
5 13 -0.09672375706085315
5 14 -0.00891714070141762
5 15 0.0028971918869231126
5 16 -0.020058400173921142
5 17 -0.10663054718708782
5 18 0.14267086171117832
5 19 -0.07693010514000097
5 20 0.01952762848326752
5 21 -0.06604655049501772
5 22 0.18831755331590053
5 23 0.0685225802271144
5 24 0.09718183745484757
5 25 0.07039694453883501
5 26 -0.10603501323594697
5 27 0.0261495903279381
5 28 0.12400208982164096
5 29 -0.09793037903675969
5 30 -0.10671298324224217
5 31 -0.03721338114117255
5 32 0.030395279785906393
5 33 0.0029447617056371994
5 34 -0.0749808897654307
5 35 -0.006293417439459534
5 36 0.16228010213144226
5 37 -0.1527700038903001
5 38 -0.09193802169864203
5 39 -0.006215143194836168
6 6 0.0
6 7 0.011032214782951306
6 8 -0.14179131554644991
6 9 0.10860045709676851
6 10 0.012640781069756265
6 11 -0.0007218361663037971
6 12 -0.09341760185977029
6 13 -0.1145826019154779
6 14 0.3094698209271836
6 15 0.22440945388125866
6 16 -0.16058204166508167
6 17 -0.23686784435762548
6 18 0.24730439233620477
6 19 0.0978610973623836
6 20 0.28864397310299517
6 21 0.029046400986792793
6 22 0.12552921392529695
6 23 0.09485202277892352
6 24 0.19020692213929152
6 25 -0.11246107047713001
6 26 -0.02319695608730101
6 27 -0.11414646812395965
6 28 -0.0684607555286193
6 29 -0.12158349612734605
6 30 0.04115379682439656
6 31 0.05469000032042089
6 32 -0.11790733994584053
6 33 0.13241666846665584
6 34 0.06553937883256206
6 35 -0.10467167236337063
6 36 -0.060332395276034304
6 37 -0.03067721981146731
6 38 0.07963485207103509
6 39 0.2771155122216097
7 7 0.0
7 8 -0.02917871780568802
7 9 0.17935420967331492
7 10 0.14773375078073753
7 11 -0.05170420650025338
7 12 0.013925986341315994
7 13 0.08617061854611854
7 14 0.031854957903552236
7 15 -0.13732738124397278
7 16 -0.1786654588232991
7 17 0.043487499519077176
7 18 0.07614260428502939
7 19 0.04905289572271304
7 20 -0.13627955927539342
7 21 -0.2125899644273228
7 22 -0.007682635211501389
7 23 -0.28292693624762527
7 24 0.04396442425123398
7 25 -0.015302579259623323
7 26 0.04819282604238752
7 27 0.009217044692138073
7 28 -0.12843723136639232
7 29 0.22592323734529263
7 30 0.09475572106584115
7 31 -0.24998744122111782
7 32 0.16422345943357913
7 33 -0.08174860707727802
7 34 0.06571009041163305
7 35 -0.035510858122178864
7 36 -0.14018928280737744
7 37 0.14055778198704422
7 38 0.049756078536968604
7 39 0.023556938770553197
8 8 0.0
8 9 -0.2850724254336047
8 10 -0.002966425539526463
8 11 -0.07756363041802763
8 12 0.21494080849080094
8 13 0.09855863341248007
8 14 -0.11594699441701006
8 15 0.04301470457320668
8 16 0.10590212343767794
8 17 0.13261315964530404
8 18 0.06837580891166652
8 19 -0.1940939526421685
8 20 0.03269709904067407
8 21 -0.003816736546527646
8 22 -0.12750644138215667
8 23 -0.15605285165832156
8 24 0.12448271901475705
8 25 0.003568782693234815
8 26 -0.12338828258526513
8 27 -0.13307226595891825
8 28 0.22519064471573896
8 29 -0.1421966670662347
8 30 0.07567834929007637
8 31 -0.009759299293792002
8 32 0.14572915628556934
8 33 0.14989176489772918
8 34 -0.06036126605644385
8 35 -0.0497523415089383
8 36 -0.16928830700020261
8 37 -0.14264027705294502
8 38 0.028781219979269145
8 39 -0.10599731775517167
9 9 0.0
9 10 -0.004230377911885308
9 11 -0.030614546465107344
9 12 0.009261040866448219
9 13 -0.059200964637716645
9 14 0.1356117907929038
9 15 0.0070080751157313385
9 16 -0.0344663781890686
9 17 0.06693961015859076
9 18 -0.028187936100006528
9 19 0.10780641450938358
9 20 0.008504112050538104
9 21 0.07566052034895887
9 22 0.048083761627865616
9 23 0.04600879538021003
9 24 0.0718012951055022
9 25 0.0686786636765801
9 26 0.22988128846171185
9 27 0.03230671732468838
9 28 -0.1400826280202137
9 29 0.09084480987041
9 30 -0.06745756644545428
9 31 -0.07704454775858444
9 32 -0.06815458182490687
9 33 -0.1112969764030054
9 34 0.12897949205918635
9 35 -0.06360796735330981
9 36 -0.08731577297311241
9 37 0.07062884230344876
9 38 -0.007378281927539773
9 39 0.1269280353862499
10 10 0.0
10 11 0.0018714527526949621
10 12 -0.06371256538083182
10 13 0.1489964854297159
10 14 -0.10586193595470934
10 15 0.019934924067017662
10 16 0.03557977821213164
10 17 -0.028567636395767503
10 18 0.15137028119726778
10 19 0.03973808030677809
10 20 0.019705390719485752
10 21 -0.09583368755773918
10 22 0.0003638146003228327
10 23 -0.2408833485284832
10 24 -0.05186979843625332
10 25 -0.13548880563338156
10 26 -0.06454570368814255
10 27 -0.03117475720141995
10 28 -0.15343999531067373
10 29 -0.06819597545647237
10 30 0.00887204103044006
10 31 -0.009784533208831178
10 32 0.09263869161433677
10 33 -0.1482745052108591
10 34 0.13640245885056002
10 35 0.0022276455411196715
10 36 -0.08257482243014418
10 37 0.08254902606915247
10 38 -0.014391782897479364
10 39 0.1129813016823503
11 11 0.0
11 12 -0.29355794369390203
11 13 -0.03044832883140288
11 14 -0.0380275576722845
11 15 -0.02492744172328307
11 16 -0.10997027940360884
11 17 -0.29250694506020547
11 18 -0.04670076482630394
11 19 0.1396325990594967
11 20 0.013899000818327878
11 21 0.03258162652817041
11 22 0.028454426220136785
11 23 -0.11384039312576937
11 24 0.05278584503682594
11 25 -0.0019027180055676222
11 26 -0.17625712748466743
11 27 -0.11866934831782969
11 28 -0.21946175092653997
11 29 -0.11374195229183133
11 30 -0.18997654957393814
11 31 0.04584478105450453
11 32 -0.10636601839700197
11 33 0.11618033310527091
11 34 0.0383130086384081
11 35 -0.08050445606260902
11 36 0.016529990394993112
11 37 0.1541747165583942
11 38 -0.008786390727379346
11 39 0.12495502348697984
12 12 0.0
12 13 -0.05989631391365147
12 14 0.04319591515936899
12 15 -0.15698532253376646
12 16 0.04126548893827066
12 17 -0.112950433238406
12 18 0.23230655417124885
12 19 -0.023892053664765326
12 20 -0.09572184740305381
12 21 0.16764005472330035
12 22 -0.22030615297824802
12 23 -0.09451337913269628
12 24 0.08635847304352003
12 25 0.02862807308699002
12 26 0.17537573688714775
12 27 0.009639545305975406
12 28 0.2546852184695506
12 29 -0.053461818870839915
12 30 0.2770636463145294
12 31 -0.21903180860267732
12 32 0.2213671467553203
12 33 0.13419294016522298
12 34 -0.06685944324564895
12 35 0.03917696082649401
12 36 0.015814874889261712
12 37 0.0014572347589205327
12 38 -0.1414086038728153
12 39 -0.04806251395905382
13 13 0.0
13 14 -0.09651101582885421
13 15 0.05906960711966236
13 16 -0.04673360608826457
13 17 0.06503835140754674
13 18 -0.015475119021652972
13 19 0.0015116410512931618
13 20 -0.1771495311650756
13 21 -0.14242754399462423
13 22 -0.09491053899477733
13 23 -0.07472380943037607
13 24 0.12049031734597807
13 25 -0.18427650585463493
13 26 -0.0860030351584393
13 27 -0.003029104301725959
13 28 0.10310949975851322
13 29 0.13178193246027298
13 30 0.04756585845281816
13 31 -0.06089845700138652
13 32 -0.1323401804560856
13 33 -0.010899673954157214
13 34 0.09349459588901463
13 35 0.193717819502281
13 36 -0.2548670384982129
13 37 0.033556302378186846
13 38 -0.03683982709766009
13 39 0.030711706357446855
14 14 0.0
14 15 0.05258239657308925
14 16 -0.10867457028675405
14 17 -0.005490407134392898
14 18 0.07644821702954148
14 19 0.06598172065896196
14 20 0.13985177749980277
14 21 -0.032515347300409066
14 22 0.09255261250860511
14 23 0.09707776367671303
14 24 0.06562953575462337
14 25 0.01264642225763551
14 26 0.13285803272824054
14 27 0.062413734506694664
14 28 -0.028656197786550326
14 29 0.040341957793726534
14 30 0.07853060028998661
14 31 0.05479273139133166
14 32 -0.05055467651679455
14 33 0.14384149337299304
14 34 0.05452563863300208
14 35 -0.02919274750623796
14 36 0.08714135498503653
14 37 -0.05337143267763313
14 38 0.027733719689185372
14 39 0.18180314799373043
15 15 0.0
15 16 -0.03053776752949668
15 17 0.08447178457999796
15 18 0.027042204969664346
15 19 -0.007794946057365926
15 20 0.09064534851538078
15 21 0.13216260664062948
15 22 0.20127614285877832
15 23 0.2297746552327832
15 24 -0.07988299700747671
15 25 0.028491648150586652
15 26 0.008664844647878405
15 27 -0.13620071938587697
15 28 -0.07249539462819883
15 29 0.003623420338373839
15 30 -0.007098118440254049
15 31 0.23401778829569286
15 32 -0.13032587713593508
15 33 0.07031562731091164
15 34 0.13970741942221218
15 35 -0.0071772821805815516
15 36 -0.17218980976823806
15 37 -0.1373422107618069
15 38 0.13466492612937644
15 39 -0.14264748403714927
16 16 0.0
16 17 0.14105926439167657
16 18 -0.16582902081729317
16 19 -0.027354951393603437
16 20 -0.031582296095148836
16 21 0.08468727988184406
16 22 -0.0011955410418187412
16 23 0.03936745500124561
16 24 -0.05525916981669392
16 25 -0.05441989019654057
16 26 -0.0710647326356579
16 27 0.05462575901129955
16 28 -0.050385976835385406
16 29 -0.1482848268575309
16 30 -0.036143043838353636
16 31 -0.03862300856377291
16 32 0.024558637399474066
16 33 -0.15309423031273922
16 34 -0.02237635432320451
16 35 -0.021610995820250556
16 36 -0.023246287059581962
16 37 -0.18912063597301781
16 38 -0.05669385134465878
16 39 -0.1635300040065902
17 17 0.0
17 18 -0.26949431245420075
17 19 -0.13143228424135062
17 20 0.03983445398969536
17 21 -0.13867743353605758
17 22 0.07483704353853513
17 23 0.13587776698585247
17 24 -0.09450897545971143
17 25 0.05800544818548754
17 26 0.049077533033992884
17 27 0.16492914883285467
17 28 0.053265072732354944
17 29 0.27604668359870055
17 30 -0.11913412766922168
17 31 0.059113401041207145
17 32 0.08648499832276882
17 33 -0.22441204673752915
17 34 0.12665109940437527
17 35 0.012432805755838081
17 36 0.01393593854662411
17 37 -0.2073157494693231
17 38 0.10377189242454574
17 39 -0.07261971632850743
18 18 0.0
18 19 0.011998037085303486
18 20 0.11743639938400088
18 21 0.05455870302159589
18 22 0.05960579150812474
18 23 -0.1067999042948389
18 24 0.16369788478174863
18 25 -0.10518902619488209
18 26 0.03293542141310378
18 27 -0.0970359242466062
18 28 0.042446200826812316
18 29 -0.19779475041221242
18 30 0.08253224526099281
18 31 -0.029417245225104326
18 32 0.11063223190962176
18 33 0.0929977214107832
18 34 0.02152295614386439
18 35 0.06273468342477746
18 36 0.08039217842343564
18 37 0.07942153027684824
18 38 -0.1290547170164416
18 39 0.1659921193662071
19 19 0.0
19 20 0.029808950063102236
19 21 0.10099149064245547
19 22 -0.028931611894368166
19 23 -0.08433078527275456
19 24 -0.060608728571311034
19 25 -0.04420854440497456
19 26 -0.13605641348868763
19 27 -0.06911249237937866
19 28 -0.2019773161627735
19 29 0.04086956020098898
19 30 -0.02380540749795828
19 31 0.02140916696564763
19 32 0.0027773760272144245
19 33 -0.0811075346831313
19 34 0.21176477004743716
19 35 0.1275941144371216
19 36 0.08407077798509016
19 37 0.20869560096843115
19 38 0.09726756057644714
19 39 -0.002897333387291121
20 20 0.0
20 21 0.06653334494857059
20 22 0.055641190061104684
20 23 -0.00668608576338135
20 24 0.01599246076209374
20 25 -0.013494198440027083
20 26 0.02610344173403369
20 27 -0.10543132720530721
20 28 -0.06053308176791892
20 29 -0.2000559448708918
20 30 -0.16707638081691611
20 31 0.15644400122393068
20 32 0.06296988647352833
20 33 0.04494060040982699
20 34 0.05840571789848942
20 35 -0.09806108430618353
20 36 0.1621806910108176
20 37 0.041677253705389536
20 38 0.07677774408299912
20 39 0.2297298413199514
21 21 0.0
21 22 -0.005736172810112019
21 23 0.10642932798351226
21 24 -0.00895038178444876
21 25 0.006016792355607958
21 26 0.03999982456574502
21 27 -0.10612281042357716
21 28 -0.05979361690779914
21 29 -0.19959911701533234
21 30 -0.058445377145740496
21 31 0.06486472496421469
21 32 -0.04590079079232392
21 33 -0.008789765507262775
21 34 0.07095468701777327
21 35 0.07926295774775044
21 36 -0.009741667952056724
21 37 -0.038249425785697476
21 38 -0.037419993716208015
21 39 -0.08991879896394069
22 22 0.0
22 23 0.14801250668912982
22 24 0.016366913531491542
22 25 -0.03309799805101042
22 26 0.06985448838229104
22 27 0.05264567174731216
22 28 -0.28920308086178875
22 29 -0.030763996711412205
22 30 -0.14560554486050256
22 31 0.07060394645514284
22 32 -0.09824232813603552
22 33 -0.050655486623277055
22 34 0.07203716820490133
22 35 -0.0913731196945402
22 36 0.14166865726754815
22 37 -0.2288398789597236
22 38 -0.05400225117238848
22 39 -0.11326163145718778
23 23 0.0
23 24 -0.023008909797249223
23 25 0.00764707450547545
23 26 0.0924184942446587
23 27 0.10944538813009833
23 28 0.06972464358980417
23 29 0.05799667254411951
23 30 -0.007982351593897328
23 31 0.1256528177938056
23 32 -0.16805354407860246
23 33 0.0011285770657130894
23 34 -0.10348709190495112
23 35 0.01151142672686235
23 36 0.004522139722791162
23 37 -0.19278304833651294
23 38 -0.07031675692912755
23 39 -0.07694004301917091
24 24 0.0
24 25 -0.15806853428641457
24 26 -0.05434740594554895
24 27 -0.009268725755358701
24 28 0.08244590547335715
24 29 -0.10824437911164271
24 30 -0.011677149122735193
24 31 -0.14943595923256942
24 32 -0.05570618461554587
24 33 0.08769010886745977
24 34 -0.04720067311164173
24 35 -0.03885194102956684
24 36 -0.15107584255482434
24 37 -0.10731117648905467
24 38 -0.17313132300792428
24 39 0.20845174781921455
25 25 0.0
25 26 0.10310824655726585
25 27 -0.022472051775503727
25 28 0.10709541186886733
25 29 0.11844036638957023
25 30 -0.002819235796218021
25 31 0.08948427840429105
25 32 0.06528335969025709
25 33 0.07630452303531539
25 34 -0.019735283091358555
25 35 -0.06047597763729216
25 36 0.06636973904611063
25 37 0.02842877745625682
25 38 0.14912483625148323
25 39 -0.11632313697115697
26 26 0.0
26 27 0.08079756044545439
26 28 0.03175206082186524
26 29 0.050481092058526335
26 30 0.008141636026673555
26 31 -0.0025311540550329685
26 32 -0.10208462142360597
26 33 0.04884259624648567
26 34 -0.058512811958220265
26 35 -0.07331850514176472
26 36 0.09047541007835133
26 37 0.0066629815432161675
26 38 -0.045309348548181326
26 39 0.05847103208749924
27 27 0.0
27 28 0.03400562330731767
27 29 0.1134942609534251
27 30 0.011381474737290297
27 31 -0.08340012768268393
27 32 0.01636499062321668
27 33 -0.09603643553763841
27 34 -0.06592993211798749
27 35 0.03388064723871304
27 36 0.08092756050863074
27 37 -0.14089258929422938
27 38 -0.1351520523738909
27 39 0.038909240948110865
28 28 0.0
28 29 0.056804499246329396
28 30 0.1216614511645798
28 31 -0.05829911968411864
28 32 0.08384233431712078
28 33 0.12797222763105878
28 34 -0.1990460146404825
28 35 0.10323046372349565
28 36 -0.07677848872646441
28 37 -0.034143854158451344
28 38 -0.05223293812126033
28 39 0.05792276810682798
29 29 0.0
29 30 0.11304769623723372
29 31 0.008664309829193823
29 32 -0.007445860982962417
29 33 -0.04209303058190668
29 34 0.05268699593023494
29 35 0.009723139214623257
29 36 -0.048315360954081704
29 37 0.1088095343233894
29 38 0.1612951655043448
29 39 -0.08487254807679268
30 30 0.0
30 31 -0.003729508533676166
30 32 0.03775331270884613
30 33 0.16276564286778308
30 34 -0.07359789666035757
30 35 -0.018780563119833487
30 36 -0.13591371268269986
30 37 0.04332388895158728
30 38 0.04504443870600024
30 39 -0.06616927108083533
31 31 0.0
31 32 -0.17835862408875297
31 33 0.07470509687403779
31 34 0.11749203698387431
31 35 0.02577379930595028
31 36 0.06712654195457504
31 37 0.0396755423199144
31 38 0.2278846164401997
31 39 -0.00791392335712751
32 32 0.0
32 33 -0.05801039976462241
32 34 -0.04548534042800107
32 35 -0.02968895092808948
32 36 0.07345188813285254
32 37 0.02554046185196814
32 38 -0.06427604434295225
32 39 -0.026013965724718795
33 33 0.0
33 34 -0.09244486262493437
33 35 -0.11307522915496274
33 36 -0.04178801112830609
33 37 0.021073307926865875
33 38 0.042803817567251434
33 39 0.06360763889546378
34 34 0.0
34 35 0.1563249307069762
34 36 0.0130888286052349
34 37 0.024647080551615498
34 38 0.15525236851817775
34 39 0.02373167910691689
35 35 0.0
35 36 0.0502053460988943
35 37 0.0023831380836667566
35 38 -0.03293257926469266
35 39 -0.017575813778038313
36 36 0.0
36 37 0.102830302119749
36 38 -0.012264023130411545
36 39 0.02117363788084389
37 37 0.0
37 38 0.14650133145447278
37 39 0.09864242058448389
38 38 0.0
38 39 -0.09367622755472986
39 39 0.0
