0 0 0.0
0 1 0.0438419447321222
0 2 0.12677230276303714
0 3 0.02565918316821029
0 4 -0.05002827062643963
0 5 -0.05586068425410177
0 6 0.013668816160153915
0 7 -0.04115419845616531
0 8 0.03917567535433643
0 9 -0.03210753802272887
0 10 -0.07305211537357179
0 11 0.10167544828308758
0 12 -0.0751732930561947
0 13 -0.16600856901582664
0 14 0.1007745847128781
0 15 0.07274497564006575
0 16 0.02510087859143339
0 17 -0.06658886786115578
0 18 -0.027005537169706106
0 19 -0.11595219495540066
0 20 0.03923168752956959
0 21 0.12804659019791761
0 22 0.18815776777106255
0 23 0.10349170012137729
0 24 -0.03433198728850005
0 25 0.07145431757631013
0 26 0.14290330726811812
0 27 0.18553141882998775
0 28 -0.002548010737896512
0 29 -0.028933985364439852
0 30 -0.009070477806015784
0 31 0.006233925929179498
0 32 0.08659530006532559
0 33 0.06556732630289026
0 34 0.021710923966258542
0 35 -0.055599259992249885
0 36 -0.01977453658676314
0 37 0.11414064625130663
0 38 -0.11804921598238385
0 39 0.11970058136789638
1 1 0.0
1 2 0.13443236092910527
1 3 -0.00010798310056106127
1 4 0.10757099596227833
1 5 -0.11248181311692422
1 6 0.007627145354445207
1 7 -0.05656598226420769
1 8 0.05335176011246793
1 9 -0.13572609335851712
1 10 -0.006743083272091437
1 11 0.1736620600873137
1 12 0.13868276260120735
1 13 -0.25051059112961716
1 14 0.09285273980082434
1 15 0.05744138659328805
1 16 0.11152246414731526
1 17 0.07588812246798146
1 18 -0.08503155239471011
1 19 -0.127164492451659
1 20 0.10470953215627321
1 21 0.08029250403486131
1 22 0.06590906831061298
1 23 -0.05838910778425217
1 24 0.08309161198166723
1 25 -0.04472129227563541
1 26 0.08444352014990666
1 27 0.13438842359824232
1 28 -0.11530395091969514
1 29 -0.04138056184973994
1 30 0.0631517372966219
1 31 0.06477636838778617
1 32 0.10858831079954259
1 33 -0.14410022482203347
1 34 -0.05875592653932145
1 35 0.12298507750508243
1 36 -0.060850516044804945
1 37 0.150336264210617
1 38 0.02768911833731888
1 39 -0.016074395840656515
2 2 0.0
2 3 0.10487832676306907
2 4 0.1350257970181279
2 5 -0.02385075059024868
2 6 -0.04644344199433603
2 7 -0.07772539084372806
2 8 0.08101392830496014
2 9 0.009168556718447362
2 10 0.09988092549272107
2 11 0.06520309313576164
2 12 0.12872430459343895
2 13 -0.1455009339556918
2 14 -0.09490445764266739
2 15 0.10320424956189089
2 16 0.14072935660650307
2 17 0.0003632616346403002
2 18 -0.09674446879419371
2 19 -0.09600154062578013
2 20 -0.11607879789552045
2 21 0.15864531272236612
2 22 0.15808405379938734
2 23 -0.020712749001046693
2 24 0.16473990627491236
2 25 -0.018431306145856727
2 26 -0.06565805222171071
2 27 0.025413162742617863
2 28 -0.08589857399552715
2 29 0.05140342906790535
2 30 0.13656606315067152
2 31 0.02528491784603183
2 32 0.09695884023308056
2 33 0.06240270710865616
2 34 0.09457116512148155
2 35 0.17851547123215167
2 36 -0.013237683927826528
2 37 0.05924487223869009
2 38 0.05958859490557068
2 39 0.17792550029308768
3 3 0.0
3 4 0.07431122378722077
3 5 0.024084538928986522
3 6 0.05661751028137886
3 7 -0.04331400027905853
3 8 0.01866874835482611
3 9 -0.09783293105432242
3 10 0.1214466448360308
3 11 0.013294081252528478
3 12 0.09778683064796515
3 13 -0.08759501956506212
3 14 -0.055892549042344676
3 15 -0.05432517800157836
3 16 0.14271754114589263
3 17 0.13185213653165645
3 18 -0.11495945873053348
3 19 -0.021402265830774737
3 20 -0.10534074467532664
3 21 0.004086512006770641
3 22 0.09778769889139903
3 23 -0.0214034707067235
3 24 -0.043357272876049194
3 25 0.047635421760300986
3 26 0.1770972745471769
3 27 -0.03892448542228637
3 28 0.004491668589669462
3 29 -0.1037437980457708
3 30 0.07178722843684354
3 31 -0.06879085630232556
3 32 -0.05820833913858332
3 33 0.03402961245856982
3 34 -0.11501460314944974
3 35 0.08579946099945376
3 36 -0.07251036430931876
3 37 -0.09225589227326397
3 38 0.14525308860325925
3 39 -0.0339270813835481
4 4 0.0
4 5 0.0496838998024409
4 6 0.09148913272279821
4 7 -0.09411951737434113
4 8 0.05291081864218209
4 9 -0.045389512534587895
4 10 -0.00038415941288684897
4 11 -0.0026838473792800185
4 12 0.22602219219475828
4 13 -0.1570285372379056
4 14 0.010350805085055325
4 15 0.0033344004237451826
4 16 0.2680824338151314
4 17 -0.026472818359487164
4 18 -0.11074548964049527
4 19 -0.00015139164615532433
4 20 -0.17384144214557745
4 21 0.08710913310079706
4 22 -0.008511015150792344
4 23 -0.09582085767509427
4 24 -0.0261482843532568
4 25 0.07807267650646968
4 26 -0.14708657731327693
4 27 0.1273486359558424
4 28 -0.07264497828800248
4 29 0.07771763831703617
4 30 0.1281490217827919
4 31 0.03698767466684905
4 32 0.009833302222274923
4 33 -0.09939236154016419
4 34 -0.200678876132395
4 35 0.2296751126475575
4 36 0.07907798218643139
4 37 -0.1233341153104204
4 38 -0.11287050630112305
4 39 0.0064956223378449625
5 5 0.0
5 6 0.13665925780841526
5 7 -0.12738114207392462
5 8 0.1339310851536582
5 9 0.12489432396733655
5 10 0.07168619066602719
5 11 -0.13179123369567236
5 12 0.08268952079351169
5 13 0.07487444686567021
5 14 -0.1955645854201902
5 15 0.06631385293577614
5 16 0.07804716037572249
5 17 -0.1284025724019039
5 18 0.08634212905857311
5 19 -0.04061914979793731
5 20 -0.09008621314654983
5 21 0.07611782987444973
5 22 -0.13073157854361186
5 23 0.09706329681007646
5 24 -0.038442087425931755
5 25 0.15331230650415356
5 26 -0.0568717150405532
5 27 -0.03269136310136474
5 28 -0.01891780672717246
5 29 0.14685793270330855
5 30 0.02731240622362855
5 31 -0.0045899542357275575
5 32 -0.1870096854524435
5 33 0.034562060251123745
5 34 -0.02903722294889375
5 35 -0.12387443271840162
5 36 -0.0836134745518034
5 37 0.0014055177632938363
5 38 -0.07031317773622169
5 39 0.0018791139865822343
6 6 0.0
6 7 0.026795882392981935
6 8 0.025673219488666632
6 9 0.052840822945504226
6 10 0.036057139231032126
6 11 -0.02390387790784242
6 12 0.16355198238540367
6 13 -0.08850344532768686
6 14 0.14205202052020693
6 15 0.033518617360896355
6 16 -0.03594998528509743
6 17 0.015211353044186656
6 18 0.039410978375495884
6 19 -0.14775582658649616
6 20 -0.030933392415388096
6 21 -0.0007922729063563156
6 22 -0.05694187773054874
6 23 -0.01338082786244961
6 24 -0.16203304076436045
6 25 0.12972444604813654
6 26 -0.035566899062058094
6 27 0.18414736376543941
6 28 0.1415468349323111
6 29 -0.06610461878889076
6 30 0.010617494528051906
6 31 0.04167421160468419
6 32 0.022348056466180696
6 33 -0.01400746288686321
6 34 -0.1182517757677444
6 35 -0.03623352754528218
6 36 -0.0024085714844830105
6 37 0.08634776182440275
6 38 0.054247933784363364
6 39 0.10460388806809043
7 7 0.0
7 8 -0.1659028627774922
7 9 0.04187578723240122
7 10 -0.06864199501006132
7 11 -0.0033752455830289283
7 12 -0.0639118146636856
7 13 -0.0002144837075115094
7 14 0.07118657579478561
7 15 -0.04037045929718864
7 16 -0.23223323795544645
7 17 0.07410808282893358
7 18 0.09561676089365809
7 19 0.028650554201738454
7 20 -0.05107042242312473
7 21 -0.06909377192933983
7 22 0.008121432308002286
7 23 -0.12720343919542818
7 24 0.06773988646346349
7 25 -0.010138655379995129
7 26 0.005142248451851884
7 27 -0.025565899666715047
7 28 0.042174182055004665
7 29 -0.08948945487436318
7 30 -0.009950252356785209
7 31 0.12629352255524431
7 32 0.02672179541446354
7 33 0.13651491630534757
7 34 -0.08472743455363999
7 35 0.03852727111685643
7 36 0.010672238174672753
7 37 -0.12698693976305866
7 38 0.2102450365340384
7 39 0.0011478581593153553
8 8 0.0
8 9 -0.04318055807533823
8 10 0.08714636192278456
8 11 0.03327432694053004
8 12 0.08531850549545181
8 13 0.09870323210999513
8 14 -0.18543147000414845
8 15 0.04184620745310601
8 16 0.08214123414758315
8 17 -0.19667691073512797
8 18 -0.13117677986091072
8 19 -0.10174688233678524
8 20 0.005789755647400077
8 21 0.10826622673867739
8 22 -0.04516596782481226
8 23 0.13578664764640494
8 24 0.033695025168673655
8 25 0.052044720881920484
8 26 -0.013059250440810336
8 27 -0.023189013422247717
8 28 -0.030139889998885817
8 29 0.138685298126163
8 30 0.0451284358008415
8 31 -0.0345750625011266
8 32 -0.07202822993152058
8 33 -0.025087998181332106
8 34 0.0701022497410649
8 35 0.017730261272127228
8 36 -0.042361563499950704
8 37 0.06773546536867206
8 38 -0.038609267666236124
8 39 0.018162871724143305
9 9 0.0
9 10 -0.033372816639218025
9 11 -0.1003049659887117
9 12 -0.015677180785543025
9 13 0.14105955274859752
9 14 0.06199471505279619
9 15 -0.018502209636754603
9 16 -0.1399099509105865
9 17 -0.021234719618127056
9 18 0.17708610090639787
9 19 0.03851347273146644
9 20 -0.07270411216141928
9 21 0.04412233506645799
9 22 -0.07403752524101122
9 23 0.04123496441175232
9 24 -0.09147795237999339
9 25 -0.00812793198059756
9 26 -0.17404560844309486
9 27 -0.033900706559632184
9 28 0.0913207940025175
9 29 0.174987737549604
9 30 -0.012692582172254174
9 31 0.03179775756149507
9 32 -0.02992306955710979
9 33 0.06487383194313831
9 34 0.04302728268579648
9 35 -0.12377607321611825
9 36 0.05103109042599367
9 37 -0.02609588035155917
9 38 -0.060011150970168556
9 39 0.08522732856659758
10 10 0.0
10 11 -0.05477140449250341
10 12 0.10664346700459279
10 13 -0.014753044301008638
10 14 -0.3034467747522369
10 15 0.09168164170450793
10 16 -0.06848496452109873
10 17 -0.1277759345886735
10 18 -0.08629426845930797
10 19 0.06364065122402676
10 20 -0.10853962288630489
10 21 -0.03327746562898312
10 22 0.06113224008311467
10 23 0.13380354303171002
10 24 0.21730485028410892
10 25 0.19137823534794285
10 26 -0.0313192608220287
10 27 -0.0096458510123798
10 28 0.04748221836601558
10 29 -0.2667592042172616
10 30 -0.005832873852981029
10 31 -0.053644907240447605
10 32 0.016983575156630952
10 33 -0.06574283153803458
10 34 0.021346674711866253
10 35 -0.00710419406836166
10 36 0.030213848611136407
10 37 -0.2043465244750305
10 38 0.16784826387570417
10 39 0.12588310152506102
11 11 0.0
11 12 -0.013564274221896652
11 13 -0.12610193527797636
11 14 0.08534921239708841
11 15 -0.047612929077238644
11 16 0.10374511603236776
11 17 0.06692108287528283
11 18 -0.055920194538509174
11 19 -0.05186550651621944
11 20 0.1580878734211218
11 21 0.14422819381437613
11 22 0.038333169797177
11 23 -0.007535131451988276
11 24 -0.006020357625382472
11 25 -0.03956426133637078
11 26 0.07954657592633202
11 27 0.07721214372986496
11 28 -0.11276872866814476
11 29 -0.038412747017471396
11 30 0.030393984322994755
11 31 0.09085825370338027
11 32 0.06967444481769504
11 33 -0.08224874294198611
11 34 0.020218950257066638
11 35 0.026391127777612766
11 36 0.03748475164234052
11 37 0.11641481051323337
11 38 -0.04505890401411279
11 39 0.048476893589176895
12 12 0.0
12 13 -0.12539606578904344
12 14 0.02006781899907474
12 15 0.009253995709903226
12 16 0.1670115325293759
12 17 -0.023877591056687717
12 18 -0.12269822641893664
12 19 -0.08351705173313434
12 20 -0.1534564381714465
12 21 0.07003124101309152
12 22 0.02741827503690707
12 23 -0.08733729002571539
12 24 0.03250398398118686
12 25 0.11657317878794733
12 26 -0.029273564813533687
12 27 0.07634123202089842
12 28 -0.017791146468997484
12 29 0.019657033190653
12 30 0.14170789211620938
12 31 0.04020422715004088
12 32 -0.02261062787689012
12 33 -0.0976767347019929
12 34 -0.12172871799771885
12 35 0.017263087219579528
12 36 -0.02526917257109576
12 37 -0.055549583846307746
12 38 0.06368449871653403
12 39 0.07284501992788202
13 13 0.0
13 14 -0.15058033881955976
13 15 -0.04511102115001532
13 16 -0.13732616063204975
13 17 -0.14936459082013892
13 18 0.08928242738267964
13 19 0.08684261061249844
13 20 0.03273681670707897
13 21 0.0020709735688493316
13 22 -0.14357110148585092
13 23 0.11284372276444014
13 24 -0.05196131888656724
13 25 -0.04617678517463584
13 26 -0.17308543894348577
13 27 -0.2897025355900079
13 28 0.09083806049849541
13 29 0.18604267054727977
13 30 -0.08856827462602943
13 31 -0.01088218147230036
13 32 -0.06349511858924081
13 33 0.12735928484452502
13 34 0.17884414908427343
13 35 -0.08205067216779277
13 36 0.051531847897160345
13 37 -0.023281266271228153
13 38 0.04590251884711536
13 39 -0.035935179897134295
14 14 0.0
14 15 -0.11990993716740286
14 16 -0.18068311401737738
14 17 0.28989057511636085
14 18 -0.025548878624528253
14 19 -0.06168812237148167
14 20 0.022423199226021765
14 21 -0.006321706753720668
14 22 -0.009977069206722956
14 23 -0.1503140840047998
14 24 -0.24445440544939231
14 25 -0.13221561880443186
14 26 0.007623238189222867
14 27 0.1946304223769608
14 28 0.05525700825817771
14 29 0.050749383945447535
14 30 -0.09071878221348063
14 31 -0.06281718708239305
14 32 0.14707401239733636
14 33 -0.05424794320138733
14 34 -0.09166587096036347
14 35 -0.06384620734938759
14 36 0.0823206701817408
14 37 0.12058900891132437
14 38 -0.10324385114572018
14 39 0.057628773806595125
15 15 0.0
15 16 -0.03595528534794225
15 17 -0.07957444573275156
15 18 0.036264072791413755
15 19 -0.08934144946635005
15 20 0.07477985160180406
15 21 0.10458616468609147
15 22 0.025792090430824016
15 23 0.09212585129304893
15 24 0.15828030882483515
15 25 0.11130630956724122
15 26 0.03225934893491577
15 27 0.06012751186583541
15 28 -0.06669061374322352
15 29 -0.09075908099244621
15 30 -0.025903800049092075
15 31 0.07841265376446344
15 32 0.1269024343041587
15 33 0.09844402654970127
15 34 0.028802015221708714
15 35 0.07818543460547263
15 36 -0.15560030118682894
15 37 0.14639046588067053
15 38 0.10344053277528305
15 39 -0.042482288884228406
16 16 0.0
16 17 -0.11991682244726087
16 18 -0.031739021986112635
16 19 -0.07775152230910523
16 20 -0.04106684280443393
16 21 0.16750204394757245
16 22 0.15771637505741662
16 23 -0.08017835359624802
16 24 0.02276739935427611
16 25 0.13316717914687004
16 26 0.03498097662554055
16 27 0.04915248730923687
16 28 -0.2264027947888963
16 29 0.00219151898415726
16 30 0.17501917443395276
16 31 0.11608485297657603
16 32 -0.09296254722085784
16 33 -0.13882182245621183
16 34 -0.09854684439317192
16 35 -0.007825640542701125
16 36 0.03835151793688041
16 37 0.025605204246087688
16 38 -0.17332999156415294
16 39 0.08192252088153576
17 17 0.0
17 18 -0.10250832168601857
17 19 0.16048032518116895
17 20 0.13900255534469222
17 21 -0.12157082797482888
17 22 -0.04247524526918855
17 23 -0.12806608930335353
17 24 -0.0073813827583391655
17 25 -0.1857025948359738
17 26 0.0594300907757816
17 27 -0.1906016380121633
17 28 0.01721297735587982
17 29 -0.04433932057746544
17 30 -0.009044880017702015
17 31 0.015301523847623177
17 32 0.04071756866957341
17 33 -0.012090474846107407
17 34 -0.09612802722839515
17 35 0.05910594988024311
17 36 -0.07812390922206407
17 37 0.06553125005152258
17 38 0.012038143472946057
17 39 -0.1380152780783933
18 18 0.0
18 19 -0.16828385547304786
18 20 0.07173077663464128
18 21 0.015735701211304968
18 22 0.015096364511534677
18 23 0.004181865070157007
18 24 -0.20204599310789773
18 25 0.009496930793855995
18 26 -0.06084640646649595
18 27 0.14068247033020403
18 28 0.07764672780967323
18 29 0.035522020588015076
18 30 -0.13131225455331763
18 31 0.1144828337303155
18 32 0.052728542089874576
18 33 0.05255967259408578
18 34 -0.0296710066768656
18 35 -0.010879901776146943
18 36 0.043232498433216464
18 37 0.1320212393695983
18 38 0.0822244473889329
18 39 0.035202024653391145
19 19 0.0
19 20 0.09489410462158925
19 21 -0.13059598206355807
19 22 -0.06960175479813768
19 23 0.04656939092449004
19 24 0.0569082254763225
19 25 -0.024001490465544763
19 26 -0.08993068416492173
19 27 -0.3557779909871855
19 28 0.1400366651469741
19 29 0.032986647841404294
19 30 0.0412248299276876
19 31 0.056207474690631296
19 32 -0.05671594464423681
19 33 -0.02502719580757145
19 34 0.02232126459523859
19 35 -0.05393149737636578
19 36 0.03247832530341878
19 37 -0.2308210640150416
19 38 -0.17944290938053925
19 39 -0.14787512391364568
20 20 0.0
20 21 -0.04981024222050938
20 22 -0.018026232452031506
20 23 0.09112034079495263
20 24 -0.1167652263378857
20 25 -0.010519084279012875
20 26 0.1085431734258002
20 27 -0.20924950554487992
20 28 0.1843265670926587
20 29 -0.011640472474787205
20 30 -0.1538107349925149
20 31 0.17945222070651887
20 32 0.1550754341560302
20 33 -0.03448817186011355
20 34 0.1011439761666643
20 35 0.03144339540428658
20 36 -0.09836276259783809
20 37 0.345769274028918
20 38 -0.06114061306021462
20 39 -0.18489917059304897
21 21 0.0
21 22 0.01766997582500625
21 23 0.06740522913626415
21 24 0.062138843981887806
21 25 0.11462452802976748
21 26 0.0004250541127893131
21 27 0.12873188061808744
21 28 -0.27537686223398267
21 29 0.1027931373746267
21 30 0.08083395358035117
21 31 0.1293893542124863
21 32 0.03031132204146809
21 33 0.05446256616812413
21 34 0.013059266412787105
21 35 -0.051814610820539696
21 36 -0.02170853667644449
21 37 0.059991736561554376
21 38 -0.034883694796047596
21 39 0.10802519717330476
22 22 0.0
22 23 -0.05296331737389659
22 24 0.1230326595453001
22 25 0.13533010765175474
22 26 0.11023187855056342
22 27 0.01021043134291567
22 28 -0.013155039725792498
22 29 -0.1382216569601292
22 30 -0.0019453798419120517
22 31 0.09685845022606054
22 32 0.0813744022787263
22 33 0.03153947443446292
22 34 -0.0749399130398826
22 35 -0.027727013782320748
22 36 0.01021168762100519
22 37 -0.0039020519026971576
22 38 0.03634444682614348
22 39 0.1551661914029453
23 23 0.0
23 24 -0.03881225081398364
23 25 -0.04684097642678794
23 26 -0.0037068215136658853
23 27 0.04301836093950588
23 28 0.08885508137020233
23 29 0.017740466550697876
23 30 0.05310036710668549
23 31 -0.04090147164007729
23 32 0.0029804812216755114
23 33 -0.023824251679678787
23 34 0.14587371162845036
23 35 -0.08255090491231962
23 36 -0.04473267191359585
23 37 0.045495010225382514
23 38 -0.10251567813595137
23 39 -0.04160684479360646
24 24 0.0
24 25 0.061230535528747264
24 26 -0.06998650537207753
24 27 -0.22920828977536276
24 28 -0.3944950408580369
24 29 -0.17376880080624096
24 30 0.10270964184647387
24 31 0.16137035720357565
24 32 -0.055810456820377476
24 33 0.06326511168003
24 34 -0.04530115866474758
24 35 -0.0753709303238734
24 36 -0.09219263473061147
24 37 -0.10586366040827762
24 38 0.07881638316635754
24 39 0.11691231751316922
25 25 0.0
25 26 0.08035957585766312
25 27 -0.06783310330078295
25 28 0.0055609529106483
25 29 -0.07624026463808067
25 30 -0.13659430553510882
25 31 0.16446631194595046
25 32 -0.00949360333578082
25 33 0.10996762623140255
25 34 -0.1539229285981854
25 35 -0.08733063992919274
25 36 -0.025985952730908517
25 37 -0.0755528908615957
25 38 0.048339957471455475
25 39 0.11452665852642951
26 26 0.0
26 27 0.061256743580577644
26 28 -0.004701574411467973
26 29 -0.14098740047952496
26 30 -0.046466951346853906
26 31 -0.06660478807180162
26 32 -0.000761635499971868
26 33 0.04251288553767474
26 34 -0.028417450620782603
26 35 -0.009113694593106998
26 36 -0.19648863909058273
26 37 0.06626520652555942
26 38 0.16081960951783345
26 39 -0.16363186151290357
27 27 0.0
27 28 -0.06770687097539481
27 29 -0.15639563660937886
27 30 0.08677196712680794
27 31 -0.1734949983479805
27 32 0.12798580989335262
27 33 -0.1458895270736778
27 34 -0.01667846912659662
27 35 0.05984485406084156
27 36 0.0970626741701319
27 37 0.054552280034026436
27 38 0.008865829330284071
27 39 0.13931306551470513
28 28 0.0
28 29 0.04102667564729489
28 30 -0.08311958855520397
28 31 -0.04364112692646733
28 32 0.09908568935189727
28 33 -0.006809100259752161
28 34 0.07776782869431245
28 35 0.0645528871890556
28 36 0.033092112997445994
28 37 0.013660334941748902
28 38 0.025365257989568686
28 39 -0.09403415288218063
29 29 0.0
29 30 0.006620055430313404
29 31 -0.009671354585286448
29 32 -0.1135557251683587
29 33 0.03648609887774579
29 34 0.0485435372997062
29 35 0.004536605867472294
29 36 0.004505765109295889
29 37 0.03768897833114451
29 38 -0.19763221405469175
29 39 -0.06842446903838342
30 30 0.0
30 31 0.047399151341097026
30 32 -0.08778400632062552
30 33 -0.0995260581172096
30 34 0.0027853341983129303
30 35 -0.0390378599341398
30 36 -0.024757888693235565
30 37 -0.10775560145012694
30 38 -0.059840417873191866
30 39 0.018658770800442447
31 31 0.0
31 32 0.05162877517319544
31 33 0.05029110740867626
31 34 -0.12054958118250855
31 35 -0.042561747169782484
31 36 -0.03397637562146855
31 37 0.06475186311593842
31 38 -0.002977024891024733
31 39 0.04775836368116389
32 32 0.0
32 33 0.014676588847120146
32 34 0.05006739127376757
32 35 0.16678388322616916
32 36 0.021275764547143562
32 37 0.15190595349273522
32 38 0.09318236878614962
32 39 0.01326315927468231
33 33 0.0
33 34 0.015262542961702938
33 35 0.044834765212333094
33 36 -0.08822122943271984
33 37 0.002806122226469604
33 38 0.16452846820053596
33 39 -0.0077300861342675265
34 34 0.0
34 35 -0.05424621819248561
34 36 0.015374948238522892
34 37 0.1223292433377177
34 38 -0.01018448800656266
34 39 0.020468990797582333
35 35 0.0
35 36 -0.013914658209733097
35 37 0.023837179725016016
35 38 0.18816167936336706
35 39 -0.18371209770148617
36 36 0.0
36 37 -0.11516309457894458
36 38 -0.1337123244591645
36 39 0.19092136157500314
37 37 0.0
37 38 -0.008223203311807488
37 39 -0.014397456397654631
38 38 0.0
38 39 -0.05889266534391989
39 39 0.0
