0 0 0.0
0 1 0.026869040929419014
0 2 0.04130125861385933
0 3 0.0906198471651779
0 4 0.011149896113463535
0 5 0.09712851617914935
0 6 0.009029168827771725
0 7 0.0033376904616001304
0 8 -0.04532935535438832
0 9 0.04928541702914294
0 10 0.0038665340641288225
0 11 -0.05207813143540492
0 12 0.07609988174776842
0 13 0.012957539482450268
0 14 -0.059022606976167624
0 15 0.022070947854250046
0 16 -0.034749521215539037
0 17 -0.0139252044248616
0 18 -0.06833954668320372
0 19 0.03664870700465237
0 20 -0.08235289215260852
0 21 0.04205906303802891
0 22 0.04175852756242712
0 23 -0.05953456682164445
0 24 0.08936419015999782
0 25 -0.021302324440068243
0 26 0.03120680582127785
0 27 0.06837527208434523
0 28 0.044961047456340344
0 29 0.07357829442102656
0 30 0.0520852800200605
0 31 -0.03022525103695799
0 32 -0.06962184642456279
0 33 -0.012684270326883304
0 34 -0.00832434724044478
0 35 0.08489907129862584
0 36 -0.004201823596185315
0 37 -0.020374400825976934
0 38 -0.035695670323980064
0 39 -0.032343167226133215
1 1 0.0
1 2 0.06106655470337311
1 3 -0.02859753992762535
1 4 0.04969286490922422
1 5 -0.1071469490647213
1 6 0.2024591504161563
1 7 -0.010715642426385183
1 8 0.019360939953780274
1 9 0.05815385346246048
1 10 0.0486068007088246
1 11 0.0013797747814781988
1 12 0.10688824963519042
1 13 -0.02908741037486696
1 14 -0.03631012318021034
1 15 -0.12630620875157147
1 16 -0.05243107144676755
1 17 0.06449132803252333
1 18 -0.03339942401434782
1 19 0.11469770793726411
1 20 -0.08167474266324817
1 21 -0.1413460672231873
1 22 0.03627922435093857
1 23 0.025334671097508466
1 24 0.01774391390733636
1 25 0.09325209747187531
1 26 -0.07653769150454941
1 27 0.17965091910708944
1 28 0.19111050959512402
1 29 0.007822397533518287
1 30 0.012723069787106073
1 31 -0.02570729781121474
1 32 0.13129293059217645
1 33 -0.010361375297998767
1 34 0.05272315021453002
1 35 0.04278748163040684
1 36 -0.06367430892236374
1 37 -0.05770210093346766
1 38 -0.059408885570933746
1 39 -0.06715100851786336
2 2 0.0
2 3 0.07026714011626356
2 4 0.03342474798837326
2 5 0.03455194175017577
2 6 0.07933120306394588
2 7 0.02592620702257864
2 8 -0.024746982121726952
2 9 0.02206543889771909
2 10 -0.010388081373875101
2 11 0.0019826872540245222
2 12 0.03908850276774723
2 13 0.022503483509485143
2 14 -0.008908704194252494
2 15 -0.04763488064096236
2 16 -0.07449702393107951
2 17 0.05634759240999693
2 18 -0.028125635957538492
2 19 -0.004071198782357853
2 20 -0.10384913887128717
2 21 -0.024279223858208916
2 22 -0.019800485365353067
2 23 -0.015088881101581691
2 24 0.008443946824200589
2 25 0.02485624499745625
2 26 -0.016154098717703444
2 27 0.040542372183952936
2 28 0.049030684091266
2 29 0.02807350599097556
2 30 0.044336773529934974
2 31 -0.0010445901733566875
2 32 -0.00576662569051296
2 33 -0.0027673759447863133
2 34 0.02443006953772703
2 35 -0.008079291843274484
2 36 -0.018588023363720597
2 37 -0.035093850637973475
2 38 -0.026454512763141307
2 39 0.03139793885247825
3 3 0.0
3 4 0.019321924869135483
3 5 0.11724412384188625
3 6 0.004995021128035142
3 7 0.021726643609948002
3 8 -0.044276713377560624
3 9 0.0021952201571976545
3 10 -0.04372133969965846
3 11 -0.025641182108050175
3 12 0.02543924244523218
3 13 0.02147861697741952
3 14 -0.026102971318551584
3 15 0.002441362264652895
3 16 -0.059696904283079014
3 17 0.018580270193941723
3 18 -0.027737424940195193
3 19 -0.038437667895330464
3 20 -0.09224956409999965
3 21 0.03436938757624781
3 22 -0.01574394981981978
3 23 -0.04972034665751839
3 24 0.06236395684078013
3 25 -0.026796618702099106
3 26 0.02194279493273635
3 27 0.001172572105290547
3 28 -0.0036335486396784473
3 29 0.03703197505946611
3 30 0.06016687790659873
3 31 0.006130559059645538
3 32 -0.07547800708523517
3 33 0.0018037770894296448
3 34 -0.0098117099323623
3 35 -0.0039714512664619376
3 36 0.010414420550679943
3 37 -0.016624404799305385
3 38 -0.018717496672591125
3 39 0.007840727934864681
4 4 0.0
4 5 0.01973399485667659
4 6 -0.031068964386047403
4 7 -0.0055601567991589735
4 8 0.03566866238790923
4 9 0.030527138512513364
4 10 -0.02462637920921063
4 11 0.02481306920382168
4 12 0.05094575716942501
4 13 0.0003792588128547271
4 14 0.02207157932446819
4 15 0.0882023982132642
4 16 -0.06815100229747265
4 17 -0.0653893239470433
4 18 0.006830534808271062
4 19 -0.02471232026380713
4 20 -0.0516886847484506
4 21 0.021146133709838547
4 22 -0.08269087466321465
4 23 -0.045337649831998915
4 24 0.03201397836807106
4 25 0.047577487759572094
4 26 0.052431226597631886
4 27 0.1345790082194758
4 28 0.05796372289038069
4 29 0.0772826030642515
4 30 0.019926895625474787
4 31 -0.0006025716841596272
4 32 -0.007731849081439782
4 33 0.05608716705960344
4 34 -0.011434579489341424
4 35 0.0025451822096472553
4 36 0.024545708228139018
4 37 0.0802568684666245
4 38 -0.013952215009979771
4 39 0.019258911284152927
5 5 0.0
5 6 -0.08963915055967195
5 7 0.05258980171177844
5 8 -0.05206196749075984
5 9 -0.020545530633086468
5 10 -0.0434147360312912
5 11 -0.035875510584876376
5 12 -0.010805316304491077
5 13 0.020705322467590968
5 14 -0.04313784575052271
5 15 0.1067561685925772
5 16 -0.04904274026404119
5 17 -0.06092743850257677
5 18 0.013177056086438335
5 19 -0.07058528850853661
5 20 -0.04996506737073282
5 21 0.09425268252297955
5 22 -0.04652216137447705
5 23 -0.08667844826954471
5 24 0.09763934630605128
5 25 -0.09721295276715924
5 26 0.08377487218040894
5 27 -0.012413379561078955
5 28 -0.03894641403689698
5 29 0.011031324316223688
5 30 0.034567981286332414
5 31 0.018844652491069203
5 32 -0.11367064659895385
5 33 0.0016949403214277965
5 34 -0.00914800040936222
5 35 -0.03310585891691069
5 36 0.03824463836515141
5 37 0.02126257140029502
5 38 -0.023742255806217596
5 39 -0.004229517822355881
6 6 0.0
6 7 0.004518484000593905
6 8 -0.01998044493727021
6 9 -0.009082238328452083
6 10 0.05681401325614317
6 11 -0.021804305658282588
6 12 0.08933234905504803
6 13 -0.03546853983124603
6 14 -0.038924197873079894
6 15 -0.2120068500896184
6 16 -0.012228406365726894
6 17 0.19931242413069555
6 18 -0.0409215058766529
6 19 0.08308793344826601
6 20 -0.1356889033742536
6 21 -0.12813951282203115
6 22 0.04428621748398871
6 23 0.060830825928205635
6 24 -0.0047653019878873045
6 25 0.11536468713441408
6 26 -0.13034586937332945
6 27 -0.008235580531292527
6 28 0.08397710367198193
6 29 -0.013025768992675513
6 30 0.06472003199548806
6 31 -0.02126668013988333
6 32 0.07478105243852742
6 33 -0.03455183752623327
6 34 0.03403404958247276
6 35 0.01634005379897194
6 36 -0.0644873817942674
6 37 -0.15420522787998903
6 38 -0.030927301493803593
6 39 -0.04244825841296311
7 7 0.0
7 8 -0.01983333354488392
7 9 -0.027968995862058373
7 10 0.11200631504175843
7 11 -0.003913495661008631
7 12 0.004435207259726912
7 13 0.00552355616921703
7 14 -0.04761136703992155
7 15 0.0741619444763112
7 16 -0.011788389540837798
7 17 0.021846477390480075
7 18 0.03143143254915066
7 19 0.018669317102966064
7 20 -0.06902932770739606
7 21 0.03824078196309204
7 22 -0.04948050752442809
7 23 -0.038819452077266905
7 24 0.016714994406621914
7 25 -0.015015121766077005
7 26 0.037322653462997415
7 27 -0.018389658496459245
7 28 -0.028814874176659656
7 29 -0.014644355083950001
7 30 0.01324713647245874
7 31 -0.025941658568840155
7 32 -0.033961505741243646
7 33 -0.0555527366261012
7 34 0.024136951439806226
7 35 -0.028242996081843125
7 36 -0.016755043932839827
7 37 -0.05030384043976096
7 38 -0.039437024948040196
7 39 0.04756646989494366
8 8 0.0
8 9 -0.005029022417530207
8 10 0.003863958975212594
8 11 0.058053693175081154
8 12 -0.034524293532713884
8 13 0.004287685879269866
8 14 0.027686194415503896
8 15 0.004673430197740737
8 16 -0.0024298381949611515
8 17 -0.027280963750940822
8 18 0.018892424190102786
8 19 0.009245720015439728
8 20 0.0404522899177716
8 21 -0.04568269179434911
8 22 0.005504616588548597
8 23 -0.021743184095184394
8 24 -0.002717771461833354
8 25 0.00983605529252371
8 26 0.008779003000190763
8 27 0.07117997879526625
8 28 -0.03190440600838914
8 29 0.00975196263099694
8 30 0.00033770417748056603
8 31 -0.01745758277000314
8 32 0.034473943133502244
8 33 -0.023445994887412523
8 34 -0.08160208984882947
8 35 -0.016389581643700395
8 36 -0.016215875597158043
8 37 0.0584978607008796
8 38 0.0040637804375981
8 39 0.03760509764335047
9 9 0.0
9 10 -0.034424900937709065
9 11 0.019825340807467017
9 12 0.001734900000601133
9 13 0.059209129048692535
9 14 0.020136975127815863
9 15 0.011942484121437098
9 16 -0.05568044774418316
9 17 -0.09927836364620465
9 18 -0.05678573003011968
9 19 0.039927081579479856
9 20 0.05984287881343224
9 21 -0.017860567465511797
9 22 0.05734750806475062
9 23 -0.005352076770715266
9 24 -0.044530451219357836
9 25 -0.04686451179937522
9 26 0.02217544295898844
9 27 0.14832595137722085
9 28 0.11670430159017917
9 29 0.026928112503016362
9 30 -0.06327472708928873
9 31 -0.005236460105731713
9 32 0.052782112573367325
9 33 0.00834365688583041
9 34 0.058956327576224564
9 35 0.06440535627425041
9 36 -0.02205774475654746
9 37 0.06473092357527198
9 38 -0.016253797152607614
9 39 0.024272514008805358
10 10 0.0
10 11 -0.02990262182718063
10 12 0.11954352108141834
10 13 -0.04470914670163677
10 14 -0.08048140754783153
10 15 0.09647077956379616
10 16 0.07269534643658382
10 17 0.11826546713870825
10 18 -0.007350461219606787
10 19 0.13291817505817055
10 20 -0.16191881133138403
10 21 0.07139104497259437
10 22 -0.04112493101165759
10 23 -0.02078490348806514
10 24 0.01284500189881895
10 25 0.13621902527544846
10 26 0.01566377807174219
10 27 -0.043373972645281075
10 28 -0.0588499203278315
10 29 0.08072919424853137
10 30 0.06851594767132413
10 31 -0.11482922260567545
10 32 -0.061326786140826386
10 33 -0.08713996949556965
10 34 -0.011513060989038763
10 35 0.09008631197510855
10 36 -0.04062207755938877
10 37 -0.13375632077095317
10 38 -0.041478808150090224
10 39 0.06054738553989501
11 11 0.0
11 12 -0.0894800022143146
11 13 0.04746384733224906
11 14 0.04172975384023297
11 15 -0.014721041868214945
11 16 -0.039168966377588176
11 17 -0.05073548537195245
11 18 0.01936690005350252
11 19 -0.008863233461585192
11 20 0.07820855695681464
11 21 -0.0669109254708481
11 22 0.02217364061341448
11 23 -0.021585816131028054
11 24 -0.04028857352318775
11 25 -0.05421397114497748
11 26 0.011199427886995357
11 27 0.08241208642365201
11 28 -0.01802620615800516
11 29 -0.03092652025262303
11 30 -0.03480421171285713
11 31 0.0013208265303818341
11 32 0.058757831959334525
11 33 -0.04113560403163585
11 34 -0.04888940375103227
11 35 -0.05023160020130376
11 36 -0.031080199067911873
11 37 0.07305042454960797
11 38 -0.0014886748050266661
11 39 0.07547033591112018
12 12 0.0
12 13 -0.08008475712252391
12 14 -0.04930202990935108
12 15 0.04089625945291635
12 16 0.023508313349289177
12 17 0.11826170206499051
12 18 -0.05923674923210862
12 19 0.06415005635768983
12 20 -0.22921780043520762
12 21 0.08608689525863833
12 22 -0.07820700323085442
12 23 0.012811586658063454
12 24 0.0597179521796453
12 25 0.2169349162314637
12 26 -0.01609331490112482
12 27 -0.009939496215720055
12 28 0.06408637481810364
12 29 0.16037600295839977
12 30 0.1117041428684131
12 31 -0.05613430796318122
12 32 -0.0821679551893928
12 33 0.06927955138280761
12 34 0.03307154824819598
12 35 0.13144123681042624
12 36 0.02693618282336529
12 37 -0.10368187898375059
12 38 -0.013657799799971481
12 39 -0.05523657177986463
13 13 0.0
13 14 0.023240728013929242
13 15 -0.0009047697897330961
13 16 -0.05344567878672564
13 17 -0.07287841169970638
13 18 -0.01628113417508373
13 19 -0.0073457359515453945
13 20 0.07427287330573343
13 21 -0.02650499923491949
13 22 0.04883145719932462
13 23 -0.027053118160689643
13 24 -0.039607648530944214
13 25 -0.10135854028493245
13 26 0.026705543795261
13 27 0.07183573305153915
13 28 0.01086436143010466
13 29 -0.024750218423502123
13 30 -0.04763806273491729
13 31 0.005766131815463048
13 32 0.027243114990760764
13 33 -0.03885137699062596
13 34 0.002598291600350931
13 35 -0.015881199215328507
13 36 -0.027278170649234518
13 37 0.05884175674484362
13 38 -0.009430539582241815
13 39 0.06977345718588428
14 14 0.0
14 15 -0.014003804596880285
14 16 -0.013210117867476676
14 17 -0.03949428417233849
14 18 0.004462661827248666
14 19 -0.04695614799879243
14 20 0.07296508744599559
14 21 -0.017237820660523186
14 22 -0.0070917885788333995
14 23 0.027661459116166527
14 24 -0.06390084287842265
14 25 -0.0035702588905466752
14 26 -0.005305535669271713
14 27 0.008343847286999993
14 28 -0.002114307806647461
14 29 -0.0040251383783083
14 30 -0.03670222263058772
14 31 0.02963426875347715
14 32 0.03298997818377099
14 33 0.04098643542656813
14 34 -0.0025033939812264686
14 35 -0.0244497222829742
14 36 0.014737135342639558
14 37 0.06934064938601903
14 38 0.03596279856678537
14 39 0.034493571478320446
15 15 0.0
15 16 0.002943998668059053
15 17 -0.17031736092841182
15 18 0.042863694381549654
15 19 -0.02730236251302797
15 20 -0.016718342588566904
15 21 0.20391948636613605
15 22 -0.14121865633928443
15 23 -0.09015794403628384
15 24 0.0422862790099322
15 25 -0.00950628519897196
15 26 0.1720793117392244
15 27 0.05189877140242507
15 28 -0.03474943515949639
15 29 0.0952780890178778
15 30 -0.020795226466294798
15 31 -0.02878768249647957
15 32 -0.12029086116673979
15 33 0.044276116224392745
15 34 0.016975010137249214
15 35 0.03677836978657341
15 36 0.0694285943490987
15 37 0.09995236637345538
15 38 -0.012862793520974348
15 39 0.05142151628684986
16 16 0.0
16 17 0.060459965848510225
16 18 0.006835547575311017
16 19 0.026556600329218572
16 20 0.008094797322929165
16 21 0.04218376678533954
16 22 0.010311398120182221
16 23 0.04406629594162667
16 24 -0.008405775974178312
16 25 0.058399758192297965
16 26 -0.026514812446915354
16 27 -0.13661891504398055
16 28 -0.07812447479553294
16 29 0.0010555192157691005
16 30 0.01183227035104482
16 31 -0.02081379872298571
16 32 -0.031918261402596196
16 33 -0.0015462283536532748
16 34 -0.019756221384701907
16 35 0.03788345371035216
16 36 0.014962649811282
16 37 -0.05958371095937472
16 38 0.03201403828818656
16 39 -0.03698050746070688
17 17 0.0
17 18 -0.03332928398246946
17 19 0.045893510813948976
17 20 -0.22210338796372428
17 21 -0.030519470511670733
17 22 -0.013755452871088411
17 23 0.06322582194497009
17 24 0.0077433629592272655
17 25 0.19852056183834074
17 26 -0.12736365519986229
17 27 -0.1926473842548337
17 28 -0.07622257843506189
17 29 0.04483501229456773
17 30 0.1478241437820651
17 31 -0.045534809676743955
17 32 -0.048071276338182915
17 33 -0.030050555641825034
17 34 -0.03694759372895425
17 35 0.024622305385781036
17 36 -0.028590737341747184
17 37 -0.213005960430102
17 38 0.009279229165214776
17 39 -0.0056898587205920104
18 18 0.0
18 19 -0.044858298064063704
18 20 0.04601671174603343
18 21 -0.003861535489904607
18 22 -0.05415779503373379
18 23 -0.005496741250694997
18 24 0.006014560349283902
18 25 -0.038974165712827094
18 26 0.020223136236396703
18 27 -0.027359345807264672
18 28 -0.03365011715903233
18 29 -0.07048516514170797
18 30 -0.02987503131694142
18 31 0.030457774831961753
18 32 0.018659675510609302
18 33 0.0011784535919456282
18 34 0.0012128059641070693
18 35 -0.08948120959799934
18 36 0.01675522084604108
18 37 0.025638599108444255
18 38 0.00017638536133792653
18 39 -0.009102313945702998
19 19 0.0
19 20 -0.04040509714302382
19 21 -0.03437915920173651
19 22 0.06656582058015836
19 23 0.0008859011750878816
19 24 -0.00007194265415704616
19 25 0.048780013584422424
19 26 -0.023950428947004915
19 27 0.06408837014650008
19 28 0.04322516545335516
19 29 0.03199343532918286
19 30 0.010689079634439356
19 31 -0.06889034337874556
19 32 0.03350268820306947
19 33 -0.06686866371801285
19 34 0.00018354559017858294
19 35 0.08983496274838451
19 36 -0.057398017418845836
19 37 -0.06454519757944623
19 38 -0.03516214154020913
19 39 0.0023864497050692566
20 20 0.0
20 21 -0.08488590484665846
20 22 0.12040881598523986
20 23 0.026649178296515218
20 24 -0.09403169651605792
20 25 -0.23768756988600875
20 26 0.021445129836133704
20 27 0.06741543578412029
20 28 0.019072582202563394
20 29 -0.17042398421015148
20 30 -0.19592353989979577
20 31 0.07351801369741912
20 32 0.14091304598756
20 33 -0.01745517028426967
20 34 0.021653054104086376
20 35 -0.07775612775623324
20 36 -0.0096150926767837
20 37 0.16668815162928582
20 38 0.031762981749767306
20 39 -0.00887858759366682
21 21 0.0
21 22 -0.10794923917557916
21 23 -0.028206344811940946
21 24 0.03018916364363869
21 25 0.05672654192844465
21 26 0.08915460050788089
21 27 -0.09457248927468695
21 28 -0.06185142871142022
21 29 0.1071582423335179
21 30 0.03554937695693321
21 31 -0.02079242038326802
21 32 -0.1549370801328413
21 33 0.0643373117653381
21 34 0.025728944828059874
21 35 0.06604890183448586
21 36 0.07457833947850076
21 37 -0.0020641602341426287
21 38 0.0181650112626
21 39 0.013851915132253461
22 22 0.0
22 23 0.011281844673601191
22 24 -0.022811284469997924
22 25 -0.10656018518671724
22 26 -0.04987592320960503
22 27 0.04799929120702641
22 28 0.016872911516845984
22 29 -0.062293718001732036
22 30 -0.04444227037551629
22 31 -0.011645398251193647
22 32 0.0755874549175799
22 33 -0.08549580699117561
22 34 -0.03326428900417437
22 35 0.03400297038344941
22 36 -0.06600779618934348
22 37 -0.0016175454877050005
22 38 -0.005929318883628956
22 39 -0.010785624429573934
23 23 0.0
23 24 -0.07278270974652443
23 25 0.055415841601221
23 26 -0.07406073011915387
23 27 -0.09076911454733796
23 28 0.03491907370354748
23 29 -0.03672937960671435
23 30 -0.030719507778390793
23 31 0.028211428104554175
23 32 0.05153424905609242
23 33 0.04545506648650015
23 34 0.07145103512187843
23 35 0.004040468416629767
23 36 0.006964586359304303
23 37 -0.04859519608715348
23 38 0.03333419045331447
23 39 -0.04323976030333952
24 24 0.0
24 25 0.005987119516920036
24 26 0.033561231002929695
24 27 0.02987979558057066
24 28 -0.021441323431566097
24 29 0.04243980912087933
24 30 0.08206147139126059
24 31 -0.018302225611778147
24 32 -0.0744233424758231
24 33 -0.008977500270120118
24 34 -0.07186913868849591
24 35 0.008741007178720199
24 36 0.016331429206493702
24 37 -0.015767804937206524
24 38 -0.0307911260010565
24 39 -0.06254632013579833
25 25 0.0
25 26 -0.061106081207129403
25 27 -0.08214867716609706
25 28 -0.004920964612348397
25 29 0.16543189226665572
25 30 0.13490151920045054
25 31 -0.06024821874347469
25 32 -0.06513119582744381
25 33 0.07547881722284794
25 34 -0.014030626984864672
25 35 0.10256629577964187
25 36 0.025449442392535205
25 37 -0.11813674401393826
25 38 0.022557792962130396
25 39 -0.012886421924984107
26 26 0.0
26 27 0.07006113973508442
26 28 -0.018772717958238427
26 29 0.0368710280049907
26 30 -0.02041136539233329
26 31 -0.009914580079303272
26 32 -0.057343430959415374
26 33 0.0034183455665391578
26 34 -0.01142661599615451
26 35 0.003965545720411475
26 36 0.02691694615691027
26 37 0.08497891169075983
26 38 -0.015143612076386698
26 39 0.04148834558469303
27 27 0.0
27 28 0.17924111850415975
27 29 0.034945103623419675
27 30 -0.06102627072442668
27 31 -0.02089956672581047
27 32 0.11224895575660425
27 33 -0.024500773090210246
27 34 -0.010045399690345281
27 35 0.031172007154898124
27 36 -0.05095603838718994
27 37 0.15698614950392417
27 38 -0.06906149619179644
27 39 0.030089930846837393
28 28 0.0
28 29 -0.013236027044970742
28 30 -0.07560381551386315
28 31 0.03300519711576298
28 32 0.11606068394306188
28 33 0.06631655363453783
28 34 0.15514528067569597
28 35 0.0386148802101422
28 36 -0.01088704535112868
28 37 0.026400043220548057
28 38 -0.03863283586223741
28 39 -0.08083385625096699
29 29 0.0
29 30 0.1086373772360902
29 31 -0.06962265332582215
29 32 -0.1152607336693288
29 33 0.047086031153034724
29 34 -0.05496755726786251
29 35 0.13128801137617535
29 36 0.02709534143478918
29 37 -0.00883178236406199
29 38 0.00555748152757774
29 39 0.04036726934889916
30 30 0.0
30 31 -0.04918238105190289
30 32 -0.10443375116270126
30 33 -0.007127795247529029
30 34 -0.09362458244920352
30 35 0.03998629173582412
30 36 0.005234808272810915
30 37 -0.08734731274582122
30 38 -0.0036163256907387983
30 39 0.007029209951284929
31 31 0.0
31 32 0.03576830250655411
31 33 0.04921383192499829
31 34 0.049276403678489
31 35 -0.06665428890685167
31 36 0.02708321473554843
31 37 0.0387649851460596
31 38 0.017304298328120932
31 39 -0.04201364507745443
32 32 0.0
32 33 -0.019735552017279286
32 34 0.05741249457181293
32 35 -0.05123017783478996
32 36 -0.05102691106061387
32 37 0.039472095146966195
32 38 -0.01255600242458981
32 39 -0.0234640459434789
33 33 0.0
33 34 0.07099688841201154
33 35 0.015049283930779863
33 36 0.07459130067367914
33 37 0.03750626448072383
33 38 0.036922791385774506
33 39 -0.06605592263929698
34 34 0.0
34 35 0.004144842070910703
34 36 0.018634592718451214
34 37 -0.0296913801979158
34 38 -0.011174218427185531
34 39 -0.05419006775540998
35 35 0.0
35 36 -0.0024487695067942064
35 37 -0.037103105598255595
35 38 -0.0009322627327054474
35 39 -0.00870930269215638
36 36 0.0
36 37 0.025835591349451948
36 38 0.025280024513289485
36 39 -0.03416618312738047
37 37 0.0
37 38 0.013791111016342039
37 39 0.034841865995505227
38 38 0.0
38 39 -0.002365382072319936
39 39 0.0
