0 0 0.0
0 1 0.13656001167236217
0 2 -0.08123169353546575
0 3 -0.1131658530730177
0 4 -0.0672857577202287
0 5 0.15202064026633527
0 6 0.07829669147156675
0 7 0.1451609203134016
0 8 0.0273387858192361
0 9 0.013562645471986903
0 10 -0.018749363631149263
0 11 0.13769958448454184
0 12 -0.020929167772494355
0 13 -0.1025606956980939
0 14 0.10144458488201029
0 15 0.006112442183478454
0 16 0.029850362252722872
0 17 0.09172571881485993
0 18 -0.09421348847503871
0 19 -0.05900029413896287
0 20 0.03791899695801072
0 21 0.07534546161953706
0 22 0.06992444087645198
0 23 0.11846832544333337
0 24 0.048835255874068104
0 25 -0.08510942149159134
0 26 0.011132144442988651
0 27 0.09972674565710368
0 28 0.02296193708354692
0 29 0.05567580644174458
0 30 0.13650486590408728
0 31 0.03360733636517242
0 32 -0.07897554825588961
0 33 0.029594518388093877
0 34 -0.16542347603194918
0 35 0.0404703619372649
0 36 0.00810508262154705
0 37 -0.12911537909499332
0 38 0.07701672530838304
0 39 0.010947823225148094
1 1 0.0
1 2 -0.030970628837867258
1 3 -0.008149134805445896
1 4 -0.021126796798417315
1 5 -0.027576831145868324
1 6 0.015196830421174623
1 7 0.04983652214571963
1 8 -0.034956455643553964
1 9 -0.01028513895105867
1 10 0.021784233814949327
1 11 -0.019073130471074826
1 12 -0.0328019108087317
1 13 -0.0954116253597596
1 14 0.04074415815344904
1 15 0.03774223235841738
1 16 -0.027675548339983053
1 17 0.011014555656786124
1 18 -0.034932291257467864
1 19 -0.0176544092723102
1 20 -0.02530299300614549
1 21 0.04504273768975191
1 22 -0.0756934693456324
1 23 0.025334537166415656
1 24 -0.01307341063231782
1 25 0.01435012815865172
1 26 -0.02537381502521045
1 27 0.06973310095263159
1 28 -0.02229366377832842
1 29 0.016598036391751517
1 30 0.020387491310743383
1 31 0.042087774357432814
1 32 -0.03652324197724677
1 33 -0.0431734998286476
1 34 -0.029923568563073676
1 35 -0.06631061728335216
1 36 0.005680926460385297
1 37 0.02892961465041887
1 38 0.033068190985267365
1 39 -0.006924505413950776
2 2 0.0
2 3 0.0196701236990161
2 4 0.01389346368394923
2 5 0.002647039286917607
2 6 0.08418674797325695
2 7 0.0027993279149794974
2 8 -0.009185538108823221
2 9 0.0425305085619453
2 10 0.08546271750342493
2 11 0.0027361671424241617
2 12 0.08749279942952293
2 13 0.054701637550346516
2 14 -0.04882461317700866
2 15 -0.009179182811136173
2 16 -0.07032949125061375
2 17 0.04765141828033279
2 18 0.034296185839028694
2 19 0.012451846353468396
2 20 -0.01020447968968937
2 21 0.07974870087018997
2 22 -0.07038492953436563
2 23 0.08774244488486578
2 24 -0.05918448270378783
2 25 -0.060325356137879226
2 26 0.07814758411450251
2 27 -0.07752639833823986
2 28 -0.07528872580847315
2 29 0.0019736632899550743
2 30 0.0006311734997241303
2 31 -0.04589582945939785
2 32 -0.04077186102132089
2 33 -0.10269214690964193
2 34 0.06325293513097338
2 35 -0.021847897610468948
2 36 0.05523703478140259
2 37 0.03941981192634324
2 38 0.0883670530901709
2 39 -0.09015213742393839
3 3 0.0
3 4 0.01977496703944835
3 5 -0.03168121885886457
3 6 -0.018470686653006753
3 7 -0.05978115554658844
3 8 -0.026995623324949036
3 9 0.008688263707501717
3 10 -0.007626074449966975
3 11 -0.0373745288640825
3 12 0.04360869838772267
3 13 0.02743662552037062
3 14 -0.011508335351634449
3 15 -0.01734838193277024
3 16 -0.020108260555028644
3 17 -0.025637222041172237
3 18 -0.01879279372730519
3 19 0.038542507121740024
3 20 -0.00524900920952188
3 21 -0.04079653313792999
3 22 0.01677325699984937
3 23 -0.07354609238723002
3 24 -0.023276853170707712
3 25 0.04834920214477871
3 26 -0.015561996888332891
3 27 -0.016734381499978013
3 28 -0.020365389868392893
3 29 -0.0446048077747576
3 30 -0.07027464027714099
3 31 0.020705083146891977
3 32 0.026812422828384384
3 33 -0.07650853868405931
3 34 0.03334165248284802
3 35 -0.04210381314015206
3 36 0.015409460534436814
3 37 0.04975778363756943
3 38 -0.02920878052004177
3 39 0.0016438901760538528
4 4 0.0
4 5 0.05355244140003947
4 6 -0.030083212920692354
4 7 0.048338561001564764
4 8 0.03042987161707819
4 9 -0.0371651211129284
4 10 0.0009937372327834724
4 11 0.0699461155087431
4 12 0.016089317795218827
4 13 0.020106726021702426
4 14 -0.05365034095222439
4 15 -0.03909203368147668
4 16 0.023477285572522884
4 17 -0.071983727963667
4 18 0.032956696418221194
4 19 0.045022375595142494
4 20 0.039233649621946656
4 21 -0.004551293466574525
4 22 0.007171073451337026
4 23 0.039306273613378656
4 24 0.02370133184572289
4 25 -0.03745915279931236
4 26 0.07170864940134239
4 27 -0.06264072620777608
4 28 0.030102670450493196
4 29 -0.010260010029847121
4 30 -0.11847607257743309
4 31 -0.008620802927395099
4 32 0.049437372419524075
4 33 0.019531910369255615
4 34 -0.010836457038408616
4 35 -0.03021457880156863
4 36 -0.04505777659993716
4 37 0.009575104416850532
4 38 -0.006453947792065581
4 39 0.005832886658842224
5 5 0.0
5 6 -0.03720350900956786
5 7 0.09198851967410872
5 8 0.047960056007852615
5 9 0.046152455402811474
5 10 -0.08355890072923877
5 11 0.21551733678705784
5 12 0.07075411934815967
5 13 0.06395248819428759
5 14 -0.010272174578360488
5 15 -0.06579225251853436
5 16 0.017893019960437843
5 17 0.00966238572313617
5 18 -0.06094446475516881
5 19 0.052982597856097546
5 20 0.08273086631749127
5 21 -0.0005920186761084939
5 22 0.15901622339832697
5 23 0.11209007012479102
5 24 0.04729936900583776
5 25 -0.09747887830986847
5 26 0.14903696792783078
5 27 -0.0022831467088234164
5 28 0.06117103646094287
5 29 -0.06601859042974727
5 30 -0.03453559781715042
5 31 0.024834566640715077
5 32 -0.015210484556140913
5 33 -0.019325398312574175
5 34 -0.09088257090559185
5 35 0.04894778553375394
5 36 0.003415853820903686
5 37 -0.08901698144563794
5 38 0.028861734276164498
5 39 -0.005085083066452459
6 6 0.0
6 7 0.021648319147338623
6 8 0.004832833800096088
6 9 -0.011343988907468489
6 10 0.12260765014474442
6 11 -0.04290137102068871
6 12 0.07356797379986936
6 13 -0.05078258836246139
6 14 0.05053105583739346
6 15 -0.007811265292722036
6 16 -0.005221376922831739
6 17 0.0827765096763677
6 18 -0.005818120355967469
6 19 -0.031222676695733975
6 20 0.010644570603212394
6 21 0.07634865421563612
6 22 -0.041741541281814246
6 23 -0.0043375833460254365
6 24 -0.038072193090395244
6 25 -0.044526048793898265
6 26 -0.06429490651694654
6 27 -0.06485319575855117
6 28 -0.10712432849218818
6 29 0.1116012017507173
6 30 0.057448577818021054
6 31 -0.04281735142229872
6 32 -0.0008094858698072582
6 33 -0.1109090697868822
6 34 -0.030256466485362298
6 35 -0.03739619538091883
6 36 0.02348229453448281
6 37 -0.017383779261534876
6 38 0.06597619884678366
6 39 -0.031247574206636375
7 7 0.0
7 8 0.05513135350259775
7 9 -0.021955324683216863
7 10 0.008459653698096075
7 11 0.09339327510880668
7 12 -0.039851324497619224
7 13 -0.03668133706376082
7 14 -0.008889006638019897
7 15 0.022259676860281817
7 16 0.021942052874535767
7 17 0.004410247826472321
7 18 0.0598365310190192
7 19 0.013309636703288353
7 20 0.04117848938252603
7 21 0.071382665308446
7 22 -0.07207187249864551
7 23 0.14593755998334992
7 24 0.027701558427548657
7 25 -0.11019288643355234
7 26 0.09226747138329194
7 27 -0.01276188607004725
7 28 0.018213146314128868
7 29 0.06121034132383748
7 30 0.02809044757602728
7 31 -0.02166408625900198
7 32 0.010984824406292826
7 33 0.008167842684531818
7 34 -0.03488020320940462
7 35 0.002673914252805548
7 36 -0.06270664954407945
7 37 -0.036832338747281576
7 38 0.03424298958998585
7 39 -0.018050485127287783
8 8 0.0
8 9 -0.007982398108950895
8 10 -0.03475764221760541
8 11 0.044742636069781044
8 12 -0.03527661333363489
8 13 -0.03750526129538563
8 14 0.040028035579587465
8 15 -0.0446991339456258
8 16 0.05979433455326892
8 17 0.028661357358357432
8 18 0.10542865848528007
8 19 0.025106890851226048
8 20 0.030758948736052734
8 21 -0.006891581297755689
8 22 0.01625627008057103
8 23 0.058317166176360805
8 24 0.10791401532141102
8 25 -0.052363074693779134
8 26 -0.033399343693149515
8 27 0.009638034063168799
8 28 0.030615080313063436
8 29 0.011438108098727959
8 30 0.008278544893088621
8 31 0.012138735314536358
8 32 0.11954017918266897
8 33 -0.0015807361496282036
8 34 0.009423482422926073
8 35 -0.01480640283227718
8 36 -0.038895854644287894
8 37 -0.03165834430628467
8 38 -0.0034387072924643436
8 39 -0.05226580681458415
9 9 0.0
9 10 -0.03351675546420378
9 11 0.0209695397330553
9 12 0.04418431134250647
9 13 0.04276513761283494
9 14 0.009698888448373282
9 15 -0.0058635937038863314
9 16 -0.037091413574587354
9 17 0.04865113928135966
9 18 -0.024695265355721103
9 19 0.02260496531454117
9 20 -0.0019565952016150365
9 21 -0.0027651980402615102
9 22 0.036258960134497906
9 23 0.01624053398997246
9 24 -0.013055896919477112
9 25 -0.005685274096618159
9 26 0.030798333139602944
9 27 0.024266239242692108
9 28 -0.01423395655278814
9 29 -0.05369592461545416
9 30 0.0327566112723981
9 31 0.01970202189718404
9 32 -0.023767376020578712
9 33 -0.08387088206641177
9 34 0.022920783559002837
9 35 0.013445816621559466
9 36 0.04672344820334409
9 37 0.0009501221723391268
9 38 0.015897473448061816
9 39 -0.037785689710797786
10 10 0.0
10 11 -0.050850162691437016
10 12 0.024057444546187766
10 13 -0.02840948945984858
10 14 -0.028030319289310917
10 15 0.016065447086951738
10 16 -0.031879817263285225
10 17 0.011631823735350103
10 18 0.00457186018213257
10 19 -0.06253223176296233
10 20 -0.02972658543621315
10 21 0.08969579604309755
10 22 -0.09862458638721087
10 23 0.03507175083019901
10 24 -0.06103190985133801
10 25 -0.02186922653338547
10 26 -0.007263548187755597
10 27 -0.06709855714123958
10 28 -0.06709503236558781
10 29 0.0825521567949363
10 30 0.012529420082892196
10 31 -0.06177006375570976
10 32 -0.06767108098852988
10 33 0.03157506198783448
10 34 -0.0010880045175847744
10 35 -0.022096476302431237
10 36 0.02555956867721506
10 37 0.020059221649999147
10 38 0.08098556303339129
10 39 -0.019528020140415048
11 11 0.0
11 12 0.051393727505040544
11 13 0.04367016320301255
11 14 -0.02780131546938206
11 15 -0.07963678643570457
11 16 0.021894131717122962
11 17 -0.012047789569285676
11 18 -0.05794203661751966
11 19 0.0143367575644441
11 20 0.06457238857690786
11 21 0.01864775817550094
11 22 0.15210574958964276
11 23 0.13761015813743432
11 24 0.06122226817551226
11 25 -0.09262778271116881
11 26 0.14076644893393375
11 27 -0.004894027947649074
11 28 0.07783726527518812
11 29 -0.061455622494416925
11 30 -0.05685713208083545
11 31 0.015246067782059097
11 32 -0.0400790737678821
11 33 0.07736455866266609
11 34 -0.10450199379935107
11 35 0.04596350201645797
11 36 0.013178252524051864
11 37 -0.08951967274686957
11 38 0.06138017115937431
11 39 -0.007685548665809697
12 12 0.0
12 13 0.06888533760569296
12 14 -0.009530996857937568
12 15 -0.061129750831412456
12 16 -0.03907326225202838
12 17 0.0225351251859764
12 18 -0.10096424070139136
12 19 0.03385267072046491
12 20 0.030449588102471153
12 21 -0.0019493809387719162
12 22 0.10895841727502342
12 23 -0.03291618569897263
12 24 -0.050826771733020706
12 25 -0.007271364775076181
12 26 0.04424057356186787
12 27 -0.05934079639932534
12 28 -0.051183453059178
12 29 -0.045552091250360825
12 30 -0.06367401346984564
12 31 0.005230093298150829
12 32 -0.035891757363521466
12 33 -0.12814443658459754
12 34 -0.0330644271252193
12 35 -0.016727931369778532
12 36 0.06771032895976578
12 37 -0.00407599248354464
12 38 0.03687539497926437
12 39 -0.010954075654040111
13 13 0.0
13 14 -0.07800399912652398
13 15 0.0031406946652678515
13 16 -0.03839084917286289
13 17 -0.027632392500461955
13 18 -0.04139692111129491
13 19 0.04178689598997951
13 20 0.020251190784291988
13 21 -0.02261767181066504
13 22 0.047004624335274255
13 23 -0.0033609403526548677
13 24 -0.06767071683472167
13 25 -0.013096899646549564
13 26 0.12513769195040378
13 27 -0.05961665114640977
13 28 0.005110223442635875
13 29 -0.05525020158600029
13 30 -0.0351341064208863
13 31 -0.028901593451031448
13 32 -0.05441232449514426
13 33 -0.02769911575986796
13 34 0.02599174585733522
13 35 0.06017955562321757
13 36 0.016789233922331632
13 37 0.003432358964601534
13 38 -0.01939353517395802
13 39 0.020887041301093034
14 14 0.0
14 15 -0.025902052942989362
14 16 0.03459263849046649
14 17 0.0661624420285989
14 18 0.00037317761512867806
14 19 -0.003526769553898386
14 20 0.0020981683561136734
14 21 -0.025663375844779273
14 22 0.048651837197442635
14 23 -0.050820089653311695
14 24 0.06485009044330667
14 25 0.02466746680935645
14 26 -0.1285552905534293
14 27 0.06766244809405267
14 28 -0.013932913446448389
14 29 0.008920917385869677
14 30 0.05142912839497567
14 31 0.051028618711496256
14 32 0.07235092658148676
14 33 -0.06928889351156967
14 34 -0.02338918823985973
14 35 -0.0357011518948445
14 36 0.010391546116283484
14 37 -0.023124070162057423
14 38 -0.011547106858292333
14 39 -0.02096899736710846
15 15 0.0
15 16 -0.03229263052463384
15 17 -0.005696316864238686
15 18 0.02976697421757029
15 19 -0.0008592556801221042
15 20 -0.021893355461199387
15 21 0.03048141732637342
15 22 -0.15469697491817702
15 23 0.0008786244892680109
15 24 -0.08392515678768378
15 25 -0.0033224643614407274
15 26 0.038736640400870284
15 27 -0.0010987649505588676
15 28 -0.030321670620014406
15 29 0.06282017841052115
15 30 0.08231524227456263
15 31 -0.03788693483080778
15 32 -0.043701508628428344
15 33 -0.030854963464666773
15 34 0.05040993923079532
15 35 0.024818800536882294
15 36 -0.04557280218169384
15 37 0.03502311948352378
15 38 -0.036640792362989706
15 39 0.031669980540556864
16 16 0.0
16 17 -0.014159883988946808
16 18 0.034626555541780166
16 19 0.0008378961578642621
16 20 0.027614864837259445
16 21 -0.036468496503591095
16 22 0.05135221509822365
16 23 -0.020943957899042125
16 24 0.07673238313422848
16 25 -0.004146913350925666
16 26 -0.05693296481528713
16 27 0.008336140092931313
16 28 0.041537321623309
16 29 0.022013266735607467
16 30 -0.01386448420684937
16 31 0.010679013157513486
16 32 0.08187574957289769
16 33 0.05803534434585187
16 34 -0.034949001928208975
16 35 0.002920718678827809
16 36 -0.0459178657944357
16 37 -0.04059986531174766
16 38 -0.03650768100914917
16 39 0.022036505217018727
17 17 0.0
17 18 0.016308221060988566
17 19 -0.013385100863891547
17 20 -0.008296819113890758
17 21 0.035080535769031335
17 22 -0.0005090274560759502
17 23 0.033154748565630034
17 24 0.017887942117134254
17 25 -0.02750300699628001
17 26 -0.049009610882197976
17 27 0.03434762937071804
17 28 -0.0454561924802296
17 29 0.014869221100456695
17 30 0.10192189407850796
17 31 0.009214034820680922
17 32 0.006184579983398275
17 33 -0.09131854362889548
17 34 0.012262762138883398
17 35 -0.0028279131173341017
17 36 0.044746262697582126
17 37 -0.020786213695682617
17 38 0.04677188517905614
17 39 -0.0680325079331701
18 18 0.0
18 19 0.03500818782542006
18 20 -0.005080461645758985
18 21 0.024053848628043766
18 22 -0.1683049680203368
18 23 0.08062757664504454
18 24 0.06931415236018681
18 25 -0.05682742444482673
18 26 -0.02568427273671291
18 27 -0.017270715146444453
18 28 -0.002029935965835275
18 29 0.059601115376841096
18 30 0.04058168013109036
18 31 -0.029630392748416924
18 32 0.14597596293866802
18 33 -0.025388621594292136
18 34 0.11932408418737299
18 35 -0.03439592613124069
18 36 -0.08119122709450903
18 37 0.04057671148014934
18 38 -0.023014525943380864
18 39 -0.08097616013157974
19 19 0.0
19 20 0.043509941990114875
19 21 -0.04546987951109625
19 22 -0.00238160929204572
19 23 -0.02769883393382992
19 24 -0.002322491298235979
19 25 -0.014420332653844386
19 26 0.04465951161478784
19 27 -0.02343977513545676
19 28 -0.010722912820076319
19 29 -0.032141825273824975
19 30 -0.050461391199076076
19 31 0.023724645036233383
19 32 0.09322774654882734
19 33 -0.17023990457073124
19 34 0.0444116666022795
19 35 -0.035897221177223465
19 36 -0.04288410017292189
19 37 0.033004848843738846
19 38 -0.06700028669108601
19 39 -0.006784025488591276
20 20 0.0
20 21 -0.015765133539957253
20 22 0.04983244931484727
20 23 0.006419762193670607
20 24 0.01578493141980912
20 25 -0.0395480434482184
20 26 0.04114073302097423
20 27 -0.029135467261739538
20 28 0.01122909664710046
20 29 0.004210355260249469
20 30 -0.02896628650037277
20 31 0.0016752078708370613
20 32 0.04113237466845172
20 33 -0.04754677524132954
20 34 -0.033216216172036614
20 35 0.005384739713770919
20 36 -0.0328735560061003
20 37 -0.030801603434955072
20 38 -0.023183235893239017
20 39 0.017175455099977234
21 21 0.0
21 22 -0.1040565107606908
21 23 0.12668058235132781
21 24 -0.03586193516705955
21 25 -0.07228285778338192
21 26 0.060874819501602374
21 27 -0.02718652602360442
21 28 -0.03645216570294603
21 29 0.06141152213984278
21 30 0.05639403826608276
21 31 -0.04806992555703412
21 32 -0.07840375990495003
21 33 0.024976651660113494
21 34 -0.0036378773293446265
21 35 0.003396829587315236
21 36 0.016138310808205113
21 37 -0.004121770200424546
21 38 0.09499443427895533
21 39 -0.04537646922535147
22 22 0.0
22 23 -0.07847262635551695
22 24 0.0915339549980885
22 25 0.04377529008344937
22 26 -0.03535583837639643
22 27 0.03984408326272258
22 28 0.07973749929337275
22 29 -0.13177696445848397
22 30 -0.09404651469435252
22 31 0.07633008325603495
22 32 -0.0035871417775046
22 33 0.07100655244269313
22 34 -0.13850944790068004
22 35 0.04123836613146037
22 36 0.08015110726125171
22 37 -0.10361765755914368
22 38 0.0019206912563463643
22 39 0.03921869104508497
23 23 0.0
23 24 0.037379870770160084
23 25 -0.14354678027389012
23 26 0.15259809157619367
23 27 -0.0058596365550188404
23 28 0.03241973027435052
23 29 0.01538052338693081
23 30 0.04923546441236083
23 31 -0.03921338098900914
23 32 -0.06415042476390967
23 33 0.0931478350694475
23 34 -0.004699294066206486
23 35 0.03170342830143857
23 36 0.003448354593567099
23 37 -0.037912289350697084
23 38 0.12686221388223923
23 39 -0.09272105166404018
24 24 0.0
24 25 -0.010317353805241472
24 26 -0.08560275826665957
24 27 0.06213937624818129
24 28 0.06990798762774028
24 29 -0.03319391804376675
24 30 -0.018388653277933927
24 31 0.051771679465320776
24 32 0.11661470267307701
24 33 0.07627672494810592
24 34 -0.024893892824032544
24 35 -0.022211400961780575
24 36 -0.011908428394371983
24 37 -0.04528293498822073
24 38 0.0042311645538539115
24 39 -0.04706598769254742
25 25 0.0
25 26 -0.10626545806839956
25 27 0.044578477370647226
25 28 0.0008125612743985239
25 29 -0.044521702308670495
25 30 -0.032989667376939036
25 31 0.04058854569768972
25 32 0.0032115304122291356
25 33 0.012733282486492869
25 34 0.011733973930548324
25 35 -0.02334678767194482
25 36 0.028544656370957287
25 37 0.03848893447087998
25 38 -0.051505906321104314
25 39 0.04063604413488648
26 26 0.0
26 27 -0.0742424914069681
26 28 0.024042466524303995
26 29 -0.025797694379146925
26 30 -0.031878750288458005
26 31 -0.05345943103849875
26 32 -0.11538986495126217
26 33 0.006165673116639269
26 34 -0.004882690884223327
26 35 0.06865468327094063
26 36 -0.017936292633084515
26 37 -0.009936461235676914
26 38 0.03498348923258156
26 39 0.01136140820213392
27 27 0.0
27 28 0.03849882391261293
27 29 -0.04863457082493558
27 30 0.053777994463839296
27 31 0.06642416793252631
27 32 0.0034242345042992894
27 33 0.0307040299542369
27 34 -0.012491233421509679
27 35 -0.003962473716284984
27 36 0.02553030295825982
27 37 -0.012353661916085494
27 38 -0.0037981110183785693
27 39 -0.01510954550181528
28 28 0.0
28 29 -0.0470753699941863
28 30 -0.033389233980907394
28 31 0.021118658799117323
28 32 0.005085188380885513
28 33 0.14702541766243762
28 34 -0.03808411544420666
28 35 0.04038068843402885
28 36 -0.01863798606497843
28 37 -0.04122784704122477
28 38 -0.01579192216364252
28 39 0.025060930968859352
29 29 0.0
29 30 0.0736644235949244
29 31 -0.06341849743004233
29 32 0.009016108172598652
29 33 0.004302207940672631
29 34 -0.0036141753832402194
29 35 0.002854380891726984
29 36 -0.06074841334786789
29 37 -0.009833231768335898
29 38 0.0011748606856110844
29 39 0.02047368493956427
30 30 0.0
30 31 -0.02793297468363747
30 32 -0.04359515385492603
30 33 -0.013088742836296042
30 34 0.026168930178735995
30 35 0.058251991921652035
30 36 0.004112211779156947
30 37 -0.031303018649313535
30 38 0.020637953007652487
30 39 -0.02714350843382949
31 31 0.0
31 32 0.043724906235978675
31 33 -0.044966957205640194
31 34 -0.015476873100502043
31 35 -0.03758856024140138
31 36 0.019415984168045138
31 37 0.0029606227296097073
31 38 -0.01847318959458909
31 39 -0.010567854380543534
32 32 0.0
32 33 -0.13470503135354328
32 34 0.0602966510933632
32 35 -0.08270656532919024
32 36 -0.08263265389836698
32 37 0.023669324592190216
32 38 -0.09520217155183049
32 39 -0.03785027580878263
33 33 0.0
33 34 -0.09979890252311155
33 35 0.11673699012065224
33 36 0.010866354765205996
33 37 -0.08906821024120597
33 38 0.06988128456029943
33 39 0.06243681544165632
34 34 0.0
34 35 -0.02765070306136544
34 36 -0.017360236131734746
34 37 0.08370502217614564
34 38 -0.03505717673761663
34 39 -0.056783050996328875
35 35 0.0
35 36 0.001863947626337012
35 37 -0.05763438346329436
35 38 -0.0005059899464912469
35 39 0.04141265018794724
36 36 0.0
36 37 -0.0043855672995195775
36 38 0.0754416518334333
36 39 -0.03947907695221879
37 37 0.0
37 38 -0.02336353771849355
37 39 -0.020373112088697493
38 38 0.0
38 39 -0.06845613122192229
39 39 0.0
