0 0 0.0
0 1 0.19679577576538151
0 2 -0.06540769288157941
0 3 0.006750936925718673
0 4 -0.18216028315134053
0 5 0.02555641503740121
0 6 -0.0323033873210153
0 7 -0.15717645612177442
0 8 -0.011475850937394996
0 9 0.07250420285645916
0 10 -0.08899523848053574
0 11 0.05104648849270935
0 12 -0.07535453694109331
0 13 0.10378525409805839
0 14 -0.08195628105504642
0 15 -0.13133475902469977
0 16 -0.0018512788487490162
0 17 0.002037601809826831
0 18 -0.005396170154908895
0 19 -0.13846688545085392
0 20 -0.013972035038682797
0 21 -0.0403034295118075
0 22 -0.09669137069815212
0 23 -0.03378997616563633
0 24 -0.06735484625071429
0 25 -0.10885758451778878
0 26 0.00028551316816820293
0 27 -0.019804960303116965
0 28 -0.17119448693855738
0 29 -0.16153757876085065
0 30 0.17730344440082596
0 31 -0.1602099325684945
0 32 -0.1511967481186692
0 33 0.04512059584255793
0 34 0.20181769570764022
0 35 -0.10622245760214108
0 36 0.03340858713192341
0 37 -0.11186130087185783
0 38 -0.18237400155379907
0 39 -0.05508602295218433
1 1 0.0
1 2 0.038346746705593536
1 3 0.0060108328808195334
1 4 0.05872488841630981
1 5 0.0018670095273813543
1 6 -0.02473452614054931
1 7 -0.03568678357864878
1 8 -0.06176513513181513
1 9 0.05818644843918959
1 10 -0.2864510374125202
1 11 0.15499380506979174
1 12 -0.0010822707869152474
1 13 0.07341049853699727
1 14 0.023912084492708912
1 15 -0.004406094558935524
1 16 0.054477554188218605
1 17 -0.16189396840079756
1 18 -0.10555999459347976
1 19 0.013703127302145904
1 20 0.07402067979383353
1 21 -0.04535690303385176
1 22 -0.22545497417123408
1 23 -0.06252882885011493
1 24 -0.07157960085330466
1 25 -0.011678039359939078
1 26 -0.057019082565904225
1 27 -0.05609886892035023
1 28 -0.0028359039628241267
1 29 -0.060920240509090715
1 30 0.16876578673962814
1 31 -0.018976422751548396
1 32 -0.1094016246869874
1 33 0.1267198123115331
1 34 0.11357833805808555
1 35 -0.17980062902375696
1 36 0.13131617082702535
1 37 -0.03092599288212449
1 38 -0.06936794829117411
1 39 0.009092287141432221
2 2 0.0
2 3 0.06183758054162759
2 4 0.20540405050215177
2 5 0.10682174240870135
2 6 -0.03410257163815407
2 7 0.04495521791509366
2 8 0.023401680603184746
2 9 0.049570454251218136
2 10 -0.1790152388119884
2 11 -0.02960358181338334
2 12 -0.1291472670444533
2 13 0.014496426135223377
2 14 -0.04988754484037293
2 15 0.05489196038334245
2 16 -0.030426961056029773
2 17 -0.12447314861789578
2 18 -0.005512804725692117
2 19 0.10409207647440107
2 20 0.04386900258389001
2 21 0.16316533492631463
2 22 0.161367263666294
2 23 0.03782235567570576
2 24 0.05858785777236939
2 25 -0.12417071520510654
2 26 0.004279350194990442
2 27 0.027016132289613342
2 28 0.10358439231368463
2 29 0.004812488010157448
2 30 -0.07101316211315475
2 31 0.08711189780686425
2 32 -0.10473884238591849
2 33 -0.026247002403379304
2 34 0.09560560789783326
2 35 0.03193807792441886
2 36 0.08868175755932803
2 37 0.06973076864398418
2 38 0.08369893956392958
2 39 0.0020403147655066903
3 3 0.0
3 4 0.01860136524881207
3 5 0.029390898792280733
3 6 -0.10150977638460239
3 7 0.008459680929500996
3 8 -0.04989649732274382
3 9 -0.020799701840037495
3 10 -0.0589557463322542
3 11 -0.0029797938348833683
3 12 -0.010088665519400684
3 13 0.012874338525251116
3 14 -0.010954790436120281
3 15 0.03796154335344258
3 16 0.020332902644875847
3 17 -0.024836845904701407
3 18 -0.009456606969018226
3 19 0.007179528631083333
3 20 -0.016843547866245673
3 21 0.02518529062826196
3 22 0.023555416986532348
3 23 -0.009679214388920276
3 24 -0.013525686767080278
3 25 -0.04800324668001136
3 26 0.05406580517598049
3 27 -0.008657642915416677
3 28 0.014574382418377566
3 29 -0.023741050073963023
3 30 -0.02122163389491893
3 31 0.02913404385407266
3 32 -0.02530385596228209
3 33 0.028329874965381845
3 34 0.020870268533700106
3 35 0.018064218185706533
3 36 -0.008362464263321562
3 37 -0.01929865629689455
3 38 0.019291627958736634
3 39 0.039988146962414026
4 4 0.0
4 5 0.13762713953845296
4 6 0.0764631267234444
4 7 0.016606056785360458
4 8 -0.00470017831019452
4 9 -0.03606947945823485
4 10 -0.11090511166936819
4 11 0.12367061085878336
4 12 0.03239515086837966
4 13 0.06361399157268946
4 14 0.026216391551051932
4 15 0.2217556092368286
4 16 -0.05362038291474699
4 17 -0.12332762608608812
4 18 -0.14082235802779902
4 19 0.13457711474019549
4 20 -0.035961098922839524
4 21 0.06147230509794418
4 22 -0.009303056607578393
4 23 0.0012251734143714972
4 24 0.02972417909150276
4 25 0.03164051517752879
4 26 -0.020074215680703635
4 27 -0.08442882286327033
4 28 0.1993051187428013
4 29 0.14515972599746504
4 30 -0.10004243360144056
4 31 0.1473013263993302
4 32 0.0015162405471835585
4 33 -0.01583746251236735
4 34 -0.06654688552713825
4 35 -0.06603790738192962
4 36 0.05762624298642686
4 37 0.11962237682437815
4 38 0.11247445115598147
4 39 0.02562870756095703
5 5 0.0
5 6 0.008752227481395432
5 7 -0.25049191127159937
5 8 0.025880163707474636
5 9 -0.015783240455127037
5 10 -0.034078425139552726
5 11 0.2095236855129891
5 12 -0.04809580863023027
5 13 0.013770191411729086
5 14 0.009593639275781777
5 15 0.24406253923345936
5 16 -0.034087096938636444
5 17 -0.07712924520990781
5 18 -0.128238850411509
5 19 0.07718424571284169
5 20 -0.11541277263096239
5 21 -0.06109660152913602
5 22 0.10990163492323497
5 23 -0.03700473510719844
5 24 0.02496086402509627
5 25 -0.024498390039483838
5 26 0.04879077039065671
5 27 -0.05263624591448286
5 28 0.11887088681587125
5 29 -0.024607077843612577
5 30 -0.08790851326938265
5 31 0.057780589229232425
5 32 -0.04609412015230312
5 33 -0.022307712055988627
5 34 0.055131974470190234
5 35 -0.047158163584527055
5 36 -0.04550332625055448
5 37 0.09583038047085435
5 38 -0.03691130754409887
5 39 -0.11955122399274817
6 6 0.0
6 7 -0.01795562195898181
6 8 0.03321390055060776
6 9 -0.0451560378515312
6 10 0.04483576753367618
6 11 0.04463200445971074
6 12 0.01587871121026965
6 13 0.10533394077875373
6 14 -0.0547430249947916
6 15 -0.00008957339351149378
6 16 -0.0865226571365755
6 17 0.11354984358123765
6 18 0.014012824303424324
6 19 -0.08330875405056141
6 20 -0.043068618999207595
6 21 0.03497767406005898
6 22 -0.06481305178751046
6 23 0.007299366927781481
6 24 -0.03888073811490608
6 25 0.0020936018007326604
6 26 -0.11565125684354019
6 27 -0.07567159214398006
6 28 0.06454369263429419
6 29 0.1442988622507005
6 30 0.04598963673984085
6 31 -0.026318612533218693
6 32 -0.005782727564584108
6 33 -0.10745023102733567
6 34 -0.032310152907847854
6 35 0.03361328049183214
6 36 -0.027107473249716667
6 37 -0.05604126253760666
6 38 -0.03196496001117057
6 39 -0.039078769851954916
7 7 0.0
7 8 -0.04071494230989971
7 9 0.009865450731611788
7 10 -0.0669688412943623
7 11 -0.11229684280519003
7 12 0.014741123024720299
7 13 -0.16418273863479602
7 14 0.010171445705755205
7 15 -0.10660270242816625
7 16 0.07064318505379072
7 17 0.0017476215512093045
7 18 0.1502173450521419
7 19 0.020001912270572197
7 20 0.12590984583775106
7 21 0.10958237843941691
7 22 0.06448406981563547
7 23 0.06320692958327159
7 24 0.018896546349070627
7 25 0.020474431907771377
7 26 -0.05259763417154091
7 27 0.07352902246299518
7 28 0.005925407746091373
7 29 0.05664450668859422
7 30 -0.010411626413099796
7 31 0.033557687458249566
7 32 0.0443209471025998
7 33 0.01164263534783147
7 34 -0.07354199865110943
7 35 0.11347332539234867
7 36 0.06338244877377477
7 37 -0.07260336196559422
7 38 0.08156662455401091
7 39 0.03524370637963485
8 8 0.0
8 9 0.07547506673567286
8 10 0.10291848664929767
8 11 -0.04804157365663006
8 12 -0.06957746062061582
8 13 0.024226520183116468
8 14 -0.014271489591229517
8 15 -0.02335118073440813
8 16 -0.07252551252104131
8 17 0.006651348873788145
8 18 0.002635919001706647
8 19 0.019607351061930862
8 20 0.011166812523115913
8 21 0.05530631398095748
8 22 0.0661274574909909
8 23 0.023286966271039218
8 24 0.015641919828843567
8 25 -0.03597153335178309
8 26 -0.019664616681989336
8 27 0.03700771684214057
8 28 -0.01527610322642314
8 29 -0.037318367976198634
8 30 -0.028489191679451
8 31 0.0014732406487029037
8 32 -0.015945029755087763
8 33 -0.042363144167107486
8 34 -0.010090432664098673
8 35 -0.041695447101323835
8 36 0.029769423127061358
8 37 0.1014859698682546
8 38 0.03935381545421392
8 39 -0.025854221502624102
9 9 0.0
9 10 -0.012514320079023774
9 11 -0.023919540424902068
9 12 -0.1510048378634749
9 13 -0.033073717298504404
9 14 -0.013901594067764478
9 15 -0.04129775241859347
9 16 -0.04564452341572364
9 17 -0.06225971205783495
9 18 -0.006022498705077717
9 19 0.08950489705489663
9 20 0.07381165141863841
9 21 0.05755948767158651
9 22 0.09552711138281852
9 23 0.04507977855173275
9 24 0.017758192725996613
9 25 -0.08121789042109263
9 26 -0.010003162209941904
9 27 0.015418736633185062
9 28 -0.08097398003331988
9 29 -0.0658654954906523
9 30 0.00427071944559061
9 31 -0.013934084009577987
9 32 -0.07470282316801358
9 33 -0.008268426520715567
9 34 0.04797799884496341
9 35 -0.05790396965067433
9 36 0.11505968127934582
9 37 0.03830274881316854
9 38 0.014273166550866892
9 39 -0.02522796425139891
10 10 0.0
10 11 -0.0338025493651853
10 12 0.09028708924107988
10 13 0.07629041289557797
10 14 -0.0016679691614213438
10 15 0.046955707501426594
10 16 -0.1448544173699219
10 17 0.17784705913768697
10 18 -0.04069088158939492
10 19 -0.07675474779574216
10 20 -0.1556002828778885
10 21 -0.02111382112582545
10 22 -0.009029532367009051
10 23 0.024553722785434866
10 24 -0.029385542216873135
10 25 0.07255997119458193
10 26 0.043553906036749364
10 27 -0.041736893383772705
10 28 -0.08418201152415525
10 29 0.031208842233376388
10 30 -0.10098541470132014
10 31 -0.023157462200992497
10 32 0.12380700281642414
10 33 -0.07834108972302671
10 34 -0.22064425096088308
10 35 -0.09065527780450851
10 36 -0.09361915359450551
10 37 0.10270311277039353
10 38 0.04864014566590925
10 39 0.014853970669104457
11 11 0.0
11 12 0.12082570582121357
11 13 -0.0383948736074289
11 14 0.060903531316998806
11 15 0.2831027132376647
11 16 0.0011871765246413116
11 17 -0.0809565815850701
11 18 -0.1738115020765847
11 19 0.006622580743780179
11 20 -0.13453342421876585
11 21 -0.1329344443181561
11 22 -0.11575052065514324
11 23 -0.05305759864490026
11 24 -0.07828038654662252
11 25 0.112409785471875
11 26 -0.018251885879210766
11 27 -0.1388241782700908
11 28 0.06991319393312904
11 29 0.014299549341042392
11 30 0.00592628630638692
11 31 0.026330968281035948
11 32 0.008227793288234114
11 33 0.07061401155178429
11 34 -0.09313612166673718
11 35 -0.22736292332441915
11 36 0.014833388534293408
11 37 0.01833411923123333
11 38 -0.08522307390302392
11 39 -0.14591887511403687
12 12 0.0
12 13 0.031403329711148814
12 14 0.06286146789873318
12 15 0.081743584800155
12 16 0.0353111299074505
12 17 0.0380968268046889
12 18 -0.06625873825739367
12 19 -0.1029025151433182
12 20 -0.10150642691645302
12 21 -0.1103765429894981
12 22 -0.22826891799640153
12 23 -0.057366590005181836
12 24 -0.05535176545641152
12 25 0.18275437740594164
12 26 -0.004629206435159721
12 27 -0.04899807107839257
12 28 0.04487953970524836
12 29 0.060411955700053276
12 30 0.013860706512278553
12 31 0.009313542165875429
12 32 0.12697491596157098
12 33 0.06587198533058834
12 34 -0.15687610224401563
12 35 -0.10857944648114048
12 36 -0.07755757403123642
12 37 0.014552721921182617
12 38 -0.010094442230749585
12 39 0.02160569920645906
13 13 0.0
13 14 -0.08300000143455864
13 15 0.0066969587004756526
13 16 -0.17007446321358394
13 17 0.06274924076739467
13 18 -0.15378887662524432
13 19 -0.12921114753664262
13 20 -0.11365460474584425
13 21 0.08294316763929634
13 22 -0.27745969143434535
13 23 -0.06220057603359601
13 24 -0.1341091129868784
13 25 -0.10354620540107562
13 26 0.0025031602071940075
13 27 -0.1318557201171971
13 28 0.0058809305139417446
13 29 0.026552666643066398
13 30 0.08065707798583113
13 31 -0.002927796767484941
13 32 -0.07770511367893354
13 33 -0.013141766396067048
13 34 -0.011563860157264022
13 35 -0.18198016771755493
13 36 -0.001597511621041744
13 37 0.06503444573301376
13 38 0.047646365623203055
13 39 0.17669451396123032
14 14 0.0
14 15 0.07837067250109042
14 16 0.059928621990200215
14 17 -0.05497440272454818
14 18 -0.044249971210677766
14 19 0.08402242065731534
14 20 0.03377595755693942
14 21 -0.08570256833589406
14 22 -0.04951167988937491
14 23 -0.03340297027627722
14 24 -0.002518752504285789
14 25 0.0988357083677813
14 26 0.0017940873096053377
14 27 0.01090133750620683
14 28 0.0619674464069469
14 29 0.003636408223877454
14 30 -0.025522989468637132
14 31 0.0663987056258748
14 32 0.08067418138046613
14 33 0.05958673525135583
14 34 -0.08908570814329536
14 35 -0.028299871519753245
14 36 -0.005003738474854481
14 37 0.06531584548495091
14 38 0.04685697864303394
14 39 0.009991924258140649
15 15 0.0
15 16 -0.05398629772361037
15 17 -0.08003823627125609
15 18 -0.2181176059102999
15 19 0.13790057252783386
15 20 -0.1468544950803954
15 21 -0.07988207111521722
15 22 -0.010504758041534607
15 23 -0.027150853541109236
15 24 -0.016537715742796368
15 25 0.09137344302284639
15 26 0.052873405449976596
15 27 -0.15244114949719673
15 28 0.14744555379903576
15 29 0.10463537642241713
15 30 -0.14151837884197843
15 31 0.13518187702661585
15 32 0.059992345779413335
15 33 0.010798018573088233
15 34 -0.16232872236101958
15 35 -0.13803803256054298
15 36 -0.014463708176389135
15 37 0.1135334121172757
15 38 0.058860185363335614
15 39 -0.030299896807452292
16 16 0.0
16 17 -0.04434939269759071
16 18 0.09148577860975265
16 19 0.007312206192494333
16 20 0.09010306073726823
16 21 -0.07278583785214368
16 22 0.013033682725315365
16 23 -0.028663941905586725
16 24 0.02054400268045723
16 25 0.05375157992253554
16 26 -0.007496864999427917
16 27 0.09060194805383386
16 28 0.028168591102242284
16 29 -0.054306306742644375
16 30 0.03985634994866666
16 31 0.0007298708060291692
16 32 0.03281514892383793
16 33 0.07370844204039116
16 34 0.048661657621614306
16 35 0.10371839243926603
16 36 -0.026729188237905387
16 37 -0.06448386837901794
16 38 -0.03818799083560194
16 39 -0.03609170285111983
17 17 0.0
17 18 0.08403174713258173
17 19 -0.14936011937787547
17 20 -0.0651683920704609
17 21 0.01811152070137025
17 22 -0.020024435810071423
17 23 0.004685099088394061
17 24 -0.052406204740383565
17 25 -0.01766936750017748
17 26 -0.009432457002997312
17 27 -0.007752910641926387
17 28 -0.050723598102867404
17 29 0.02795158905869612
17 30 0.020332237616358415
17 31 -0.06199265336227554
17 32 0.03533990822375522
17 33 -0.06566295501547001
17 34 -0.054691405628485054
17 35 0.07575499178641057
17 36 -0.09932805415254531
17 37 -0.07934588841820832
17 38 -0.025993931410511605
17 39 0.016042681672696953
18 18 0.0
18 19 -0.09746486412660568
18 20 0.1146408500663244
18 21 0.0838979980070731
18 22 0.15016372139352435
18 23 0.031304983133358714
18 24 0.017475654903422164
18 25 -0.06785851097741671
18 26 -0.04829550702425501
18 27 0.16520262297193727
18 28 -0.03095469187207644
18 29 -0.07730385820107494
18 30 0.04574050401924155
18 31 -0.055516354743298545
18 32 -0.013859444736810802
18 33 -0.024059061712371092
18 34 0.07935304152762783
18 35 0.21648681563465894
18 36 -0.036265649474619285
18 37 -0.10691695990019592
18 38 -0.024885533203743176
18 39 -0.054180808582417785
19 19 0.0
19 20 0.0745453785397575
19 21 -0.03888045772499369
19 22 0.16534490422535172
19 23 0.05069719038471978
19 24 0.13539701786451652
19 25 0.039437603982266985
19 26 0.04700787925750584
19 27 -0.028223676246779756
19 28 0.05821344724934583
19 29 0.09276810411529886
19 30 -0.1417460695488797
19 31 0.10920289309095035
19 32 0.032032388089304586
19 33 -0.022945453420834
19 34 -0.010399564182115361
19 35 0.04938683839442996
19 36 0.07914714177286909
19 37 0.08442945742489313
19 38 0.08745603119929604
19 39 0.018255990942174533
20 20 0.0
20 21 0.049337734955415664
20 22 0.05602635893273224
20 23 0.009343842733243164
20 24 0.02588184575428632
20 25 -0.04406213070789649
20 26 -0.05208556557344827
20 27 0.11864277559687153
20 28 0.011948766028546193
20 29 -0.057635107792218254
20 30 0.05167622440803402
20 31 0.02170136938035088
20 32 -0.025130386988543398
20 33 0.03560263131608547
20 34 0.07184243738259524
20 35 0.10624941428459436
20 36 0.07100428074312141
20 37 -0.008765899157355228
20 38 0.04652804311703669
20 39 0.02401662065019742
21 21 0.0
21 22 0.08028895550962613
21 23 0.03690885719381077
21 24 -0.038897267126398696
21 25 -0.161208321454692
21 26 -0.03696837059775511
21 27 0.04962378789105123
21 28 0.027740373096971277
21 29 -0.02797288893919862
21 30 -0.002281521475662809
21 31 0.03568864062340406
21 32 -0.08889617377371617
21 33 -0.03989662062283198
21 34 0.016569297233055356
21 35 0.025464168145700523
21 36 0.06448717145797758
21 37 0.033017116233018264
21 38 0.10239236112147672
21 39 0.05020911667563797
22 22 0.0
22 23 0.130627597781675
22 24 0.20166219341718472
22 25 -0.09246429494167387
22 26 0.056737033098524015
22 27 0.1104984009455886
22 28 -0.023609070408470715
22 29 -0.001458229302954781
22 30 -0.18204420126208823
22 31 0.004609736533571748
22 32 -0.03336607434607954
22 33 -0.13420102756114125
22 34 0.12180447241345613
22 35 0.26752833942604987
22 36 0.004094293080314323
22 37 -0.026541246686551067
22 38 -0.00375805366478319
22 39 -0.14519983098802172
23 23 0.0
23 24 0.07809190402146433
23 25 -0.010470684993977257
23 26 0.009624937952418637
23 27 0.0008699404065892942
23 28 -0.05218240036308319
23 29 0.048866573773717066
23 30 -0.05443350298910776
23 31 -0.022644468345616293
23 32 -0.005960404522344599
23 33 -0.061746094689188694
23 34 0.022029873846532037
23 35 0.0569802202053172
23 36 0.03100620732826323
23 37 -0.028480194489914908
23 38 -0.0059471264244253235
23 39 -0.026305660329553292
24 24 0.0
24 25 0.05072160902495704
24 26 0.0429079936114703
24 27 0.03135223874988545
24 28 -0.033307468914834014
24 29 0.07614380549071016
24 30 -0.1043331371948956
24 31 -0.019887332659786115
24 32 0.025266031468513722
24 33 -0.07399712780737207
24 34 0.09096933584283776
24 35 0.13015044936390568
24 36 0.0073372227609460414
24 37 -0.01039514878173758
24 38 -0.03229992991055859
24 39 -0.050161744596448246
25 25 0.0
25 26 0.0006555252914030348
25 27 -0.031490410177949055
25 28 0.022155913985771054
25 29 0.09210030600997925
25 30 -0.04304325932930439
25 31 0.010378895205940817
25 32 0.14597503024759045
25 33 0.030933366965799493
25 34 -0.12345365046991034
25 35 -0.04923128894441793
25 36 -0.04090445200574705
25 37 0.02578409956093907
25 38 -0.022979932341109063
25 39 -0.03348033996092127
26 26 0.0
26 27 -0.025175640596273675
26 28 -0.03458525680965963
26 29 0.0005540681773699363
26 30 -0.06815616342756284
26 31 0.005739916927128553
26 32 0.014671269561470718
26 33 -0.004889800394268488
26 34 0.008596931278432758
26 35 0.013032477226325034
26 36 -0.030607416275937688
26 37 0.0074632457316854365
26 38 0.0006150624145845528
26 39 0.030014805696608055
27 27 0.0
27 28 0.007214590452961194
27 29 -0.12652127949332573
27 30 0.01831568411734428
27 31 -0.005813159701339893
27 32 -0.0002774983883072942
27 33 0.025530161544646695
27 34 0.06440492437111617
27 35 0.11178917458627732
27 36 -0.010799555806595048
27 37 0.028436842429656484
27 38 0.020542263706421204
27 39 -0.040485901930085236
28 28 0.0
28 29 0.053216961807855255
28 30 -0.04985274816351094
28 31 0.14534912805045813
28 32 0.03777612642770787
28 33 0.020497047029130806
28 34 -0.08013132261049796
28 35 0.02925405504865671
28 36 -0.02878856280825049
28 37 0.09605598969486903
28 38 0.11120551014466629
28 39 0.021421884181115087
29 29 0.0
29 30 -0.09018983418210483
29 31 0.03811521629528499
29 32 0.07489042711901495
29 33 -0.09217122637818807
29 34 -0.08176016440112256
29 35 0.06789272155407686
29 36 -0.01496801996192296
29 37 -0.04477319872790218
29 38 0.02741061565196763
29 39 0.050835393951387295
30 30 0.0
30 31 -0.07761661627758099
30 32 -0.06794772197268203
30 33 0.06624521766339306
30 34 0.07718562471026583
30 35 -0.05768918733599784
30 36 0.02208140208467562
30 37 -0.07958988856004312
30 38 -0.0758771710524642
30 39 0.008927671254207833
31 31 0.0
31 32 0.04070028908909194
31 33 0.024882527948285216
31 34 -0.10551710470472671
31 35 -0.008201766214055713
31 36 0.011770469726824117
31 37 0.11130593344645279
31 38 0.137663902951659
31 39 0.06038244630135044
32 32 0.0
32 33 0.0053754581315601
32 34 -0.14504220624955264
32 35 0.024137394742842343
32 36 -0.0657426841289652
32 37 0.03614610956651476
32 38 0.04253745215279684
32 39 0.01908207631787776
33 33 0.0
33 34 -0.025172663669057228
33 35 -0.09929420300980445
33 36 0.0216262476110825
33 37 0.029176154129358457
33 38 0.010307243122670855
33 39 0.020795679140804994
34 34 0.0
34 35 0.11853370976496369
34 36 0.02976103733197654
34 37 -0.10882302767169645
34 38 -0.13379157975676145
34 39 -0.05954669634797692
35 35 0.0
35 36 -0.09110031395962112
35 37 -0.15163378263939026
35 38 -0.011983990403355963
35 39 -0.008355695486405353
36 36 0.0
36 37 0.032545084794146
36 38 0.028626363343088747
36 39 0.005389326209901865
37 37 0.0
37 38 0.14096319061425394
37 39 0.033228594178520456
38 38 0.0
38 39 0.11968741656208741
39 39 0.0
