0 0 0.0
0 1 0.05888322813378914
0 2 0.05593083123810646
0 3 0.14056084554492956
0 4 0.04808450629795744
0 5 -0.021779945097566512
0 6 0.014103987943533475
0 7 -0.016747634313703647
0 8 0.06482159427678921
0 9 -0.07922106128164799
0 10 0.039684571844757495
0 11 0.16092475111408683
0 12 0.051567340509836565
0 13 0.1295607453358535
0 14 0.05168911131310151
0 15 -0.019988622381107754
0 16 -0.15606039442998046
0 17 -0.034461467381452844
0 18 0.10523559513770668
0 19 -0.02439970992661747
0 20 -0.04819191138946809
0 21 0.021382374130222884
0 22 -0.09126619668761812
0 23 0.06271871332519131
0 24 0.07673870976975153
0 25 -0.14661852220204935
0 26 0.07948814959838953
0 27 0.13925608762929975
0 28 0.1775223213699425
0 29 -0.030350049595398564
0 30 0.024369725859129825
0 31 0.07601197694657598
0 32 -0.1244914761639071
0 33 0.040155789619015794
0 34 -0.1358877242477101
0 35 -0.05060339286297294
0 36 -0.06974916746953663
0 37 0.012702333158599772
0 38 0.029480691878456117
0 39 0.06122269196359377
1 1 0.0
1 2 -0.15877466673377447
1 3 -0.018046860147416396
1 4 -0.12282439035970542
1 5 0.04153021265401059
1 6 0.0005830236769197815
1 7 -0.07129658333264953
1 8 -0.09828458922872502
1 9 0.08264237228301467
1 10 -0.13414175306696136
1 11 0.14602807757276007
1 12 -0.16581786108887914
1 13 -0.05503083821390727
1 14 -0.03776006941110605
1 15 -0.09041946037560553
1 16 0.08442673238915872
1 17 0.10516556604684586
1 18 0.2506380512749661
1 19 0.21138440820078866
1 20 0.016702332427412647
1 21 -0.11262621231379781
1 22 0.08958077848488273
1 23 -0.08448671653838792
1 24 0.0499863715886717
1 25 0.10678502457369791
1 26 -0.013006893771909089
1 27 0.0665592310157221
1 28 -0.08691518501255838
1 29 0.09558829112642672
1 30 0.13950107552896512
1 31 0.13174363225642927
1 32 -0.0019121252074356956
1 33 -0.1505102515721926
1 34 -0.033723277737731164
1 35 0.12456263250479423
1 36 -0.23034599528103455
1 37 0.039559077373249804
1 38 -0.008425641123461659
1 39 -0.16679991629342547
2 2 0.0
2 3 0.035598591343614254
2 4 -0.02291930178325489
2 5 0.04983819538458279
2 6 -0.10767168946601466
2 7 0.06291444622674829
2 8 0.06912211483329508
2 9 -0.3586637834909809
2 10 0.11339049811529808
2 11 -0.1292935551745428
2 12 0.2144996125012768
2 13 0.0019172435538327974
2 14 0.06244424143956314
2 15 0.011220089712503137
2 16 -0.07008397017209286
2 17 0.13745737816289255
2 18 -0.23689611619920764
2 19 -0.21430784485811788
2 20 -0.10049377171156952
2 21 0.14742029297046938
2 22 -0.0690503288374937
2 23 0.10873627432474302
2 24 -0.20764107307593563
2 25 -0.13194222531362707
2 26 0.006751584092864672
2 27 0.1262221150616049
2 28 0.039786106422024625
2 29 -0.11718068951980568
2 30 -0.17656346563046882
2 31 -0.19261944665594982
2 32 -0.07086762185473941
2 33 0.12152499053265964
2 34 0.04419449651244014
2 35 -0.06891372752499683
2 36 0.18142812639051736
2 37 -0.17400130902400165
2 38 -0.07302436538923206
2 39 0.1805417871372732
3 3 0.0
3 4 0.018743718961402
3 5 -0.19628460088934513
3 6 0.13154700424261495
3 7 -0.02012210325875682
3 8 0.1258967522809932
3 9 -0.0395293795723116
3 10 0.03400876920075881
3 11 0.006305326674385233
3 12 -0.004638558200707622
3 13 0.17883292513900795
3 14 0.17405120962282547
3 15 0.018823826669395742
3 16 -0.1683515033915284
3 17 -0.07273089258410201
3 18 0.07040976909993582
3 19 0.04698149486861351
3 20 0.2250654296841592
3 21 0.0012162391504711501
3 22 -0.009530209036637767
3 23 -0.06599884230637587
3 24 -0.03657546586698522
3 25 -0.16416385324277083
3 26 -0.03715842828976108
3 27 0.07357316632716662
3 28 0.12374063943801414
3 29 0.03147249290519645
3 30 -0.04362890998663276
3 31 -0.0065846228791378025
3 32 -0.18150720793180744
3 33 0.12762696800539666
3 34 -0.07451923447673973
3 35 -0.09724861323801148
3 36 -0.23070478109424863
3 37 -0.07751836703293184
3 38 0.0519508327787402
3 39 -0.07041675564935407
4 4 0.0
4 5 -0.15060705290042276
4 6 -0.08337185083091396
4 7 -0.13533840493468752
4 8 0.07522900354958151
4 9 -0.04975718554015289
4 10 -0.08349698011162515
4 11 0.09481894540755906
4 12 -0.014449406676453475
4 13 -0.006975469243827531
4 14 0.13304971898510265
4 15 0.0183601847093003
4 16 -0.01643742251754885
4 17 -0.2266696891460927
4 18 -0.044999343634715146
4 19 -0.08861703945560484
4 20 0.09940882614500864
4 21 0.027116515091695
4 22 0.024603478321537798
4 23 0.02416337941856183
4 24 -0.04136753351350029
4 25 0.18950078698964753
4 26 -0.04634627701178762
4 27 0.08370548295828703
4 28 0.07378500812602998
4 29 0.026531444413879068
4 30 0.14242076869126855
4 31 -0.2164311513494578
4 32 -0.14278485136918198
4 33 -0.1735050228608594
4 34 -0.15600190542690057
4 35 -0.09002467143882571
4 36 -0.03392763114827064
4 37 0.1668655707434749
4 38 0.09630463308391624
4 39 0.057694887354278315
5 5 0.0
5 6 -0.008485077471758095
5 7 0.2939173407724292
5 8 0.04883319653359257
5 9 -0.04275771901926872
5 10 -0.110576343541405
5 11 -0.15032593595616078
5 12 0.19480871590752707
5 13 -0.11228202422934352
5 14 -0.17836196785892922
5 15 0.022524362591432572
5 16 0.03762641832213256
5 17 0.27067920475431756
5 18 0.054551873390734286
5 19 -0.02337930714954083
5 20 -0.46015969371913884
5 21 -0.09560679027594733
5 22 -0.0327430966942259
5 23 0.22110845670829687
5 24 0.18668345483915832
5 25 -0.021134141811965493
5 26 0.06029253507170871
5 27 -0.043925128105827896
5 28 -0.1387211871450443
5 29 -0.03331870019949607
5 30 -0.25464013586701856
5 31 0.3137104180679515
5 32 0.2244094778209571
5 33 -0.012142777395082047
5 34 -0.04612372278065098
5 35 0.15113983761803454
5 36 0.15462291758404506
5 37 -0.06739334581428805
5 38 -0.06873071284539196
5 39 -0.10700282711070468
6 6 0.0
6 7 0.14090264135287284
6 8 0.1440757106495589
6 9 0.14943819100704486
6 10 0.02834091787298425
6 11 -0.0208788401634967
6 12 0.006986387138937557
6 13 0.20654960429116476
6 14 0.02039527587380185
6 15 0.0997476753379401
6 16 -0.019211964299249425
6 17 0.052133462560738766
6 18 0.08943953436104143
6 19 0.06889182993908483
6 20 0.021545197401607374
6 21 -0.08136839480824468
6 22 -0.020047994654368777
6 23 -0.17825759625968268
6 24 0.028980411458741834
6 25 -0.15693030207074468
6 26 0.011793259558942101
6 27 -0.07716650056362931
6 28 0.09882151578535232
6 29 -0.013373202338816226
6 30 -0.07542568756427306
6 31 0.17353812423044893
6 32 0.026950841758855575
6 33 0.06866078576901583
6 34 0.06197641503556115
6 35 0.06900600343875152
6 36 0.09981099178304466
6 37 -0.028046365923759392
6 38 0.05178471094789142
6 39 -0.09964524286279358
7 7 0.0
7 8 0.3352710148583531
7 9 -0.32883170490967434
7 10 0.0657568797505473
7 11 -0.30106980433953595
7 12 0.11159353918667211
7 13 0.19196245411933166
7 14 0.0806997572907133
7 15 0.18377294334738362
7 16 0.09931684699829661
7 17 0.3092088773138522
7 18 -0.08904655136224068
7 19 0.017737465480402958
7 20 -0.17438420832541704
7 21 -0.12660331335539568
7 22 -0.08641921499026875
7 23 -0.015437835742586229
7 24 0.2778891895921405
7 25 -0.21899724236896362
7 26 0.09739559880660073
7 27 0.06323889954696732
7 28 -0.026054528864114707
7 29 0.064955665774549
7 30 -0.04679300164484208
7 31 0.30326136932047176
7 32 -0.051063482438713934
7 33 0.192604217959808
7 34 0.13369740312832884
7 35 0.15886713166008246
7 36 0.22221782991279007
7 37 -0.09712134806944343
7 38 -0.08762789361876624
7 39 -0.008790991159603414
8 8 0.0
8 9 -0.1999928434660457
8 10 0.02886188496960183
8 11 -0.2931119624117224
8 12 0.1476220871503105
8 13 0.11272605998670897
8 14 0.2287209410085056
8 15 0.006982082646726294
8 16 -0.0309856669636895
8 17 0.12376987785516283
8 18 -0.11945305602557396
8 19 -0.05897914104748929
8 20 -0.09312672514578035
8 21 0.007924395158603634
8 22 -0.16723621985586432
8 23 -0.06066493919513111
8 24 0.08309957900150644
8 25 -0.15039930187172862
8 26 0.08641356955861418
8 27 0.11126798254804389
8 28 0.12784456023343962
8 29 0.08914918528712076
8 30 0.01576354994132758
8 31 0.10340773232772785
8 32 -0.1875444892130084
8 33 0.2835171644912292
8 34 0.11159066615048108
8 35 0.05312414481441293
8 36 0.1202862725753667
8 37 -0.07612333386773018
8 38 -0.026012292890961918
8 39 0.11661373892406017
9 9 0.0
9 10 -0.0019262473548003814
9 11 0.2938040516611137
9 12 -0.055626716708060506
9 13 0.07087567678809838
9 14 -0.1363136654533162
9 15 -0.047755467390070847
9 16 0.03009113511247356
9 17 -0.14457881814685394
9 18 0.26631125544285295
9 19 0.27679387696826857
9 20 -0.08930792896499183
9 21 0.05324553911573575
9 22 0.08824662628468302
9 23 -0.3128275127312198
9 24 0.08680976721635797
9 25 0.016472555121997707
9 26 -0.046267646725546466
9 27 -0.1756436569380792
9 28 -0.017420190392494588
9 29 -0.06595713063937425
9 30 -0.05719642568551213
9 31 0.2504959220464831
9 32 0.2724515151441038
9 33 -0.050352244635686064
9 34 -0.08405182446965352
9 35 0.1583051432225205
9 36 0.0021261132470136654
9 37 0.10096946786303436
9 38 0.12285476666719793
9 39 -0.19296962813080112
10 10 0.0
10 11 -0.03932455265627062
10 12 0.13898562571389061
10 13 0.04540600869012391
10 14 0.04585054828375991
10 15 0.1259144371448801
10 16 -0.06695252261419635
10 17 0.11559566435195448
10 18 -0.058966303462878344
10 19 -0.04183250166328402
10 20 0.035834080251120684
10 21 0.11937204325604966
10 22 -0.07068152449217865
10 23 -0.04371545831406479
10 24 -0.04427378806091383
10 25 -0.17947874871644415
10 26 0.13274005584189508
10 27 0.0712871395406829
10 28 0.08544075290459983
10 29 -0.08444693919361018
10 30 0.08959533585069461
10 31 0.07930648878757691
10 32 -0.14772333670891183
10 33 0.1295787628951624
10 34 -0.04663423104536267
10 35 -0.06275017603610863
10 36 0.13300174613988075
10 37 -0.14697263098184693
10 38 0.008666182004343773
10 39 0.10782127487773352
11 11 0.0
11 12 -0.1587876624624566
11 13 0.0470229303120824
11 14 -0.2403399274397168
11 15 0.19545603522586708
11 16 -0.08967533863299584
11 17 -0.20318075616407283
11 18 0.2999755289880554
11 19 0.13749653742256174
11 20 0.1480405503753879
11 21 0.07197424188527246
11 22 0.16261815288608264
11 23 -0.06884853630152829
11 24 -0.037870630073943944
11 25 0.07809072867153734
11 26 0.06860292571608824
11 27 0.1756058611577997
11 28 -0.1247088075770622
11 29 0.011898390370075458
11 30 0.09666010756764491
11 31 -0.130971981772888
11 32 -0.1398447064334829
11 33 -0.2769735451207224
11 34 -0.22998133944968063
11 35 -0.042004225724659436
11 36 0.0240519410309347
11 37 0.0753936586792279
11 38 -0.12373584898637417
11 39 -0.04411682566540864
12 12 0.0
12 13 0.08419102479301002
12 14 0.16349127513893488
12 15 0.06493400682187507
12 16 -0.14805134364938355
12 17 0.1481953273306277
12 18 -0.25878641518821327
12 19 -0.1021895966071362
12 20 -0.3577482525647139
12 21 0.0974577694880243
12 22 -0.1350148110032435
12 23 -0.011985837292214013
12 24 -0.12929695176059075
12 25 -0.05241483033910003
12 26 0.10235694141870344
12 27 0.036230488594434854
12 28 0.11411129520661856
12 29 -0.10814702692281689
12 30 -0.1483587614853205
12 31 -0.002537620207083846
12 32 0.0087322701190541
12 33 0.17338165107828266
12 34 0.06982028820223656
12 35 0.2656223531111029
12 36 0.20203891539755614
12 37 -0.16554733692131834
12 38 -0.08369429106361712
12 39 0.10495201447573163
13 13 0.0
13 14 0.1811972036010224
13 15 0.11124387581412185
13 16 -0.03766947202521244
13 17 0.00490530807136889
13 18 0.04380171429845643
13 19 0.12989886693170893
13 20 -0.034952428490341476
13 21 -0.11535276511412884
13 22 -0.08062632162477587
13 23 -0.29229409716192056
13 24 0.06889339369853861
13 25 -0.1331046337684786
13 26 -0.11520467763685449
13 27 -0.022949640712335177
13 28 0.11726963586989489
13 29 -0.04903517283190141
13 30 -0.08160480543811971
13 31 0.17945312156499033
13 32 -0.03771223207671191
13 33 0.01919525244668923
13 34 -0.020038111471654168
13 35 0.15088260148698185
13 36 0.09677408220839576
13 37 -0.05611580447961704
13 38 0.08029139699340138
13 39 -0.11558557908732822
14 14 0.0
14 15 -0.11256149938114035
14 16 -0.050510836613142554
14 17 0.00816434092091489
14 18 -0.16367390308800672
14 19 -0.06221939982930023
14 20 -0.06347703349111046
14 21 0.013148514220381064
14 22 -0.10331540736743386
14 23 -0.18459928285491428
14 24 -0.08762300741372563
14 25 0.04816048818255429
14 26 -0.034693131281315945
14 27 0.033005937434527004
14 28 0.18386182186279815
14 29 0.13519654774309392
14 30 0.1929689474053455
14 31 -0.09379939603961805
14 32 -0.1280162567240469
14 33 0.15947204755751593
14 34 -0.044502079961284344
14 35 0.17759797836373786
14 36 -0.14949965499969076
14 37 -0.07049355301933279
14 38 0.009764217197083775
14 39 0.0010360135640276901
15 15 0.0
15 16 -0.0028168825197588355
15 17 0.013152770173600017
15 18 -0.006750337964190177
15 19 0.06506741403015907
15 20 0.037334785011929945
15 21 -0.059490665998847655
15 22 0.03772486308382371
15 23 -0.0018379417114938162
15 24 -0.026579607249374432
15 25 -0.04091834542033755
15 26 0.023877158853785024
15 27 0.13659503437882597
15 28 0.03816815959815697
15 29 -0.04327454361447065
15 30 0.015099569923992213
15 31 0.05646778233832054
15 32 -0.13567486756582608
15 33 -0.1379654811351189
15 34 -0.033282318384551986
15 35 0.01305247910559495
15 36 0.2580428891594984
15 37 -0.0330950279011699
15 38 -0.026498005910655147
15 39 0.0062279206546635695
16 16 0.0
16 17 0.05130162645602117
16 18 0.05614849989552538
16 19 0.1326852437604747
16 20 -0.04726440179854198
16 21 -0.12290296895906691
16 22 0.05162947112735128
16 23 -0.05444184381381969
16 24 0.06640850036813276
16 25 0.10360865747196342
16 26 -0.08876204140159397
16 27 0.0077271816625185275
16 28 -0.05466936922252095
16 29 0.03114539386309966
16 30 0.10683646506382385
16 31 0.1501668815576188
16 32 0.08614422835956123
16 33 -0.11641106975944863
16 34 0.04669111075412113
16 35 0.01908999262154793
16 36 0.07216374999496689
16 37 0.09280821633674252
16 38 0.1177480643958457
16 39 -0.05042588839334576
17 17 0.0
17 18 -0.023813120357499683
17 19 -0.016178122550575092
17 20 -0.16708008053643372
17 21 0.016073235521563936
17 22 -0.005905158930238413
17 23 -0.09016702324694606
17 24 0.0064410721646964205
17 25 -0.1421357651765806
17 26 0.062431709071590125
17 27 0.032856642279144824
17 28 -0.09730577003853198
17 29 -0.046878192956087514
17 30 -0.09040486950378625
17 31 0.15406093146131108
17 32 0.04455613427727522
17 33 0.07851739849143993
17 34 0.08075420116239274
17 35 0.18662103564580998
17 36 0.13528916737707866
17 37 -0.16052263016656115
17 38 -0.08384581256618603
17 39 -0.05172063199285816
18 18 0.0
18 19 0.23711329828456354
18 20 0.12072952731259332
18 21 -0.13765729035449734
18 22 0.09215581971957346
18 23 -0.05956232302417571
18 24 0.19765973274859044
18 25 0.0019495147969147302
18 26 -0.026074694116705772
18 27 0.031003920573413536
18 28 -0.1073806698711477
18 29 0.061590473853941265
18 30 0.1052749647485373
18 31 0.2872586024902154
18 32 -0.024960378758951924
18 33 -0.1784032488552283
18 34 -0.22594743246522137
18 35 -0.09628680630979823
18 36 -0.18151179634344172
18 37 0.08904426702259813
18 38 0.10986874488090119
18 39 -0.22229784093157456
19 19 0.0
19 20 -0.044665346935647984
19 21 -0.21569989807134102
19 22 0.021935785667165725
19 23 -0.15502850001921106
19 24 0.16161874792008074
19 25 0.1252193950050337
19 26 -0.019199512995143612
19 27 0.12196566277977075
19 28 -0.05492079721956418
19 29 0.04443045541153223
19 30 0.125998676387949
19 31 0.39093807077582393
19 32 -0.09042012167642269
19 33 -0.08707571309502925
19 34 0.036074582412385175
19 35 0.1823359109408534
19 36 -0.1519094746950282
19 37 0.03591454559635373
19 38 0.11809725994577429
19 39 -0.1596502933172535
20 20 0.0
20 21 0.05334815234988928
20 22 0.1663671837211893
20 23 -0.038873021645538186
20 24 -0.045090536554707863
20 25 -0.054598198928618814
20 26 -0.10922374334551514
20 27 -0.01874602398309552
20 28 -0.05879973113772814
20 29 0.04421711919846357
20 30 0.08094003651418023
20 31 -0.2804602425683388
20 32 -0.19762411495498455
20 33 -0.15664950066104646
20 34 -0.08069473508430469
20 35 -0.3818245121704531
20 36 -0.25958649204638995
20 37 0.056491984644014934
20 38 0.021428753182819733
20 39 -0.06582358200330188
21 21 0.0
21 22 0.02931628716247403
21 23 -0.02107844596973108
21 24 -0.12289451502482485
21 25 -0.17290244958454754
21 26 0.060990602945607195
21 27 0.04014693800447843
21 28 0.01900900254276296
21 29 -0.060123974022594354
21 30 -0.15685385210786568
21 31 -0.28168725307593545
21 32 -0.0036760295202169836
21 33 0.1310772372003447
21 34 -0.00971951985532862
21 35 -0.09822252536242744
21 36 0.0945744184686506
21 37 -0.10718019169848644
21 38 -0.16890436514570742
21 39 0.14894258421886855
22 22 0.0
22 23 -0.04125122442860824
22 24 -0.06782267308943857
22 25 0.04703178616044574
22 26 -0.040081271902973475
22 27 -0.024338586848804203
22 28 -0.08695907960229655
22 29 -0.02760364455581993
22 30 -0.048634004212804734
22 31 -0.12775936425251166
22 32 0.07845408772242041
22 33 -0.21044213084789654
22 34 -0.04743843820955129
22 35 -0.021472274030298784
22 36 -0.08063471886034754
22 37 0.06026415393242933
22 38 -0.006364666743453672
22 39 -0.131356194770825
23 23 0.0
23 24 0.04342622966876176
23 25 0.035374633705268145
23 26 0.11360772853787138
23 27 0.05370636412138936
23 28 0.0026232388237740103
23 29 0.007549089624773994
23 30 -0.032103245968549174
23 31 -0.05192868426540346
23 32 -0.04031613935415897
23 33 0.005767821970865712
23 34 -0.03075275010908262
23 35 -0.2565535044262586
23 36 -0.06377481633388561
23 37 0.0248796839413584
23 38 -0.03404868019351097
23 39 0.1455137355907999
24 24 0.0
24 25 -0.07637632971013296
24 26 -0.013048839765770278
24 27 -0.017184784581786797
24 28 -0.1134682335006433
24 29 0.10368094053986794
24 30 0.060567787151590835
24 31 0.39440513876724764
24 32 0.012101186194627142
24 33 0.06721967511512247
24 34 -0.09964165420242081
24 35 -0.0384102404544566
24 36 -0.08513920257346799
24 37 0.08539761683964911
24 38 0.03902561583926467
24 39 -0.08273010133933599
25 25 0.0
25 26 -0.04630813071072918
25 27 0.005646129792982103
25 28 -0.12589182014606468
25 29 0.10209895430069879
25 30 0.2907806240623581
25 31 -0.09645467277874334
25 32 -0.030547835252361332
25 33 -0.2500494453184432
25 34 -0.03493296814259577
25 35 0.16017783384870452
25 36 -0.16069723216056625
25 37 0.15670408513640255
25 38 0.05278289919721565
25 39 -0.05187689484327508
26 26 0.0
26 27 0.10195953420754053
26 28 0.02611595201473868
26 29 0.023312382716162386
26 30 0.09171566977795023
26 31 0.014871572721305178
26 32 -0.14546584884469532
26 33 0.1868451696193382
26 34 0.1219215494076944
26 35 0.08290558650771374
26 36 0.033452617440583414
26 37 -0.05531388269011297
26 38 -0.13865358613686468
26 39 0.14451316684867171
27 27 0.0
27 28 0.03522586774449635
27 29 0.06075367835256192
27 30 0.15871879236014383
27 31 0.02941909068610992
27 32 -0.34088945074392196
27 33 0.003928595903392321
27 34 -0.053039616051853575
27 35 -0.027436513723885676
27 36 0.024200065253920988
27 37 -0.05978791078200309
27 38 -0.05326622999050579
27 39 0.13323778064809105
28 28 0.0
28 29 -0.07218197196762391
28 30 -0.04655490280334644
28 31 0.016730062667932106
28 32 -0.030652904857024044
28 33 0.04702635597566983
28 34 0.04609455028823935
28 35 -0.03413742009143191
28 36 0.04185083436828995
28 37 -0.014287209901606469
28 38 0.12442017473769866
28 39 0.08336681364731498
29 29 0.0
29 30 0.24983905819249236
29 31 0.008255751066634762
29 32 -0.1330662068105669
29 33 0.07707841906233494
29 34 -0.052943101056276684
29 35 0.005346655569632747
29 36 -0.14468271051257275
29 37 0.017758727017567817
29 38 -0.08658650124055274
29 39 -0.00697578035342946
30 30 0.0
30 31 0.05742553618009237
30 32 -0.2636223982027474
30 33 -0.011845968939585522
30 34 -0.15147722819118248
30 35 0.0515162736452436
30 36 -0.16233167352601388
30 37 0.17207110447798288
30 38 0.09265018191350996
30 39 0.07102589151243603
31 31 0.0
31 32 0.04180740366513316
31 33 0.07594093034394782
31 34 -0.03951342249848139
31 35 0.12486062124860349
31 36 0.01545291303027615
31 37 0.004823964153669608
31 38 0.2163022730473935
31 39 -0.15933589380287372
32 32 0.0
32 33 -0.047431429559903496
32 34 0.051360395347266
32 35 0.12145761686843701
32 36 0.09211619111007373
32 37 0.10026388426492823
32 38 0.08316277279718837
32 39 -0.14036533047537483
33 33 0.0
33 34 0.1900182546797088
33 35 0.049562382206864423
33 36 0.058483125529767664
33 37 -0.1485994344709088
33 38 -0.11895205517605065
33 39 0.21440884785879705
34 34 0.0
34 35 0.16965279742294198
34 36 0.11863437882242586
34 37 -0.06104789644972384
34 38 -0.08691568087390414
34 39 0.12089781275184679
35 35 0.0
35 36 0.05033446755070967
35 37 -0.02053819863721653
35 38 -0.07056411153401188
35 39 -0.09676613085507782
36 36 0.0
36 37 -0.0663512943954804
36 38 -0.06096019772140373
36 39 0.19160221628968693
37 37 0.0
37 38 0.16206256813690967
37 39 -0.030365269557819374
38 38 0.0
38 39 -0.08489463394455357
39 39 0.0
