0 0 0.0
0 1 0.020438326776150987
0 2 0.06195030212611387
0 3 0.03003592719693275
0 4 -0.013379268378348175
0 5 -0.1532429764382452
0 6 -0.008645035735062508
0 7 -0.0562094739330581
0 8 0.026770135469019362
0 9 0.08484467111097788
0 10 -0.044511539414422915
0 11 -0.1380662167997745
0 12 0.01784428659698975
0 13 0.1084834211447359
0 14 0.004080444607963209
0 15 -0.015785645177840486
0 16 -0.01589620851969179
0 17 0.06872421730974408
0 18 0.07382880585139551
0 19 0.04045878044934052
0 20 0.14908818226323448
0 21 0.07123443362008683
0 22 0.06615382637289997
0 23 0.2211915863957706
0 24 -0.060526821779462746
0 25 -0.02525928627404601
0 26 -0.02772706267351003
0 27 0.13377035855361805
0 28 0.06675242064919143
0 29 -0.029320946377560296
0 30 0.0026069713999302873
0 31 -0.03536232756994611
0 32 -0.058275930192766515
0 33 0.13549687397850158
0 34 0.050483029518271105
0 35 -0.06178547159954144
0 36 -0.12224206205147352
0 37 -0.04776804502211833
0 38 -0.07370502330888953
0 39 -0.08352314024979841
1 1 0.0
1 2 0.0024977731288704347
1 3 0.016996008480707217
1 4 -0.08801260636393092
1 5 0.005480015608048449
1 6 -0.019369368790817125
1 7 -0.08677367090717875
1 8 0.04109590686406372
1 9 -0.018362706391043968
1 10 0.01591028474099773
1 11 -0.10795459461681814
1 12 0.05309552340936189
1 13 -0.059237422446263975
1 14 0.0012319934243635458
1 15 -0.03203396861383999
1 16 -0.12240974734044811
1 17 -0.04550545031157359
1 18 -0.007543809213144149
1 19 0.1028268648389982
1 20 -0.02822638748330452
1 21 -0.059137215796638366
1 22 -0.03149967888053225
1 23 0.07404108282389979
1 24 -0.03718484693007867
1 25 0.1134305402679745
1 26 -0.07050871194836501
1 27 0.11425044363102488
1 28 0.06040521385168553
1 29 -0.043320081540134156
1 30 -0.021949782046602324
1 31 -0.08215242319340031
1 32 0.05806201673308505
1 33 0.12412565514632383
1 34 0.08565303933216037
1 35 0.008452150242592651
1 36 -0.0804035665279442
1 37 0.018651087275799075
1 38 -0.1259693535087781
1 39 0.14322365323378383
2 2 0.0
2 3 -0.11126433691480668
2 4 -0.08552525694072426
2 5 -0.08582675158465394
2 6 0.07884550934668151
2 7 0.0928279844844078
2 8 -0.0806384021351999
2 9 -0.06910785815493871
2 10 -0.007885432174536465
2 11 -0.06201578730657005
2 12 0.09090722304287793
2 13 -0.08470015410973472
2 14 0.13649436121343655
2 15 -0.14602202486074206
2 16 0.07221621976551854
2 17 -0.0024825728639439556
2 18 0.022005785932897044
2 19 -0.025508233633529626
2 20 0.1059955888813138
2 21 -0.021139661633654886
2 22 -0.12397391278692202
2 23 0.057749320318131125
2 24 -0.019383543653738795
2 25 -0.0016864198541386073
2 26 0.06674045362760264
2 27 0.08374453739938326
2 28 0.1582204205665732
2 29 -0.12296861468249183
2 30 -0.07287514665625996
2 31 0.0013377654068415315
2 32 0.12190182580225681
2 33 0.039075453504037884
2 34 -0.0053124376115309575
2 35 -0.06395972009234031
2 36 0.05132919083658184
2 37 -0.23146043762224955
2 38 0.09945210642011858
2 39 -0.05569162433606713
3 3 0.0
3 4 -0.013741309602937702
3 5 0.049835692194045315
3 6 -0.04425740052796223
3 7 -0.10484233697719295
3 8 0.025960982144232696
3 9 0.011737203740249003
3 10 0.06001542039178246
3 11 0.08597453674258865
3 12 -0.02318794807399483
3 13 0.1124391379502651
3 14 -0.02223577493339823
3 15 0.10937242453307923
3 16 0.06295588063653954
3 17 -0.029702534320384714
3 18 -0.050987838448305754
3 19 -0.023806266253593836
3 20 0.19042552776463675
3 21 0.0373163417773623
3 22 -0.004942256559423971
3 23 -0.07265132549309042
3 24 -0.059306459361444686
3 25 -0.07191148383143381
3 26 -0.006485991149261175
3 27 0.008053597868564561
3 28 -0.1420845305524756
3 29 0.028320785188449483
3 30 -0.020101767275664883
3 31 -0.06540709661671312
3 32 -0.05196489307160875
3 33 0.09481997443649229
3 34 0.004293387006838889
3 35 0.06319035451399221
3 36 0.009199314881933028
3 37 0.16458685183694358
3 38 -0.014563964421518569
3 39 0.08823341076522924
4 4 0.0
4 5 0.030312740688883483
4 6 -0.0642186236879195
4 7 0.12186233185938415
4 8 0.034548036633027066
4 9 0.09088521092591513
4 10 -0.09171315386731102
4 11 0.1530051166734412
4 12 -0.03833560502497951
4 13 0.025943254363842816
4 14 -0.1104405439392776
4 15 0.26168482751929895
4 16 -0.0011023340356065199
4 17 -0.06918757594996856
4 18 0.050868472956880684
4 19 -0.06685272320287988
4 20 -0.15208750536129628
4 21 0.07186751267470845
4 22 -0.0615895305371308
4 23 -0.05547573977018092
4 24 0.07585540027516972
4 25 -0.07060449556370227
4 26 -0.09713484941427772
4 27 -0.07005927478333213
4 28 0.07462834738615085
4 29 -0.014660438287409145
4 30 0.039100164779963045
4 31 0.22317484990305636
4 32 0.01329216727678893
4 33 -0.12371726906094119
4 34 0.0667916080206858
4 35 0.1279998499147787
4 36 0.058259426702369145
4 37 0.006636066002212436
4 38 0.07540817731366592
4 39 -0.015514463889698613
5 5 0.0
5 6 -0.005744610230663234
5 7 0.00684280272336055
5 8 0.03334217125012835
5 9 0.00332149034802975
5 10 0.006628542761105268
5 11 0.07951045903909851
5 12 -0.020924988912942588
5 13 -0.02346703648162207
5 14 0.07124613228285234
5 15 0.011222130509571009
5 16 -0.02754974696082585
5 17 -0.07252182400861867
5 18 0.019323196261920254
5 19 -0.0022557001504270565
5 20 -0.11658411633128488
5 21 -0.03714822485735989
5 22 0.019344356982466986
5 23 -0.04964175127598184
5 24 0.05808328656179802
5 25 -0.0668982356615335
5 26 0.03161158244528377
5 27 -0.06266459089294164
5 28 -0.0661648852683354
5 29 0.006886356098295391
5 30 0.01582577201985544
5 31 0.01847894453477974
5 32 -0.03625051471762854
5 33 -0.08495788924377898
5 34 0.008156426993450195
5 35 0.07453794240087402
5 36 -0.01741282035188532
5 37 0.13754534845823613
5 38 -0.06805587484997598
5 39 0.16659937409899223
6 6 0.0
6 7 0.07075799640339164
6 8 -0.11093085188549076
6 9 -0.023371745218188703
6 10 0.04639764815759262
6 11 0.04601570170516756
6 12 -0.035508913984191696
6 13 0.014913456040463225
6 14 0.08457520225599363
6 15 -0.0901604944202273
6 16 0.03986934706159183
6 17 0.05659496854818509
6 18 0.11449810294177112
6 19 -0.010342995132257138
6 20 -0.01579641038131505
6 21 0.05233883474838419
6 22 -0.010431266620473322
6 23 0.03560698513894178
6 24 0.04260957971318884
6 25 -0.015778483004907234
6 26 0.044118245813515256
6 27 -0.017893818450654107
6 28 -0.034395352241541666
6 29 0.050778303496515076
6 30 -0.08389819460569284
6 31 -0.0942982286609767
6 32 -0.044386779497878164
6 33 -0.03411701290600508
6 34 0.04050556066816137
6 35 -0.07656551025905238
6 36 0.06694651622981711
6 37 -0.13384843835063095
6 38 0.02609759054010948
6 39 -0.011643238845425799
7 7 0.0
7 8 -0.13060558197218713
7 9 0.02054982623541969
7 10 -0.011388795040760642
7 11 0.051560580683607624
7 12 0.05134826630042355
7 13 -0.00998941069450041
7 14 0.05670915444343812
7 15 -0.005369046453272816
7 16 -0.002499193292187142
7 17 0.008585241029220484
7 18 0.07812958183843381
7 19 -0.09094700929592515
7 20 -0.17244138595555625
7 21 -0.009516511170133711
7 22 -0.08809704093870621
7 23 -0.04356237712106678
7 24 0.09687855768367468
7 25 -0.04670681235087926
7 26 0.025668686135354297
7 27 -0.10266281072112585
7 28 0.02205939205703319
7 29 -0.04885139369427162
7 30 -0.10403273458660771
7 31 0.2117956084892731
7 32 0.02129518470607216
7 33 -0.12951524155300934
7 34 -0.01056881528847722
7 35 -0.06574906918907424
7 36 0.10621421243401467
7 37 -0.06879468417094264
7 38 0.23717213496703476
7 39 -0.06854010830057104
8 8 0.0
8 9 0.03764150043468247
8 10 -0.035800605923427695
8 11 -0.09807703364279356
8 12 -0.018342204095617716
8 13 -0.08297389991473376
8 14 -0.03400048067620481
8 15 0.01722780518182257
8 16 -0.095569661408354
8 17 -0.16581204267732563
8 18 -0.11668492650356457
8 19 0.08733950495455403
8 20 -0.054292887707276805
8 21 -0.04837685957547413
8 22 0.06827447565974379
8 23 0.07450384364817195
8 24 0.030202766866488057
8 25 -0.01677132923388667
8 26 0.019512736188683676
8 27 0.013869577126731345
8 28 0.09979878822489621
8 29 -0.0481459809293768
8 30 0.07476196186122783
8 31 -0.03741619951934424
8 32 0.043080801399611714
8 33 0.013302644245399056
8 34 -0.07878051159485329
8 35 0.03212680301960105
8 36 -0.1487828121624102
8 37 0.0596445302027897
8 38 -0.1835031616868176
8 39 0.06480806680077736
9 9 0.0
9 10 -0.02513813674912767
9 11 -0.1110362453403827
9 12 -0.08657411274935987
9 13 0.01626914344978473
9 14 -0.0359823124672103
9 15 0.009893482870471666
9 16 -0.03256141527544521
9 17 0.05675258487941111
9 18 0.05491922541915267
9 19 -0.003789181394700178
9 20 -0.09331605872297048
9 21 0.020282577316541553
9 22 0.0008147581309741936
9 23 0.12072566738299184
9 24 0.03539359282290971
9 25 -0.030942020500954247
9 26 -0.05784804064507136
9 27 -0.0583766066409512
9 28 -0.006269428202159875
9 29 -0.053454298321554475
9 30 -0.0284159283236377
9 31 0.08668311068616202
9 32 -0.05843665694892913
9 33 -0.06870796657344222
9 34 0.03265801266786373
9 35 -0.006450498350604896
9 36 -0.09438695337327682
9 37 0.006592968503815277
9 38 -0.10465827113575861
9 39 -0.0676080158452926
10 10 0.0
10 11 0.029892829624120633
10 12 -0.02396529610872203
10 13 0.018818466597135326
10 14 0.05156813793173602
10 15 -0.06089428745215499
10 16 0.061836991429291846
10 17 -0.029780576135855285
10 18 0.04499642938393074
10 19 0.009897605011646356
10 20 0.04413337675381555
10 21 0.005406647979142971
10 22 -0.03516957451117221
10 23 0.010379040923852584
10 24 0.03650914972821498
10 25 -0.007654175318307446
10 26 0.06837940936345868
10 27 -0.023192137418287847
10 28 -0.10207640045982842
10 29 0.031817412976026305
10 30 -0.06611514294988538
10 31 -0.0783188790893175
10 32 -0.04043343339093307
10 33 0.08638628100500387
10 34 -0.005916950166895496
10 35 -0.03946584914157564
10 36 0.07383109296783333
10 37 -0.013607602239639374
10 38 -0.020393020280821777
10 39 0.014619509854176482
11 11 0.0
11 12 0.061105615901650714
11 13 0.14743764703933218
11 14 0.07424727938199085
11 15 0.1769859318501927
11 16 0.17373376992172537
11 17 -0.06269575971483252
11 18 0.041165749581433785
11 19 -0.10916690855254214
11 20 0.19014339148618914
11 21 0.18030038637711962
11 22 0.0717481329607349
11 23 -0.31982018891153163
11 24 0.05728735333131798
11 25 -0.14242772558899425
11 26 0.050570174909000135
11 27 0.005277064692900046
11 28 -0.17979086938158992
11 29 0.2583903960177776
11 30 -0.03527652828008952
11 31 -0.17194823696658007
11 32 -0.06235951519996896
11 33 -0.08652330743677478
11 34 0.0645236381643888
11 35 0.03764985804245477
11 36 0.31044164748246456
11 37 0.07055316607953198
11 38 0.23854077697972514
11 39 0.11161031602082339
12 12 0.0
12 13 -0.021509359241559455
12 14 0.10164301319808425
12 15 -0.05180326933880004
12 16 0.0032460365275011347
12 17 -0.06154699288671685
12 18 -0.027140758603261685
12 19 -0.002860843847538503
12 20 0.07521900098784204
12 21 -0.06871782608667262
12 22 0.011760005944262339
12 23 -0.07502825656458818
12 24 -0.012412478318265667
12 25 0.02929614827531753
12 26 0.04356336763615988
12 27 0.12168495672498263
12 28 0.03496317972266315
12 29 -0.015385458414216551
12 30 0.03348600514923635
12 31 0.06197101883048663
12 32 0.0713830045416247
12 33 0.09098623750059395
12 34 0.00040993174721693653
12 35 -0.008383117852855313
12 36 0.07724951356362106
12 37 0.09216832535812411
12 38 0.13160906334114067
12 39 0.04955433086809011
13 13 0.0
13 14 -0.058399003408407056
13 15 0.13696811203528883
13 16 0.058786789025653964
13 17 0.08866111179401406
13 18 0.02163650012005933
13 19 -0.058124420715630266
13 20 0.15746696698865353
13 21 0.10615317591155009
13 22 0.06201285149189478
13 23 -0.08971974210342348
13 24 -0.06289861446660758
13 25 -0.05972735660043384
13 26 -0.0313984332834533
13 27 -0.0016158320665798508
13 28 -0.15553256788565076
13 29 0.12246393184576938
13 30 -0.012104411570693073
13 31 -0.048238090301750886
13 32 -0.10890522767571971
13 33 0.032566676853801615
13 34 0.028684648386219806
13 35 0.005896739607331417
13 36 0.05677558571077061
13 37 0.10803517735732937
13 38 0.11517977377838313
13 39 -0.00869570224850241
14 14 0.0
14 15 -0.31907844509482464
14 16 0.13710623044566278
14 17 -0.01507664790856263
14 18 0.18688329421559993
14 19 -0.0077609588636344705
14 20 0.07029082366864801
14 21 0.01457647545495717
14 22 0.03752777513209492
14 23 0.10755896566494538
14 24 0.14907618405551726
14 25 -0.11162403883354896
14 26 0.16304038760645734
14 27 0.06724637943157273
14 28 -0.06331691552605297
14 29 -0.00258945718486112
14 30 -0.10890287374850124
14 31 -0.11628719187558254
14 32 -0.057038932188419024
14 33 -0.045261209355640084
14 34 0.07533595669686846
14 35 -0.11089393253751083
14 36 0.1008345517698805
14 37 -0.06049255135848534
14 38 -0.10330619059985365
14 39 0.031048198269240296
15 15 0.0
15 16 -0.07516884274897309
15 17 -0.09423711615528838
15 18 -0.18075816999764016
15 19 -0.05664894561983932
15 20 0.028006204342705
15 21 0.05353162500130719
15 22 -0.07229380033711727
15 23 -0.2465522710965044
15 24 -0.14013466282480405
15 25 -0.013236216079390023
15 26 -0.1502998154457851
15 27 -0.04748129053342649
15 28 0.036822234002565096
15 29 0.03647410261540462
15 30 0.0892304148142758
15 31 0.12040050977764294
15 32 0.06625440713869053
15 33 0.038813916697583634
15 34 -0.035485359945744414
15 35 0.20072836377097064
15 36 0.004428321391148093
15 37 0.13820044475300086
15 38 0.23242725372621192
15 39 0.11339057872916725
16 16 0.0
16 17 0.08256958413441332
16 18 0.07488628544995465
16 19 -0.12116726159128262
16 20 0.29621017215675205
16 21 0.10233892859527478
16 22 -0.06420101521925728
16 23 -0.06962993455114783
16 24 0.014180669327579831
16 25 -0.11502766060016575
16 26 0.07153815510422058
16 27 0.007739390225429871
16 28 -0.13246328488047696
16 29 0.02247823843678838
16 30 -0.0771056026766334
16 31 -0.05506049430926262
16 32 -0.04156194184383406
16 33 -0.01219747590808072
16 34 0.04221432460489206
16 35 -0.009327491669777506
16 36 0.2030022297995111
16 37 -0.07197378232462052
16 38 0.0582138569817235
16 39 -0.12867088863578144
17 17 0.0
17 18 0.09345629728641011
17 19 -0.07828474419116328
17 20 0.09936389057491486
17 21 0.07911960538011258
17 22 0.03676973397422816
17 23 0.022248102125114848
17 24 -0.07402753190654941
17 25 0.038086196990588225
17 26 -0.1142425147974843
17 27 -0.011665836772965683
17 28 -0.13089947693660747
17 29 0.04233628757978286
17 30 -0.06044526872161804
17 31 -0.01109424754992563
17 32 -0.10650317758247532
17 33 -0.12195001779616374
17 34 0.10795816453096711
17 35 -0.07278907513741019
17 36 0.004139280826759096
17 37 -0.03825057603305511
17 38 0.006121761669448193
17 39 -0.20176432667212535
18 18 0.0
18 19 0.03577972081281669
18 20 -0.19020156235208666
18 21 0.05461712738234786
18 22 0.03247587510255674
18 23 0.24461711288889298
18 24 0.17453314935646216
18 25 -0.000031609202663525585
18 26 0.04911717836582082
18 27 0.02198020523011176
18 28 -0.07974672876568058
18 29 0.0715524601335179
18 30 0.004137620683232463
18 31 0.04077351148539232
18 32 -0.1826109219236248
18 33 0.017665293233618887
18 34 0.20681648025154992
18 35 -0.024776142833365437
18 36 0.09445159808519368
18 37 -0.09012190229302643
18 38 -0.19140392336374965
18 39 -0.03357697690447535
19 19 0.0
19 20 -0.13673562535627543
19 21 -0.055120848805941904
19 22 0.06356817867218226
19 23 0.13837939171854283
19 24 0.028779784139380087
19 25 0.08536172171227577
19 26 0.016653876337162074
19 27 0.05518402832469562
19 28 0.06761989878516038
19 29 0.0154504904050186
19 30 0.07586492575442659
19 31 -0.06278485605717948
19 32 -0.008875329118944241
19 33 0.10345913090330354
19 34 0.00860322408710024
19 35 -0.0021259710381584807
19 36 -0.09829385960873095
19 37 -0.002844148891677092
19 38 -0.17637426053634847
19 39 0.08118565768580036
20 20 0.0
20 21 0.16528499407207617
20 22 -0.040015706206987925
20 23 -0.21534133607194472
20 24 -0.2081014581216068
20 25 -0.13464847837294197
20 26 0.0006873332356128056
20 27 0.1581526254996999
20 28 -0.12909394521212425
20 29 0.02846560627504869
20 30 -0.15400044238352595
20 31 -0.31254713753746305
20 32 0.05319253652093252
20 33 0.08850686740295824
20 34 -0.0022664478093168566
20 35 -0.044721142779564266
20 36 0.13861723968314302
20 37 -0.015545793269851064
20 38 0.1746656748407801
20 39 -0.06735738935300513
21 21 0.0
21 22 0.04828643226957933
21 23 -0.04597750812343626
21 24 0.015385609492112947
21 25 -0.09040894928092225
21 26 -0.032383495274380364
21 27 0.0038811863643960194
21 28 -0.08212677689187362
21 29 0.12393358723113064
21 30 -0.10478383279190376
21 31 -0.1900043991091117
21 32 -0.07082607653115114
21 33 -0.0975617268455043
21 34 0.07742889186134132
21 35 -0.05860031589312239
21 36 0.09047867052478666
21 37 -0.09530180097944549
21 38 0.033675424462054605
21 39 -0.05248880827139298
22 22 0.0
22 23 0.018783373134336208
22 24 0.05218780113372188
22 25 -0.012965187374012485
22 26 0.04510623458947974
22 27 0.02455602542287495
22 28 -0.09909239918106974
22 29 0.20162069062292085
22 30 0.08824634087246651
22 31 -0.17061304607061994
22 32 -0.14225898652938768
22 33 -0.07035676362833873
22 34 -0.013980635295592158
22 35 -0.08084410148789586
22 36 -0.049838975754162664
22 37 0.12325610764207999
22 38 -0.10020159192683216
22 39 0.012717221948116014
23 23 0.0
23 24 0.11042759126340167
23 25 0.049492798813892694
23 26 0.03688192603020399
23 27 0.047335924893280895
23 28 0.10933925556969545
23 29 -0.10898944661362164
23 30 0.02618103778475599
23 31 0.03711872745756019
23 32 -0.08519757258844982
23 33 0.0928870732164109
23 34 0.08608783651351835
23 35 -0.05902613964101886
23 36 -0.17740565611324646
23 37 -0.14877725348191015
23 38 -0.37412876146449914
23 39 -0.06570129859793498
24 24 0.0
24 25 -0.05220264497185999
24 26 0.09703921198705949
24 27 -0.05992479996181802
24 28 -0.02924914910876255
24 29 0.04576974305519546
24 30 -0.03960444450256823
24 31 0.004815681765694113
24 32 -0.07743688884881525
24 33 -0.09128041164322231
24 34 0.0354484937918884
24 35 -0.07146238699841279
24 36 0.06787842343677944
24 37 -0.05744362919151682
24 38 -0.11185224182474432
24 39 -0.013131607863818406
25 25 0.0
25 26 -0.07187233921626417
25 27 0.05263586396037399
25 28 0.07027794570217563
25 29 -0.007201058233603885
25 30 0.0931402202251126
25 31 0.05569626570752249
25 32 0.04270863300408009
25 33 0.11485505485321401
25 34 0.027493528892202995
25 35 0.02175855090135833
25 36 -0.047350261673588835
25 37 -0.010184207629939152
25 38 -0.04632971656119937
25 39 -0.008431422827590584
26 26 0.0
26 27 -0.014046798728601716
26 28 -0.0308205029755812
26 29 0.02628567671834219
26 30 0.014825795665820183
26 31 -0.044209019596143505
26 32 -0.03217123704574566
26 33 0.04914476013623361
26 34 -0.090088901795508
26 35 -0.05453154425588008
26 36 0.06582591978177026
26 37 -0.015288398726358005
26 38 -0.011289526384167367
26 39 0.016146650956948734
27 27 0.0
27 28 0.06642428145005375
27 29 0.0043527536360056405
27 30 0.038231608959669
27 31 -0.10361522287906247
27 32 0.04058365623342132
27 33 0.14597803022644543
27 34 0.08455191363037116
27 35 0.00954003356863592
27 36 0.0017839459943754128
27 37 -0.010036090427557806
27 38 -0.05202919571997405
27 39 0.06225132359599589
28 28 0.0
28 29 -0.171577038922534
28 30 0.06913424694443704
28 31 0.1055786642679936
28 32 0.18763479367443345
28 33 0.03642657869083469
28 34 -0.04219396109851354
28 35 0.047832395730174934
28 36 -0.12761604879181593
28 37 -0.17949951670509937
28 38 -0.017505749602413287
28 39 0.02097309974652612
29 29 0.0
29 30 0.028987204306954072
29 31 -0.22526774316577405
29 32 -0.14239782441996465
29 33 -0.038862930409037995
29 34 0.039886475803800316
29 35 -0.055174389890051
29 36 0.12047002312763988
29 37 0.05844980301435794
29 38 0.030273884835933757
29 39 0.029843653935621307
30 30 0.0
30 31 0.16507628310129457
30 32 -0.017743879067044024
30 33 0.13034395254677997
30 34 -0.04266603808483173
30 35 0.16452506155772256
30 36 -0.07187457182964525
30 37 0.15200650784793418
30 38 -0.07830402454738843
30 39 0.05111287548424294
31 31 0.0
31 32 0.0540410353354713
31 33 0.04206590089059152
31 34 -0.04362641078436357
31 35 0.17534357180471455
31 36 -0.03647168271483719
31 37 0.14377371792643068
31 38 0.12399169467659424
31 39 -0.09112213723480997
32 32 0.0
32 33 0.028676471947594828
32 34 -0.06794075213993644
32 35 0.0381504906633015
32 36 -0.018580611189883033
32 37 -0.08321837168539717
32 38 0.11959931177722098
32 39 0.032170479305771826
33 33 0.0
33 34 -0.005706939899208016
33 35 0.09263481367073115
33 36 -0.004030575769739128
33 37 0.0716412435266799
33 38 -0.045351935988903344
33 39 0.09426186455884654
34 34 0.0
34 35 0.020603640411728897
34 36 0.05748415718554136
34 37 -0.04344565319993016
34 38 -0.11898270526258603
34 39 0.026378692081394373
35 35 0.0
35 36 -0.02181027526227305
35 37 0.12851066093944655
35 38 -0.01773486835640512
35 39 0.11762146868693071
36 36 0.0
36 37 -0.05186283749315921
36 38 0.20259350155994316
36 39 -0.04630499115199322
37 37 0.0
37 38 0.026179730095022207
37 39 0.15507665312695465
38 38 0.0
38 39 -0.04945014177048292
39 39 0.0
