0 0 0.0
0 1 -0.04527504205787635
0 2 0.022510682111104026
0 3 -0.17684036282171572
0 4 0.022783112006397245
0 5 0.0047657630671099314
0 6 0.10212272674806584
0 7 -0.11870450400642155
0 8 0.13366484108587112
0 9 -0.1718169780460951
0 10 -0.009895045968134623
0 11 0.11798182371491825
0 12 -0.05815925402605614
0 13 0.03820493660108433
0 14 0.0921429265329605
0 15 0.01917439970767826
0 16 -0.04857853105259716
0 17 -0.22119204669383455
0 18 0.13135360479231017
0 19 -0.1742203117424237
0 20 -0.2581495657639893
0 21 0.14516070196889608
0 22 -0.0479813725572811
0 23 -0.14229386528957438
0 24 -0.06304185221273725
0 25 0.05216825733470991
0 26 0.00777935221349116
0 27 -0.08259472792501295
0 28 -0.09455714810492159
0 29 -0.0974880394299014
0 30 0.005672991364433477
0 31 -0.05490016278266584
0 32 -0.05176642284439968
0 33 -0.020847417810127895
0 34 -0.034906551127389975
0 35 0.13966756760774962
0 36 0.0767002412404871
0 37 -0.06874838482634493
0 38 -0.07635559187674097
0 39 -0.00025957407271691126
1 1 0.0
1 2 0.07708710444714315
1 3 0.09073321816680101
1 4 0.23021213389853554
1 5 0.075959495027379
1 6 0.13812773404263587
1 7 -0.004289161291969295
1 8 -0.014994493604724041
1 9 0.09546813034185318
1 10 0.14958900056396146
1 11 -0.005287760386264278
1 12 -0.08547029738821801
1 13 0.2321185222406144
1 14 -0.02584970621682322
1 15 -0.2181379175008796
1 16 0.09845785884231074
1 17 0.08371541784455482
1 18 -0.2628205230093015
1 19 -0.0016662491264502304
1 20 0.007663815081549062
1 21 0.2513840731946063
1 22 -0.07157570861474753
1 23 -0.1260521723683936
1 24 0.15846815873514417
1 25 0.11397138659237405
1 26 -0.10833094870287066
1 27 -0.0038140387536169155
1 28 -0.04627464253607405
1 29 -0.19848429663246
1 30 -0.21811052863980432
1 31 0.1963665468829639
1 32 -0.13337699812096548
1 33 0.02271772877794675
1 34 -0.036417642402934956
1 35 -0.013201989165204538
1 36 0.19611183764360382
1 37 -0.02655930062024105
1 38 -0.16119753830379926
1 39 0.21457367451229445
2 2 0.0
2 3 0.10247453695770922
2 4 0.10144447823317226
2 5 0.10874632518935017
2 6 -0.0319962534226114
2 7 -0.06375039565959859
2 8 -0.12560430079416057
2 9 0.001743069867978847
2 10 -0.11708705855985313
2 11 -0.02043516883380474
2 12 0.2514225150256005
2 13 0.2265095175794251
2 14 0.08584355025646374
2 15 -0.05344929385721846
2 16 0.0946252100979663
2 17 -0.012755568310102744
2 18 -0.20439239781502394
2 19 -0.04744930825022546
2 20 -0.1344704080021994
2 21 0.010386542780777589
2 22 -0.0830481267544867
2 23 0.08886057315464076
2 24 -0.2909685541655377
2 25 -0.08781891883040752
2 26 0.00393835465359676
2 27 -0.21693830833943775
2 28 -0.0594231803475639
2 29 0.011803334693249852
2 30 -0.050720593808300386
2 31 0.053600502213976976
2 32 -0.12476550554613124
2 33 -0.04109812959750066
2 34 -0.1533536905959417
2 35 -0.028506564827881803
2 36 -0.24899521361073576
2 37 -0.2400884555073668
2 38 -0.08079480831195648
2 39 0.1620117956898399
3 3 0.0
3 4 0.07071641319229749
3 5 0.16603868022492876
3 6 -0.11092339622227254
3 7 -0.08876257634648062
3 8 -0.04538725663406846
3 9 0.08492658373047196
3 10 -0.14733074646331767
3 11 -0.016564778387606265
3 12 0.19123127870001805
3 13 -0.023654332759630418
3 14 -0.3564480188607676
3 15 0.09798648480827146
3 16 -0.0725918328819041
3 17 0.2219547882378481
3 18 -0.09733611901375025
3 19 -0.0334059533063808
3 20 0.10324600729096226
3 21 -0.005953021242003268
3 22 0.17768266405374927
3 23 0.006434736776874792
3 24 0.03979467239689724
3 25 0.0814970786977435
3 26 0.0021162150441279967
3 27 0.009631630284109075
3 28 0.21301396473264175
3 29 -0.12151148538324423
3 30 -0.056591702799523726
3 31 -0.04874506263226758
3 32 -0.10873161738938311
3 33 -0.19180332529255573
3 34 -0.02914458465391893
3 35 -0.22184270274895232
3 36 0.07658791662409276
3 37 -0.002045510267746257
3 38 0.17021728813646755
3 39 0.073566003842124
4 4 0.0
4 5 0.10949670560712152
4 6 -0.05275663398867296
4 7 -0.046904328643698256
4 8 0.060972759243346976
4 9 0.20196771975563546
4 10 0.027484228945137117
4 11 -0.16973023151973915
4 12 0.259408962985119
4 13 0.2511510942165823
4 14 -0.04230250113591625
4 15 -0.14239046148242035
4 16 -0.027220007218886916
4 17 0.022378758182988293
4 18 -0.30408301917066194
4 19 -0.07625593626086784
4 20 0.08577927693607126
4 21 0.08026992980465134
4 22 -0.1563321196864907
4 23 -0.008784493608775425
4 24 0.1533094724239357
4 25 0.0799012108091081
4 26 -0.2309216111072307
4 27 0.04187693316890688
4 28 0.060583047985210595
4 29 -0.1711715012770602
4 30 -0.01475011213595431
4 31 -0.17640113586212075
4 32 -0.15391389235798142
4 33 -0.2299681580784571
4 34 -0.20705098422814286
4 35 0.1413639982299603
4 36 0.02037069613551779
4 37 -0.045812716232328035
4 38 0.0933569812856748
4 39 -0.013980170222328595
5 5 0.0
5 6 0.03149653635748284
5 7 -0.071695086374813
5 8 -0.08325343004456734
5 9 0.09575440714377607
5 10 0.09169998655453591
5 11 -0.06013564506443908
5 12 0.0177481779779321
5 13 0.08844407357281085
5 14 -0.23521914314231215
5 15 -0.015674333366760246
5 16 -0.2028238134738277
5 17 0.055967263656844526
5 18 -0.12148887350856466
5 19 -0.11014762786378388
5 20 -0.10793343350285194
5 21 0.02131558992479806
5 22 0.03458068821040624
5 23 -0.010319333217432426
5 24 -0.10388930100715207
5 25 0.08437769300930589
5 26 0.0454445259745985
5 27 0.045055704160192285
5 28 0.22428415362235402
5 29 -0.13742100821072192
5 30 -0.2094761518256752
5 31 -0.013456481741050538
5 32 -0.05800127191050793
5 33 -0.012675740994281749
5 34 -0.19135457937970732
5 35 0.10428934972862818
5 36 0.01994204981168225
5 37 -0.057634672501624365
5 38 0.08324533512852991
5 39 0.08175638182504882
6 6 0.0
6 7 0.030897049047260945
6 8 -0.04010167713316522
6 9 0.017766813809813528
6 10 0.058326878760441125
6 11 0.16190813153348957
6 12 -0.13232994189754754
6 13 -0.0138841775294981
6 14 0.01595717978823832
6 15 -0.12986872054119647
6 16 -0.10650916565967146
6 17 -0.07985471346348787
6 18 0.04216176168151914
6 19 -0.04111804420957611
6 20 -0.05443490395655186
6 21 0.12043398097340649
6 22 0.04004343404279863
6 23 -0.19069142835019176
6 24 0.0972046928823282
6 25 -0.05223447972659564
6 26 -0.048228431362964494
6 27 -0.009188161912754744
6 28 0.023165490460984976
6 29 -0.07773598981953148
6 30 -0.1432319323974168
6 31 0.1322023216515463
6 32 -0.13341157971975934
6 33 0.1889739698188915
6 34 0.04674035468297459
6 35 0.09281088821465676
6 36 -0.021177897775079325
6 37 0.03389275768392767
6 38 -0.09846651355434335
6 39 0.020609812568031117
7 7 0.0
7 8 -0.11589414627294528
7 9 -0.020841709022262803
7 10 0.10463506009796308
7 11 -0.04818971706205862
7 12 -0.05428048225004304
7 13 -0.09807134032639678
7 14 0.07264802313450527
7 15 -0.09612151296570662
7 16 0.05683843271977253
7 17 0.06771059473732222
7 18 -0.14361689534306057
7 19 0.1361159223453507
7 20 0.01636400485919679
7 21 0.011873764742197545
7 22 -0.11805516880349114
7 23 0.15719806456616287
7 24 -0.038169943323960585
7 25 -0.02715774048452374
7 26 0.08451988075739188
7 27 -0.03807591231815201
7 28 -0.022687853633606724
7 29 0.08572341902722463
7 30 0.07804340085423436
7 31 0.04859340261872574
7 32 0.11017334129001286
7 33 0.1681211137284001
7 34 0.09861821691721806
7 35 0.060433334951893944
7 36 -0.05104736437779158
7 37 0.07914652734390273
7 38 0.026178572401983586
7 39 -0.02927658955462681
8 8 0.0
8 9 0.1247248936580569
8 10 -0.013646196005099887
8 11 0.2063538037357771
8 12 -0.030817157934081164
8 13 0.15227082282638096
8 14 0.04148759414026768
8 15 0.018632601713509257
8 16 -0.07637653336178071
8 17 -0.04488553898076442
8 18 0.11469276942373348
8 19 -0.10423087129606137
8 20 0.06272618060034506
8 21 0.04557871531010332
8 22 -0.07186952431734625
8 23 -0.03659310477627094
8 24 0.111789873507389
8 25 0.0033110166695859908
8 26 -0.02396732086236763
8 27 -0.02747632010420877
8 28 -0.08406291175274372
8 29 -0.07952014672053745
8 30 0.12540481577770649
8 31 0.004440316956064503
8 32 -0.04050491790661208
8 33 -0.15332964495532583
8 34 -0.05883450906188933
8 35 -0.06754296286942084
8 36 0.16216440599346177
8 37 0.07099077597500833
8 38 0.06843500648207254
8 39 0.03886197180124568
9 9 0.0
9 10 0.06652475843073968
9 11 0.044847194795727914
9 12 0.04959785510034037
9 13 0.17963860103214638
9 14 -0.0970033403159426
9 15 0.01038431671771661
9 16 -0.09673507861838983
9 17 0.05604307082469432
9 18 -0.12339517638772135
9 19 0.07846764642559959
9 20 0.2141485187122974
9 21 -0.019811080751288495
9 22 -0.05318383441094684
9 23 0.005808451909976083
9 24 0.0647680462940918
9 25 -0.09316936611584245
9 26 -0.07933346558028989
9 27 0.016421022879215645
9 28 0.06457672521421173
9 29 -0.12121250982713547
9 30 -0.009206738736829815
9 31 -0.040266491331347264
9 32 -0.13016452442349916
9 33 0.00954205817712742
9 34 -0.03934605068292205
9 35 0.08470764687645425
9 36 -0.15762924945431223
9 37 0.09999247893426082
9 38 0.16085510537307426
9 39 0.0584794911293884
10 10 0.0
10 11 -0.03804731449280056
10 12 -0.36453500532522254
10 13 -0.025773316152211668
10 14 -0.08399944773748844
10 15 -0.06569495869495205
10 16 -0.05772141897982276
10 17 -0.13079307504701046
10 18 -0.12686101336716782
10 19 0.05385312310662097
10 20 -0.0008167305440918294
10 21 0.0913356732566147
10 22 -0.2248325210486763
10 23 -0.021615447476811926
10 24 -0.06329552042610624
10 25 0.15811730303229546
10 26 0.17753610302338657
10 27 0.020412054762493352
10 28 -0.037354252092152665
10 29 0.00914545333419009
10 30 -0.11047890005875578
10 31 0.15743980856623657
10 32 -0.0182942120258031
10 33 0.15712000796242384
10 34 -0.038891389910515654
10 35 0.23661133275598703
10 36 0.3405332506818527
10 37 -0.0795659934559723
10 38 -0.02439441457245909
10 39 0.1624436005061033
11 11 0.0
11 12 -0.1854204105542951
11 13 0.013589612132940434
11 14 0.08436074541246112
11 15 0.09032621294711549
11 16 -0.11026872804219394
11 17 -0.06799848725336402
11 18 0.13913130365777934
11 19 -0.0786468816129792
11 20 0.0220922700111692
11 21 0.03463740497459476
11 22 0.10084866691215999
11 23 -0.06704932913335208
11 24 0.02959857503416282
11 25 -0.0368926262553534
11 26 -0.010696883371500616
11 27 -0.05949262027998879
11 28 -0.05538641488734129
11 29 -0.03338224861643573
11 30 -0.020558805796795566
11 31 0.10950092094276942
11 32 -0.11103547480309947
11 33 0.03711543358328264
11 34 0.07753419907420171
11 35 -0.05263298556962439
11 36 0.0036886977834043834
11 37 -0.03738096130959389
11 38 -0.002051221307383196
11 39 0.11347020565384056
12 12 0.0
12 13 0.0987647545673705
12 14 0.00039566551328708765
12 15 -0.10252484039047716
12 16 -0.041463432536232844
12 17 0.1302391443661961
12 18 -0.013525551415606515
12 19 -0.05205317657779636
12 20 0.13279493474166335
12 21 -0.058960979058705364
12 22 0.028730021983674837
12 23 0.1702900693378204
12 24 -0.1112334290620903
12 25 -0.09406436826880059
12 26 -0.06874035542381582
12 27 -0.055663099614529886
12 28 0.025727124324333932
12 29 -0.07804457693259628
12 30 0.22765664774756794
12 31 -0.22380431112549642
12 32 -0.07938325845944291
12 33 -0.11691518339039897
12 34 -0.1311105050576141
12 35 -0.14949925533799854
12 36 -0.2731704552634189
12 37 0.03312906599525249
12 38 0.15614262158548414
12 39 -0.11943307301800912
13 13 0.0
13 14 0.15901240378397635
13 15 -0.1491454567193464
13 16 -0.00838341156452444
13 17 0.10784761176324394
13 18 -0.20883575285677947
13 19 -0.08224763171549257
13 20 0.037477420279812865
13 21 0.04733245432381074
13 22 -0.07640852513501285
13 23 -0.01878682149389366
13 24 -0.029557532521239622
13 25 -0.05312750341925221
13 26 -0.1902912436617638
13 27 -0.08474552870573249
13 28 -0.04191799512925493
13 29 -0.14251507873506297
13 30 -0.11709946263590192
13 31 0.013642124350029487
13 32 -0.08785308187135346
13 33 -0.08989781424899716
13 34 -0.2113376833465117
13 35 0.04820754759148972
13 36 -0.0964843555313619
13 37 -0.01543536499848235
13 38 -0.08722225312016371
13 39 0.10081343993768226
14 14 0.0
14 15 -0.16252556967074788
14 16 0.17797067619250645
14 17 -0.13649205272544893
14 18 0.008192720370561119
14 19 0.07037973592987444
14 20 -0.147882911616623
14 21 -0.0018297883120905658
14 22 -0.0737013635952359
14 23 0.07286331336878818
14 24 0.061677016690930245
14 25 -0.17005594241556837
14 26 0.02839138691461504
14 27 -0.0017145092930739697
14 28 -0.29563906818001684
14 29 0.11723825102574978
14 30 -0.018609128242380247
14 31 0.18225229309379723
14 32 0.16151093581019013
14 33 0.10633192397499765
14 34 -0.02106864162642333
14 35 0.08056395277397423
14 36 -0.36821829220356317
14 37 -0.10433754173679369
14 38 -0.2764773823735938
14 39 -0.10462553306129933
15 15 0.0
15 16 0.043481396317677744
15 17 -0.07421964722795704
15 18 0.19600908804554873
15 19 0.09433944468902958
15 20 0.0692873543629741
15 21 -0.1660454119984394
15 22 0.15602425305894824
15 23 0.027990460747708147
15 24 -0.12402582452239456
15 25 0.015195977203328204
15 26 0.01181743593773679
15 27 -0.002508322811577554
15 28 0.12946999549343607
15 29 -0.0057737099141288
15 30 0.06271155358567848
15 31 -0.15835457785030274
15 32 0.0855268841877084
15 33 -0.06626690886544992
15 34 0.033961039659382235
15 35 -0.039308798756738025
15 36 -0.032124005220425765
15 37 -0.008308380094143109
15 38 0.07970560131088353
15 39 0.024143317044335647
16 16 0.0
16 17 -0.1720559971503741
16 18 -0.13281946093609046
16 19 0.12741442371683326
16 20 -0.0881825139422806
16 21 0.028939769251537385
16 22 -0.227603655932396
16 23 0.056036835844084344
16 24 0.06718546243823974
16 25 -0.07243204205841046
16 26 -0.048474013503188765
16 27 -0.07280324522687462
16 28 -0.1204921204107378
16 29 0.14541822362231774
16 30 0.058813279644517914
16 31 0.15167547448496016
16 32 0.12654517840928145
16 33 0.010689000726121384
16 34 0.0950771095632589
16 35 -0.06210963453062825
16 36 -0.14112966830799786
16 37 -0.020480373692556834
16 38 -0.25996254882114417
16 39 0.12176778545663274
17 17 0.0
17 18 -0.08533571498676004
17 19 0.08929170034049835
17 20 0.06932889214569843
17 21 -0.06220925962873054
17 22 0.16231940488714203
17 23 0.14038565885012017
17 24 -0.03991373728490537
17 25 -0.004007990366477187
17 26 -0.09834756338888125
17 27 -0.0826204043641143
17 28 0.07696303662402307
17 29 -0.03429850385283954
17 30 -0.00039255385249931075
17 31 -0.11755016512192744
17 32 0.08362262264232133
17 33 -0.1402998236255683
17 34 -0.005342318529161178
17 35 -0.22975219720948287
17 36 -0.09363595692197774
17 37 0.10771654990220451
17 38 0.18420889948061975
17 39 -0.07407802844775185
18 18 0.0
18 19 0.02070143572582303
18 20 0.0610329565439824
18 21 -0.10322248975890388
18 22 0.19489031524787387
18 23 -0.19092616075694308
18 24 -0.06902166906587318
18 25 0.015751358268999947
18 26 0.11230186668969604
18 27 0.05602832239925618
18 28 0.04824648083505564
18 29 -0.05379382297788924
18 30 0.10287261507633975
18 31 -0.05609666835470577
18 32 0.09416205318988251
18 33 0.1354872462606571
18 34 0.10400716656635393
18 35 -0.02297561057281542
18 36 0.00006081810888131169
18 37 0.15059303541755614
18 38 0.00697450014372651
18 39 -0.15534365922868923
19 19 0.0
19 20 0.07808921463214948
19 21 -0.07897551590774142
19 22 -0.030145541223810267
19 23 0.07108163153995425
19 24 -0.07711642189758891
19 25 -0.05326660105977554
19 26 0.10714063965841905
19 27 -0.05975819754534088
19 28 0.01864922869140897
19 29 0.05240687264222275
19 30 0.12011883852964245
19 31 0.013597500230783596
19 32 0.1562153910254654
19 33 0.09634485546075959
19 34 0.07774327632862056
19 35 -0.037424711552231635
19 36 -0.157768303474165
19 37 0.05856325180887917
19 38 -0.07193116073701734
19 39 -0.03349271830410944
20 20 0.0
20 21 -0.1483329141307961
20 22 0.19494220453525737
20 23 0.011716889275244205
20 24 0.14684000639848804
20 25 -0.02345676126266532
20 26 -0.20118153388779025
20 27 0.11560734392624668
20 28 -0.019542780669975716
20 29 -0.047211783607550156
20 30 0.09827877907774873
20 31 -0.13906476661151473
20 32 -0.18900848420167427
20 33 0.022446005166134018
20 34 0.08053771095875917
20 35 -0.09679089073445682
20 36 0.224738872369306
20 37 0.14239359182698372
20 38 0.2158150652354771
20 39 -0.034543943837597645
21 21 0.0
21 22 -0.10083563773651531
21 23 -0.14093149290447554
21 24 0.07415728837548566
21 25 0.11176737706676217
21 26 0.07230884618966318
21 27 -0.056031076131451106
21 28 -0.12721303580021115
21 29 -0.14504731735337745
21 30 -0.02205212639723128
21 31 0.0962422243301912
21 32 -0.10998041273286618
21 33 0.048731675757318224
21 34 0.09095549456111515
21 35 0.04855519463803944
21 36 0.22178871030233194
21 37 0.01454615370671295
21 38 -0.08527204456169964
21 39 0.08065898806323098
22 22 0.0
22 23 -0.07816006687456613
22 24 0.03972447785553862
22 25 -0.016299265839202454
22 26 -0.13576177463319478
22 27 0.16079464211122257
22 28 0.025441929048900035
22 29 -0.12761905896451295
22 30 -0.12963141960485275
22 31 -0.1795729627047111
22 32 -0.055018952344592885
22 33 -0.027773715325909915
22 34 0.09209163879705093
22 35 -0.1762333727547875
22 36 0.08884630516117428
22 37 0.02805180451125715
22 38 0.12221795297299591
22 39 -0.16434632403245247
23 23 0.0
23 24 -0.27251049302635394
23 25 -0.0729914758996492
23 26 0.05529211599317161
23 27 -0.028965640989669868
23 28 -0.0686168527870118
23 29 0.14614552311962864
23 30 0.18063459254438918
23 31 -0.07880104309317607
23 32 0.21613161253039515
23 33 0.011133059898764848
23 34 -0.12340521423637878
23 35 -0.1336916355027128
23 36 -0.19559866560410358
23 37 -0.06550397741427236
23 38 0.12035098237280602
23 39 0.10700099468727871
24 24 0.0
24 25 -0.011424118829342945
24 26 -0.2543966360351409
24 27 0.3095564651684801
24 28 0.12379969731967369
24 29 0.012778458664340051
24 30 -0.12649219278055934
24 31 0.11058402629115069
24 32 -0.09589162313251684
24 33 -0.2209917779093679
24 34 0.07001461239777201
24 35 -0.08179707698815317
24 36 0.06478013484723376
24 37 0.16529237928945012
24 38 -0.12865749262616724
24 39 -0.13669073007999094
25 25 0.0
25 26 0.10132065219759338
25 27 0.09384155534082249
25 28 0.05483725680474336
25 29 -0.12456468157981652
25 30 -0.008699615922223722
25 31 -0.04982504978385262
25 32 0.01157176432505957
25 33 -0.02784299040261638
25 34 0.018924451314479347
25 35 0.07298569570016898
25 36 0.34355727266685465
25 37 0.002304976574123623
25 38 0.027963294079113753
25 39 0.029293602616508124
26 26 0.0
26 27 -0.05832719638699504
26 28 0.0026854734158127673
26 29 0.022445606106481164
26 30 0.11607246041820703
26 31 0.16758553818656333
26 32 0.13951385204429406
26 33 0.18058187033556827
26 34 0.027676579062212513
26 35 0.036459633355120404
26 36 0.07465601536395623
26 37 -0.034199571643936
26 38 -0.0543698288530034
26 39 0.044277279131694845
27 27 0.0
27 28 0.1583619993215601
27 29 -0.03707282507538668
27 30 -0.07774955067534935
27 31 -0.05131373066875679
27 32 0.09392524467555187
27 33 -0.003315836065327333
27 34 -0.017121822215706357
27 35 0.034299212103282684
27 36 0.09166277088970716
27 37 0.10763515797009335
27 38 -0.04519101341488273
27 39 -0.131268830045734
28 28 0.0
28 29 -0.12269243028147099
28 30 -0.14690791606768486
28 31 -0.02881487525436896
28 32 0.12237987117263527
28 33 -0.01975141059627975
28 34 -0.1797787491136082
28 35 0.08545689543288067
28 36 -0.2018386865184972
28 37 0.17311147595643572
28 38 0.04319692563586673
28 39 -0.04581366821262593
29 29 0.0
29 30 0.11525510787891691
29 31 0.0791914292224282
29 32 0.06576522035323504
29 33 -0.06877707397549342
29 34 0.051647582306725295
29 35 -0.10749342915546174
29 36 -0.12864706284371225
29 37 -0.12901707446773253
29 38 -0.08249790582613531
29 39 -0.009983190516074186
30 30 0.0
30 31 -0.24170589870260623
30 32 0.0685077350332439
30 33 -0.0857377517372647
30 34 0.15655763159567
30 35 -0.1662448301150575
30 36 0.005805139188941011
30 37 0.09914891417137632
30 38 0.033552787740822376
30 39 -0.10654016834175557
31 31 0.0
31 32 -0.00041827639197617675
31 33 0.17263201932181077
31 34 -0.03798118906651453
31 35 -0.008438319439036748
31 36 -0.02660408824363327
31 37 -0.08035676282039975
31 38 -0.22995404233060768
31 39 0.21512618655587237
32 32 0.0
32 33 0.08800421065425162
32 34 -0.03351448670606353
32 35 0.006924607123242517
32 36 -0.22813567651639902
32 37 0.12751597453216545
32 38 -0.09771402035889157
32 39 -0.08193396562077297
33 33 0.0
33 34 0.10649517994142879
33 35 0.21566971460092027
33 36 -0.04986179036696203
33 37 0.1345199270019055
33 38 -0.048934623447865616
33 39 0.048549179238855614
34 34 0.0
34 35 -0.04911163653168542
34 36 0.15622856491279402
34 37 0.13012053875318558
34 38 0.008718332190106776
34 39 -0.10384410131949881
35 35 0.0
35 36 -0.019216173416898387
35 37 0.025487073787867236
35 38 0.03372459628459991
35 39 -0.05253713259523286
36 36 0.0
36 37 -0.02187374986563067
36 38 0.12805329513082847
36 39 0.09228457692831879
37 37 0.0
37 38 0.0643880517916197
37 39 -0.14790025377692176
38 38 0.0
38 39 -0.06738613036569172
39 39 0.0
