0 0 0.0
0 1 0.020518813757083566
0 2 0.03659057972181505
0 3 -0.030044152151608345
0 4 -0.0388121493331243
0 5 -0.02306557974623117
0 6 0.09906950583952648
0 7 0.006179566299964298
0 8 -0.020702337551970852
0 9 -0.013488484150718493
0 10 -0.006024844417801578
0 11 0.011253640336501372
0 12 0.08152447298261038
0 13 -0.00889315001533914
0 14 0.010030795992950453
0 15 0.016783419328033705
0 16 -0.01528015416697812
0 17 -0.0428383314495643
0 18 0.011205438778834259
0 19 -0.025470543340087137
0 20 -0.064265490613648
0 21 -0.011762980830350916
0 22 0.013913470236670653
0 23 0.034410471200209174
0 24 0.0013367256641368232
0 25 0.0008393262576913569
0 26 -0.07918833778901031
0 27 -0.04572565300740805
0 28 -0.017519458083334126
0 29 -0.04993634692705844
0 30 -0.059885094668745475
0 31 -0.03829293882014421
0 32 0.08543588991914562
0 33 0.014228214294166952
0 34 -0.08405142407362474
0 35 -0.023038198349484732
0 36 -0.05844196469164485
0 37 -0.04239251448614668
0 38 0.006820683333305941
0 39 -0.03285851997764434
1 1 0.0
1 2 0.05355582235869688
1 3 -0.0329446596054015
1 4 0.009500612350098622
1 5 0.07373409263833608
1 6 -0.13152799459700673
1 7 -0.08994405165907195
1 8 -0.051007795061146166
1 9 -0.07217701897841214
1 10 -0.07753710780878362
1 11 -0.002008109285833991
1 12 -0.10029824978565069
1 13 -0.060521492764385745
1 14 -0.0757889550897835
1 15 -0.0033817457330472035
1 16 -0.07939658485358114
1 17 0.05520582918093094
1 18 0.04670847190364311
1 19 0.010814582524067338
1 20 -0.024985532056781612
1 21 0.057903290292717624
1 22 -0.03214334773718195
1 23 0.11640488908736797
1 24 0.022866867637382608
1 25 -0.03440497065838608
1 26 -0.09304970617063918
1 27 0.05897267604914991
1 28 -0.03241401912270251
1 29 0.0399271663175792
1 30 0.05422579549031671
1 31 -0.037360090438111365
1 32 0.007785589546934202
1 33 -0.08288884934990348
1 34 0.02162964722746926
1 35 -0.006644980151500157
1 36 -0.0004087635274310289
1 37 -0.023545453372179635
1 38 -0.08063965723099327
1 39 -0.028860350037606335
2 2 0.0
2 3 0.14238497660365362
2 4 -0.10306366805216575
2 5 -0.011869738743478494
2 6 0.1550421513901999
2 7 -0.002346253099936842
2 8 0.05607689129775274
2 9 0.04426236581577493
2 10 -0.09214711801596592
2 11 -0.0510684529654847
2 12 -0.025517318372641075
2 13 -0.0023235991895995773
2 14 0.04120390551240165
2 15 -0.03712078776423276
2 16 0.07363991067802184
2 17 -0.0026289559956026044
2 18 0.09680140121510697
2 19 0.03515919139256974
2 20 -0.1274328377716206
2 21 0.017147528305149814
2 22 0.028968675009942678
2 23 0.12290057289080525
2 24 0.12294845335872358
2 25 0.08128308248733143
2 26 -0.02996941367737515
2 27 -0.013984161384564353
2 28 -0.008450109449513254
2 29 -0.008611827699087039
2 30 -0.061106437601227484
2 31 0.1850175747060671
2 32 0.035116954462351774
2 33 0.09561441345097225
2 34 0.0312215216557508
2 35 -0.07888178508030937
2 36 0.030422579111716953
2 37 0.05030388115127771
2 38 -0.07228131846335198
2 39 -0.14273637057947877
3 3 0.0
3 4 0.017496833760785396
3 5 -0.061721012938704946
3 6 0.116632604840385
3 7 0.027481235681318904
3 8 0.03929411338365159
3 9 0.058604430475974176
3 10 -0.05824679869700734
3 11 -0.011570908095262214
3 12 -0.0790253132041667
3 13 0.022620293823176877
3 14 0.10818782442637487
3 15 -0.0018981710129759167
3 16 0.1275887750980324
3 17 0.02081943831501634
3 18 0.04486298763743945
3 19 0.03441157617288299
3 20 0.014191274327642934
3 21 -0.0037215590179596517
3 22 0.03842370754166436
3 23 0.04232845480684126
3 24 0.04431747417866702
3 25 0.0548763253696903
3 26 0.01503872573195652
3 27 0.044135941506131704
3 28 -0.05651992399415824
3 29 -0.014951330776442557
3 30 -0.006456146316149949
3 31 0.2517064595563178
3 32 -0.03949735290782554
3 33 0.1009843105173562
3 34 0.020148664226356965
3 35 -0.0504936122542712
3 36 0.04859281359877486
3 37 0.10016457198766056
3 38 0.0578258740921588
3 39 -0.12346743641064725
4 4 0.0
4 5 0.09453364218185757
4 6 -0.15408692060239937
4 7 -0.01711112079682299
4 8 -0.07862895762605723
4 9 -0.030134243424728445
4 10 -0.0214027155881962
4 11 0.04497832321275736
4 12 -0.20151393479254986
4 13 -0.07330316273897161
4 14 0.011375167890233441
4 15 0.049900462755920125
4 16 -0.11800283385421033
4 17 0.06789536026769039
4 18 -0.057363300733061694
4 19 0.0012108078087031064
4 20 0.19385855975177546
4 21 0.031219975826835493
4 22 -0.07461560837433276
4 23 -0.018386650615110894
4 24 0.009342332937927394
4 25 -0.01448483305479718
4 26 -0.19574423673359376
4 27 0.1359361196678978
4 28 -0.07021581211283218
4 29 -0.05932792011245998
4 30 0.12364955985866019
4 31 -0.05313205815661991
4 32 -0.1115374761102598
4 33 -0.07298815599889097
4 34 0.08315828981268927
4 35 -0.08232320476600011
4 36 0.02103964433915221
4 37 -0.07793014059942346
4 38 0.12296036504973136
4 39 0.02946009474955315
5 5 0.0
5 6 -0.16478146999497992
5 7 -0.09139138248461473
5 8 -0.12601484611034103
5 9 -0.018266729259523527
5 10 -0.06371916018228704
5 11 0.015103120633290867
5 12 -0.22479425043326545
5 13 0.003282151112310787
5 14 -0.07796298503380142
5 15 -0.0123827590620048
5 16 -0.15852186421241815
5 17 0.1361179620463148
5 18 0.04121536646281058
5 19 -0.023528404844127458
5 20 0.07563936991525358
5 21 -0.04829271389231414
5 22 -0.07004729255028637
5 23 0.06075967788889677
5 24 0.052926799171421623
5 25 0.039557359393367644
5 26 -0.020091765465401583
5 27 0.13399285918812615
5 28 0.08212170101238196
5 29 0.03664135007134929
5 30 0.13116266300902263
5 31 -0.050239282547623686
5 32 -0.05934628194668599
5 33 -0.15187522677743975
5 34 0.12905216765518354
5 35 -0.021704170461892533
5 36 0.037674146899753534
5 37 -0.07448644920083518
5 38 -0.04058990750169392
5 39 0.06398834199547035
6 6 0.0
6 7 0.12960393356662844
6 8 0.06207840627867559
6 9 0.07730904425419552
6 10 0.02022752871272167
6 11 0.0009585205440128715
6 12 0.24254975356849995
6 13 0.07435336293155312
6 14 0.16622755668993852
6 15 0.0023833308336628284
6 16 0.16312132467761326
6 17 -0.1330758774012977
6 18 0.030830446325768052
6 19 -0.020849672072204527
6 20 -0.14912137424417687
6 21 -0.09922375590404182
6 22 0.0883412889350774
6 23 -0.01390679873581822
6 24 0.040640926650568614
6 25 0.08210392486056924
6 26 0.024304664665752578
6 27 -0.14747512740405594
6 28 -0.006386979237666022
6 29 -0.12676605105427105
6 30 -0.20587030531177822
6 31 0.16036199833544756
6 32 0.13545597989853658
6 33 0.18996909812858037
6 34 -0.17139123920763377
6 35 -0.041228877605708106
6 36 -0.08602669367329155
6 37 0.01852846591867151
6 38 0.06107514161374787
6 39 -0.12498806796604758
7 7 0.0
7 8 0.10182621782208716
7 9 0.019199036839410627
7 10 0.05005471235950816
7 11 -0.01716338449489841
7 12 0.12477341877412292
7 13 -0.014953591730961257
7 14 0.0672068429217296
7 15 -0.013317797653658365
7 16 0.07227631765975875
7 17 -0.0931084939032293
7 18 -0.042963167740592244
7 19 0.035230839528517216
7 20 -0.02889944610988589
7 21 0.016000460785247708
7 22 0.006423585258230472
7 23 -0.0800115866134116
7 24 0.03981572397665301
7 25 0.009396929216143584
7 26 -0.0010311620273157848
7 27 -0.08609402795054234
7 28 -0.019709970261869044
7 29 -0.05978511981243876
7 30 -0.0882241942457133
7 31 0.01829441479261085
7 32 -0.016591178060640387
7 33 0.10877107447265702
7 34 -0.017610124165103033
7 35 -0.019633055225650904
7 36 -0.016869362592326458
7 37 -0.0040835811628392085
7 38 0.010070328052405986
7 39 -0.016986204635266636
8 8 0.0
8 9 0.08095486826157255
8 10 0.06934542480657206
8 11 -0.11499923732268096
8 12 0.16248002820014515
8 13 -0.08034910274909327
8 14 -0.0035369363189187075
8 15 -0.04779387428990337
8 16 0.10209139225940071
8 17 -0.15085437217853626
8 18 -0.05704137011436898
8 19 0.09216364186080037
8 20 -0.10575468539211726
8 21 0.17028656484161006
8 22 0.01423651076238117
8 23 -0.07589763451507876
8 24 0.09886744946732487
8 25 0.023446582706639685
8 26 -0.04817042309253098
8 27 -0.15905884483028535
8 28 -0.027720685750389863
8 29 -0.011866957389121456
8 30 -0.11752317084110844
8 31 -0.012289237556875296
8 32 -0.03127230579989286
8 33 0.20638789622903428
8 34 0.10710511602651258
8 35 -0.0888731783219427
8 36 0.07951392969222572
8 37 0.05421818921979138
8 38 -0.07009732279814081
8 39 -0.03284293634459988
9 9 0.0
9 10 0.06656483251790787
9 11 0.036554907748124754
9 12 0.05390902112796393
9 13 0.03121281742795846
9 14 -0.02959786282538985
9 15 -0.0023974830915793883
9 16 -0.001618540442253505
9 17 -0.014378390762686277
9 18 0.04529990124954943
9 19 0.02134958099981426
9 20 0.011966447025684786
9 21 0.011592311876691736
9 22 -0.02163455416613628
9 23 -0.016379648861934985
9 24 0.04849259193963425
9 25 0.11450361296729679
9 26 0.014800637896176996
9 27 -0.036027038456250236
9 28 -0.024126786940105872
9 29 -0.0074612391972064315
9 30 -0.051145738730718836
9 31 0.04237670363082435
9 32 0.13108817315138382
9 33 0.08297637743694534
9 34 0.04682286278094835
9 35 -0.07035932489162922
9 36 0.10351315821301807
9 37 0.07036498848412123
9 38 0.07953698192907858
9 39 -0.005712368276934056
10 10 0.0
10 11 0.0012723366395859539
10 12 0.1344359421522335
10 13 0.005261733202690878
10 14 -0.014389179789923531
10 15 0.007365255382909851
10 16 0.013295407109603936
10 17 -0.07183431213797534
10 18 -0.055497144735265826
10 19 -0.001974327022226284
10 20 0.00309781889632386
10 21 0.02055039920348283
10 22 0.006138213565728893
10 23 -0.09594966912269166
10 24 -0.038770771479123514
10 25 -0.006757360855684812
10 26 0.02467173495965482
10 27 -0.08271243712704676
10 28 0.0021461460717961257
10 29 -0.01273197228043423
10 30 -0.05059734483245891
10 31 -0.09101979784899178
10 32 0.03876951444936032
10 33 0.048148081242561785
10 34 -0.01967330321388495
10 35 0.009572376315807023
10 36 0.006099866297629144
10 37 0.005522586600182259
10 38 0.038993122783951194
10 39 0.05772442421583551
11 11 0.0
11 12 -0.011429403354814165
11 13 0.02071363431339626
11 14 0.011593533523114815
11 15 0.01533908660581785
11 16 -0.053058713101404344
11 17 0.06127364438452051
11 18 0.057379349482027386
11 19 0.013953492665915446
11 20 0.08750422370557612
11 21 -0.08957086694897215
11 22 -0.07430761852957767
11 23 0.016125347248821018
11 24 -0.021494007837399857
11 25 -0.019152747690639724
11 26 0.05533028594931812
11 27 0.07190201981341823
11 28 -0.08079692142736851
11 29 -0.0167995058624474
11 30 0.013635909916136802
11 31 0.030460108708137736
11 32 0.07879102124401857
11 33 -0.10188935685697967
11 34 -0.12171544614933819
11 35 0.09565287945226744
11 36 -0.05330693954566388
11 37 -0.017155953541472667
11 38 0.045399368252680865
11 39 0.00469494621376335
12 12 0.0
12 13 0.0006352708214496695
12 14 0.029287859067955536
12 15 -0.0029996341520494006
12 16 0.1152975599989324
12 17 -0.2167740182853855
12 18 -0.052867971073811436
12 19 0.009146791280042633
12 20 -0.1675997647500089
12 21 0.03483140012231178
12 22 0.05884699814272639
12 23 -0.10338911853627956
12 24 -0.04053797168993753
12 25 -0.03091599410206921
12 26 0.03198829733356723
12 27 -0.25144220534671785
12 28 -0.035404558195510374
12 29 -0.06223480595224361
12 30 -0.22622745886374268
12 31 -0.0982210682117404
12 32 0.16546134543306598
12 33 0.16495792119809877
12 34 -0.18231837590255062
12 35 0.037732565368771995
12 36 -0.08213065147073474
12 37 0.013253428842936113
12 38 -0.010660625572484338
12 39 -0.008576777707952375
13 13 0.0
13 14 0.03302312264478782
13 15 0.006564618982393763
13 16 0.05103682716820311
13 17 0.04687680355487325
13 18 0.03229512609801881
13 19 -0.0635860750437898
13 20 0.0034685403842146982
13 21 -0.13169580577098133
13 22 0.05846108094107758
13 23 -0.009011964777991863
13 24 -0.07682244054242038
13 25 0.030341945081049072
13 26 0.1788078260917702
13 27 0.018272287062453273
13 28 0.08366225542990116
13 29 0.03503102998031789
13 30 0.01178165743180307
13 31 0.08204611370425843
13 32 0.035884536798916594
13 33 -0.029485518434622326
13 34 -0.05762004915592204
13 35 0.06981554695872329
13 36 -0.012377296839217403
13 37 0.04848893979490874
13 38 0.04261617042343438
13 39 0.021975065364084733
14 14 0.0
14 15 0.010707717877842738
14 16 0.10226163427183914
14 17 -0.027420051755752108
14 18 -0.006661601222208864
14 19 -0.001403208354033855
14 20 0.005076822244608034
14 21 -0.06115358729287366
14 22 0.03904114754251656
14 23 -0.023843057946624335
14 24 -0.0012076812037880445
14 25 0.008574225450867548
14 26 0.02478012909215479
14 27 -0.00606244118716029
14 28 -0.025431943095862126
14 29 -0.06141053837401182
14 30 -0.04396406006705523
14 31 0.13630851384999182
14 32 -0.029052691457201407
14 33 0.06810314460646918
14 34 -0.07342845251537129
14 35 0.0019510897648231263
14 36 -0.04752972505634887
14 37 0.016090145148947806
14 38 0.06122440582931621
14 39 -0.06545409391508054
15 15 0.0
15 16 -0.015325579566684861
15 17 -0.0014104183023158734
15 18 -0.023630576710001735
15 19 -0.04503804225825707
15 20 0.034600270253056904
15 21 -0.008154674823130576
15 22 0.025161245820024464
15 23 0.001246020456178602
15 24 -0.06417781316104583
15 25 -0.013060229309535066
15 26 -0.0686162783788397
15 27 0.012822867530366553
15 28 -0.022227953236030832
15 29 -0.025703396486919168
15 30 0.014852857146137984
15 31 -0.032510589284525104
15 32 0.031400736776108086
15 33 -0.010954421747852376
15 34 -0.0473288135998204
15 35 -0.02211704003624973
15 36 -0.019643896771752913
15 37 -0.009461969030070964
15 38 0.08750671636491344
15 39 0.0014221043519169645
16 16 0.0
16 17 -0.07119183320016406
16 18 -0.00795269680493254
16 19 0.01723744584293897
16 20 -0.07583471927190336
16 21 -0.004938063593926409
16 22 0.09492623527182321
16 23 -0.0374266678743501
16 24 -0.0298665818795402
16 25 -0.0025982711366432628
16 26 0.12976248310884547
16 27 -0.08026286564413407
16 28 -0.004379468935404696
16 29 0.009048970057563154
16 30 -0.08281814420301017
16 31 0.1664336217832431
16 32 -0.018526652287128083
16 33 0.13960238357216534
16 34 -0.057720404989267546
16 35 0.03373625057778452
16 36 -0.00315674901291581
16 37 0.11160657793637767
16 38 0.0028667689016977664
16 39 -0.07386174171727194
17 17 0.0
17 18 0.06874076125341351
17 19 -0.017378431249710842
17 20 0.10089060453524931
17 21 -0.0860289367308201
17 22 -0.04105403521062354
17 23 0.06885004596266919
17 24 -0.011669822338821646
17 25 0.01160880358416774
17 26 0.0851248185829543
17 27 0.15990453188979115
17 28 0.03051063226636482
17 29 0.06304479970218375
17 30 0.1316882416253638
17 31 0.0728644582905276
17 32 -0.04216987274561746
17 33 -0.14943896513649915
17 34 0.04079563244945386
17 35 0.05534901684541464
17 36 0.023900504607750107
17 37 0.006649945334225989
17 38 -0.0013529781122751522
17 39 0.02291395245057985
18 18 0.0
18 19 0.019337262890757167
18 20 -0.02046821845648653
18 21 -0.05807664731878046
18 22 -0.029087020059991597
18 23 0.0876408667860038
18 24 0.04460766175202317
18 25 0.035172385962980654
18 26 0.07659449572120121
18 27 0.05270693832728794
18 28 -0.011533423071764042
18 29 0.02918097520584471
18 30 0.004129109846122424
18 31 0.10977591967608942
18 32 0.060227353934548256
18 33 -0.047258101376679164
18 34 -0.027829603473047144
18 35 0.04151395919188378
18 36 0.002540441694772855
18 37 0.028279950282125172
18 38 -0.046954876781548124
18 39 -0.04742706517568965
19 19 0.0
19 20 -0.0039813426454479986
19 21 0.06557332778013023
19 22 -0.06685434963299929
19 23 -0.006105190024735009
19 24 0.0980906705690686
19 25 -0.004422001282759924
19 26 0.007881834194982854
19 27 -0.008742671841632304
19 28 -0.0663594927680818
19 29 0.003335175220215056
19 30 -0.027572659922863292
19 31 0.04651455677554915
19 32 -0.03847226502024815
19 33 0.03595537351042532
19 34 0.04611477902118293
19 35 0.009896208912451533
19 36 0.028625210250886813
19 37 0.014918750737586885
19 38 -0.0790062417090347
19 39 -0.030835633177760353
20 20 0.0
20 21 -0.04127153224740953
20 22 -0.06333052008757012
20 23 -0.03651552107277146
20 24 -0.04362096353506596
20 25 -0.01700004125744422
20 26 -0.003341934190744419
20 27 0.1396697430129522
20 28 -0.03979366831573955
20 29 0.0005736449655211714
20 30 0.12408114416695833
20 31 0.0008668350090282025
20 32 -0.07317866205471024
20 33 -0.10735521004094309
20 34 0.03237190351391789
20 35 0.02449723178501357
20 36 0.022713768868851455
20 37 -0.016236421851089162
20 38 0.10988491574039179
20 39 0.05872954537417746
21 21 0.0
21 22 -0.014303857796689471
21 23 -0.005197536837439105
21 24 0.058504293114620395
21 25 -0.024240279529805134
21 26 -0.1863526961421048
21 27 -0.06844271092680279
21 28 -0.07309361912643038
21 29 -0.001590630586648089
21 30 -0.024846731677077058
21 31 -0.09424262758940909
21 32 -0.0371516119588827
21 33 0.09945191963778052
21 34 0.11130313268702414
21 35 -0.10842924557826546
21 36 0.06998909261573553
21 37 0.009717927164588597
21 38 -0.04371735149082871
21 39 -0.02396259570072875
22 22 0.0
22 23 -0.006554325147415922
22 24 -0.08507433133751365
22 25 0.0023400443555560224
22 26 0.026919130269354746
22 27 -0.054505946633472205
22 28 0.054085369061798984
22 29 0.008317054166413568
22 30 -0.026858921724640078
22 31 0.03243680382051665
22 32 0.014716809771822468
22 33 0.0686874103441162
22 34 -0.03855019627241017
22 35 -0.018628234378070492
22 36 -0.00821416130263996
22 37 0.05196317553794877
22 38 0.047784070869442315
22 39 -0.02159881427518228
23 23 0.0
23 24 0.032267001647522435
23 25 0.016101131411861584
23 26 -0.05678136456745
23 27 0.06813569841575182
23 28 -0.02552907898415349
23 29 0.019575946681696252
23 30 0.030938010618803097
23 31 0.06848622588240452
23 32 0.049076973357272555
23 33 -0.05343396514131965
23 34 -0.012176388211712887
23 35 -0.019366536667101062
23 36 -0.0024659036240324657
23 37 0.0047304449478190475
23 38 -0.038089125380034415
23 39 -0.07411229217183389
24 24 0.0
24 25 0.06996201022928303
24 26 -0.07221625503070808
24 27 -0.006382887081072196
24 28 -0.018404076453655997
24 29 -0.035859906865737395
24 30 -0.038976963504262566
24 31 0.05328538302398043
24 32 -0.04526671079637958
24 33 0.05765984432450576
24 34 0.1267068188437376
24 35 -0.08340267630689896
24 36 0.04738495064296544
24 37 -0.03886082482711567
24 38 -0.10991999763142919
24 39 -0.05284502397486703
25 25 0.0
25 26 -0.0043757682979092055
25 27 -0.0008201640361445966
25 28 0.0433099057782137
25 29 -0.01702598009837778
25 30 -0.015443087630763653
25 31 0.06087654131770076
25 32 0.025687695335769922
25 33 0.0481406893914814
25 34 0.07114227101748971
25 35 -0.07650811510915237
25 36 0.054378505689749966
25 37 0.011577391228440101
25 38 0.019383614738480298
25 39 -0.019681033215462364
26 26 0.0
26 27 0.020509417482514076
26 28 0.12074842362004475
26 29 0.14100654294773232
26 30 0.012668936018956588
26 31 0.17696817622718428
26 32 -0.01896616954710894
26 33 -0.0712764183723282
26 34 -0.06279937973637711
26 35 0.2553073415465351
26 36 -0.0029111509360035346
26 37 0.1255181141513724
26 38 -0.09503876886211683
26 39 0.0634991980584664
27 27 0.0
27 28 -0.009171095435016232
27 29 0.036541641162872035
27 30 0.14750412196554125
27 31 0.07815765340833092
27 32 -0.07098939049603573
27 33 -0.1490904959746211
27 34 0.04252454967239268
27 35 0.032687241823222676
27 36 0.017841637212497777
27 37 -0.008882513397503077
27 38 0.030641327557391677
27 39 0.00805407652191829
28 28 0.0
28 29 0.04974643151155217
28 30 0.034780974518886024
28 31 -0.030543382839521717
28 32 -0.04990910655208623
28 33 -0.025797974693645264
28 34 0.08283760824647221
28 35 0.0049474193898355005
28 36 0.021895525281079808
28 37 -0.010391030379522328
28 38 -0.04430116712874014
28 39 0.07445255323224578
29 29 0.0
29 30 0.060579597255661734
29 31 0.020668546339035615
29 32 -0.028535312051765998
29 33 -0.058618427009878085
29 34 0.04807710244742357
29 35 0.07354634967389734
29 36 0.0463163182176269
29 37 0.06259032843984978
29 38 -0.06838446483162924
29 39 0.03627354239687667
30 30 0.0
30 31 -0.005074764434861157
30 32 -0.097065098169425
30 33 -0.1337609799593406
30 34 0.08934409488746722
30 35 0.01664842906099408
30 36 0.040724195426983134
30 37 -0.00757636481456508
30 38 0.021230023540484318
30 39 0.05374170861120735
31 31 0.0
31 32 -0.03768872248980759
31 33 0.0580502780989657
31 34 -0.02484403270207709
31 35 0.04262356279610536
31 36 0.0246384005309584
31 37 0.12964699744213987
31 38 0.0032404606340220277
31 39 -0.13932512863624696
32 32 0.0
32 33 0.010484798459526445
32 34 -0.16234522201919052
32 35 0.011944407765572783
32 36 -0.04271309420494908
32 37 0.012814877484011906
32 38 0.05439394265018197
32 39 -0.029326081092878292
33 33 0.0
33 34 0.02927029007886685
33 35 -0.1139956396631135
33 36 0.04014249025966951
33 37 0.057637026295771845
33 38 0.021008493542784487
33 39 -0.07815833663102624
34 34 0.0
34 35 -0.1297927033311287
34 36 0.15347235641177812
34 37 -0.001459196047414106
34 38 -0.07036997420056688
34 39 0.04289516212687743
35 35 0.0
35 36 -0.06810293133985537
35 37 0.034309532918815916
35 38 -0.06158477564983015
35 39 0.044332722407685196
36 36 0.0
36 37 0.05568837509686584
36 38 -0.005690699602834668
36 39 0.01069595790533821
37 37 0.0
37 38 0.010796857053871619
37 39 -0.037341461006112256
38 38 0.0
38 39 0.0006951260532479595
39 39 0.0
