0 0 0.0
0 1 -0.001179888174200582
0 2 0.030531300710851212
0 3 -0.08027574831128738
0 4 0.0023404438507569083
0 5 -0.17867243204434533
0 6 -0.041077149513132426
0 7 -0.15395028994872614
0 8 -0.19552710570690546
0 9 -0.04859178686092604
0 10 0.23972117598909287
0 11 0.0248534050585303
0 12 -0.1896890827909561
0 13 -0.1097858522529053
0 14 0.1752283807126751
0 15 0.11877127099191072
0 16 -0.16271125894746802
0 17 0.08900258984907905
0 18 -0.11861641019148217
0 19 -0.04131612917125023
0 20 0.1079873740374995
0 21 0.18150110952594703
0 22 -0.10885469683185359
0 23 0.1795754799369907
0 24 -0.04852706440428388
0 25 -0.018696127495819292
0 26 -0.04884660963069048
0 27 -0.004368928185670448
0 28 0.1865446017583412
0 29 -0.3659719177112925
0 30 0.0006412992403640444
0 31 -0.007171228336017847
0 32 -0.03409790980079464
0 33 -0.046689066965014694
0 34 -0.1503425874408731
0 35 0.18383255131839515
0 36 0.0780873586940705
0 37 -0.030298365417757888
0 38 -0.1002596427889054
0 39 -0.03099048035847261
1 1 0.0
1 2 -0.07864872915305748
1 3 0.006798734087483045
1 4 -0.16249835727088685
1 5 0.08517289054888723
1 6 0.004652158518094767
1 7 0.02170326199881935
1 8 -0.15804554506880458
1 9 -0.08261124645418669
1 10 -0.019163257890464733
1 11 -0.017161991270343735
1 12 0.09457205044168268
1 13 -0.009955256835738741
1 14 0.09983398731765239
1 15 -0.07704207801767463
1 16 0.01072260885669645
1 17 0.057025778179139244
1 18 -0.023813932623471448
1 19 -0.051050509979124484
1 20 0.04781376067781949
1 21 0.0008494767483263567
1 22 -0.05821959247480544
1 23 -0.18138725382692383
1 24 -0.11195683967513444
1 25 0.08977078629198479
1 26 -0.0924089092103473
1 27 0.04575714478705078
1 28 0.08764712303922687
1 29 -0.06896543425811726
1 30 0.06126445367076452
1 31 -0.030735007314734997
1 32 0.027857409137637328
1 33 -0.14857038331119982
1 34 -0.04835605464906635
1 35 0.08477451875754001
1 36 0.04653508318916781
1 37 0.09235118392785681
1 38 0.1616012007892535
1 39 -0.03761687405539398
2 2 0.0
2 3 -0.0032664552511373806
2 4 0.07479428738816885
2 5 -0.1279182566339765
2 6 0.06759600947755338
2 7 -0.1173221449340047
2 8 0.07443889216416617
2 9 0.03320122927966227
2 10 0.0021873563172334068
2 11 -0.028925781355523504
2 12 -0.20905590584619493
2 13 0.012576727314458802
2 14 0.020821663175630757
2 15 -0.04101109311476945
2 16 0.08889685438297049
2 17 0.23730044037664677
2 18 -0.052327017167815126
2 19 0.046805563927005384
2 20 -0.09910935727881347
2 21 -0.04060763684074066
2 22 0.05568231412297834
2 23 0.14751302672757483
2 24 -0.17351658143598664
2 25 -0.040470489857000656
2 26 0.0880971666139123
2 27 -0.08872381678734645
2 28 0.008329411685086557
2 29 -0.01072030786905227
2 30 -0.11798994665139798
2 31 -0.06051791902095235
2 32 -0.045719999090509514
2 33 -0.002243323832679883
2 34 -0.1278702826248141
2 35 0.04883816123277648
2 36 0.18824901519407902
2 37 -0.02195226353896195
2 38 -0.1118652334302342
2 39 0.16871896487489207
3 3 0.0
3 4 0.020886736805343465
3 5 0.00401383165121586
3 6 -0.015772817982277323
3 7 0.050142577846248856
3 8 -0.05022247256534908
3 9 0.021157440425130812
3 10 -0.026087411324575305
3 11 0.1369314234996308
3 12 -0.013172106254558082
3 13 0.03499059368034292
3 14 -0.0812922984429828
3 15 0.1418968244532091
3 16 0.09338114577368693
3 17 -0.1355134866409591
3 18 -0.09886770074789092
3 19 -0.0906364541534496
3 20 0.01512795055711352
3 21 -0.05474135268379256
3 22 -0.03365417395116305
3 23 -0.035063058711421166
3 24 0.10889518001183045
3 25 0.05377170108554315
3 26 0.12253086438733855
3 27 0.01318415272019125
3 28 -0.0991665127800694
3 29 0.04684013783124821
3 30 0.09536325794161714
3 31 -0.08371452248382864
3 32 -0.028970163622777895
3 33 -0.03711279321145282
3 34 -0.041801479058104114
3 35 0.06477775095972493
3 36 -0.0760220539901151
3 37 -0.11458453042747471
3 38 -0.08961272534265759
3 39 0.07471338509108741
4 4 0.0
4 5 -0.0899690358213855
4 6 0.06770965265651954
4 7 0.009675705794068446
4 8 0.08126024289299888
4 9 0.029001998987680928
4 10 -0.22680602357423485
4 11 0.08215754342473516
4 12 -0.09584061450290772
4 13 -0.09788339383702278
4 14 -0.041057849820014536
4 15 -0.11973507239500795
4 16 -0.005468052463696875
4 17 0.04738426980602993
4 18 -0.2536037129712482
4 19 0.022488193621066112
4 20 0.03831733182068663
4 21 -0.2975240764663671
4 22 0.13743674111018808
4 23 0.0504107244201385
4 24 -0.17925675136975644
4 25 -0.287581201922105
4 26 0.15238687951301733
4 27 0.20269007388392257
4 28 0.09365512211535691
4 29 -0.11053185297503135
4 30 0.1683252162531758
4 31 -0.20991626168388372
4 32 0.0054052738161467825
4 33 0.23835208733321772
4 34 0.06537423527549625
4 35 -0.03175847723609711
4 36 0.2118667064332675
4 37 0.07479166513148502
4 38 -0.18430897370911864
4 39 0.11856615666528254
5 5 0.0
5 6 0.012127193531257262
5 7 0.14698655669483365
5 8 0.006633217556405002
5 9 0.04120958155885978
5 10 -0.09716986296209472
5 11 -0.33212526314126184
5 12 0.015213701977006092
5 13 -0.07702491618676474
5 14 -0.03016007248367388
5 15 -0.07559855498429538
5 16 0.041666456813903775
5 17 -0.1638875002182027
5 18 0.13182447692429677
5 19 -0.06006236571834441
5 20 0.005057432410913979
5 21 0.16074646941478915
5 22 -0.29677390425031885
5 23 -0.1439442293545383
5 24 -0.034371858841715494
5 25 0.20410341263876625
5 26 -0.22846714962055015
5 27 0.03977474596323463
5 28 -0.11413988854465118
5 29 0.08361073270880301
5 30 0.05796817207276472
5 31 0.04388638551686444
5 32 -0.005882443938755972
5 33 0.06726482062318553
5 34 -0.07499178167864735
5 35 -0.04727324048058508
5 36 0.021199435369423376
5 37 0.12614762006680041
5 38 0.10949172312352387
5 39 -0.0894885678393682
6 6 0.0
6 7 0.034726708121912
6 8 0.07041546515230475
6 9 -0.07440224498462347
6 10 -0.029231052100976773
6 11 -0.0516679508264787
6 12 -0.04469876692823694
6 13 -0.006987900521953527
6 14 -0.09451412633892471
6 15 0.006509761413469289
6 16 0.13971417434946276
6 17 0.035917722926947566
6 18 0.013797925551561504
6 19 0.02334986966665883
6 20 -0.0034709444427921073
6 21 -0.03708974124014121
6 22 0.049184439511990447
6 23 -0.051344293006558316
6 24 -0.09742406472546941
6 25 0.03388965132501707
6 26 -0.13045536361170332
6 27 -0.09888999504326015
6 28 0.12927153615265677
6 29 -0.048736035726652985
6 30 0.027184304379117525
6 31 0.05725005326458714
6 32 0.09894617132065715
6 33 -0.0038322358199750412
6 34 -0.018565309244953483
6 35 -0.09470019170569836
6 36 0.033986555929969846
6 37 -0.03017823945503706
6 38 -0.07126239710628726
6 39 0.14912801256800673
7 7 0.0
7 8 0.3238148348628784
7 9 0.12026170705392655
7 10 0.120983101195694
7 11 0.06899151666961263
7 12 0.1015195981936334
7 13 0.06167234654678344
7 14 0.03978070266198735
7 15 -0.07597055034767672
7 16 0.11229150013758935
7 17 -0.05283918568187066
7 18 -0.15096009290010148
7 19 0.22165050337138165
7 20 -0.0018930344664078113
7 21 -0.03758924181330865
7 22 -0.08263454103445364
7 23 -0.046017390733043714
7 24 0.16445545757413685
7 25 0.0954358094289005
7 26 -0.23468592599734514
7 27 -0.0004383979259751411
7 28 -0.10388174692374616
7 29 -0.11818960298992279
7 30 0.08182391097760641
7 31 0.04219718369408075
7 32 0.0890817008431573
7 33 -0.010940447296436905
7 34 0.13523805140246264
7 35 -0.15425336800226191
7 36 -0.2109320696954954
7 37 0.07002891828451771
7 38 -0.008604285118605226
7 39 -0.008750738034189924
8 8 0.0
8 9 -0.029614803449379827
8 10 0.18647798645675345
8 11 0.10098521092516784
8 12 0.047093353414606846
8 13 0.1973716777488081
8 14 0.08559920090717543
8 15 -0.12036899395353196
8 16 -0.007848116601126064
8 17 -0.08431181875759576
8 18 -0.22355119869918633
8 19 0.19693855418489964
8 20 -0.011954218668383417
8 21 -0.14510352889678724
8 22 0.029344626599255397
8 23 0.17728856208013338
8 24 -0.07720966331480603
8 25 -0.07042952653449339
8 26 -0.12210227391266833
8 27 -0.06012652450004515
8 28 -0.18080755173689228
8 29 0.14735048096944994
8 30 -0.035437157767380725
8 31 -0.09340278500742313
8 32 0.019724694639482246
8 33 -0.13485289792179095
8 34 0.2880282910482169
8 35 -0.1130319614823094
8 36 0.004501534584908333
8 37 -0.038036858587485296
8 38 0.1435438189757064
8 39 0.13111477985509828
9 9 0.0
9 10 -0.09449288304496069
9 11 -0.004279902381901119
9 12 -0.007653831262181459
9 13 -0.01717315852802016
9 14 -0.07127171469012095
9 15 -0.08861980272526268
9 16 0.12371702679778232
9 17 0.11179833609187009
9 18 0.03331393252173978
9 19 0.045115998862983966
9 20 0.040228459245257656
9 21 0.10278113130990703
9 22 -0.000031311305308844536
9 23 0.008554887081885159
9 24 0.0601075327385715
9 25 0.1448255005440235
9 26 -0.04645922636979409
9 27 -0.022710242407081617
9 28 -0.05533139924681968
9 29 -0.02953868771213842
9 30 -0.022747225807179486
9 31 0.04771286248532238
9 32 0.04624440497249606
9 33 0.1503994462825448
9 34 -0.07226215465533584
9 35 0.025044358151309447
9 36 -0.08654228043533656
9 37 0.12382445358320993
9 38 -0.1481107388150386
9 39 -0.050631981704623893
10 10 0.0
10 11 0.07362962422470956
10 12 0.014885957930678137
10 13 0.06740869496660319
10 14 0.13012788883920626
10 15 0.19843506871419722
10 16 -0.0777282031277165
10 17 -0.04791446772738982
10 18 -0.10040932961534525
10 19 0.00005700886112227161
10 20 -0.027397748413254326
10 21 0.002986200332586916
10 22 -0.02359997372921871
10 23 0.10424257745846963
10 24 0.05655131910152833
10 25 -0.05401473295982626
10 26 -0.03937281274311575
10 27 -0.18977842901992237
10 28 0.0064229726250517065
10 29 -0.10599186740634096
10 30 -0.04694457818257592
10 31 -0.006028979060465171
10 32 0.03944222844030852
10 33 -0.2862677986790981
10 34 -0.010393400159875985
10 35 -0.054998791708381234
10 36 0.04274424375865941
10 37 -0.09514104738121085
10 38 0.04809034711602545
10 39 -0.029586006648646756
11 11 0.0
11 12 -0.10023571508304699
11 13 0.12601946262506353
11 14 -0.06534495536179949
11 15 0.09485236662747479
11 16 -0.01837746654666928
11 17 0.027192354382474748
11 18 -0.20023318007570273
11 19 0.009208409942244731
11 20 0.09443329396475061
11 21 -0.18641819034529883
11 22 0.060884178536930976
11 23 0.08940768815429527
11 24 0.1481311585230398
11 25 0.01673578785766542
11 26 0.2757775170385641
11 27 0.013687672945522733
11 28 -0.017377480257105324
11 29 -0.0024201754211258743
11 30 0.03493905065488989
11 31 -0.023226573451527247
11 32 -0.008385568884633725
11 33 -0.19459990434779623
11 34 0.07459189106458029
11 35 0.08723016401999281
11 36 -0.07454010869168265
11 37 -0.12032519040428438
11 38 -0.06872180911439876
11 39 0.0468336877272305
12 12 0.0
12 13 -0.02171240699284873
12 14 0.05264394596575881
12 15 -0.03661798541468915
12 16 -0.0026240369635087543
12 17 -0.18792888895183174
12 18 -0.010598952931230237
12 19 0.048694065670010576
12 20 0.018489653953488432
12 21 -0.07245379677599863
12 22 0.16657690083001458
12 23 -0.2298924317787585
12 24 0.0954819719030657
12 25 -0.18556987908301215
12 26 -0.13272692081015
12 27 0.09513802878056765
12 28 0.02843586767765215
12 29 0.18961941755269526
12 30 0.12940120023695587
12 31 0.14145458750930365
12 32 0.1968403056997231
12 33 -0.03645645121497622
12 34 0.20188993342192832
12 35 -0.15185842237760167
12 36 -0.22208426143267004
12 37 0.07774501295233968
12 38 0.11504415025070314
12 39 -0.012208551211230736
13 13 0.0
13 14 -0.12296425558726612
13 15 0.026816166857066937
13 16 -0.05237003260418739
13 17 -0.050319692978579855
13 18 0.03046368358663743
13 19 -0.04473333388612985
13 20 0.010314443243005506
13 21 -0.053127202145387145
13 22 -0.0391670075376585
13 23 -0.16895451307075132
13 24 -0.11422240866899927
13 25 0.06527668422489731
13 26 0.12390750455668664
13 27 -0.12621891238897562
13 28 -0.10897562222174302
13 29 0.13363378260364467
13 30 -0.1268833714571482
13 31 -0.0907310924329808
13 32 -0.029525226891627156
13 33 -0.11861459073786948
13 34 0.13442029571265268
13 35 -0.022743445789714507
13 36 0.06965462172639335
13 37 -0.04571346691449532
13 38 0.15097810941802112
13 39 -0.017964978556557265
14 14 0.0
14 15 -0.13655069200483433
14 16 -0.08004683875686706
14 17 0.07044004648046395
14 18 -0.11058088646852823
14 19 0.1357580728602102
14 20 0.08804661021883528
14 21 0.04810525059804396
14 22 -0.05242978011488954
14 23 0.18035905846223194
14 24 0.086719565804708
14 25 -0.12429445134037906
14 26 -0.09149576023263004
14 27 0.1747895770506988
14 28 -0.09972831869110946
14 29 -0.05345882294819343
14 30 -0.07132994081217991
14 31 0.0045262836181303705
14 32 0.02151871106141274
14 33 -0.1174499887568838
14 34 0.08700956672691842
14 35 0.08716054216635603
14 36 -0.013842081872357078
14 37 0.13462054093001968
14 38 0.014299537260709223
14 39 -0.09442797020765666
15 15 0.0
15 16 -0.01841420758951813
15 17 -0.17861057866582275
15 18 0.07927732980102227
15 19 -0.21295465748644538
15 20 -0.056179245203599994
15 21 -0.04237352155232207
15 22 0.09722357798781302
15 23 -0.058458949531901526
15 24 0.08091662787615014
15 25 -0.015290036889946457
15 26 0.16906519252864627
15 27 -0.22493998591114583
15 28 0.07029729228299925
15 29 0.04437729599062516
15 30 0.1326066071846015
15 31 0.020853250037996967
15 32 0.022779694322807752
15 33 -0.19794269068166842
15 34 -0.0190996569186307
15 35 -0.05514144183852977
15 36 -0.04692552853356584
15 37 -0.018660088923056595
15 38 -0.04542234925822631
15 39 0.03134949613159427
16 16 0.0
16 17 0.07993257701737887
16 18 0.011697164323513951
16 19 0.01807227895108675
16 20 -0.006961833289787132
16 21 0.013914584797582476
16 22 0.11352863013884426
16 23 -0.025199369951652527
16 24 0.09228881029623488
16 25 0.05789239472677241
16 26 -0.10028151054889659
16 27 -0.05586070951862314
16 28 0.05623374605253502
16 29 0.02890008948529623
16 30 0.01349830980423849
16 31 -0.010163697016538928
16 32 0.1076568077975831
16 33 0.021662167923303298
16 34 -0.08854712369768011
16 35 -0.059415715465813604
16 36 -0.09615295798618809
16 37 0.02797145938161614
16 38 -0.20233365367231398
16 39 0.09369228442390476
17 17 0.0
17 18 -0.020740577680016647
17 19 0.1656324256711044
17 20 -0.02655710571053141
17 21 -0.026908906030435387
17 22 0.057907236245526475
17 23 0.15546699460594454
17 24 -0.16537803910352208
17 25 0.07217222666247217
17 26 0.06559561033672107
17 27 0.041698199130580225
17 28 0.05590099142353422
17 29 -0.15796042260491824
17 30 -0.14148590655416576
17 31 0.1035754436530951
17 32 0.011543549921454975
17 33 -0.021904911881937956
17 34 -0.19881550649891272
17 35 0.09248326984080128
17 36 0.13446188376819065
17 37 0.0551931293086564
17 38 -0.10922152334225348
17 39 0.06376826877396823
18 18 0.0
18 19 -0.0738409611003211
18 20 -0.07175030122894248
18 21 0.1401059260982558
18 22 -0.020344291229268386
18 23 -0.16723238672928342
18 24 0.015254798439557817
18 25 0.25860612832047714
18 26 -0.025837134499549087
18 27 -0.13462445636050632
18 28 -0.08676217408547422
18 29 0.1187904909746386
18 30 -0.15474544954610198
18 31 0.04808227404767724
18 32 -0.008885730707776308
18 33 0.1425915007807657
18 34 0.020770982566515415
18 35 -0.07634142811207714
18 36 0.02228858620332623
18 37 0.10534504199842094
18 38 0.0540542198600927
18 39 -0.19936465016288346
19 19 0.0
19 20 -0.10521985323889149
19 21 -0.09159212197985216
19 22 -0.041848556240682004
19 23 0.14943818787413687
19 24 0.09068808941560924
19 25 0.13718581743512834
19 26 -0.1354472783250073
19 27 0.1324988730520458
19 28 -0.08018454594933996
19 29 -0.15095004917031368
19 30 -0.017867790205385734
19 31 0.15444345088991324
19 32 0.00806179473661349
19 33 0.12685783335753234
19 34 0.10525679113821045
19 35 -0.04040372053077226
19 36 -0.11842002322161911
19 37 -0.00970590470032896
19 38 -0.05262645313715677
19 39 0.08617670201334224
20 20 0.0
20 21 0.08491827486857866
20 22 -0.05262788427909419
20 23 -0.054728165077095804
20 24 0.04888892764756946
20 25 -0.015993729498028617
20 26 0.03248910727682176
20 27 0.08907857386894594
20 28 0.0037921791882289833
20 29 0.06177213425656266
20 30 -0.0179801401562764
20 31 0.03087883323060252
20 32 0.10458040550973109
20 33 -0.1501798113100126
20 34 0.043654354665499995
20 35 0.1181353594520598
20 36 -0.04840367234587363
20 37 0.11624837269780168
20 38 -0.04146189689511916
20 39 -0.10131960827967271
21 21 0.0
21 22 -0.20473585062033256
21 23 0.09473685356815374
21 24 0.0889013537087628
21 25 0.12108779385984059
21 26 -0.31164514205169747
21 27 -0.08568481320620985
21 28 0.04424092347969525
21 29 -0.07858276479407733
21 30 -0.13722335193644042
21 31 -0.07857233302845033
21 32 -0.03822023699612025
21 33 0.08784937626229378
21 34 -0.1373734911254183
21 35 0.06174947206192002
21 36 -0.10897848113270878
21 37 0.004772427649177495
21 38 0.004596950573002182
21 39 -0.13497103921230513
22 22 0.0
22 23 0.04292726669714632
22 24 -0.11368326327858666
22 25 -0.3185574251862499
22 26 0.05640652276376209
22 27 -0.0032642739892836926
22 28 0.10608810751416789
22 29 0.06501860539587255
22 30 0.10151592027838603
22 31 -0.02335989609583718
22 32 0.07951966426629192
22 33 -0.007933848531468855
22 34 0.011128215738412156
22 35 -0.0887136109414334
22 36 -0.042202342067432855
22 37 -0.025278439734668524
22 38 -0.021969333037756587
22 39 0.06747654428208823
23 23 0.0
23 24 0.063006992279365
23 25 -0.03899874243694103
23 26 -0.09622837135310314
23 27 0.07124655346433555
23 28 -0.04994547330020471
23 29 -0.1744097263459096
23 30 -0.023039306410849537
23 31 -0.07330991197250805
23 32 -0.14214131055596285
23 33 0.042436389103790294
23 34 -0.14602778627113744
23 35 0.11583753496050653
23 36 -0.016012033652086134
23 37 -0.2091782032344914
23 38 -0.07152120235069012
23 39 0.07985961455670147
24 24 0.0
24 25 0.08487354853741783
24 26 -0.009505120781919335
24 27 0.023002639875614735
24 28 -0.038888878575230774
24 29 0.07873240774486896
24 30 0.01568063363044571
24 31 0.11476604094769446
24 32 0.08460540400217935
24 33 -0.02382936561020675
24 34 0.12999392569678778
24 35 -0.06602704218007623
24 36 -0.37861979195708373
24 37 0.026149161061288295
24 38 -0.24999832588327325
24 39 -0.08784207076326042
25 25 0.0
25 26 -0.08427168850295798
25 27 -0.07997815912285108
25 28 -0.17624787235443112
25 29 -0.11329970151754012
25 30 -0.07715427926198437
25 31 0.13978203058074098
25 32 -0.04389615078509591
25 33 0.12861768091470255
25 34 -0.027635601379120765
25 35 0.11266247070500382
25 36 -0.04765779917959451
25 37 0.02304808325034855
25 38 -0.04404039161129184
25 39 -0.07238930422124376
26 26 0.0
26 27 0.026175074605906828
26 28 -0.10216247968019565
26 29 0.22890775045275702
26 30 -0.045356025411140914
26 31 0.059672744242927775
26 32 -0.03767519163691661
26 33 -0.2142526518428945
26 34 0.0176269088938336
26 35 0.10326167708281749
26 36 0.16837487954895597
26 37 0.010855924295560633
26 38 -0.05616094059353556
26 39 0.010069063634209296
27 27 0.0
27 28 -0.06797651560774004
27 29 -0.039148701507629335
27 30 0.07039262428651416
27 31 0.024313485713960796
27 32 -0.02767539043655558
27 33 0.07544344988489385
27 34 0.03987088685317171
27 35 0.11689744961830713
27 36 -0.07154989658762081
27 37 -0.010343223963813562
27 38 0.004119983411974051
27 39 -0.02243811721153188
28 28 0.0
28 29 -0.144235998671094
28 30 0.11262264928079764
28 31 -0.015958665981700693
28 32 0.09080625731882049
28 33 -0.01572202514748016
28 34 -0.11517396784183272
28 35 -0.05268349453078104
28 36 0.0036014163086229636
28 37 -0.013711609355898751
28 38 -0.10865128323313847
28 39 0.1362944468521384
29 29 0.0
29 30 -0.09199630367671534
29 31 0.02336710003717064
29 32 0.0816076478983129
29 33 -0.20864971429870374
29 34 0.18919097639118995
29 35 -0.06453515405781392
29 36 -0.01793712962961058
29 37 0.10737740402448226
29 38 0.08524566244025114
29 39 -0.01885032146936947
30 30 0.0
30 31 0.0844133168518995
30 32 0.03562012890009003
30 33 0.04478512737985956
30 34 -0.010911631324562195
30 35 -0.01883397473874654
30 36 -0.11794364461087521
30 37 -0.0077936163918662146
30 38 -0.02600798318575508
30 39 0.11435847970757947
31 31 0.0
31 32 0.1469236145483701
31 33 -0.10838117439496227
31 34 -0.037369781263606
31 35 0.0043638233172223154
31 36 -0.1954304749668228
31 37 0.11402985343127654
31 38 -0.04825762822318504
31 39 0.04251965511551963
32 32 0.0
32 33 -0.12389045142284083
32 34 0.06590647897623556
32 35 -0.08449186669215272
32 36 -0.08617525999826493
32 37 0.1569325394724022
32 38 -0.10630591472559399
32 39 0.014633451152430569
33 33 0.0
33 34 -0.008504614356955613
33 35 -0.043244930935644764
33 36 -0.02098713451743938
33 37 -0.025920195757715248
33 38 -0.08917076410103542
33 39 -0.028214428385663452
34 34 0.0
34 35 -0.1105882964838372
34 36 -0.09853713623232427
34 37 0.13359242741465882
34 38 0.08017588099259751
34 39 -0.05593330056728559
35 35 0.0
35 36 0.04347620210034885
35 37 -0.031718552797813514
35 38 -0.011513304280010099
35 39 -0.011871207884000746
36 36 0.0
36 37 0.011469839944645354
36 38 0.08192072226270611
36 39 0.004281124002231088
37 37 0.0
37 38 -0.07097037327695369
37 39 -0.12875901984567517
38 38 0.0
38 39 -0.09118451848404421
39 39 0.0
