0 0 0.0
0 1 0.11366991483150254
0 2 0.07311158228819198
0 3 0.0004242339457810409
0 4 0.05686587275586228
0 5 -0.08123057855707777
0 6 0.005648974837523372
0 7 0.04442184178621391
0 8 0.0901553246987274
0 9 0.020359808333373093
0 10 -0.041567396822752276
0 11 -0.18605131329150293
0 12 -0.05232003811210726
0 13 -0.009039084633560223
0 14 -0.0016815132793328923
0 15 -0.07288507116921812
0 16 0.004634845752905725
0 17 -0.04635969122737023
0 18 -0.07005068135935939
0 19 -0.04490715785483067
0 20 -0.05821336001239134
0 21 -0.026096624556565556
0 22 -0.1090776110756719
0 23 0.08478053352657698
0 24 -0.01456011196991919
0 25 0.06679271199529652
0 26 -0.0827995740830457
0 27 0.07095432648785066
0 28 0.02209370424256544
0 29 0.03488851274027366
0 30 -0.07417326532929584
0 31 0.0878793815519905
0 32 0.05369102498996018
0 33 -0.04180693185659289
0 34 -0.0916038474170873
0 35 0.0009644795975302456
0 36 -0.039848879093416154
0 37 0.006048397716048487
0 38 0.0033361149704407523
0 39 0.0023301101163216717
1 1 0.0
1 2 -0.06375317450630227
1 3 0.09413746249434264
1 4 0.13259931092452598
1 5 -0.10976305908463346
1 6 0.07757263591422246
1 7 0.15630506066039254
1 8 -0.09265585125522872
1 9 -0.0025745038078239654
1 10 -0.05547631266735352
1 11 -0.1594678757929355
1 12 -0.00970098063018648
1 13 0.050031484126726054
1 14 -0.02880334332814182
1 15 0.04198553905994649
1 16 -0.03778288675695353
1 17 -0.1345557905982175
1 18 -0.05617526405244465
1 19 0.05851310578159408
1 20 -0.12406028053270701
1 21 -0.17856828791557428
1 22 -0.1417604063081198
1 23 0.13714401007812216
1 24 0.06033584620794909
1 25 0.31255740378714136
1 26 0.13973696255652154
1 27 -0.02092386686345944
1 28 0.14659436541851778
1 29 -0.1940077030469502
1 30 -0.08752394436296289
1 31 -0.10610938769136487
1 32 0.024667183757244315
1 33 0.16241421773603534
1 34 -0.11459735546433117
1 35 -0.16936483223973958
1 36 0.041373902185235026
1 37 0.07423861387241983
1 38 0.08362470579551799
1 39 -0.08005794215094456
2 2 0.0
2 3 -0.018384675546717123
2 4 -0.05070623747197632
2 5 0.07605608237926438
2 6 -0.08192710516336064
2 7 0.03407107338532692
2 8 0.06012428366999297
2 9 0.03307005533816007
2 10 0.05211434527215373
2 11 -0.0510023795097473
2 12 -0.05848352712433824
2 13 0.02238118558771091
2 14 0.05153604063971532
2 15 -0.08360392144255825
2 16 0.04949679313911461
2 17 0.0005770834810860392
2 18 -0.03856636591898176
2 19 0.01442671199899973
2 20 0.017578631369291508
2 21 0.0713437773430278
2 22 -0.036826524638068556
2 23 0.021758126506604532
2 24 -0.011933928197867226
2 25 -0.0005241368902765687
2 26 -0.05474155651438491
2 27 0.08787127231242507
2 28 0.1214053942347029
2 29 -0.0005877026778630325
2 30 0.09812908023512548
2 31 -0.017181543107511684
2 32 -0.05152912158890503
2 33 -0.04721056108596995
2 34 -0.03514422244007049
2 35 0.014753843883400383
2 36 -0.10983489559625041
2 37 0.013871131304606339
2 38 0.08955756523757694
2 39 0.00093747555600142
3 3 0.0
3 4 0.04226836534096268
3 5 -0.0298874970418269
3 6 -0.07889514411690736
3 7 0.08223680366265565
3 8 -0.008668436779915084
3 9 -0.010723921077406245
3 10 -0.03129408601436431
3 11 0.0507764183702911
3 12 -0.062487504015706394
3 13 -0.03917842679678395
3 14 -0.02417038490987416
3 15 0.03706798532914514
3 16 0.10472144115884083
3 17 -0.09072205630530995
3 18 -0.03830772066780354
3 19 0.05348472142660045
3 20 -0.04973704812063475
3 21 -0.030961393207848194
3 22 0.00016364681574040858
3 23 0.03426929888532072
3 24 0.04557571880495258
3 25 0.0607607192243503
3 26 0.08918221430249669
3 27 -0.05828281872948014
3 28 0.008532466690830845
3 29 -0.04292366072629486
3 30 0.0049030525952510375
3 31 -0.05454861146074193
3 32 0.004757579567779204
3 33 0.03081893403120972
3 34 0.004981570928613578
3 35 -0.011277765610904492
3 36 -0.028538878061157867
3 37 0.025994961695124563
3 38 -0.005428985945561482
3 39 -0.03988571536184032
4 4 0.0
4 5 -0.09238975442421642
4 6 -0.017792251549359685
4 7 0.068610106919437
4 8 0.0034069722220224662
4 9 -0.0014725190801363167
4 10 -0.07212292028072406
4 11 0.01233563010200825
4 12 -0.060341196955826626
4 13 -0.037257018371560965
4 14 -0.03571587448778207
4 15 0.062030434730977226
4 16 -0.049077745626822315
4 17 -0.0659590438835024
4 18 -0.015105720781867457
4 19 0.012335016046125845
4 20 -0.09383368545292818
4 21 -0.04923546804705004
4 22 -0.04118533949257568
4 23 0.026426245693463295
4 24 0.04128955579994878
4 25 0.07305938430253213
4 26 0.015680576125738862
4 27 -0.08671787317451077
4 28 -0.04315104253471777
4 29 0.037641219767954495
4 30 -0.041478463951407696
4 31 0.0012618268592996167
4 32 0.05833164856652764
4 33 0.014470329143649124
4 34 -0.04538393548890256
4 35 -0.04714655573164558
4 36 0.03672814064267375
4 37 0.013283473917294359
4 38 -0.017425168761146654
4 39 0.003376522262352962
5 5 0.0
5 6 -0.022509238410230344
5 7 -0.029895113357963556
5 8 -0.03286954631519945
5 9 0.009828791766343475
5 10 0.027032067780565393
5 11 0.004451284140539034
5 12 0.017775449046864993
5 13 0.08459076263072023
5 14 0.05073884217976732
5 15 -0.03648724000962497
5 16 0.03898413714109904
5 17 0.06906566810369227
5 18 0.027015471218355618
5 19 0.05457291464834822
5 20 0.052116904127481635
5 21 0.05066969845918264
5 22 0.04345674297468046
5 23 0.00041746675723755013
5 24 0.05749581025762181
5 25 -0.004856036643772724
5 26 0.003140079564217184
5 27 0.027906542318265247
5 28 0.05812205331772189
5 29 -0.06122559034912574
5 30 0.10158391747421716
5 31 -0.11744518074348405
5 32 -0.11333636210132987
5 33 -0.04855551236008145
5 34 0.046603931473421276
5 35 0.023606549456785596
5 36 -0.017542127965523166
5 37 0.042656717042638854
5 38 0.04570621151965274
5 39 -0.016944421642420774
6 6 0.0
6 7 -0.10070418226450191
6 8 -0.12718404089759847
6 9 0.02931932201957272
6 10 0.03482950994388412
6 11 -0.14905435812842166
6 12 0.25148134832991076
6 13 0.05562492745791823
6 14 -0.007734677576010035
6 15 -0.043560248834381254
6 16 -0.14235607579112106
6 17 0.09847015963831537
6 18 0.05958259653076039
6 19 -0.10740341617051112
6 20 0.07027801594933364
6 21 -0.032701473153380005
6 22 -0.021828449286483555
6 23 -0.012040802836883278
6 24 -0.05290667799268174
6 25 0.017386751854113917
6 26 0.004635667929113519
6 27 0.15418254378034707
6 28 -0.021011375881535108
6 29 -0.043463313292405596
6 30 -0.1792547332306798
6 31 0.016021803973842768
6 32 0.06497154624494403
6 33 0.06230488113123657
6 34 -0.0485903524697672
6 35 -0.10002978415616297
6 36 0.13942536017851903
6 37 0.026672162882358637
6 38 0.019814614488861185
6 39 -0.0018258136925572905
7 7 0.0
7 8 -0.01662665650579071
7 9 0.02654429150102028
7 10 -0.04529831876970382
7 11 0.04019612741762302
7 12 -0.1175113169213969
7 13 -0.029006351031624474
7 14 -0.07114467792459474
7 15 0.1095450389221817
7 16 0.07905557953819856
7 17 -0.11360990213392272
7 18 -0.032952022258792756
7 19 0.10743238833799781
7 20 -0.06939941231035954
7 21 -0.0413974609960309
7 22 0.03840670572977152
7 23 0.0710097135971863
7 24 0.023691788019277925
7 25 0.10686966232137118
7 26 0.15629206654082964
7 27 -0.1027879378810211
7 28 0.02511542554308898
7 29 -0.009937944246476111
7 30 -0.019036329008982868
7 31 -0.07694945756830279
7 32 -0.041445522078429727
7 33 0.012743947114135628
7 34 -0.15559363037040666
7 35 -0.119336656010176
7 36 -0.130084240343374
7 37 0.02967727565938621
7 38 0.05696114787943973
7 39 -0.023639979598284507
8 8 0.0
8 9 -0.037188219168985445
8 10 -0.010743185699786339
8 11 -0.016212760369413763
8 12 -0.1610800994856105
8 13 -0.02551790847974351
8 14 0.01711891011621608
8 15 -0.027183953657079245
8 16 0.01979047741566245
8 17 -0.01738177375036335
8 18 -0.046695035328665674
8 19 -0.00857175221606819
8 20 -0.021387609955834955
8 21 0.00593794263555402
8 22 -0.02976949229347991
8 23 0.004922321781993697
8 24 -0.05317407074758531
8 25 -0.06890687298141975
8 26 -0.1358821438134972
8 27 -0.05183761808529226
8 28 -0.0051109387091706
8 29 0.0804818742253526
8 30 0.07976755413696977
8 31 0.15354018672656908
8 32 -0.015678381328022656
8 33 -0.06685562312055149
8 34 0.029592383192747696
8 35 0.13473096939695733
8 36 -0.0937937482585067
8 37 -0.09212377480551852
8 38 -0.06348707804326408
8 39 0.044861561867453534
9 9 0.0
9 10 0.01625651408417768
9 11 -0.006045062547752518
9 12 0.0472139152431391
9 13 -0.012468659206395142
9 14 -0.004673309915429729
9 15 -0.012367908247807749
9 16 -0.010377272226486173
9 17 0.0047658142783935905
9 18 0.006134461035691877
9 19 -0.016624761218139723
9 20 0.008665676273993606
9 21 0.038525430107183595
9 22 0.0008434210287949233
9 23 -0.0050496430396938545
9 24 -0.001675684454686578
9 25 0.00032312763790851864
9 26 0.020153915806499334
9 27 0.05774729088606656
9 28 0.007825839868501338
9 29 0.024220070685047477
9 30 -0.031817087183731003
9 31 -0.03172969420113999
9 32 0.024419132516256575
9 33 -0.006169558751306364
9 34 -0.05630274808306771
9 35 -0.062249659982419006
9 36 -0.002882521701298061
9 37 0.03473878937625174
9 38 0.0507890136149066
9 39 -0.00025779444420172883
10 10 0.0
10 11 0.011464955379983611
10 12 0.08682459779679971
10 13 -0.02381564980072668
10 14 0.040725825862921845
10 15 -0.08003523126294945
10 16 0.0025189984314871543
10 17 0.01406191991803985
10 18 -0.008555247051556535
10 19 -0.06493844430360594
10 20 0.09764615892151991
10 21 0.0579371487581824
10 22 -0.02271080777674953
10 23 -0.06401731917441046
10 24 -0.13607228697575507
10 25 -0.06901619561394193
10 26 -0.006612414447253752
10 27 0.1607380038045708
10 28 0.14274093650784722
10 29 -0.04260717344595487
10 30 0.0407285816618761
10 31 0.055408593687463904
10 32 0.022843298292250465
10 33 0.09514863195950321
10 34 0.006900696570919537
10 35 -0.014934815939484165
10 36 -0.05890711768416035
10 37 -0.04284006254028526
10 38 0.09382997964082719
10 39 0.002054775751602238
11 11 0.0
11 12 -0.06973674375149475
11 13 -0.11808727198979685
11 14 -0.03428848465660569
11 15 0.11901351337408035
11 16 0.04276177280377487
11 17 -0.0437351191308788
11 18 0.032338738418594394
11 19 0.04575624666476678
11 20 -0.008703589747360409
11 21 0.07739783213432073
11 22 0.11449201402232993
11 23 -0.1107656717241177
11 24 0.011049303116588062
11 25 -0.12328583630938446
11 26 0.07672008850151552
11 27 -0.14401577429969684
11 28 -0.08795620639650169
11 29 0.10470383060103641
11 30 0.09076191294798572
11 31 -0.03545235081154129
11 32 0.02356046051028483
11 33 0.004532691482998853
11 34 0.05912776270168
11 35 0.007042538652619464
11 36 -0.02166769075308457
11 37 -0.024013487519623376
11 38 -0.020837796931897423
11 39 0.02465003241022172
12 12 0.0
12 13 0.00906528471737928
12 14 0.006503734425158014
12 15 -0.08080543768010354
12 16 -0.0463604611898605
12 17 0.08885951169711015
12 18 0.05339610555632167
12 19 -0.12060351753913409
12 20 0.11280596164770687
12 21 0.03786216393603807
12 22 0.006647299149010477
12 23 -0.05166519145536409
12 24 -0.05253043437234547
12 25 -0.04097229531037288
12 26 0.04582154544641461
12 27 0.22339851159648783
12 28 -0.007401063697525014
12 29 -0.05063999523953481
12 30 -0.15854546682227005
12 31 -0.02895241430264518
12 32 0.08743374418491814
12 33 0.07324591645152435
12 34 -0.0009541799414025823
12 35 -0.09096840119454233
12 36 0.12969404524075676
12 37 0.05449441222858953
12 38 0.045827863970837296
12 39 -0.024754977496689333
13 13 0.0
13 14 0.03931283881474702
13 15 -0.017181634088394585
13 16 -0.06406386431399151
13 17 0.07002136904905346
13 18 0.02645347686379349
13 19 0.04921017731160663
13 20 0.005178238807485949
13 21 -0.049143358069775996
13 22 -0.018270304597659014
13 23 0.053449178302426535
13 24 0.05997293254023417
13 25 0.09224876182252095
13 26 -0.026626170752693044
13 27 -0.009505971888464014
13 28 0.061562592652902814
13 29 -0.09777734624002601
13 30 0.04456486199337611
13 31 -0.07754345192968712
13 32 -0.1100596007575864
13 33 -0.02062893643465507
13 34 0.008438709128406725
13 35 0.00031626853869137447
13 36 0.03254829055369347
13 37 0.028069088043078606
13 38 0.02071805378188468
13 39 -0.012414999379464556
14 14 0.0
14 15 -0.08498209980914209
14 16 -0.029524348124739325
14 17 0.027879816617328097
14 18 -0.010810073724775352
14 19 -0.01797710197320192
14 20 0.007620751407980611
14 21 0.030949374660506422
14 22 -0.07303106757045227
14 23 -0.011522500502238124
14 24 0.02074523575396149
14 25 0.013665310664448727
14 26 -0.08507817033975948
14 27 0.0677648908990843
14 28 0.0976989752156257
14 29 -0.04431392292470772
14 30 0.09672463157039352
14 31 -0.022756901698159464
14 32 -0.009777211749292901
14 33 0.009060715402159452
14 34 0.07630421369477994
14 35 0.04671652581913666
14 36 0.03361478797070399
14 37 0.01331556428150891
14 38 0.04216962258855374
14 39 -0.005844843218251821
15 15 0.0
15 16 -0.030846724849065078
15 17 -0.029988410143130233
15 18 0.040520805969557934
15 19 0.08480578612179496
15 20 -0.049206608015354605
15 21 -0.055907475981664775
15 22 0.1042745453269344
15 23 0.0028741563686702615
15 24 0.025697374356751963
15 25 0.015899844394344585
15 26 0.10680451999819751
15 27 -0.20218095268166986
15 28 -0.11437528196049722
15 29 0.05322866138314045
15 30 -0.031422688245919976
15 31 -0.026836073140617773
15 32 -0.03860202481841266
15 33 -0.012237069599859863
15 34 -0.07351677678618616
15 35 -0.06348549656447663
15 36 -0.02409052941577755
15 37 -0.019392460832361177
15 38 -0.0471657446962097
15 39 0.02110217595918582
16 16 0.0
16 17 -0.10160372290258024
16 18 -0.07932780927547375
16 19 0.0664442265370978
16 20 0.03446121058670296
16 21 0.018736085898678485
16 22 0.08158813059150102
16 23 0.05792591877779037
16 24 0.026097683822639727
16 25 -0.023195599368207746
16 26 0.15003267435134154
16 27 0.025267337965294623
16 28 -0.0073623643344693235
16 29 -0.08217248495318012
16 30 -0.012263620830551348
16 31 -0.05776762188502673
16 32 -0.04603703133707175
16 33 -0.023527281923003077
16 34 0.0466944794173545
16 35 0.07663281331812821
16 36 -0.1413252146470204
16 37 0.0330475926875316
16 38 -0.04232844931038526
16 39 -0.08432461669383837
17 17 0.0
17 18 0.06307832044563001
17 19 -0.03878649037314173
17 20 0.06520787149596831
17 21 0.032034396142613566
17 22 0.03314205216124831
17 23 -0.03702439820416971
17 24 -0.009997558784243589
17 25 -0.06968527910391992
17 26 -0.08221299242926276
17 27 0.04129485631924763
17 28 -0.04282056936295189
17 29 0.0293553391452342
17 30 -0.002835593026619567
17 31 0.01571120073833679
17 32 -0.035906401660995485
17 33 -0.05549381928979828
17 34 0.02761750040942998
17 35 0.026980071151518854
17 36 0.061614361515091434
17 37 -0.010209796878715264
17 38 -0.01729273492335434
17 39 0.035068699972305224
18 18 0.0
18 19 -0.002361620284611347
18 20 0.02348735326783146
18 21 0.008531836986404424
18 22 0.05111101853728535
18 23 -0.03318152896951201
18 24 0.006825617077736238
18 25 -0.03275602747683572
18 26 0.002583805615850405
18 27 -0.028443070372796597
18 28 -0.05842401303217263
18 29 0.030516167818625123
18 30 -0.01839540663972592
18 31 -0.01941325234888166
18 32 -0.015496449716667828
18 33 -0.018031921303502767
18 34 -0.005517232319790557
18 35 -0.026814652784245625
18 36 0.049529341421271154
18 37 0.0008344291507291202
18 38 -0.010755690893655563
18 39 0.02281139795415148
19 19 0.0
19 20 -0.04986512014732384
19 21 -0.0446664343223474
19 22 0.05134797157212041
19 23 0.05839374669296654
19 24 0.09319171487466715
19 25 0.08903746085410207
19 26 0.08955870899003314
19 27 -0.1452857543741856
19 28 0.012461974795607926
19 29 -0.05820283455051739
19 30 0.07358681553665539
19 31 -0.11922458096162133
19 32 -0.11592829221907493
19 33 -0.02777714009666485
19 34 -0.015686070682985644
19 35 -0.012414765377611414
19 36 -0.0587549736255189
19 37 0.03008610708399422
19 38 0.0019343794363637795
19 39 -0.026490866037720433
20 20 0.0
20 21 0.04445342328454357
20 22 0.05871415874905124
20 23 -0.04695088248124998
20 24 -0.10384194399560642
20 25 -0.10611791253812494
20 26 0.01000273576485334
20 27 0.11642397108403454
20 28 0.019692448151601295
20 29 -0.017945771079944772
20 30 -0.026186030315515696
20 31 0.050402948115865695
20 32 -0.018293241802177097
20 33 0.018417202275486773
20 34 0.009599346663476185
20 35 0.014864989047931617
20 36 -0.04071223445804749
20 37 -0.037105728670628724
20 38 0.013704081048277736
20 39 0.005664668405754187
21 21 0.0
21 22 0.01791611371954251
21 23 -0.06787107416466169
21 24 -0.016409102354224814
21 25 -0.11095097764281939
21 26 -0.04718657804318587
21 27 0.08611689606687892
21 28 -0.0025043193590159095
21 29 0.08222183747460937
21 30 0.04572910470146529
21 31 -0.00258008855653436
21 32 0.035622452028894476
21 33 -0.043885776536891324
21 34 0.024405736904417004
21 35 0.017061969862325416
21 36 -0.01208563378702889
21 37 0.013534226741816192
21 38 0.04003895501472766
21 39 0.02037611517062358
22 22 0.0
22 23 -0.025527151764182167
22 24 -0.016433936841537045
22 25 -0.10471933967325305
22 26 0.10729289157488471
22 27 -0.09338603164165422
22 28 -0.1431124430387989
22 29 0.05723729345630124
22 30 -0.050536076960743526
22 31 -0.011715863812012155
22 32 -0.06756379457200651
22 33 -0.0633078691802513
22 34 -0.03367041316636692
22 35 -0.0038920111973369193
22 36 -0.06551868356964248
22 37 -0.02270042272555365
22 38 -0.06485223010431905
22 39 0.014453878015689267
23 23 0.0
23 24 0.06270014223250084
23 25 0.1195443619765133
23 26 0.04012814402042696
23 27 -0.028825224205356985
23 28 0.024187557547905168
23 29 -0.07312344945988189
23 30 -0.026450713645757667
23 31 -0.05465630584115246
23 32 -0.05304712716615066
23 33 -0.01915895280376519
23 34 -0.044267861411524514
23 35 -0.014663754929152246
23 36 -0.027041685211760036
23 37 0.0397642830873579
23 38 -0.0032425958370055413
23 39 -0.0373214106602355
24 24 0.0
24 25 0.1269531432601379
24 26 0.02075878772307815
24 27 -0.1092672002428244
24 28 -0.05347443860216315
24 29 -0.03943488424732689
24 30 0.049153527482576884
24 31 -0.20416618774238393
24 32 -0.04302875385489348
24 33 -0.07829128040105408
24 34 0.06689811369646045
24 35 0.006117715899409645
24 36 0.11453138902868912
24 37 0.12559691925926514
24 38 -0.02393164798696995
24 39 -0.04491690258317306
25 25 0.0
25 26 0.07645704368408301
25 27 -0.03922222568920794
25 28 0.12511573328573905
25 29 -0.16179660471973772
25 30 0.010749428552392243
25 31 -0.16270416249253256
25 32 -0.0443607782559028
25 33 0.06391892003210825
25 34 -0.04989589863775788
25 35 -0.09972735154503015
25 36 0.04423754828504703
25 37 0.09572872556921472
25 38 0.07479199918366765
25 39 -0.0667593445409561
26 26 0.0
26 27 -0.04225694552616084
26 28 -0.008667711647278113
26 29 -0.098567442498614
26 30 -0.09422397784202528
26 31 -0.13908770859467678
26 32 -0.03428568168356898
26 33 0.0751341336000465
26 34 -0.08960043171935139
26 35 -0.13569727688248012
26 36 -0.06133694213596036
26 37 0.058607413656969844
26 38 0.035492914391431915
26 39 -0.06826536833175417
27 27 0.0
27 28 0.15080870625827386
27 29 -0.06703928086389796
27 30 -0.06318608485782887
27 31 0.03296278545377025
27 32 0.09113816987830774
27 33 0.07602826503402461
27 34 -0.002326611142415916
27 35 -0.03482967488988754
27 36 0.014655459080148887
27 37 0.03327902387141048
27 38 0.11826460335645057
27 39 -0.03005371067717764
28 28 0.0
28 29 -0.1829132231239299
28 30 0.15277970193492027
28 31 -0.054227925078581804
28 32 -0.04324985466323106
28 33 0.1423662519308683
28 34 0.0013785214108954704
28 35 -0.04272721011068716
28 36 -0.07429348865754729
28 37 0.009371579606405752
28 38 0.18544522241612277
28 39 -0.043375503094355825
29 29 0.0
29 30 -0.03878331557731702
29 31 0.12910747924181662
29 32 0.07973202493995833
29 33 -0.11605829656277536
29 34 -0.04822937459290347
29 35 0.024646025840709223
29 36 -0.006310895878632464
29 37 -0.052708954904551866
29 38 -0.06853796344845746
29 39 0.08938729323060925
30 30 0.0
30 31 -0.05636570417481661
30 32 -0.0946983463532008
30 33 -0.0075721874727782855
30 34 0.11665869097671785
30 35 0.09559270950070071
30 36 -0.047225864427671946
30 37 -0.018882027382445005
30 38 0.05815464953143934
30 39 0.009251768493517783
31 31 0.0
31 32 0.07641997519483465
31 33 0.0006125160962451841
31 34 -0.01617910921786963
31 35 0.09728923736736013
31 36 -0.07247704282237637
31 37 -0.16284614077095058
31 38 -0.08548225494631992
31 39 0.0788218605191883
32 32 0.0
32 33 0.05091738462164843
32 34 0.0023666122744467155
32 35 -0.03132984651920406
32 36 0.0856928106311701
32 37 0.004822866174349401
32 38 -0.0013129208229668067
32 39 0.010617112686265466
33 33 0.0
33 34 -0.003079151530734914
33 35 -0.07655145809631864
33 36 0.009576070475587988
33 37 -0.01351192878084106
33 38 0.08053447237690779
33 39 -0.03281621259790318
34 34 0.0
34 35 0.1615359345348192
34 36 0.10074700091762838
34 37 -0.0015367099065424785
34 38 -0.07027915783625291
34 39 -0.019255694509415337
35 35 0.0
35 36 -0.00905506775086087
35 37 -0.06370997700823576
35 38 -0.11615535289570862
35 39 0.015601378584148253
36 36 0.0
36 37 0.07341438473559937
36 38 -0.03581352074753667
36 39 -0.007715853914165832
37 37 0.0
37 38 0.046154060707522
37 39 -0.049080389535204896
38 38 0.0
38 39 -0.019327347002177832
39 39 0.0
