0 0 0.0
0 1 -0.041642263537099114
0 2 0.12138074456737799
0 3 -0.029202458368089372
0 4 -0.03228852967883481
0 5 -0.030576972629885256
0 6 0.03583419678124873
0 7 -0.06690031276243126
0 8 -0.042383523929328454
0 9 -0.03403320809262148
0 10 0.052290533023741884
0 11 -0.013327154347514114
0 12 0.04945074360088196
0 13 -0.18190336822676947
0 14 -0.05946851619697806
0 15 0.04810864628970356
0 16 -0.007080025063178027
0 17 0.029328643436040573
0 18 -0.0771134077247789
0 19 0.002873547068625689
0 20 -0.09467419313142564
0 21 0.06755867759017711
0 22 0.02783972773224086
0 23 -0.028497873715179128
0 24 0.0031421694497173656
0 25 0.004225695532824729
0 26 -0.04544926778309197
0 27 0.03300565101286996
0 28 0.014518579897796275
0 29 0.0896618610108854
0 30 0.06757662405964741
0 31 0.028895726129666705
0 32 -0.05665923939814108
0 33 0.07502345613125347
0 34 0.02623028914509758
0 35 0.006939186901677788
0 36 -0.021220416414566116
0 37 -0.08173553374947803
0 38 0.093349619621695
0 39 0.04918920746133756
1 1 0.0
1 2 0.14395004549977453
1 3 -0.06702290741729125
1 4 -0.007781659544893229
1 5 0.07288026449147798
1 6 0.0048100928304225105
1 7 -0.049464530151780144
1 8 -0.018352165277991897
1 9 0.08071973200140595
1 10 -0.10145823157680078
1 11 0.02999841593311217
1 12 -0.036131338738913506
1 13 0.14098583747063018
1 14 -0.11775397259584426
1 15 -0.014659755586798278
1 16 0.10546267278339531
1 17 -0.03988904021123714
1 18 -0.02034842307495841
1 19 -0.08742186727446681
1 20 -0.060408026695074925
1 21 -0.029084911668957648
1 22 0.030794107825791162
1 23 0.1684765836378434
1 24 -0.05774124778483454
1 25 0.03595591578202913
1 26 0.08002112244713852
1 27 -0.0199535888976251
1 28 -0.08082802120396806
1 29 -0.0669275599860603
1 30 -0.09219950047931558
1 31 0.11122010218697051
1 32 -0.06132892138343941
1 33 -0.016925071101676934
1 34 0.04777038041915726
1 35 0.07188790394603939
1 36 0.01339926732102758
1 37 0.079456451553246
1 38 -0.1009100240542066
1 39 -0.09594475187896104
2 2 0.0
2 3 -0.09714821810272725
2 4 -0.013386352568053764
2 5 -0.03294031345345337
2 6 0.03188687267774268
2 7 -0.14806738670829145
2 8 -0.09479350863950153
2 9 0.019207892340486924
2 10 -0.018980896327902817
2 11 -0.027926094410016578
2 12 -0.00037784174579720277
2 13 -0.15703576277167444
2 14 -0.14253224739351023
2 15 0.13221096570177504
2 16 0.05150110719868617
2 17 0.03477954717035836
2 18 -0.07255365546258695
2 19 -0.09045683926593726
2 20 -0.06327969377575651
2 21 0.03893393087097476
2 22 0.06260197066202049
2 23 0.03593858055139053
2 24 -0.0177904115172043
2 25 0.021665307886486553
2 26 -0.003243019778292164
2 27 0.04482794742951771
2 28 -0.06291069575441391
2 29 0.058539983352586165
2 30 -0.037178650606153656
2 31 0.013283406612564181
2 32 -0.09929393191513311
2 33 0.1610719390972551
2 34 0.07571904348672667
2 35 -0.013747893416279555
2 36 0.0200473772852745
2 37 -0.012304240126192991
2 38 -0.017376970602833476
2 39 -0.009832510627730521
3 3 0.0
3 4 0.037127589126066125
3 5 -0.020148537461085036
3 6 -0.003547247195225131
3 7 0.08609682810216215
3 8 0.07325986725889441
3 9 -0.0253456070996304
3 10 -0.046679422451155736
3 11 -0.00509772972741418
3 12 0.031194458776820644
3 13 0.04423180269783371
3 14 0.08048819638947949
3 15 0.017765439473098957
3 16 0.004337734470481696
3 17 -0.007392749293672629
3 18 0.07747656349001994
3 19 0.018365609675757975
3 20 0.05227504441308373
3 21 0.007936230764779981
3 22 0.018593273003347274
3 23 0.02190102738632767
3 24 0.005753408172823155
3 25 -0.008117519074066576
3 26 0.007080961207850611
3 27 0.06876806027377544
3 28 0.06813216262122639
3 29 -0.031980020508411824
3 30 -0.00512815536226735
3 31 0.0390639014321069
3 32 0.025281150828333664
3 33 -0.05577422592313509
3 34 -0.015822683674502475
3 35 0.025177226258769086
3 36 0.08877210724923627
3 37 -0.02258111684570066
3 38 -0.0047685343131869725
3 39 0.031520363206452504
4 4 0.0
4 5 -0.11408517038134103
4 6 -0.06740639905849624
4 7 -0.05018210680539402
4 8 -0.030626717486877793
4 9 -0.02183301169150953
4 10 -0.02901000667257112
4 11 -0.00045693538122573154
4 12 -0.014100730728309363
4 13 0.04125658747716926
4 14 0.031938505445450245
4 15 0.0796210515880296
4 16 -0.040411102860158074
4 17 -0.0169896471271344
4 18 0.10112613715801377
4 19 0.001427283791950809
4 20 0.08303710049782001
4 21 0.09188965215700429
4 22 -0.00665519109371226
4 23 -0.031482037445945396
4 24 -0.05236093518272718
4 25 -0.044686671208347975
4 26 0.017833959685645617
4 27 0.09656993743597386
4 28 0.015392095336635523
4 29 -0.09437182966518605
4 30 0.01454975819579812
4 31 -0.07315988714433815
4 32 0.06666693710734597
4 33 -0.019639297951953717
4 34 0.01661227316176875
4 35 -0.04281926663863174
4 36 0.04854899110422313
4 37 -0.053101091229089126
4 38 -0.07154656975998112
4 39 -0.03342553882341273
5 5 0.0
5 6 -0.03481906264519273
5 7 0.056034936456685024
5 8 0.10409404691346891
5 9 -0.11068360663881209
5 10 -0.008218267957795433
5 11 -0.0827801636269335
5 12 0.017423868767040822
5 13 0.0852955304744449
5 14 -0.15116872144626212
5 15 -0.0683990508626888
5 16 0.0012198178576938502
5 17 0.03444843416236555
5 18 0.003660657587150282
5 19 -0.08296525426141958
5 20 -0.1301478193801931
5 21 -0.06688326499868776
5 22 -0.06838994580357745
5 23 0.1272079501512391
5 24 0.09605518332957139
5 25 0.11555869423661407
5 26 -0.0827686672848517
5 27 -0.06047961590501699
5 28 0.025981723988772777
5 29 -0.059853767389583735
5 30 -0.06823376412536865
5 31 0.10628985446286462
5 32 -0.09141622296695137
5 33 -0.03959374813187144
5 34 -0.018399051170284036
5 35 -0.012515716946546407
5 36 -0.03652058230777468
5 37 0.07955232664502883
5 38 0.0607556213693732
5 39 -0.06149516726736483
6 6 0.0
6 7 0.07234913315479334
6 8 -0.00441370355909588
6 9 0.10631022328526155
6 10 -0.0032680070890843877
6 11 0.05002117287895419
6 12 0.00648070430186731
6 13 -0.07599150551109708
6 14 0.07587815728195418
6 15 -0.04090135408960065
6 16 0.05579917279585496
6 17 0.016755096630913863
6 18 -0.07623830618867254
6 19 0.03694999504843847
6 20 0.0025267753866537192
6 21 -0.08001647539868742
6 22 0.05737207450343449
6 23 -0.008107870515648093
6 24 0.009075922278366677
6 25 0.012440509701069778
6 26 0.04361604079418061
6 27 -0.06787660961730341
6 28 -0.006008261849908331
6 29 0.11502218150734156
6 30 0.013928348824990753
6 31 0.05365041038330518
6 32 -0.01770698306428582
6 33 0.028311150986930204
6 34 0.015252300028356027
6 35 0.062304813085760614
6 36 0.0116519368291943
6 37 0.011797407077523516
6 38 0.04914080572290316
6 39 0.073413714771703
7 7 0.0
7 8 0.1062373390813525
7 9 0.04169727435897083
7 10 -0.04061277362020292
7 11 0.007733502364233783
7 12 0.010271938103953422
7 13 0.04202931860849213
7 14 0.13661202386793403
7 15 -0.07032271062536241
7 16 0.014856177131930989
7 17 0.04465423727607334
7 18 0.0544421172301235
7 19 0.030127922382943723
7 20 0.0737650382669604
7 21 -0.13107856749490143
7 22 0.006065679660612752
7 23 0.013407854753339462
7 24 0.07551647119578468
7 25 0.07389839487314258
7 26 0.01092189694637043
7 27 -0.07553600559075954
7 28 0.0772882263386892
7 29 0.00985384089417531
7 30 -0.015337073773359855
7 31 0.06756480457570675
7 32 0.022189769464179783
7 33 -0.06360011618777048
7 34 -0.0034641748277621084
7 35 0.02013353674805894
7 36 0.0714023017245806
7 37 0.04650307669709952
7 38 0.0584187564080763
7 39 0.05932186427853969
8 8 0.0
8 9 -0.049283366527293926
8 10 -0.041616060271973114
8 11 -0.03204410454512554
8 12 0.027533565030709466
8 13 0.0735677539339058
8 14 0.012207917915574443
8 15 -0.02566745868792734
8 16 0.01249897526999919
8 17 0.009269730447835765
8 18 0.05543762013550711
8 19 -0.0180507702472556
8 20 -0.0028301306290427005
8 21 -0.043786032779891876
8 22 -0.009414684415669899
8 23 0.068435552294313
8 24 0.049222430260350544
8 25 0.04707764254186911
8 26 -0.021983091495385538
8 27 0.009600604646993827
8 28 0.058810182818030264
8 29 -0.04034087172405108
8 30 -0.038660636525827616
8 31 0.07837004925020505
8 32 -0.018508384747562334
8 33 -0.059524286177668514
8 34 -0.020022729543534463
8 35 0.018704612811923836
8 36 0.055521100669103055
8 37 0.030880398280149247
8 38 0.01907412762770627
8 39 0.004832015936836193
9 9 0.0
9 10 -0.03769512368521507
9 11 0.10731320460948805
9 12 -0.06968698138109053
9 13 0.03172875559173575
9 14 0.13584096780828697
9 15 -0.0836533463267929
9 16 0.07626148870247473
9 17 -0.02591404217663007
9 18 -0.09251495997760786
9 19 0.07484241391259036
9 20 0.03454369558310433
9 21 -0.10931604857353099
9 22 0.05587504953736142
9 23 0.006236143407114992
9 24 -0.05572881144399624
9 25 -0.07851552919296219
9 26 0.14107265591747767
9 27 -0.08407087376116089
9 28 -0.07333723005027032
9 29 0.11684138349913367
9 30 -0.025889799466887596
9 31 -0.025449904183189077
9 32 0.04594519281809635
9 33 0.014524436362325255
9 34 -0.015397047179876939
9 35 0.09964186137664724
9 36 -0.03380766903114791
9 37 0.033022744084082525
9 38 -0.030888718061256187
9 39 0.033950285504273266
10 10 0.0
10 11 0.0039694795205324675
10 12 0.017514213222506778
10 13 -0.09494344444973549
10 14 -0.016530432000359217
10 15 -0.03645624332829404
10 16 -0.05761287532918373
10 17 0.007334690416358686
10 18 -0.05929955554801554
10 19 0.042485510405925686
10 20 -0.04401359763373091
10 21 0.038507928135089534
10 22 -0.03492180051887315
10 23 -0.09628605797341974
10 24 0.010228648180360964
10 25 -0.004136908569833819
10 26 -0.05335359295425437
10 27 -0.04718812574082013
10 28 -0.001181786620045921
10 29 0.046691855785796786
10 30 0.08972128549693714
10 31 -0.04233970511389116
10 32 0.007854881501761049
10 33 0.009672642916279154
10 34 -0.0100591801994606
10 35 -0.033343491630496866
10 36 -0.09036329559967618
10 37 -0.041191645488962966
10 38 0.07482505396235042
10 39 0.022807642297238216
11 11 0.0
11 12 0.01090955337372997
11 13 0.05586300692521947
11 14 0.06821887597530688
11 15 -0.08208077344220305
11 16 0.0664208198971406
11 17 -0.08723937119714863
11 18 -0.06207249727295844
11 19 0.06031273583143744
11 20 0.02120053921294283
11 21 0.004324548196022205
11 22 0.05194565348531403
11 23 -0.010222660454879094
11 24 -0.08774188436384742
11 25 -0.04272940608100242
11 26 0.08359422328531893
11 27 -0.04413437507671652
11 28 -0.04675813275439256
11 29 0.030095334687588675
11 30 0.053602334464224376
11 31 0.0706845590415032
11 32 0.02609698268496676
11 33 -0.07589242687565231
11 34 0.0025468886765687973
11 35 0.10244172610415783
11 36 -0.010855678803189467
11 37 0.011395042347486986
11 38 -0.050181900540529865
11 39 0.022985722331298798
12 12 0.0
12 13 -0.03171565260981737
12 14 -0.039160692301886596
12 15 0.01770372761812746
12 16 0.0320446651951395
12 17 -0.03930416268274408
12 18 0.007572870034145585
12 19 -0.02098010008785427
12 20 -0.0007922837494586915
12 21 0.0669819672593734
12 22 0.04217341424091152
12 23 -0.002457650673224706
12 24 -0.01428028654260904
12 25 0.05960811795399505
12 26 -0.0415181535595144
12 27 0.028149385898216816
12 28 0.03338460967212348
12 29 -0.030293988704782754
12 30 0.06305504860769287
12 31 0.14043251854837527
12 32 -0.049147783381688015
12 33 -0.05363945833544921
12 34 0.03863248853129857
12 35 0.02919655242835483
12 36 0.06914210335927617
12 37 -0.009057354506458263
12 38 -0.001322912043715807
12 39 0.03315636328854944
13 13 0.0
13 14 0.003933836568136622
13 15 -0.10950784673967255
13 16 0.07080748344814002
13 17 -0.12972698407396224
13 18 0.07427645136987518
13 19 -0.01682476186668032
13 20 0.04335225312760256
13 21 -0.028044592813875356
13 22 -0.018261495411368362
13 23 0.1365114624673744
13 24 -0.07651114455928734
13 25 -0.028088185070924004
13 26 0.09058861673855718
13 27 -0.006068841160431904
13 28 -0.04727494406409638
13 29 -0.16647789559627793
13 30 -0.08662134520973416
13 31 0.08345954820829131
13 32 0.040557553566789105
13 33 -0.1876884565024811
13 34 -0.0466507654486302
13 35 0.08725806829850197
13 36 0.021541928484806433
13 37 0.11524556484153245
13 38 -0.17877139853057042
13 39 -0.10791171167758969
14 14 0.0
14 15 -0.04752567000106529
14 16 -0.005523310029080364
14 17 0.00928176063545184
14 18 0.02067125285980811
14 19 0.11530259806407497
14 20 0.14120614613098847
14 21 -0.08909332443491455
14 22 0.027970688299523983
14 23 -0.08662644102062571
14 24 -0.00348939927487798
14 25 -0.07151923091608768
14 26 0.08400253849686716
14 27 -0.0357031782971324
14 28 0.027991584496732214
14 29 0.07864305866651884
14 30 0.01675575382799672
14 31 -0.08427275759310746
14 32 0.11170403572328247
14 33 -0.02081989890068921
14 34 -0.03532343249494436
14 35 0.02893180200215757
14 36 0.0312327035671748
14 37 -0.013449999723083597
14 38 0.009226882258779967
14 39 0.0854065145568169
15 15 0.0
15 16 -0.01628588338058793
15 17 0.047424407733539176
15 18 0.10081188975812641
15 19 -0.09524393208857214
15 20 0.11377246234071443
15 21 0.06120232416922568
15 22 0.039206951237481594
15 23 -0.039108735987259176
15 24 0.023576927849719383
15 25 0.034684617868822945
15 26 -0.052693919111843915
15 27 0.12381693023562393
15 28 0.019755250029575604
15 29 -0.053823248742087416
15 30 -0.048859380401960535
15 31 -0.057399329250713206
15 32 -0.02923026031490829
15 33 0.11843317342459514
15 34 0.06385885978387612
15 35 -0.11108884794103228
15 36 0.13737574720705184
15 37 -0.010024757560641907
15 38 -0.07267791530795813
15 39 0.004794802939974936
16 16 0.0
16 17 -0.08418643491654247
16 18 -0.0437735475170763
16 19 -0.03161412763785655
16 20 0.034937290730457586
16 21 -0.035229955148760754
16 22 0.09546319905209641
16 23 0.0725795573747161
16 24 -0.05688026380958224
16 25 0.014079484966989343
16 26 0.06953171699074254
16 27 -0.012837174017006042
16 28 -0.05683111902125583
16 29 0.009870853274134134
16 30 -0.04193327692437817
16 31 0.1508279382710837
16 32 -0.05516358412410647
16 33 -0.03508023236022207
16 34 0.02502264761282646
16 35 0.1069554968649861
16 36 0.08077686783481679
16 37 0.08705035556390832
16 38 -0.11064818757988384
16 39 0.015578232585204707
17 17 0.0
17 18 0.02670712713812263
17 19 -0.008861751536361415
17 20 -0.031193634198525312
17 21 -0.05673121219259232
17 22 -0.05374445099096024
17 23 -0.023415646512045748
17 24 0.10793619463306396
17 25 0.040119373600956715
17 26 -0.057547387495381165
17 27 -0.013701312404466176
17 28 0.061665875863963326
17 29 0.04859343013473164
17 30 -0.022561698724068224
17 31 -0.10922042441728967
17 32 0.0027084369285384907
17 33 0.10809393408530903
17 34 0.005246764279026587
17 35 -0.09785193569073326
17 36 -0.025364737564460192
17 37 -0.04710632164968866
17 38 0.13606176664034295
17 39 0.015948134608450085
18 18 0.0
18 19 -0.06136236639284266
18 20 0.1462572426003882
18 21 0.025010233962534843
18 22 -0.020996531032071452
18 23 -0.008134979553348898
18 24 0.03345883093838816
18 25 0.06426542719401496
18 26 -0.03932320081162816
18 27 0.0734280338228718
18 28 0.06790001213348568
18 29 -0.16248192625364555
18 30 -0.03799602588193441
18 31 -0.023032415464432264
18 32 0.03675539010047939
18 33 -0.035980667729443985
18 34 0.036178030480569355
18 35 -0.09943100023693946
18 36 0.13222986663763553
18 37 0.01869641049482916
18 38 -0.0726498163482571
18 39 -0.03346918528556404
19 19 0.0
19 20 -0.04286333936231651
19 21 -0.0024971515109178445
19 22 -0.017370233910538387
19 23 -0.04796708364523001
19 24 -0.028664453528417094
19 25 -0.09153118543698109
19 26 0.04538548187468351
19 27 -0.02908304740843364
19 28 0.010857579852513169
19 29 0.08971491745206031
19 30 0.07227497869435771
19 31 -0.055864255290097774
19 32 0.07103496392119986
19 33 -0.034434400523171746
19 34 -0.05440128340025859
19 35 0.05616834883653242
19 36 -0.09103027421652557
19 37 -0.07460611659397566
19 38 0.08140456719756595
19 39 0.04139635295386603
20 20 0.0
20 21 -0.05745877286105987
20 22 0.07413856052214372
20 23 -0.13106917415613847
20 24 -0.0017220959247039925
20 25 0.05152549550648765
20 26 0.025548283140060933
20 27 -0.006826036039088906
20 28 -0.017388000960875304
20 29 -0.09479280274358916
20 30 -0.04987058156992443
20 31 -0.04521103596426669
20 32 0.05870468690824189
20 33 0.0026358905583983793
20 34 0.06231698456761865
20 35 -0.09235853899796904
20 36 0.20258691870369244
20 37 0.12936040838254584
20 38 -0.2107367459653136
20 39 0.03973919217877272
21 21 0.0
21 22 -0.0019709603488995307
21 23 -0.01942644291100453
21 24 -0.08122215351580811
21 25 -0.028199485114583478
21 26 -0.04071508713946241
21 27 0.12098290223779103
21 28 0.020961670976744198
21 29 -0.0787077824994547
21 30 0.10618940044798811
21 31 0.03834475940450633
21 32 -0.0020684442647124503
21 33 -0.04871565641924882
21 34 0.026622339719874478
21 35 0.001047355671104283
21 36 0.0004881399189544222
21 37 -0.11117259206045045
21 38 -0.010616197666274724
21 39 -0.02751353460881124
22 22 0.0
22 23 0.005040310212517359
22 24 -0.04639593159701618
22 25 0.00892296546760481
22 26 0.0454595153983735
22 27 0.018232829815138248
22 28 -0.028448552145283357
22 29 0.025995129112279552
22 30 -0.005728016771240974
22 31 0.09973645039908971
22 32 -0.03511920104709103
22 33 0.003344289345548479
22 34 0.04026886355805524
22 35 0.06296702222477399
22 36 0.10180930840664719
22 37 0.03912497363365432
22 38 -0.0835241219729906
22 39 0.04799384333090704
23 23 0.0
23 24 -0.014860604201289804
23 25 0.00392351909312563
23 26 0.04090801366938317
23 27 0.03983388531419812
23 28 -0.0026865716907871462
23 29 -0.03589027681647415
23 30 -0.08612177915206157
23 31 0.1253454789593838
23 32 -0.060860679435595075
23 33 -0.048527934497246954
23 34 -0.019242982206521205
23 35 0.09962993419200145
23 36 0.008564291331305752
23 37 0.022993433482932143
23 38 -0.010750427191937464
23 39 -0.06076216499063397
24 24 0.0
24 25 0.0701110063661452
24 26 -0.0736759409334717
24 27 -0.035970826861817816
24 28 0.05546749093864839
24 29 0.022547986062583975
24 30 -0.04120229985005898
24 31 -0.05452253249238818
24 32 -0.019032503633696664
24 33 0.06853263556028164
24 34 -0.004466373917820578
24 35 -0.08854000964828088
24 36 0.0013308044007309006
24 37 0.015171848894340262
24 38 0.09473771423383173
24 39 0.01787254332644426
25 25 0.0
25 26 -0.0783329689172888
25 27 -0.05501755145419873
25 28 0.042484602506818424
25 29 -0.08226844930004164
25 30 0.004915330887458627
25 31 0.1256523644546442
25 32 -0.06909181661844208
25 33 -0.016369126232444207
25 34 0.08595783479865951
25 35 -0.06176387128049536
25 36 0.09500952787123451
25 37 0.06953680608120652
25 38 0.007290639978561964
25 39 0.0028463370928295735
26 26 0.0
26 27 -0.012895815783585618
26 28 -0.05449016911939991
26 29 0.03667955732236885
26 30 -0.029504929426704508
26 31 0.0070465061518541205
26 32 0.03753859658820326
26 33 -0.029684290749210286
26 34 -0.019356240849287668
26 35 0.09584065299693471
26 36 -0.0021076948820115014
26 37 0.021538190579653053
26 38 -0.06985370566363798
26 39 0.0002739837586769711
27 27 0.0
27 28 0.03787328212531726
27 29 -0.05493845558167722
27 30 -0.0164102510599498
27 31 -0.012000465124838756
27 32 -0.0029930562645546777
27 33 0.016626557399142466
27 34 -0.0029871794382681205
27 35 -0.004946341930804477
27 36 0.07509876213727326
27 37 -0.07951984489514545
27 38 -0.04009458483740393
27 39 -0.015494366896313533
28 28 0.0
28 29 -0.02156450331584612
28 30 0.03720353218905134
28 31 0.014828812653360987
28 32 0.009614464052572373
28 33 -0.020205193774655815
28 34 0.005170852441727167
28 35 -0.03218271308017519
28 36 0.034373369369174546
28 37 -0.06708204234916301
28 38 0.10091365637400995
28 39 0.02647092435687342
29 29 0.0
29 30 0.01634827428734772
29 31 -0.06463203150554381
29 32 -0.006782816595786907
29 33 0.11014724617155322
29 34 -0.049080165216292146
29 35 0.06108195296582519
29 36 -0.0997648468697135
29 37 -0.0514707919250045
29 38 0.13152178790009675
29 39 0.09105295859439348
30 30 0.0
30 31 0.0496083909279723
30 32 0.023087802155625343
30 33 -0.06687002484874169
30 34 0.02430549021738509
30 35 0.02154627425203077
30 36 -0.050456599533235294
30 37 -0.10146037607626805
30 38 0.09115823466983605
30 39 0.040265321598825225
31 31 0.0
31 32 -0.11647163148388999
31 33 -0.15468545744060253
31 34 0.07155680420639518
31 35 0.15207402966877168
31 36 0.12195889534531479
31 37 0.06077620256166041
31 38 -0.046623511532546257
31 39 0.02080146449127675
32 32 0.0
32 33 -0.027032869240047348
32 34 -0.0333661596116961
32 35 -0.02023171516623697
32 36 -0.036241449928796785
32 37 -0.037265396453321165
32 38 0.00014510261413861746
32 39 -0.0020392183088047107
33 33 0.0
33 34 0.007903454898141907
33 35 -0.09273729288290818
33 36 -0.014368242132614872
33 37 -0.015418693099085732
33 38 0.04591654317905468
33 39 0.027043170247574532
34 34 0.0
34 35 -0.029337224987374677
34 36 0.08241531684885547
34 37 0.018769938747426246
34 38 -0.03434406538028545
34 39 0.006847000738758308
35 35 0.0
35 36 -0.017385135188660073
35 37 -0.004826320975078948
35 38 -0.012794633240558989
35 39 0.020704437001210833
36 36 0.0
36 37 0.07739060663087675
36 38 -0.14351586572935937
36 39 0.03725636957928821
37 37 0.0
37 38 -0.15074491301097376
37 39 -0.01856987132601596
38 38 0.0
38 39 0.04755177835444712
39 39 0.0
