0 0 0.0
0 1 -0.14442880622409207
0 2 0.08032279521645072
0 3 -0.17154992032803607
0 4 0.06840775469144374
0 5 -0.128810448462558
0 6 -0.05035118458267353
0 7 -0.08976139787901254
0 8 -0.07204687017663944
0 9 0.04443399711379546
0 10 -0.06374798035534823
0 11 -0.045107571837536026
0 12 0.061759453314713816
0 13 0.009995872753748448
0 14 0.0558435214132487
0 15 0.02655111122000294
0 16 -0.09128389889540713
0 17 -0.045435240399838255
0 18 -0.06907754767305446
0 19 0.030187397944476786
0 20 -0.00402860968523229
0 21 0.361379173148355
0 22 -0.024970544866369408
0 23 0.06503719631663331
0 24 0.12175136099627812
0 25 0.13591438255317584
0 26 -0.1052365050728025
0 27 0.16368411716821868
0 28 0.14107100481409846
0 29 -0.12442535350136068
0 30 0.13710494487062974
0 31 -0.25560816173392964
0 32 0.017468197856485547
0 33 0.007076939360264029
0 34 -0.07081605699633171
0 35 0.007452872402730085
0 36 0.10528625403806773
0 37 0.04468239673865915
0 38 0.08539565325692446
0 39 0.05560066969358747
1 1 0.0
1 2 -0.03418154188358592
1 3 0.10021727334184569
1 4 0.06277026345150363
1 5 0.002375381888374181
1 6 -0.02724404986754026
1 7 0.056522908926048145
1 8 -0.14731210647360338
1 9 0.07672435456374241
1 10 0.10678422794929024
1 11 0.00033569482629967976
1 12 -0.08899558152203088
1 13 0.18866141630544803
1 14 -0.12486720430749029
1 15 -0.11442942704440942
1 16 -0.12405134060770977
1 17 0.06407779841120974
1 18 0.009708745251395302
1 19 -0.018733878856143214
1 20 -0.03986727038813287
1 21 0.10983255770532341
1 22 -0.04198749170685193
1 23 -0.15778351715967515
1 24 0.03711278333283956
1 25 -0.08234639191969684
1 26 -0.023755564075486138
1 27 0.012880631459362954
1 28 -0.12067109069992052
1 29 0.0953136436910022
1 30 -0.06775679695152176
1 31 0.05756065123540736
1 32 0.10311635366465029
1 33 0.10583032677010067
1 34 0.12404253608419206
1 35 0.04751611518930174
1 36 0.1928124829744653
1 37 0.0333607044134688
1 38 0.008762757661277152
1 39 0.01606226558689797
2 2 0.0
2 3 0.07812070647923991
2 4 -0.07175315780608774
2 5 -0.09103980272139592
2 6 0.13520707051465644
2 7 -0.10145409961721871
2 8 -0.025907164025131657
2 9 0.049070374591085306
2 10 -0.09640442182777383
2 11 -0.00831207247717367
2 12 0.012740090946108385
2 13 0.013900122558003611
2 14 -0.03784209917437665
2 15 -0.02628362376513545
2 16 -0.05518504480308153
2 17 -0.09795677763367924
2 18 0.05420591745240796
2 19 0.04697762826533468
2 20 -0.019455417030451148
2 21 0.12964257913682908
2 22 -0.10881213194062637
2 23 0.0062724681949032825
2 24 0.02175956961045078
2 25 0.04978028177110183
2 26 0.060084603205330975
2 27 0.02829433248953538
2 28 0.054113886083524756
2 29 -0.11520850476431163
2 30 -0.019248230743761644
2 31 0.007583767526529244
2 32 -0.09633741680946811
2 33 -0.04435642826942714
2 34 -0.007322439764268324
2 35 -0.044944516942477336
2 36 0.022266624087706556
2 37 -0.05061895339701476
2 38 -0.001449681102409285
2 39 0.016156640664019086
3 3 0.0
3 4 -0.09571655237847368
3 5 -0.015591430842592005
3 6 0.10040854326232762
3 7 0.060230016979967396
3 8 0.06966151248021278
3 9 0.07502488038696019
3 10 -0.1117546195825484
3 11 0.0635030258487638
3 12 -0.14412979900838319
3 13 0.10289165306875525
3 14 0.0353595235145526
3 15 -0.018568521735304898
3 16 -0.07646248901937024
3 17 0.0427939435933015
3 18 0.16665956804755758
3 19 0.0851984586063386
3 20 -0.0878674300276435
3 21 0.025516771837509854
3 22 0.007972082580719839
3 23 -0.027195331304869046
3 24 -0.012667401909475526
3 25 0.044357192247850195
3 26 0.020460392633929028
3 27 0.03622907297189282
3 28 -0.06346918079927158
3 29 -0.11695060356633054
3 30 -0.08285053005777801
3 31 0.11617019661332564
3 32 -0.13448446914842613
3 33 -0.022395831379683356
3 34 -0.036392624491256124
3 35 -0.014015014599195047
3 36 0.17715197571029148
3 37 -0.034492006972955694
3 38 -0.03674444135451736
3 39 -0.046105073805208355
4 4 0.0
4 5 -0.23320380940827393
4 6 -0.09894814969990516
4 7 0.12078850991329079
4 8 -0.1252659682347897
4 9 0.008479933327741305
4 10 0.20353470975226223
4 11 -0.06912784341984475
4 12 0.1129309102855395
4 13 0.11962497036899156
4 14 0.20883081324264202
4 15 -0.05608187813483785
4 16 -0.1670961874337044
4 17 0.33065043155593343
4 18 -0.09641200483625675
4 19 -0.08001660774007553
4 20 0.037108978474494056
4 21 0.08322684308174373
4 22 -0.005452483092831458
4 23 -0.02839823598601422
4 24 -0.15956693221396986
4 25 0.07290055619653912
4 26 -0.10964933114603503
4 27 0.09218633767201682
4 28 0.060005812521069804
4 29 0.26655151065270766
4 30 -0.06825394901615264
4 31 -0.17966904213243087
4 32 0.18453305290788835
4 33 -0.01178965988900877
4 34 0.012697467579926666
4 35 0.182846850590098
4 36 0.032978322030626436
4 37 -0.08981549772531963
4 38 0.0771089295155502
4 39 0.10538766264576264
5 5 0.0
5 6 0.11114492855032025
5 7 0.03488912918419568
5 8 -0.03091069314713586
5 9 -0.016802861487534314
5 10 -0.010299315287099804
5 11 -0.05380853514703621
5 12 -0.11776398812156699
5 13 0.03957428897733724
5 14 -0.1685899912446535
5 15 0.10453664794023099
5 16 0.13247584282108527
5 17 -0.13149286059185206
5 18 -0.04753872000064717
5 19 -0.05309478793781569
5 20 0.009401948451253372
5 21 -0.10732063770525631
5 22 0.058747050269630605
5 23 -0.027294371860397144
5 24 0.1122697725656087
5 25 -0.15291717750227374
5 26 0.010306566739363124
5 27 -0.03436665825008378
5 28 -0.049553252023719636
5 29 -0.036352633159084956
5 30 0.0033360431378631496
5 31 0.038646200864250975
5 32 -0.034520435368076904
5 33 0.09332507367912471
5 34 -0.046224985897842415
5 35 -0.03328910605203766
5 36 -0.13157661949405233
5 37 0.06903794236967835
5 38 -0.0317187920313405
5 39 -0.10739437807632835
6 6 0.0
6 7 0.04140827230796208
6 8 -0.07404553924924889
6 9 0.02292245508666941
6 10 0.011613641436529171
6 11 -0.12059223171660338
6 12 -0.1824671324497545
6 13 0.07738826020355317
6 14 -0.16168559848478692
6 15 0.126991508805038
6 16 -0.0020897727567362597
6 17 -0.11933176318289702
6 18 0.008120368907081437
6 19 0.019579364793910186
6 20 -0.029739541783114665
6 21 0.030653084504682536
6 22 -0.12907893006943844
6 23 -0.024953672644121655
6 24 0.014318550937488156
6 25 -0.04584890489873894
6 26 0.07530561747419548
6 27 -0.04740659466477038
6 28 0.07321389392835495
6 29 -0.08770284543607275
6 30 -0.11488124465721335
6 31 -0.04499623665567475
6 32 -0.11496726123475487
6 33 -0.0982915722464591
6 34 0.0024416439437386847
6 35 -0.0727636798502723
6 36 -0.1335321130076641
6 37 -0.09988073987975227
6 38 0.010453031373094616
6 39 -0.01737657161646617
7 7 0.0
7 8 -0.002108918833007915
7 9 -0.03866440434445407
7 10 0.1759393363368345
7 11 -0.1379278451797171
7 12 -0.2350739066997451
7 13 0.0580671757459452
7 14 0.046784464500507564
7 15 0.14845822388444646
7 16 -0.06604574135985444
7 17 0.14049561967194993
7 18 -0.00727078710876101
7 19 0.06549985033008057
7 20 -0.15629530880495357
7 21 -0.040726839039024035
7 22 0.019876264623240564
7 23 0.0045775049609472936
7 24 -0.054153827523212496
7 25 0.05961279246021561
7 26 -0.12479076209341082
7 27 -0.06206248983448529
7 28 -0.14138562559603726
7 29 0.03599046333129575
7 30 -0.12979181396605569
7 31 0.02169954366305516
7 32 0.0851140531673247
7 33 -0.055980762480425994
7 34 0.013845548328567223
7 35 0.049266982666808144
7 36 0.05647139820064271
7 37 -0.14979802419723015
7 38 0.09799922123187425
7 39 0.07534324759668028
8 8 0.0
8 9 -0.06475113922135509
8 10 -0.15905024727869815
8 11 0.12872795396715922
8 12 -0.011153920149384608
8 13 -0.11836041624209521
8 14 0.2195399751986869
8 15 0.03378814355673627
8 16 0.08845952484330802
8 17 0.0782786545733564
8 18 0.13295873013315815
8 19 0.04930481738642205
8 20 -0.06795877571349039
8 21 -0.2181693100078615
8 22 0.11888418703614376
8 23 0.1158024536286151
8 24 -0.06874476002012084
8 25 0.11174683985146147
8 26 0.12305412512800318
8 27 -0.06448949723268818
8 28 -0.00428563273796571
8 29 -0.17507069716196616
8 30 0.08051948828856705
8 31 0.040978823075579277
8 32 -0.1534051272191432
8 33 -0.1004354378837246
8 34 -0.10691839661266547
8 35 0.0253723141738623
8 36 0.0600997877210927
8 37 0.08495628381880461
8 38 -0.09814231415556428
8 39 -0.09076571380667663
9 9 0.0
9 10 -0.09844767486792844
9 11 -0.02086558464411448
9 12 0.027002682098102797
9 13 0.08278423455694543
9 14 -0.05418630759026803
9 15 0.04504866083155286
9 16 -0.05155108081007535
9 17 0.07469419858575517
9 18 0.07934029543741497
9 19 0.09437108210866861
9 20 -0.039478971085301164
9 21 0.10047781723080444
9 22 -0.0008032394583464371
9 23 -0.02637932445015519
9 24 0.02049784498625485
9 25 0.006426908780270073
9 26 0.025010699671758303
9 27 0.04121967387066379
9 28 -0.021103668361544647
9 29 -0.013489669830077275
9 30 -0.07660580033482203
9 31 0.010166419396033775
9 32 -0.009929993388800273
9 33 0.042147775015414696
9 34 -0.0011954704337388583
9 35 0.014704759453140811
9 36 0.1281598450186681
9 37 -0.010636669983547379
9 38 0.04434591859736534
9 39 -0.061327626065008876
10 10 0.0
10 11 -0.11015920423547725
10 12 -0.12497824040545533
10 13 0.08294829075220625
10 14 -0.03752809144785209
10 15 -0.07609880413583911
10 16 0.0025946796800350967
10 17 -0.016233511877295766
10 18 -0.20418423013313958
10 19 -0.011943878689280174
10 20 0.06701627696866794
10 21 -0.07156591392293045
10 22 -0.08853525013298577
10 23 -0.06940855415076173
10 24 -0.06745708684429291
10 25 -0.03844251472272607
10 26 -0.003455952433006939
10 27 -0.12592659820133664
10 28 0.04801122918736052
10 29 0.2751448935318062
10 30 -0.09383509729522399
10 31 -0.04274128805468298
10 32 0.22354078471906869
10 33 0.0018672108900320197
10 34 0.11034721645309367
10 35 -0.053925811189522166
10 36 -0.1167099823062584
10 37 -0.12331661945070134
10 38 0.08880020210274484
10 39 0.09915996225749849
11 11 0.0
11 12 0.020717277947610614
11 13 -0.004978400492603213
11 14 0.19492964419603986
11 15 -0.15212947887133071
11 16 0.07130675083156716
11 17 -0.0005143632829254106
11 18 0.05711502025835612
11 19 -0.018657268679804197
11 20 0.08316383372967366
11 21 0.01505659288239837
11 22 0.02826050286908966
11 23 -0.0712620553298435
11 24 -0.0013880612850494742
11 25 -0.04673930821459575
11 26 0.005406906074348227
11 27 0.08275809541516081
11 28 0.10063340501676643
11 29 -0.10265482859918189
11 30 0.09369044226300248
11 31 0.054766999054194
11 32 -0.029060627341749877
11 33 0.08142183122998223
11 34 -0.04733124954974674
11 35 -0.041709143482791915
11 36 0.1719029342858316
11 37 0.08518340799572607
11 38 -0.13267764112816413
11 39 0.004690092644475889
12 12 0.0
12 13 -0.18993434013473925
12 14 -0.01909493486636572
12 15 -0.018498200130348814
12 16 0.03233289051904815
12 17 0.036242100758035266
12 18 0.007863922336566225
12 19 -0.07052269616496981
12 20 0.10532413843631143
12 21 -0.016997120924651107
12 22 0.04819079576831274
12 23 0.017342394308007266
12 24 -0.03301046776398463
12 25 0.014555737900177473
12 26 -0.03852797562718807
12 27 0.031701490004098144
12 28 -0.017330735307492944
12 29 0.07994822344349198
12 30 0.03922897739120485
12 31 0.004995391295558366
12 32 0.020062863528491116
12 33 -0.011159086400813579
12 34 0.012467882856812348
12 35 0.08925183452277607
12 36 -0.08013861202350235
12 37 0.07850191440962612
12 38 -0.048150787431972236
12 39 0.03424286039784246
13 13 0.0
13 14 0.07703010281566346
13 15 -0.21212249530251986
13 16 -0.1403436758258123
13 17 0.027438663871052732
13 18 -0.036869423231290346
13 19 0.02876241411288148
13 20 -0.002713250122975923
13 21 0.16023664163756962
13 22 -0.01262214506404491
13 23 -0.038585838540525094
13 24 0.010364115222888095
13 25 0.042272340662429575
13 26 0.04932774983379533
13 27 0.10455955563081254
13 28 0.08657431687124875
13 29 0.07421896782724054
13 30 0.00000011019654515355925
13 31 -0.026468194992755812
13 32 0.0227241223664991
13 33 0.16696076770625878
13 34 -0.07441594386847895
13 35 0.015772709642582355
13 36 0.18251319885248138
13 37 0.0199638583297098
13 38 0.04465013654584898
13 39 -0.10468988420027843
14 14 0.0
14 15 -0.17807342780274443
14 16 -0.0044912721767489715
14 17 0.20686319642679338
14 18 0.007332581913007667
14 19 0.0508090566536884
14 20 -0.0007390039355637676
14 21 -0.055255748928819445
14 22 0.0868185870742732
14 23 0.08982279912310757
14 24 -0.07427594917121602
14 25 0.15695222283726715
14 26 0.060155039863956025
14 27 0.12880200269309133
14 28 0.11316079947342324
14 29 -0.0360700653238404
14 30 0.07595270250236857
14 31 -0.020103128175814368
14 32 0.00843014455219958
14 33 0.08326139668865179
14 34 -0.22575939283390434
14 35 0.04797583467439972
14 36 0.1748444480455319
14 37 -0.06633050935446323
14 38 -0.01703042253576085
14 39 -0.028025174828398086
15 15 0.0
15 16 0.07178275656542993
15 17 0.1222775757755001
15 18 0.07814465822332803
15 19 0.013536920189596114
15 20 -0.15291899648328733
15 21 -0.03892327958245151
15 22 -0.013648991633014803
15 23 -0.026196749735621812
15 24 0.033333822775507595
15 25 -0.09289146806599523
15 26 -0.0956243258162386
15 27 -0.08503530130443519
15 28 -0.14662541185398797
15 29 -0.16617784853711232
15 30 -0.13865958460860617
15 31 -0.08883508534214613
15 32 -0.021259495540190347
15 33 -0.18121022073614043
15 34 0.07115865159663913
15 35 0.0690070857010196
15 36 -0.09161411765507912
15 37 -0.07687763275427599
15 38 0.025815873020375923
15 39 0.07755704619008003
16 16 0.0
16 17 -0.11745142368599981
16 18 -0.051265521213828845
16 19 0.043011645678248334
16 20 0.10352784367293025
16 21 -0.20762506715727072
16 22 -0.005545952963368214
16 23 -0.048463600267249454
16 24 -0.01318479597139025
16 25 -0.10787302292984338
16 26 0.0865239310355268
16 27 -0.14098875187389442
16 28 0.09427014713564832
16 29 -0.016973361061465693
16 30 -0.03726782880916153
16 31 0.06313910451628563
16 32 0.03721626937114618
16 33 0.0002363438500709774
16 34 -0.00928864682877374
16 35 -0.1178672202109973
16 36 -0.11560612984711212
16 37 -0.010867963495019074
16 38 -0.0713623832590757
16 39 -0.002902356113236391
17 17 0.0
17 18 0.08096363855185071
17 19 -0.033697584403969444
17 20 -0.15012325025523537
17 21 -0.04475755418661763
17 22 0.069524464019659
17 23 0.017091644084562506
17 24 -0.07159262223796269
17 25 0.008264994161254752
17 26 -0.002101119625546817
17 27 0.06413696991609856
17 28 -0.14288411354000013
17 29 0.03342237813293813
17 30 -0.04555088980213383
17 31 -0.09220274631422863
17 32 0.06960063816338481
17 33 -0.007726559087816602
17 34 -0.0015693452864364674
17 35 0.2263908181769004
17 36 0.12795652000123867
17 37 -0.039406804266486656
17 38 0.048499413696579716
17 39 -0.011290185255582383
18 18 0.0
18 19 0.05835412686672633
18 20 -0.09107276153432614
18 21 0.013386681522160975
18 22 0.06769187957919849
18 23 0.02529221362168173
18 24 -0.02684618097007735
18 25 0.06791367620413713
18 26 -0.02268220509538741
18 27 0.031084045915780584
18 28 -0.08315051072732628
18 29 -0.15469659760984483
18 30 -0.01937971011578775
18 31 0.06951718877988204
18 32 -0.1589174803708747
18 33 -0.08203441684213045
18 34 -0.02224234272041494
18 35 0.04107672480422917
18 36 0.1471599029623073
18 37 0.05166430194607761
18 38 -0.05445759574986793
18 39 -0.04483474332349847
19 19 0.0
19 20 0.004684474411272925
19 21 -0.041464763222312954
19 22 0.03575375915776956
19 23 0.014795618139180977
19 24 -0.01868731208593678
19 25 0.1688360878378381
19 26 0.0606284635426223
19 27 -0.07414627956188585
19 28 0.03990803537747349
19 29 0.018891184965413824
19 30 -0.17854254549290205
19 31 0.07126294061774925
19 32 -0.02539787752352421
19 33 -0.06693135023910265
19 34 -0.08082613064895727
19 35 -0.1404682316836948
19 36 0.12492072719535782
19 37 -0.12197299324952693
19 38 0.0598049981007483
19 39 -0.03670228253131917
20 20 0.0
20 21 -0.03985328840571498
20 22 0.06613403987809294
20 23 -0.06629883726277375
20 24 -0.020957963530147887
20 25 0.020831307314775525
20 26 -0.05234225851223885
20 27 0.03253134980526246
20 28 0.2168764419221167
20 29 0.19425987060964328
20 30 -0.049307951446664514
20 31 -0.04776232732962595
20 32 -0.00904961306887068
20 33 -0.03223447298220321
20 34 -0.06620827715045653
20 35 -0.14796869604341525
20 36 -0.10310517489972884
20 37 0.03185075065366195
20 38 -0.07345122222200817
20 39 0.007930284717703729
21 21 0.0
21 22 -0.1179066109321694
21 23 -0.15945449672640294
21 24 0.14275293621640436
21 25 0.01104653325945781
21 26 -0.2736612337016009
21 27 0.2572250628975016
21 28 0.04275527640002368
21 29 -0.19074643519439138
21 30 0.05362173317830345
21 31 -0.12689651233113097
21 32 0.033245885167410505
21 33 0.0938384794751129
21 34 0.02600451191557405
21 35 0.060620391558564315
21 36 0.3304641225388662
21 37 0.045410828966737204
21 38 0.00025736204762040476
21 39 0.17191303864803345
22 22 0.0
22 23 0.0973144731510355
22 24 0.016668851238121663
22 25 0.15765344234705908
22 26 -0.08815246950298501
22 27 0.08666506869633664
22 28 -0.04571254386750004
22 29 0.08009781814826157
22 30 -0.00007915028242093894
22 31 -0.026774850696793084
22 32 -0.1324469286669527
22 33 -0.060278699908766595
22 34 -0.1694781878724137
22 35 0.013372856846033284
22 36 0.011032979513351058
22 37 0.10282053316851543
22 38 -0.028725816708544554
22 39 -0.1218615340658263
23 23 0.0
23 24 -0.08916747598938615
23 25 0.14332258990751284
23 26 0.12339250882533684
23 27 -0.016929054398597456
23 28 0.0018195600385391274
23 29 0.04219640015650455
23 30 0.16501206431850288
23 31 0.019680376857232083
23 32 -0.1164312253620761
23 33 -0.022408734623430786
23 34 -0.07896248468561756
23 35 0.01425782645845236
23 36 -0.1933496562037123
23 37 0.02054136589869628
23 38 0.10607491988144055
23 39 -0.1814184707923723
24 24 0.0
24 25 -0.04616896693422031
24 26 -0.039218766635342
24 27 0.1327210935127682
24 28 -0.12515129548348009
24 29 -0.11999152278172684
24 30 -0.02859687836774788
24 31 -0.08351900919205921
24 32 -0.02685589491313046
24 33 0.059961507374245604
24 34 -0.07808105649951129
24 35 -0.013734502962159173
24 36 0.05859548622382108
24 37 0.0004144657481330126
24 38 -0.007582588632676265
24 39 0.019372449759429696
25 25 0.0
25 26 -0.037939379088078234
25 27 0.049564532570098636
25 28 0.03930205901936875
25 29 0.049904114873022445
25 30 -0.05375016530073575
25 31 -0.03899618233010018
25 32 -0.14529821028731577
25 33 -0.15240158223109787
25 34 -0.1823279066012455
25 35 -0.029604402931961028
25 36 0.09392886939232441
25 37 -0.014391771610804854
25 38 0.037197831805471
25 39 -0.05203345651905851
26 26 0.0
26 27 -0.1768083117795055
26 28 0.054200732409689346
26 29 0.018469842307010067
26 30 0.04698392465503719
26 31 0.0506261506074399
26 32 -0.01604276752472032
26 33 0.06269792391019259
26 34 -0.000963151259425397
26 35 -0.04097680665014957
26 36 -0.138333385142891
26 37 -0.021870378451938073
26 38 0.0441115759627213
26 39 -0.21392547759890612
27 27 0.0
27 28 0.0012291219806205682
27 29 -0.06364990010373912
27 30 0.06407654229509094
27 31 -0.11013275854825055
27 32 -0.07766099166970498
27 33 0.07891914219136778
27 34 -0.1448839299434007
27 35 0.06303667402162691
27 36 0.13958752140228106
27 37 0.04200278643683828
27 38 -0.021153209534222936
27 39 0.009079864580435311
28 28 0.0
28 29 0.059117248930193135
28 30 0.055492434159329716
28 31 -0.09410248632884732
28 32 -0.01743870942357655
28 33 -0.009699623816738282
28 34 -0.060433684876707784
28 35 -0.1503345057349782
28 36 -0.04038603660372308
28 37 0.03253714674654433
28 38 -0.04607535810515326
28 39 -0.026352863131040814
29 29 0.0
29 30 -0.11005714813835546
29 31 -0.008698236572000266
29 32 0.13792746703846995
29 33 -0.0021703395717063392
29 34 0.02630998125091429
29 35 -0.06299148463447662
29 36 -0.21873481858168747
29 37 -0.07413886418634953
29 38 0.10896525712556263
29 39 -0.05172462295223852
30 30 0.0
30 31 0.0013122024845433294
30 32 -0.025335765589769476
30 33 0.15465080039677057
30 34 0.027428866007510978
30 35 0.0843369990399265
30 36 -0.03571383692159293
30 37 0.21213607435517795
30 38 -0.017317714104080565
30 39 -0.09274947508207528
31 31 0.0
31 32 0.01953516382932227
31 33 0.107535345080779
31 34 0.05536201286970297
31 35 -0.0521461514466422
31 36 0.04025147718564211
31 37 -0.03438588359540957
31 38 -0.010356114213792473
31 39 -0.026719324977590515
32 32 0.0
32 33 0.15159660174378156
32 34 0.14783140478281268
32 35 0.03325470513720074
32 36 0.03338458422832294
32 37 -0.09204527316172037
32 38 0.07788858687927666
32 39 0.13027278095565525
33 33 0.0
33 34 0.0029994467463475725
33 35 0.0460191719867367
33 36 0.10296013888727544
33 37 0.04053670290209581
33 38 0.035045894205903635
33 39 -0.0626304751058768
34 34 0.0
34 35 0.031867345471976324
34 36 -0.03890941335199721
34 37 0.011439166777965339
34 38 0.02308153215033796
34 39 0.10496059571091383
35 35 0.0
35 36 0.07265062316199777
35 37 0.0792277810705306
35 38 -0.0039000277294107223
35 39 0.010134326269607167
36 36 0.0
36 37 0.0713284225949368
36 38 -0.0766054138753562
36 39 0.08731418602689557
37 37 0.0
37 38 -0.11366545348574768
37 39 -0.09867932799877265
38 38 0.0
38 39 -0.0365108332669707
39 39 0.0
