0 0 0.0
0 1 0.07993514264506554
0 2 -0.006192347659571282
0 3 -0.029722047489775257
0 4 0.106942340098967
0 5 0.030657644159382803
0 6 -0.03905283186305945
0 7 -0.05070579304695953
0 8 -0.21476511134821147
0 9 -0.05323428681687501
0 10 0.038623818449833626
0 11 -0.11051162464606323
0 12 -0.01252069174396403
0 13 0.057351376526836015
0 14 -0.08926676687490738
0 15 0.039735629656411135
0 16 -0.07109896446854677
0 17 -0.0977374584704169
0 18 -0.01605008541046528
0 19 -0.019411965534917537
0 20 -0.12986590701036255
0 21 -0.05347543650329308
0 22 0.11580119256005943
0 23 0.0005046860696739891
0 24 0.059090771063159575
0 25 -0.007442289136931299
0 26 -0.09357732255890493
0 27 0.08992157255917216
0 28 -0.04920380261949961
0 29 -0.07017922159124174
0 30 0.031617330991120206
0 31 0.026484840939662226
0 32 0.006429591681651192
0 33 -0.07605694323544646
0 34 -0.033924612592289585
0 35 -0.06289651396163656
0 36 0.01677645323385838
0 37 -0.18471892581737018
0 38 -0.019915430107286757
0 39 0.1802746610093064
1 1 0.0
1 2 -0.08449738595868558
1 3 -0.043337869654257385
1 4 0.016521342078942545
1 5 -0.014955517662864033
1 6 -0.06208854459888537
1 7 0.13229417799480075
1 8 0.06559109837459592
1 9 -0.1462393161436167
1 10 -0.0333744371239916
1 11 0.019092485689663968
1 12 -0.04023795744136767
1 13 0.02864238994597134
1 14 0.03999539631928684
1 15 -0.15493987329606607
1 16 -0.01878595550204797
1 17 -0.019009476958097158
1 18 -0.0003341566206147094
1 19 0.07356334771742576
1 20 -0.022636232681405473
1 21 -0.035525244473265265
1 22 0.07708068118288
1 23 -0.03697045289100008
1 24 0.05601253781150935
1 25 -0.08256172007536612
1 26 0.04612258828232319
1 27 -0.03586565052373041
1 28 -0.09320154799458948
1 29 0.04743364403827538
1 30 -0.02950897403760424
1 31 0.015777042560444873
1 32 0.04498704690320312
1 33 -0.09035721208061474
1 34 0.02786227411986737
1 35 0.14795752817224903
1 36 0.01881916668080578
1 37 -0.010011095499301592
1 38 -0.15711633663819569
1 39 0.04014067699971066
2 2 0.0
2 3 -0.039563456479113135
2 4 0.13860819514280673
2 5 -0.003045755370415973
2 6 -0.00934161309003655
2 7 -0.0587995337055876
2 8 0.04731116125069693
2 9 -0.10322048979873011
2 10 -0.04033666106959731
2 11 0.07672059801244467
2 12 -0.08390671568128205
2 13 0.06599017881877381
2 14 -0.08439768382626646
2 15 0.12159443118685997
2 16 0.012279976563019072
2 17 -0.09573411889744815
2 18 0.011199297484619512
2 19 -0.0990783909824396
2 20 0.18825522824945673
2 21 0.05824203837251307
2 22 0.025115482091345016
2 23 0.07956291866522289
2 24 0.05375235192875116
2 25 0.11450593804350469
2 26 -0.10328762006456282
2 27 -0.035808190050504146
2 28 0.23095245601080294
2 29 -0.08244016636478749
2 30 -0.08798541855313949
2 31 -0.18043836214565717
2 32 -0.09264786486308214
2 33 0.26855862635780897
2 34 0.13946108651189254
2 35 0.06526603174506912
2 36 0.00596997303577918
2 37 0.04834381490679342
2 38 0.17167049872408577
2 39 0.06610145944835877
3 3 0.0
3 4 -0.015551609187837896
3 5 0.030019996149514772
3 6 0.050912193257491946
3 7 -0.10531937044184878
3 8 -0.09526765947965694
3 9 0.10175811571514326
3 10 0.1084673507025131
3 11 -0.04565302767006062
3 12 0.049111717297086736
3 13 -0.13355842972924817
3 14 -0.10972323975976214
3 15 0.10127079480403083
3 16 -0.06739758208130649
3 17 0.030211280248568735
3 18 -0.05046453821040222
3 19 0.027971496027904857
3 20 0.08835495595144119
3 21 0.03598790274694931
3 22 -0.1370211714550436
3 23 0.008190532083626462
3 24 -0.13563540730467266
3 25 -0.05832276134127105
3 26 0.04531201281187691
3 27 0.03308872727884517
3 28 -0.13248672350578286
3 29 -0.08184215513081962
3 30 -0.023655789405002195
3 31 -0.025692061372138288
3 32 0.09273789221490805
3 33 -0.1487397238388625
3 34 -0.0429847291874369
3 35 -0.033615315724779105
3 36 -0.08582194751811248
3 37 0.1393494397794717
3 38 0.02300164375331611
3 39 -0.12285726553130813
4 4 0.0
4 5 0.08611803913365391
4 6 0.01681707367689782
4 7 -0.01529671223972533
4 8 -0.006030870431944035
4 9 0.006654219935108898
4 10 0.010393156506852913
4 11 0.022506560434056105
4 12 -0.11782324503740231
4 13 0.038915777509223676
4 14 -0.0029791894359206595
4 15 0.009857341049427764
4 16 -0.08665896276915076
4 17 -0.04194981644392703
4 18 -0.005937793798519527
4 19 0.010464235198933818
4 20 -0.04213026755505663
4 21 -0.0005665586976887163
4 22 0.0027049525742179853
4 23 0.019834836657746723
4 24 -0.0005744526741788893
4 25 0.003143271156034035
4 26 0.020885619413939134
4 27 -0.08850763732025405
4 28 0.04996134530249841
4 29 -0.09423048713349451
4 30 -0.006455917019984736
4 31 -0.09007889960051631
4 32 -0.03880402301420027
4 33 0.024996646997742702
4 34 0.09651541785499292
4 35 0.041351661778012444
4 36 -0.019732294873243413
4 37 -0.07795366892855611
4 38 0.05921889542341324
4 39 0.04695880766897324
5 5 0.0
5 6 0.043484853364240565
5 7 -0.0071838253748031195
5 8 -0.07313080950082786
5 9 0.12195716536489223
5 10 0.010999241234944855
5 11 0.04450715442612144
5 12 -0.13706839575144725
5 13 0.03290763097425663
5 14 0.03890756284901949
5 15 -0.018453629811384382
5 16 -0.088097712069134
5 17 -0.014142596700099458
5 18 -0.08042660794341194
5 19 0.06101109891999046
5 20 -0.07026564768183824
5 21 -0.07468552147275635
5 22 -0.0804964189234664
5 23 -0.05370798648992189
5 24 -0.1441598375551294
5 25 0.06922231641317891
5 26 -0.03387773038191987
5 27 -0.10451916924272742
5 28 0.0488602650390757
5 29 -0.12011086272495172
5 30 0.1073408296734176
5 31 -0.05043878292644716
5 32 0.033804716742566424
5 33 0.002302015147758068
5 34 0.054977937958057985
5 35 0.06163642624758031
5 36 -0.0032391506271523055
5 37 -0.049607824109427594
5 38 0.02543840349750624
5 39 -0.09062026706027822
6 6 0.0
6 7 0.08823662978135675
6 8 -0.007950304747671586
6 9 0.16595543340780067
6 10 0.08614887046140703
6 11 -0.12483932207246469
6 12 -0.06390756842731526
6 13 -0.03662121183252838
6 14 -0.02435283037004976
6 15 0.06116855340358387
6 16 -0.04399083817748289
6 17 0.03395197588879305
6 18 -0.02535201871154219
6 19 -0.03624949566686016
6 20 0.12410113968174549
6 21 0.11421048411059136
6 22 0.013420712855571134
6 23 0.007640618831318906
6 24 -0.002580916548665808
6 25 -0.007108945714276752
6 26 0.023074302233906635
6 27 -0.1773870343276047
6 28 0.019517496949315857
6 29 -0.10008512849769055
6 30 0.06960440002931086
6 31 -0.08473741446871769
6 32 0.005994163184256164
6 33 0.040970650623720364
6 34 -0.05231500973182002
6 35 -0.06721597668480248
6 36 0.00966703209973866
6 37 0.047494804044289726
6 38 0.10627254848454984
6 39 -0.16970824209018792
7 7 0.0
7 8 0.19795654584408917
7 9 -0.07070854639711578
7 10 -0.03938580209984356
7 11 -0.03811626095121035
7 12 -0.10281329341427461
7 13 0.12005183563872912
7 14 0.11774952990265357
7 15 -0.1814976267212927
7 16 -0.010619592566395768
7 17 -0.002846091428292162
7 18 0.006387506671438306
7 19 0.07811759617274278
7 20 0.08779918731872957
7 21 0.026283610848846794
7 22 0.10735602574976892
7 23 -0.06291641770193009
7 24 0.03982310610011116
7 25 -0.019135866183491945
7 26 0.040776084356267825
7 27 -0.20097088683548842
7 28 -0.03670342437380297
7 29 0.025914256574209187
7 30 0.047782363839058165
7 31 -0.04755241165195315
7 32 0.011068771814720203
7 33 0.0598042718170026
7 34 0.07291391280545673
7 35 0.18861342842736073
7 36 0.08586399799517094
7 37 0.02761707552803049
7 38 -0.12405487638007284
7 39 -0.09306236655619167
8 8 0.0
8 9 -0.1239153611224788
8 10 -0.07495901274865795
8 11 0.09646045182372394
8 12 -0.1186320011397682
8 13 0.007247792180803953
8 14 0.23183737944290667
8 15 -0.20741926953061934
8 16 0.053760997530028484
8 17 0.05306014127527009
8 18 0.06318020173385594
8 19 0.016362359018298543
8 20 0.11582954268138615
8 21 0.055161226152201114
8 22 -0.061449832388632955
8 23 0.029292306950618695
8 24 0.1343203466806579
8 25 -0.06738862777464073
8 26 0.24669863220662985
8 27 -0.2535432116900558
8 28 0.01168781465746772
8 29 0.1285679976505112
8 30 -0.1575338837402978
8 31 -0.05788075564701974
8 32 -0.05537217047658194
8 33 0.02315167725587642
8 34 0.22565085917005492
8 35 0.16002578471276668
8 36 0.02584694347186321
8 37 0.10207451275543067
8 38 -0.048308086361171024
8 39 -0.10997488776150707
9 9 0.0
9 10 0.07475249575068432
9 11 -0.019476318686099003
9 12 0.014720730604514513
9 13 -0.052767368683558594
9 14 -0.040497752695825395
9 15 0.08854612999639544
9 16 -0.08727481322861909
9 17 0.0823187163617267
9 18 -0.018318189423533898
9 19 0.030437060552411625
9 20 -0.07001017634343058
9 21 0.04357154142190842
9 22 -0.0695484389673689
9 23 -0.02822896001693173
9 24 -0.20133638867024262
9 25 0.013393764494963508
9 26 0.03718477063246296
9 27 -0.07060713825241909
9 28 0.018337996879865013
9 29 -0.12146989393272863
9 30 0.18579185576837245
9 31 -0.03878177369345857
9 32 -0.017542019252082815
9 33 0.003471165922443133
9 34 -0.12017272008213367
9 35 -0.11505258779166719
9 36 -0.073551134752424
9 37 -0.01233098426355551
9 38 0.13754023276573615
9 39 -0.13243113818283422
10 10 0.0
10 11 -0.1585864819979828
10 12 -0.01936766209788742
10 13 -0.07928762462869093
10 14 -0.044177089993420474
10 15 0.08889999743849082
10 16 -0.033272071555739795
10 17 -0.009848428349634447
10 18 -0.04052388902000856
10 19 -0.06448940480226636
10 20 0.07746028369602062
10 21 0.049545186802826685
10 22 -0.05139458382308326
10 23 0.03363908559040914
10 24 0.04108637197424754
10 25 -0.026295172372817595
10 26 0.021680420042559132
10 27 -0.045250785553960095
10 28 -0.07448776573959312
10 29 -0.06711256415607733
10 30 -0.03478068891014148
10 31 -0.00808797315842588
10 32 0.04938560820427964
10 33 -0.1057726055817794
10 34 -0.01436976765476164
10 35 -0.1251660712309392
10 36 -0.00009929160688400038
10 37 0.02016856263366
10 38 0.05919527149896344
10 39 -0.08747911895944485
11 11 0.0
11 12 0.04220459096939082
11 13 0.023136915459081586
11 14 -0.002569640779479361
11 15 -0.06630939640975851
11 16 -0.001322702643593803
11 17 0.10574624882610653
11 18 0.05146179550512038
11 19 0.2061590571407772
11 20 -0.14851107774597472
11 21 -0.04622257461562233
11 22 -0.02113777248510642
11 23 -0.05128052314279431
11 24 -0.22545795475144242
11 25 -0.017404880302909653
11 26 -0.009692427121135576
11 27 0.11587724368600034
11 28 0.11817352569800296
11 29 0.052200303431831144
11 30 0.04341755210346103
11 31 -0.029181333177072787
11 32 -0.04386829057010548
11 33 0.15458125391657024
11 34 -0.025859772743829994
11 35 0.2674231052077522
11 36 -0.10708778625563782
11 37 0.08225544159424673
11 38 -0.08234216910083564
11 39 0.08785951097490856
12 12 0.0
12 13 -0.01423425727913924
12 14 -0.13815159608943745
12 15 0.05228507357523789
12 16 0.02379605266273771
12 17 0.041587922235628585
12 18 0.0816944514170778
12 19 0.04194756227067992
12 20 -0.08750414559261714
12 21 0.007863397020197007
12 22 0.06881384894837297
12 23 -0.016557223918673262
12 24 -0.12246432758725642
12 25 -0.046198449502465114
12 26 -0.01824307607634574
12 27 0.2622319606776049
12 28 -0.0828531493860182
12 29 0.0719441525634724
12 30 0.07799515939932172
12 31 0.07937071764888047
12 32 -0.034193347366743114
12 33 -0.014836098531653399
12 34 -0.1922489570608553
12 35 -0.0571653228364277
12 36 -0.08417001908328396
12 37 0.01849073881323426
12 38 -0.031168946129359547
12 39 0.1442768258051798
13 13 0.0
13 14 0.05592580545470277
13 15 -0.07420742294053445
13 16 -0.037947292915132685
13 17 -0.08388716661278904
13 18 0.03002938363780892
13 19 0.06998952610284684
13 20 -0.12479125653898208
13 21 -0.09911262231708558
13 22 0.08331609609349763
13 23 -0.06426870407486404
13 24 -0.09091722180172379
13 25 0.10985444540973725
13 26 -0.08410301473387653
13 27 0.032770751371213575
13 28 0.027999347827375193
13 29 -0.010820114714646509
13 30 0.12165602140811667
13 31 -0.004788893119987076
13 32 -0.07238669734263592
13 33 0.12212210300936814
13 34 0.10107583255023281
13 35 0.10557200602859809
13 36 0.054179996304953806
13 37 -0.14965266252987952
13 38 -0.05536136629424058
13 39 0.13694177024974466
14 14 0.0
14 15 -0.18334975805484574
14 16 0.02632508454352215
14 17 -0.005884637959072076
14 18 -0.000013169816599439732
14 19 -0.01122182418611889
14 20 -0.04187321229338785
14 21 -0.06554938299160878
14 22 -0.08246170846265913
14 23 -0.012758989793582953
14 24 0.09399876635856702
14 25 0.023222943032495138
14 26 0.14516753918704212
14 27 -0.195311453256258
14 28 -0.0036521543154587853
14 29 0.07632617586382709
14 30 -0.048686980680269
14 31 0.02943653931171758
14 32 -0.02468188879882508
14 33 -0.05336173027584758
14 34 0.20159187494130718
14 35 0.03632852832471749
14 36 0.07159637343906756
14 37 -0.06896676813348797
14 38 -0.0435508645505118
14 39 -0.07798526202597549
15 15 0.0
15 16 0.038168886927711254
15 17 0.018468082060418705
15 18 -0.047825246232631125
15 19 -0.05447962635018032
15 20 0.057493690468266
15 21 0.07362127909728143
15 22 -0.07236387208556747
15 23 0.08132884788301542
15 24 0.0024686631054353907
15 25 0.07497276943958493
15 26 -0.27226964914845947
15 27 0.2475429283149136
15 28 0.07154224320888503
15 29 -0.09108304411660322
15 30 -0.10742485419358397
15 31 0.0320891043131371
15 32 0.05527575160548339
15 33 0.10979223165007768
15 34 -0.08839767347542461
15 35 -0.17393482363355492
15 36 0.012515842020920358
15 37 0.0700811450690015
15 38 0.09597295761399931
15 39 0.023592146510338006
16 16 0.0
16 17 0.014422670697716838
16 18 -0.000042354474497416505
16 19 -0.08129491254618408
16 20 0.07971983920445481
16 21 0.01877098381393521
16 22 0.008868477097595527
16 23 0.03791984710636714
16 24 0.15186008846104182
16 25 0.030071201075347876
16 26 -0.07687322285556206
16 27 0.06210343040444356
16 28 0.07229109774415948
16 29 0.09725458826183622
16 30 -0.1065655842453099
16 31 0.06480624980183022
16 32 0.014233439648328133
16 33 0.06410469410614986
16 34 -0.02198945081332057
16 35 -0.052882276930782735
16 36 0.06496598859498334
16 37 0.05482465135397383
16 38 -0.01184381595252787
16 39 -0.004979341889259322
17 17 0.0
17 18 0.021953363969885977
17 19 0.07456105531348518
17 20 -0.025339763707922947
17 21 0.057873057229738435
17 22 -0.031267785970652176
17 23 -0.002871879708855667
17 24 -0.06034878643536262
17 25 -0.07056791169349771
17 26 0.04147204445461411
17 27 0.018682400689187775
17 28 0.0026223615437045086
17 29 0.0317753739966052
17 30 -0.0016211534344312696
17 31 0.014865703143719558
17 32 0.011956740920960161
17 33 0.011712522271109083
17 34 -0.09307463817232796
17 35 0.02724649134240007
17 36 -0.05373399461315781
17 37 0.09408672423511041
17 38 -0.02085865667066095
17 39 -0.05818524681839095
18 18 0.0
18 19 0.017087340562866957
18 20 -0.06086700788712651
18 21 0.026617280686656565
18 22 0.06531007062457551
18 23 0.006991597982416185
18 24 -0.006416550376933304
18 25 -0.04538070379000371
18 26 0.0853018833352259
18 27 0.025075494172468044
18 28 -0.005886625991638385
18 29 0.05446309255313732
18 30 0.024914674439295428
18 31 -0.004348692046559828
18 32 -0.08534007156636912
18 33 0.027963055984262287
18 34 -0.022646204833967773
18 35 0.006655980994956403
18 36 -0.04309906331246083
18 37 -0.03356658753721275
18 38 0.008124901317907664
18 39 0.09760376321346571
19 19 0.0
19 20 -0.16926087427084416
19 21 -0.05826609705801509
19 22 -0.017986347703390037
19 23 -0.09146597145531507
19 24 -0.26950645554454217
19 25 -0.04134554736913253
19 26 -0.021690270007286176
19 27 0.11237951134158253
19 28 -0.0750018635162468
19 29 -0.00772900259677983
19 30 0.09310978769952037
19 31 0.011622274659750584
19 32 0.02856406516969212
19 33 0.015010166910022068
19 34 -0.022307390892545347
19 35 0.2339667215734258
19 36 -0.07075047695763456
19 37 0.037157052970623494
19 38 -0.16599452447880853
19 39 0.04813694137535074
20 20 0.0
20 21 0.15672825807256285
20 22 -0.014058592362453637
20 23 0.07550714320173187
20 24 0.2015364137673667
20 25 -0.003384161008522211
20 26 0.005941687249005636
20 27 -0.2029504018386227
20 28 0.05261176202769209
20 29 -0.024414779361762895
20 30 -0.15547545434185192
20 31 -0.12112474924702417
20 32 0.07067129334590325
20 33 0.05127464875016986
20 34 0.03229809185138414
20 35 -0.01925185968660579
20 36 0.06226491063636784
20 37 0.2438737937320618
20 38 0.09762652924906644
20 39 -0.2458945702331543
21 21 0.0
21 22 0.04335095455159094
21 23 0.059161970826201685
21 24 0.09288000946233618
21 25 -0.07441829686028516
21 26 0.05062948673247699
21 27 -0.0842467956795702
21 28 0.032078603145536386
21 29 -0.013533161535826246
21 30 -0.05426018858908268
21 31 -0.0693348227806945
21 32 -0.014358147043520453
21 33 0.04883180563455248
21 34 -0.07797560007599966
21 35 -0.05366558304603497
21 36 -0.023126183258294162
21 37 0.11009665661871415
21 38 0.08710847189026313
21 39 -0.07991149694813122
22 22 0.0
22 23 -0.02417766093752767
22 24 0.07325797836507308
22 25 -0.03041706684767485
22 26 -0.04500509305932765
22 27 0.006091870812002304
22 28 0.05179482408071149
22 29 0.02390723560747976
22 30 0.12468568826813456
22 31 -0.027431036897864018
22 32 -0.0731417148837519
22 33 0.1091023068570742
22 34 -0.1517405106647897
22 35 0.026896831046093618
22 36 0.015524569285868728
22 37 -0.08463246601341448
22 38 -0.008796251238901211
22 39 0.14055423299549627
23 23 0.0
23 24 0.13279156347974447
23 25 -0.014811891117813628
23 26 0.012670824168275373
23 27 -0.00771324722914783
23 28 0.030540399281519793
23 29 0.008830764383354298
23 30 -0.12064550524071507
23 31 -0.007991087301875668
23 32 -0.010937418243154074
23 33 0.00011550715345811612
23 34 0.027370901454527835
23 35 -0.09290880953378956
23 36 0.009436919306332307
23 37 0.023200381292908877
23 38 0.06860768109702628
23 39 -0.00014433262433321642
24 24 0.0
24 25 -0.034641777431695234
24 26 0.030295042337852414
24 27 -0.14630030894202653
24 28 0.06001852671872604
24 29 0.10339068769369637
24 30 -0.2733564775806771
24 31 0.03772652721817698
24 32 0.003851479760843131
24 33 -0.04097120923644552
24 34 0.0791928972997391
24 35 -0.19000813496756067
24 36 0.14685864484013197
24 37 -0.02772752189354711
24 38 0.05424931717267685
24 39 -0.01857346547427619
25 25 0.0
25 26 -0.17493610698730494
25 27 0.045618623524571265
25 28 0.11625616906408265
25 29 -0.04223335111939441
25 30 0.043959548246419136
25 31 0.006787662798329734
25 32 -0.011100451265548532
25 33 0.1385528574221045
25 34 0.07188528642835314
25 35 -0.02549650556445312
25 36 0.07786788337720464
25 37 -0.06160122273957942
25 38 0.04628122081455208
25 39 0.010759251201278856
26 26 0.0
26 27 -0.31179083907383737
26 28 -0.13637179340678895
26 29 0.056424899244322514
26 30 0.007963397127168897
26 31 -0.07678493926788178
26 32 -0.08882964875150573
26 33 -0.2245836533173598
26 34 0.09351145238763146
26 35 0.0011667480719618401
26 36 -0.10718278073703755
26 37 -0.008278375850995091
26 38 0.05561282680105659
26 39 -0.09531852065261046
27 27 0.0
27 28 -0.04593657629305485
27 29 0.060585017716552135
27 30 -0.03701261263919051
27 31 0.18438005782270592
27 32 0.045749559951455784
27 33 0.05267289586850462
27 34 -0.1603159800708782
27 35 -0.028102508602112414
27 36 -0.030750786206521708
27 37 -0.0037103962413067666
27 38 -0.13833663798839974
27 39 0.28464088012351996
28 28 0.0
28 29 -0.02364268453451399
28 30 0.017413048329842563
28 31 -0.07407124877145062
28 32 -0.07210029252043834
28 33 0.27509343792974705
28 34 -0.012919750209653516
28 35 0.0048446454408159
28 36 0.03911694089549082
28 37 -0.0026102788723834382
28 38 0.13425301483452878
28 39 0.0028759132377165417
29 29 0.0
29 30 -0.07974888086872457
29 31 0.0875551171598005
29 32 -0.01785198249289401
29 33 -0.023923853616227824
29 34 -0.000956276081570209
29 35 0.012471028028915091
29 36 0.01961508091677727
29 37 0.015875387701811496
29 38 -0.08679455059366645
29 39 0.057459765029988785
30 30 0.0
30 31 -0.046959730100096866
30 32 -0.07307613869092328
30 33 0.06401116196696191
30 34 -0.1519948478209804
30 35 0.04439878673161356
30 36 -0.060500456939873895
30 37 -0.12038996813913197
30 38 0.03675047134898165
30 39 0.025179869594785576
31 31 0.0
31 32 0.046727308970934
31 33 -0.082538243406255
31 34 -0.03983437229610797
31 35 -0.07890770265460696
31 36 0.04048973790101202
31 37 -0.04954833426824121
31 38 -0.10504440792218557
31 39 0.07298453718597778
32 32 0.0
32 33 -0.08646263527255613
32 34 -0.018025485618495443
32 35 0.02281232725708677
32 36 0.0324561931258474
32 37 0.0986858277189008
32 38 -0.089730856596468
32 39 -0.10132332954814313
33 33 0.0
33 34 -0.03438919647216476
33 35 0.09722772797297799
33 36 0.042857073491997154
33 37 0.033001209822117746
33 38 0.0747025321322751
33 39 0.05750003815682024
34 34 0.0
34 35 0.07867280321180858
34 36 0.07164534486438906
34 37 -0.05147530605012009
34 38 -0.014189753197278696
34 39 -0.03131090249937834
35 35 0.0
35 36 -0.03409927358398967
35 37 0.10418754505648153
35 38 -0.18315901525159103
35 39 0.0068134075899533
36 36 0.0
36 37 -0.03493832238390225
36 38 -0.027283135277752828
36 39 -0.027512035450302695
37 37 0.0
37 38 -0.029420733333517142
37 39 -0.18551174099449882
38 38 0.0
38 39 -0.0598250387837297
39 39 0.0
