0 0 0.0
0 1 0.0268968530608234
0 2 -0.16093981446352496
0 3 0.23154466222653985
0 4 0.07016553109062423
0 5 0.06039697589589832
0 6 -0.21088740500596104
0 7 0.06186781039601472
0 8 -0.002284293261072468
0 9 -0.13980064193201217
0 10 0.08470810470953434
0 11 -0.14765712150405913
0 12 -0.04509085961585597
0 13 -0.04279122980020779
0 14 0.015890821041348514
0 15 -0.14733142824632825
0 16 0.0541522343464387
0 17 0.025623990769857587
0 18 0.06431138322059579
0 19 -0.029552208553350258
0 20 0.05396228139663302
0 21 0.19021850658914627
0 22 -0.0009806775784942626
0 23 -0.1868147493334112
0 24 -0.08797792999093337
0 25 -0.032095707297093753
0 26 0.059868819042051616
0 27 0.09837770380343897
0 28 -0.030885246861074238
0 29 0.1356525690051393
0 30 -0.115125653972273
0 31 -0.09107463437946933
0 32 -0.20967507989922263
0 33 -0.13816534128047137
0 34 0.032987879236450454
0 35 0.02882096522148598
0 36 0.053831196015487984
0 37 0.05855215129582962
0 38 -0.10600597130679776
0 39 -0.11941773037954533
1 1 0.0
1 2 -0.1381937047455726
1 3 0.16639893003740014
1 4 -0.0923375752757975
1 5 0.0786830542272692
1 6 0.02773073646582727
1 7 0.07873264262584198
1 8 -0.044245090140160995
1 9 -0.00250888246514536
1 10 -0.02673030002355441
1 11 -0.1232631624510486
1 12 -0.009274549052785639
1 13 0.01964669572100768
1 14 -0.029406737880968446
1 15 -0.03196760815191245
1 16 -0.1220894224698567
1 17 -0.1842936983117005
1 18 0.12570898770543057
1 19 -0.07125030291276808
1 20 -0.023137667751167133
1 21 -0.07979832147933902
1 22 -0.1580748132354932
1 23 0.09897388091813702
1 24 0.12293755400096221
1 25 0.11710065793109367
1 26 -0.014749916751086186
1 27 0.10238834496246355
1 28 -0.1151264122967264
1 29 0.07944714013307415
1 30 0.22215904690031696
1 31 -0.06604630660186103
1 32 0.13046803110323418
1 33 -0.014148081588808658
1 34 -0.057972388565404355
1 35 -0.08525966115920493
1 36 -0.11770387792529113
1 37 0.04347883151134142
1 38 0.004353886002152343
1 39 0.07365348711165727
2 2 0.0
2 3 -0.10594706900254798
2 4 -0.03340344221213523
2 5 -0.12820133904898715
2 6 0.13398752843202624
2 7 -0.24698506274433382
2 8 0.07418090970350857
2 9 0.043199709730312834
2 10 0.02331874878679575
2 11 0.0633783709953448
2 12 -0.08895051912776006
2 13 0.12802815251267882
2 14 0.1427043134705969
2 15 0.09779667648908455
2 16 0.022576441458983316
2 17 -0.032050190123309626
2 18 0.0025822467125484094
2 19 -0.12345652015146216
2 20 -0.060984368005265965
2 21 -0.2086076677362479
2 22 0.0664124940158146
2 23 -0.07058037387353597
2 24 0.046110617361837455
2 25 -0.08415059813110214
2 26 0.08006864253661623
2 27 0.07237903121320145
2 28 -0.01381916479078749
2 29 -0.018821322623114606
2 30 0.004842614325455003
2 31 -0.02827419475474639
2 32 0.08346740529438104
2 33 0.16362651035338574
2 34 0.06475273231482355
2 35 0.05247061987385619
2 36 -0.16474937175656124
2 37 -0.07468395894037282
2 38 0.004954426790384467
2 39 -0.12320025980016569
3 3 0.0
3 4 0.00618517444259596
3 5 0.10879781475394532
3 6 -0.03413546021967948
3 7 0.1262528993294512
3 8 -0.14956909041344268
3 9 -0.1633042140926421
3 10 0.04811615127212525
3 11 -0.22253488517744544
3 12 0.023985108984056105
3 13 0.03250607531786554
3 14 0.09808235149883034
3 15 0.07533391246515962
3 16 0.07563120711436946
3 17 -0.02713690131984901
3 18 0.011694640151604613
3 19 -0.0809027644747696
3 20 -0.005880976970541071
3 21 0.23092786204060894
3 22 -0.04855245318097452
3 23 -0.14602745383949994
3 24 -0.0302647329168998
3 25 0.14384001011650313
3 26 0.02717920205027006
3 27 0.11858119246091733
3 28 -0.07678292365093564
3 29 0.12005313908444426
3 30 0.18576924977085213
3 31 -0.04548211223374398
3 32 -0.06470314345841857
3 33 -0.07202438132418676
3 34 -0.07222198438897945
3 35 -0.06158431977687655
3 36 -0.3116963738231569
3 37 0.10909569920127855
3 38 -0.1412391843782515
3 39 -0.19873495699733973
4 4 0.0
4 5 -0.08165828019246453
4 6 0.005156718136542069
4 7 0.07250325745788593
4 8 -0.06213774768702664
4 9 -0.01208610444817054
4 10 0.03966110277635666
4 11 0.046938049023037456
4 12 -0.01642927850704183
4 13 -0.06853343550683899
4 14 -0.0009453779425682424
4 15 -0.13168443011935957
4 16 0.10461292693338195
4 17 -0.0005451372812367353
4 18 -0.06409989795919789
4 19 -0.03893636738258187
4 20 0.017251450680114144
4 21 0.1150727521839399
4 22 -0.0538340072493832
4 23 -0.015895426733991306
4 24 -0.07245251454515746
4 25 -0.012734527456995406
4 26 -0.17756070007402366
4 27 0.07837628118098738
4 28 -0.07846477593157865
4 29 -0.02666914573589496
4 30 -0.07838160652743471
4 31 -0.024090188178181263
4 32 -0.13638145345654643
4 33 -0.017293684057943935
4 34 -0.008279356015058357
4 35 0.1682743520760759
4 36 -0.01600341147950724
4 37 0.08555058391853507
4 38 -0.019066753092384814
4 39 -0.017560330471096747
5 5 0.0
5 6 0.013893621170320742
5 7 -0.004117211623087837
5 8 -0.11248445705627448
5 9 -0.1523917094471683
5 10 -0.116372266648742
5 11 -0.001998374449251529
5 12 0.06899080605691581
5 13 -0.0437684794756293
5 14 0.0897040963788914
5 15 0.23140362717053012
5 16 0.10591341391679561
5 17 0.15806838988005525
5 18 0.08422457272896375
5 19 0.02668243558194345
5 20 -0.026819870682899753
5 21 0.12607255437766113
5 22 0.0035960994714622483
5 23 -0.022913873576283245
5 24 0.24080987431621992
5 25 0.08583339303482337
5 26 -0.0040716406640555446
5 27 -0.116366673415805
5 28 -0.04766704924666043
5 29 0.03310043834445547
5 30 -0.11059726803543815
5 31 0.047053182855619526
5 32 0.07747943714352763
5 33 -0.09494775608522213
5 34 -0.002705026748367285
5 35 0.015823942034947573
5 36 -0.033181137344975103
5 37 0.0827665363949278
5 38 -0.05637264584346632
5 39 -0.10802789249874792
6 6 0.0
6 7 -0.01470365146844622
6 8 -0.2065111875092224
6 9 0.009061050864824307
6 10 -0.006568886097328898
6 11 -0.009758748110795678
6 12 -0.16525039998157426
6 13 0.014118931709475261
6 14 0.11248507997009356
6 15 0.07377056198552326
6 16 -0.0329973212745184
6 17 -0.016961477411424487
6 18 0.011655575895924208
6 19 -0.01698562024640422
6 20 -0.051864792475114954
6 21 -0.12141628701775713
6 22 -0.0440506781020419
6 23 0.13488786027698965
6 24 0.10083200708268154
6 25 -0.026553807448911775
6 26 -0.14703837136153147
6 27 0.038419776534860124
6 28 -0.08742131616581253
6 29 -0.13569818802397712
6 30 0.2776932470370354
6 31 0.09168857823269996
6 32 0.05402779715135211
6 33 -0.08382971730666286
6 34 -0.09700060364980014
6 35 -0.05452728176311087
6 36 -0.25245956621968146
6 37 -0.21216975944633507
6 38 0.06375557340161483
6 39 0.1933497251835818
7 7 0.0
7 8 -0.18125281366059537
7 9 -0.06776728118732818
7 10 0.0376970590096333
7 11 -0.02403760837814899
7 12 -0.12709751121770999
7 13 -0.09032609860259336
7 14 -0.08069394837241439
7 15 -0.055574843981944025
7 16 -0.13369701388568128
7 17 -0.01727282899997027
7 18 0.04917221200090047
7 19 -0.032431693967725515
7 20 -0.0041708210036752544
7 21 0.11992916545184369
7 22 -0.017332236044124635
7 23 0.05764000281092786
7 24 0.00012371800697305956
7 25 0.03797811274943989
7 26 -0.14476022006365327
7 27 -0.08900039575265237
7 28 0.17199556178707762
7 29 0.05749410641490475
7 30 0.060599719090893
7 31 0.03210674685869473
7 32 -0.17704715798999807
7 33 -0.12279657361972258
7 34 -0.02981846577232286
7 35 0.0002106595071321452
7 36 -0.008757395649942296
7 37 0.07501990640913708
7 38 -0.07261754011618693
7 39 0.06314121601178423
8 8 0.0
8 9 0.21670532859226524
8 10 0.06724718831827434
8 11 -0.10035097191120909
8 12 -0.023824267997748554
8 13 0.036498864183849955
8 14 -0.08357798958212677
8 15 -0.043240841861600765
8 16 0.10970348077185257
8 17 -0.04630073329400295
8 18 -0.16194990141908885
8 19 0.05254106232024519
8 20 -0.03620118499614442
8 21 -0.1505769308706184
8 22 0.1805108666450988
8 23 0.08533968320053299
8 24 -0.06774677259125628
8 25 -0.028418705441203573
8 26 0.10238808100277315
8 27 0.02548822673672806
8 28 -0.1799745054559244
8 29 -0.031646401019003415
8 30 -0.05929774142243993
8 31 0.041961274949436966
8 32 0.2685734387526231
8 33 0.1183419456569346
8 34 0.042511574785970244
8 35 -0.06987897331096957
8 36 0.3023594253181925
8 37 0.008244435697604167
8 38 -0.13638610623396924
8 39 -0.17118644805365563
9 9 0.0
9 10 -0.004994732992928816
9 11 -0.10126831417082874
9 12 0.08623588926866929
9 13 -0.020559771405411105
9 14 0.015818712191551853
9 15 -0.1491684583864265
9 16 -0.029384956195438787
9 17 -0.12202187194355121
9 18 -0.009721032378137914
9 19 0.012589926920375383
9 20 -0.1258145542763866
9 21 -0.16781241305160324
9 22 0.1340536945983533
9 23 0.12310460696271111
9 24 -0.04672852761537099
9 25 0.016663879261276236
9 26 -0.04723933323025114
9 27 -0.08568186539789475
9 28 -0.17600879869698377
9 29 -0.1198637707538361
9 30 0.020307162885081283
9 31 -0.019448693364384935
9 32 0.3492782135572772
9 33 0.10224770864157788
9 34 0.004795888312664738
9 35 -0.11456483056544597
9 36 0.1085226711858901
9 37 0.06044683021519871
9 38 -0.02630189299433387
9 39 0.03597171841322026
10 10 0.0
10 11 -0.07245071240718354
10 12 -0.17577057169994895
10 13 -0.007491862284409695
10 14 -0.03160651939706931
10 15 -0.020086884423251215
10 16 -0.011331987995408705
10 17 -0.050834832540979404
10 18 -0.08811147561357205
10 19 -0.03472696793263884
10 20 0.004158694993235608
10 21 0.013148396092399156
10 22 0.09770884421387324
10 23 -0.015838747560715696
10 24 -0.022054490515806026
10 25 -0.09171433454913111
10 26 -0.0021463450219777183
10 27 0.010004925148869486
10 28 0.038701505234614283
10 29 0.017559129472771013
10 30 0.03304128968460617
10 31 0.013599698155835305
10 32 -0.1132174587278538
10 33 -0.07037930814518563
10 34 -0.016713648586408614
10 35 0.014405336722831777
10 36 0.04793776989764904
10 37 -0.03997821235323336
10 38 -0.04607201617673029
10 39 -0.0759157314209564
11 11 0.0
11 12 0.0012833971089418132
11 13 0.034902262165299305
11 14 -0.06790244246412158
11 15 0.0748184005273799
11 16 -0.011469047642687292
11 17 0.01436266969416053
11 18 -0.0474380869786675
11 19 0.05884788860232339
11 20 0.13810985158458539
11 21 0.06990195042855926
11 22 -0.0036400212039755923
11 23 -0.0005061912804210277
11 24 0.05062241556702581
11 25 0.08727626966404683
11 26 -0.032186321208916846
11 27 -0.02887892873093404
11 28 0.15068992389637156
11 29 0.018172366721690432
11 30 -0.155947691450509
11 31 0.09298322327916558
11 32 -0.1815835471462871
11 33 0.1559727263054677
11 34 -0.004256270178596894
11 35 0.1319596405320364
11 36 0.07899435466426005
11 37 0.038302614903169815
11 38 0.036192100446313616
11 39 0.060549761160204094
12 12 0.0
12 13 0.04757301348364791
12 14 0.017880374104784262
12 15 0.06972832591538151
12 16 0.1097279882735113
12 17 0.07813466098650167
12 18 0.008746233438466212
12 19 0.13509673720138252
12 20 -0.06667388492043348
12 21 0.12762381531373687
12 22 -0.19081323288466812
12 23 -0.0497286998077096
12 24 -0.1534787497858478
12 25 0.054753419997696694
12 26 0.1132693610816827
12 27 -0.06979328945760815
12 28 -0.0281854989083761
12 29 -0.0781570330578628
12 30 -0.10151576484519684
12 31 -0.121837832801554
12 32 0.1252767677656087
12 33 0.08557460456883252
12 34 -0.010644808756747236
12 35 -0.05376512189283539
12 36 -0.05395459028261752
12 37 0.15108112285383674
12 38 0.2853846262559116
12 39 0.033988754909376036
13 13 0.0
13 14 0.07173485889291095
13 15 0.11837908219351165
13 16 0.0705918624938654
13 17 0.03950179436076296
13 18 -0.047984015836283464
13 19 0.02959101456082127
13 20 -0.0744074041191877
13 21 -0.053434706861790346
13 22 0.029755478804134382
13 23 0.015270446177372277
13 24 -0.004203422426105574
13 25 -0.0648245625557313
13 26 0.043233670280267755
13 27 0.09769868955040016
13 28 -0.05630505518062332
13 29 0.07186647537122315
13 30 0.09515054341179376
13 31 0.08265716542534071
13 32 0.04558368588485388
13 33 0.24962264485332275
13 34 0.013653232098124352
13 35 -0.06827396659815779
13 36 -0.014876469499254728
13 37 -0.0067899855197984926
13 38 -0.06294485542949066
13 39 -0.031111696550497014
14 14 0.0
14 15 0.13758209426542575
14 16 0.11493348187854105
14 17 0.09099159054715296
14 18 0.05828969385838195
14 19 -0.056947698739824006
14 20 -0.18019917748486072
14 21 0.14710915624666426
14 22 0.026273634911969927
14 23 -0.19479057179589726
14 24 0.053139244645369885
14 25 -0.05701699507670355
14 26 0.12322052648602203
14 27 0.01954542683247109
14 28 -0.055756260375178876
14 29 0.02530007779965999
14 30 0.07481504319597414
14 31 0.10709782163412249
14 32 -0.023427219865801777
14 33 -0.01616807951930465
14 34 0.052095519476844
14 35 0.07377386265179249
14 36 -0.1425508717604212
14 37 -0.06956682334662759
14 38 -0.09716307183115533
14 39 -0.11642085912969564
15 15 0.0
15 16 0.10956273627131466
15 17 0.12045526221471956
15 18 -0.1474819041816438
15 19 -0.02846191800584234
15 20 0.018733193003330817
15 21 0.058395870106939286
15 22 0.1219085717261641
15 23 -0.04507691510616045
15 24 0.15092137478732648
15 25 -0.020047743651378354
15 26 0.11753941775238216
15 27 -0.1811003354554063
15 28 0.13462159782611757
15 29 0.020420340542567868
15 30 0.037242481908100575
15 31 0.2744272809389093
15 32 -0.026396244664679748
15 33 0.08909890762168773
15 34 -0.06176137781538175
15 35 0.07710479480207968
15 36 -0.024180680994041144
15 37 -0.03131150342758919
15 38 0.03163905022889969
15 39 -0.1276256751588315
16 16 0.0
16 17 0.20540368682302282
16 18 -0.23689194591033252
16 19 0.1112222725752307
16 20 -0.04551953306265411
16 21 0.15626610737409122
16 22 0.04167919313393636
16 23 -0.028978845870889225
16 24 -0.057057463480619755
16 25 -0.023464046326848835
16 26 -0.048075238104440025
16 27 0.1145626750775385
16 28 -0.25678347080241276
16 29 -0.06858103710076109
16 30 -0.05143796848836989
16 31 0.12854314103885248
16 32 0.07689923530131634
16 33 0.14514976070013766
16 34 -0.029504386995170107
16 35 0.10893163505754604
16 36 0.06033987106860457
16 37 0.03735896713713251
16 38 -0.08598543848913234
16 39 -0.1405440972260507
17 17 0.0
17 18 -0.1014729617665768
17 19 0.17390852246443775
17 20 -0.0920819187632616
17 21 0.1415168007992542
17 22 0.05241056242336872
17 23 -0.03607311126252867
17 24 -0.05363809437922721
17 25 -0.11785292230972036
17 26 0.005998355198596181
17 27 -0.059675324863283995
17 28 0.04990567278934176
17 29 -0.06843437424118523
17 30 -0.1015522220851107
17 31 0.12832213311092464
17 32 -0.04322833726627838
17 33 0.031244956510758558
17 34 0.02789846747358482
17 35 0.02241170976838872
17 36 0.0882910535393269
17 37 -0.053046375609060226
17 38 -0.017926583668676492
17 39 -0.01651129491155686
18 18 0.0
18 19 -0.16194233230533084
18 20 -0.013962523317281197
18 21 -0.1527874397552935
18 22 -0.11905939296529115
18 23 -0.07412353705443274
18 24 0.06715187050786009
18 25 0.051958109738662106
18 26 0.04994789601113674
18 27 -0.019445960604907893
18 28 0.04625622914418244
18 29 0.11398377113354725
18 30 -0.04349299767615906
18 31 -0.15770458364996662
18 32 0.03821591399783891
18 33 -0.09580208760053456
18 34 0.11059898979562854
18 35 -0.07319778144367592
18 36 -0.15239927294702632
18 37 0.03657290605185089
18 38 -0.01240095373262175
18 39 0.068042673532112
19 19 0.0
19 20 -0.07211215925516591
19 21 0.1793439368465453
19 22 0.01845209381649357
19 23 0.07738730778088077
19 24 -0.08951922532509096
19 25 -0.005071809449316006
19 26 0.0315672563781419
19 27 -0.018826244255236775
19 28 0.03502857218183668
19 29 -0.115801210083919
19 30 0.012758960504721029
19 31 0.06629675745693382
19 32 -0.015839961378945402
19 33 0.002075706369664247
19 34 -0.05968002995705042
19 35 -0.10454958385325623
19 36 0.14916950434795032
19 37 -0.06442361762176921
19 38 0.05170634355678316
19 39 0.06850842277939004
20 20 0.0
20 21 -0.0783468521139639
20 22 -0.006332522699343128
20 23 -0.04664463871351519
20 24 -0.04599303640388096
20 25 0.11061376114259569
20 26 -0.019924322461218873
20 27 0.026356525146374366
20 28 -0.007088757664007027
20 29 0.04756937784518224
20 30 -0.12535072597788782
20 31 0.006076458229689994
20 32 -0.09743530919330509
20 33 0.025077186259490108
20 34 -0.04892557195129193
20 35 0.08100557675627058
20 36 0.05957968592193467
20 37 -0.006570875338124209
20 38 0.06402929403487861
20 39 0.11421513051941432
21 21 0.0
21 22 -0.004454527416599461
21 23 -0.2380684655603768
21 24 -0.04596993424589957
21 25 0.047468802396689644
21 26 0.0954747154949225
21 27 -0.03686664088716156
21 28 0.21986951000179475
21 29 0.031048027598213717
21 30 -0.03726351906431549
21 31 0.018954247088044822
21 32 -0.4592834159051059
21 33 -0.23248142200238692
21 34 -0.05915582610071544
21 35 0.11658943003519703
21 36 -0.013582669645730811
21 37 0.03679824136961013
21 38 -0.020570405605305285
21 39 -0.16762975770166189
22 22 0.0
22 23 -0.022922500540779343
22 24 0.025989234539746865
22 25 -0.0767465859054618
22 26 0.03808275832808271
22 27 -0.1738024975388643
22 28 0.034919914118236015
22 29 0.023333372013820398
22 30 -0.09652837797511882
22 31 0.16763549922945858
22 32 0.0392869493190429
22 33 0.044382348827434734
22 34 0.04030005928068261
22 35 -0.07088562817752622
22 36 0.21338431005723626
22 37 -0.01196007261833676
22 38 -0.22524663780435122
22 39 -0.17155817327299838
23 23 0.0
23 24 0.03595410484137715
23 25 0.041819423549585566
23 26 -0.21845898075918108
23 27 0.008428340298397527
23 28 -0.12162067639746958
23 29 -0.1160308564947596
23 30 0.132660053628082
23 31 0.05705937486622448
23 32 0.25886107652595414
23 33 0.1214008493341541
23 34 -0.0845779089073799
23 35 -0.11023443605146362
23 36 0.07782715862965621
23 37 0.022685250909872463
23 38 0.015100529769555454
23 39 0.16080600187649535
24 24 0.0
24 25 -0.016614155558835116
24 26 -0.040040998542214
24 27 -0.07159612881033375
24 28 -0.0012101915008772707
24 29 0.06451652035228887
24 30 0.018238189388390138
24 31 -0.004527688729648082
24 32 0.05480621804571626
24 33 -0.04559459612408971
24 34 0.02625580446729877
24 35 0.04687724458659832
24 36 -0.06022585272563056
24 37 0.011790285151354819
24 38 -0.03739146516363933
24 39 -0.06721499032915156
25 25 0.0
25 26 -0.015149946030263525
25 27 0.05014879534105826
25 28 -0.06787613923232975
25 29 -0.018169683307448496
25 30 0.03524141601752537
25 31 0.020234012994032005
25 32 0.11233031031089225
25 33 0.05182459406897748
25 34 -0.10284091459131035
25 35 -0.0177935798843021
25 36 -0.10940546510938849
25 37 0.13946322647677803
25 38 -0.06621768466660248
25 39 -0.007741821628414791
26 26 0.0
26 27 -0.057966851797138605
26 28 0.1652945045922751
26 29 0.06254954032227686
26 30 -0.01557687997702029
26 31 0.014974622504427331
26 32 -0.08249607742297037
26 33 -0.1018327037761031
26 34 0.061421188742011565
26 35 -0.0624986689384587
26 36 0.03613332003327259
26 37 -0.11734672957685618
26 38 0.029163929302526554
26 39 -0.12880683132204107
27 27 0.0
27 28 -0.2645327251038595
27 29 0.03684430431039449
27 30 0.14162035960103553
27 31 -0.06861469482945046
27 32 0.020385551481903914
27 33 0.14497596069546265
27 34 -0.03150348518038856
27 35 0.041947513927395146
27 36 -0.12382591382376511
27 37 -0.01920862172664689
27 38 -0.05182533311190172
27 39 0.033337173366515024
28 28 0.0
28 29 0.04160087015254733
28 30 -0.08644830980968636
28 31 -0.02833459078424468
28 32 -0.453893357908547
28 33 -0.2146657786503389
28 34 0.00972176367391285
28 35 0.029542267213206286
28 36 0.014597090666950918
28 37 -0.05815918087073417
28 38 0.16854914267468585
28 39 0.007892691854969833
29 29 0.0
29 30 -0.036700052087059246
29 31 -0.022310704028199922
29 32 -0.12529076262252775
29 33 0.03569028587159544
29 34 0.0892839329489125
29 35 -0.0009788384905560672
29 36 0.0024281334626830233
29 37 0.0629807959608242
29 38 -0.14944043775984636
29 39 -0.10610702217158963
30 30 0.0
30 31 0.0739990225170922
30 32 0.08722536599341357
30 33 -0.015581693375847236
30 34 -0.11387501160242022
30 35 -0.14174447656059097
30 36 -0.21687738537287923
30 37 -0.14907854717975216
30 38 -0.011862051924933796
30 39 0.10440390106042716
31 31 0.0
31 32 0.013155068862628697
31 33 0.12982174529746493
31 34 -0.05096100738402991
31 35 0.02707835959560257
31 36 0.17536598957374736
31 37 -0.08035958127270841
31 38 -0.18189124262124706
31 39 -0.007374176784046458
32 32 0.0
32 33 0.26293623047152137
32 34 0.014290634989646615
32 35 -0.1970222839372792
32 36 0.0036130985516505654
32 37 0.08485296868221445
32 38 -0.08838480501623354
32 39 0.01609565020561858
33 33 0.0
33 34 -0.0047786583014917524
33 35 0.014190311729615896
33 36 0.07111404290393958
33 37 0.150661740563967
33 38 -0.09314746164566443
33 39 0.03143542812653446
34 34 0.0
34 35 -0.00968097044164834
34 36 0.04751414243281843
34 37 0.006165245415361683
34 38 -0.09509897008004028
34 39 -0.08789285511103126
35 35 0.0
35 36 0.0045450844112552525
35 37 0.051005734719104356
35 38 0.07424637306500739
35 39 -0.03710950306006508
36 36 0.0
36 37 -0.009507299031300261
36 38 -0.0959967968673937
36 39 0.012094688969977086
37 37 0.0
37 38 -0.07069287623796142
37 39 -0.12923611772504817
38 38 0.0
38 39 0.24857944724515452
39 39 0.0
