0 0 0.0
0 1 0.030908768309182377
0 2 0.06775739563528488
0 3 -0.019930760752093594
0 4 0.002062857647686837
0 5 0.10780891929464147
0 6 0.06528874429850531
0 7 0.13494401264675965
0 8 -0.06511755042037799
0 9 -0.009798325999632491
0 10 0.14675343088562587
0 11 -0.03922408117592975
0 12 -0.0002617907009767062
0 13 0.009878293701984318
0 14 0.13834074057821671
0 15 -0.006540507170332876
0 16 -0.04228874414064897
0 17 -0.0880763163986406
0 18 -0.03403185525999175
0 19 0.069606890375713
0 20 -0.014371811032049625
0 21 -0.04012295459523497
0 22 0.009724421017560025
0 23 -0.04591673894892095
0 24 -0.08737958798638942
0 25 -0.07525979426992621
0 26 -0.09106033005209836
0 27 -0.06407092198001203
0 28 -0.09369053910413441
0 29 0.15653929413936002
0 30 0.1327055552902005
0 31 0.1129994871268302
0 32 0.06529395233447491
0 33 0.024459251372597333
0 34 -0.010496526963977511
0 35 0.11664049894565012
0 36 -0.010136439933276543
0 37 0.05889809834136824
0 38 -0.026615928675405826
0 39 0.03421356010134202
1 1 0.0
1 2 -0.04225176495418715
1 3 -0.03663694279887065
1 4 -0.01020983440447791
1 5 0.08676830732393956
1 6 0.04225809931520384
1 7 0.10090755152174462
1 8 -0.00674870405244077
1 9 -0.07521996200372083
1 10 0.04996502002058421
1 11 -0.057996508521022005
1 12 0.09384092652524366
1 13 0.07014522765160859
1 14 0.10696037603882642
1 15 -0.021655329723446994
1 16 -0.11669011613843913
1 17 0.116998616584213
1 18 -0.060566495439040115
1 19 0.035421047411494086
1 20 -0.020211537707909507
1 21 0.06271170210244681
1 22 -0.027453767104407407
1 23 0.036534323151379694
1 24 0.02818886698926913
1 25 -0.04992171430924054
1 26 -0.0016665176311953258
1 27 -0.005850948053396776
1 28 0.0030482329928427036
1 29 0.0878149561392145
1 30 -0.0018677226092959464
1 31 0.053813056007396366
1 32 -0.062336685787996726
1 33 0.06933663835238205
1 34 -0.011129616016883078
1 35 0.09594377615428974
1 36 0.1123788044890561
1 37 0.0763280143435298
1 38 -0.0370428220553362
1 39 -0.08661756445912276
2 2 0.0
2 3 0.10972123736559636
2 4 0.0013077492655882467
2 5 0.03847398135259613
2 6 0.03999334818878754
2 7 -0.08639611889162269
2 8 -0.0658258900547867
2 9 0.05732905423241097
2 10 0.051752743822360704
2 11 -0.023229568675751273
2 12 -0.030020306143482778
2 13 -0.05577980908303043
2 14 0.010828573771016783
2 15 0.017554348165924927
2 16 0.11649875851315714
2 17 -0.0636356864184466
2 18 0.015786866035945465
2 19 -0.029622286102389143
2 20 0.05748901461141646
2 21 -0.08364715864190148
2 22 0.011507885667909707
2 23 -0.05685605884751168
2 24 -0.017233482652095854
2 25 0.0502572224697761
2 26 -0.03547598841880733
2 27 -0.08103461507369908
2 28 -0.06680872519454338
2 29 0.030100245866903953
2 30 0.04210491523610836
2 31 0.04749357626263541
2 32 0.06384974641095617
2 33 0.009434947208891122
2 34 -0.016775895332013922
2 35 -0.007358841039409922
2 36 -0.03325291525287453
2 37 0.0030817751087541083
2 38 -0.0005123047303087835
2 39 0.07869618774083066
3 3 0.0
3 4 0.002386488529450395
3 5 0.07677151645105944
3 6 0.021232654067838433
3 7 -0.13048321739059254
3 8 -0.06946534402135199
3 9 -0.00725095125200054
3 10 0.05578439361841444
3 11 0.007899885311756514
3 12 -0.04960237276133045
3 13 -0.03599438577130282
3 14 -0.08692456141909272
3 15 -0.1277168914795775
3 16 0.16305105625182198
3 17 -0.02119464477457441
3 18 0.06012864867931463
3 19 -0.07863997149655091
3 20 0.022928296010344396
3 21 -0.12786733659342128
3 22 0.0599393162440187
3 23 -0.049650792198001455
3 24 0.07314209960273582
3 25 0.06528220694432772
3 26 -0.04624435153671863
3 27 -0.15305876006618235
3 28 -0.08691615521593885
3 29 -0.07471783818903599
3 30 0.024753595586363503
3 31 -0.04144041877378982
3 32 -0.0056823307629066105
3 33 0.07825790867408088
3 34 0.012993565042507113
3 35 -0.18659841729337262
3 36 0.011620461649795577
3 37 0.09053634669790304
3 38 0.023376864526665157
3 39 0.18899637557477503
4 4 0.0
4 5 0.0202888544351068
4 6 -0.03161418538823899
4 7 -0.021690231652993327
4 8 0.04115026199901609
4 9 0.0528716300457943
4 10 -0.025456107848032355
4 11 -0.029900688470409987
4 12 -0.0108458993982341
4 13 -0.02851632128224695
4 14 0.009434409316437586
4 15 -0.008879184249997356
4 16 0.04092007391825274
4 17 0.025978381296188468
4 18 0.011117427879729521
4 19 -0.033815026789439984
4 20 0.015166739832115066
4 21 -0.031545807027316616
4 22 -0.012542680151587927
4 23 -0.00575823136441316
4 24 0.01882001167782738
4 25 -0.007145806369882417
4 26 0.010666817360616022
4 27 0.017242875011276394
4 28 0.0017408640085355407
4 29 -0.00409488310592797
4 30 0.038408710700826444
4 31 -0.02249708488725714
4 32 0.010739842796326417
4 33 0.031691086154955625
4 34 -0.029533116982062808
4 35 -0.00601413988908241
4 36 0.0015967922624830183
4 37 -0.035444258627188
4 38 -0.013018361657697689
4 39 -0.0696270929110785
5 5 0.0
5 6 0.02434934511219153
5 7 0.06721500095833419
5 8 -0.029639564605988072
5 9 0.04350945835720471
5 10 0.10189265941183787
5 11 -0.060618776586575066
5 12 0.06873184462151272
5 13 -0.037929943672636295
5 14 0.06634874694052809
5 15 -0.12943222675326158
5 16 0.017432312962061686
5 17 0.11751995923537328
5 18 -0.017239740514107933
5 19 -0.018855362187675178
5 20 -0.008609694321653828
5 21 -0.04900454193401395
5 22 0.05200656823880574
5 23 -0.0050572139349875575
5 24 0.0029016369254770105
5 25 -0.11282899284608212
5 26 -0.025730259785800173
5 27 -0.08361061914595473
5 28 -0.06500643284599159
5 29 0.12010308060280077
5 30 0.15344276717376976
5 31 0.021644414584695643
5 32 -0.017733704431703096
5 33 0.148332089113904
5 34 -0.028011429529888544
5 35 0.10270512740482915
5 36 0.08701016861797875
5 37 0.12461017943557547
5 38 0.05748294957919052
5 39 -0.06995416863377112
6 6 0.0
6 7 0.06380000181891085
6 8 -0.10951087252301842
6 9 -0.07616172004179027
6 10 0.12851718190970712
6 11 0.012517346519774725
6 12 -0.0038671575915392156
6 13 0.03898926759526462
6 14 0.0545437816077204
6 15 0.008274681839367356
6 16 -0.048835596062650456
6 17 -0.04734895709846993
6 18 -0.039755332318389014
6 19 0.053945530792885346
6 20 -0.008541257804892321
6 21 0.005162908290125501
6 22 0.024794392943612305
6 23 -0.005497690296802734
6 24 -0.05665980427285964
6 25 0.0060645524890328515
6 26 -0.05939952856124767
6 27 -0.06860451809769755
6 28 -0.04527255696179199
6 29 0.06845128113075308
6 30 0.011212780033665824
6 31 0.07200892711606736
6 32 -0.014479071045504716
6 33 -0.03385114917085264
6 34 0.03517894345083589
6 35 0.041940862980267786
6 36 -0.008599914776396596
6 37 0.07926117249992776
6 38 0.004735324871994322
6 39 0.11421292989999318
7 7 0.0
7 8 -0.023994494965501222
7 9 -0.15380140611989235
7 10 0.11196419035344836
7 11 -0.01128119465023702
7 12 0.07316820574333135
7 13 0.1224757390959685
7 14 0.16923420889663549
7 15 -0.01995648250014064
7 16 -0.24854277392127608
7 17 -0.07429147722324711
7 18 -0.06591710404806507
7 19 0.17986607667431648
7 20 -0.1044824698915274
7 21 0.062330665746708244
7 22 0.02791852558675779
7 23 0.028524377420261555
7 24 -0.10972086261073699
7 25 -0.18674633011711889
7 26 -0.04423311459318268
7 27 0.053969642273656596
7 28 -0.06335781604312155
7 29 0.13905345649092632
7 30 0.04667599169759415
7 31 0.10008622510154094
7 32 0.005395011416657127
7 33 0.00714800444913366
7 34 0.011816389411551319
7 35 0.15720247815787586
7 36 0.06759474354580988
7 37 0.11475870989046204
7 38 -0.04260795295414525
7 39 0.024874857553888303
8 8 0.0
8 9 0.0727082679948012
8 10 -0.1882426495952244
8 11 -0.07539761079159127
8 12 0.046955000505754615
8 13 -0.013644354781588722
8 14 0.01845663943598918
8 15 0.020792456580598397
8 16 0.005500396245147344
8 17 0.08332209421830303
8 18 0.026267145687234483
8 19 -0.03673999520825288
8 20 0.01479903830253084
8 21 -0.0053103344575770855
8 22 -0.05124081511824441
8 23 0.03158355066144018
8 24 0.07148866586781258
8 25 -0.05366914066863393
8 26 0.11312539174435739
8 27 0.16789130501044497
8 28 0.046810391776919584
8 29 -0.07002534198302003
8 30 -0.03383446375295132
8 31 -0.07327257815178527
8 32 0.0162660773813589
8 33 0.07006273486432404
8 34 -0.08888179671850652
8 35 -0.005429189397522615
8 36 0.07399808431652265
8 37 -0.11172895568001369
8 38 -0.07039220725165408
8 39 -0.22043156557342916
9 9 0.0
9 10 -0.06601014601307764
9 11 -0.07050890965281635
9 12 -0.07512088730886414
9 13 -0.15324662814328588
9 14 -0.020396615469991337
9 15 0.011849662711005996
9 16 0.21223481811231046
9 17 0.08658260078489095
9 18 0.035392635089351684
9 19 -0.14283009084840265
9 20 0.09602778513106154
9 21 -0.13533715586352213
9 22 0.005153107996404938
9 23 -0.006134217779525613
9 24 0.01431100893752715
9 25 0.022614709636586423
9 26 0.06199430023601754
9 27 0.06017457613245634
9 28 0.015194024127670815
9 29 -0.04341007524281955
9 30 0.11689103170831135
9 31 -0.10093461212657365
9 32 0.020204798834925784
9 33 0.039774499124796484
9 34 -0.08623547337923182
9 35 -0.012019505133475456
9 36 -0.05363566013506664
9 37 -0.13367656946554526
9 38 0.02700890131798799
9 39 -0.190365461808571
10 10 0.0
10 11 0.03079585115163396
10 12 -0.08466211092153506
10 13 0.020593294860080658
10 14 0.08194216226680515
10 15 -0.05108947871581561
10 16 -0.021541269952483767
10 17 -0.07583448411531603
10 18 -0.05606997186746654
10 19 0.03912703063146511
10 20 -0.024269390945903548
10 21 -0.03383284758947897
10 22 0.03797247020068985
10 23 -0.044300690725945856
10 24 -0.09520608763753372
10 25 0.020868130202830577
10 26 -0.18141645141609652
10 27 -0.20476882160931945
10 28 -0.07988532555081682
10 29 0.15662377169271346
10 30 0.15920530251656256
10 31 0.10194543214386939
10 32 -0.0244172826451056
10 33 -0.038462825403700426
10 34 0.07538475858177701
10 35 0.04351644636969436
10 36 -0.08568583641628882
10 37 0.12462365677990779
10 38 0.03604981923808685
10 39 0.1690442230750277
11 11 0.0
11 12 -0.018704360214646273
11 13 0.01860219985809459
11 14 -0.15225440798270332
11 15 -0.029473194282346758
11 16 -0.03726401377428087
11 17 -0.09665615303038236
11 18 0.02590585990582974
11 19 0.036519614406016275
11 20 -0.06212356925787064
11 21 0.09657814508032357
11 22 0.02556565797199653
11 23 -0.029950379510628077
11 24 -0.019280542382126023
11 25 0.05381284981946376
11 26 -0.06945751076345397
11 27 -0.12292743306814488
11 28 0.032402818461925074
11 29 -0.018264413098618346
11 30 -0.057316017309252155
11 31 0.017434647756639294
11 32 0.007398052254931761
11 33 -0.09045833566910952
11 34 0.11876211178581016
11 35 -0.052934147161668554
11 36 -0.08571980554072137
11 37 0.06059095655294877
11 38 0.10059662441038868
11 39 0.20484480113817924
12 12 0.0
12 13 0.06720760109551685
12 14 0.023614147447749905
12 15 -0.01940318593226826
12 16 -0.1413342178997483
12 17 0.08231920860236473
12 18 -0.016597441481666503
12 19 0.06987589624591463
12 20 -0.04384846503455751
12 21 0.1236150235840835
12 22 -0.02056692159426082
12 23 0.02597027688943706
12 24 0.04906645018388157
12 25 -0.09209552859095407
12 26 0.06045905105811461
12 27 0.03161709553791612
12 28 0.015975443880480014
12 29 0.04891106582499706
12 30 -0.09837260229154267
12 31 0.0584491006337165
12 32 0.003619058968194725
12 33 0.08672371026250722
12 34 -0.008847562551245967
12 35 0.1103652362264883
12 36 0.15526787723324498
12 37 0.08254038755389524
12 38 -0.005088243742672013
12 39 -0.05984246493116291
13 13 0.0
13 14 0.05248576022574518
13 15 0.012362742441369364
13 16 -0.1686957738566584
13 17 -0.04131826269343272
13 18 -0.033430450065184615
13 19 0.101392129360558
13 20 -0.06291523010727729
13 21 0.1051350521839913
13 22 -0.03536274025107788
13 23 0.00846317424319815
13 24 0.003993226640198858
13 25 -0.024037287804523806
13 26 -0.03200770150531489
13 27 -0.008977487749364788
13 28 0.00018551807493576017
13 29 0.04268832320522919
13 30 -0.08321353602726353
13 31 0.07906071780289915
13 32 -0.008819846825049407
13 33 -0.013054201948567745
13 34 0.037579593259820285
13 35 0.029467080511098982
13 36 0.057564136115568
13 37 0.06422315191740635
13 38 -0.057141890488469016
13 39 0.06603864852753094
14 14 0.0
14 15 0.05787027968670953
14 16 -0.08826617970665154
14 17 0.012474631497149126
14 18 -0.0758146298148731
14 19 0.06451188427242821
14 20 0.0213353508014029
14 21 -0.06310522580027864
14 22 -0.032780600144142816
14 23 0.02297232993672658
14 24 -0.05873795202512642
14 25 -0.10179375061244442
14 26 0.00009357627537142193
14 27 0.1066775769927967
14 28 -0.07340346492472713
14 29 0.12373508661765076
14 30 0.09048946152906814
14 31 0.07892078977015018
14 32 0.00827940938981608
14 33 0.0538790814441117
14 34 -0.09684318736955697
14 35 0.13995411374082678
14 36 0.07858273342551925
14 37 -0.011874247245495264
14 38 -0.1424306066539776
14 39 -0.14965291301798028
15 15 0.0
15 16 -0.016349760162508425
15 17 -0.05084680646255564
15 18 -0.022661857190222217
15 19 0.021826874976543214
15 20 0.04401425528195162
15 21 0.012387107039637964
15 22 -0.05248737662081572
15 23 0.009403505362134242
15 24 -0.033523946154846315
15 25 0.04793432382574641
15 26 0.03691793896025706
15 27 0.10096378019259007
15 28 0.02521795490700344
15 29 -0.01248729082153204
15 30 -0.06783520592651904
15 31 0.029957697808333673
15 32 0.03032412504558931
15 33 -0.08175011275031331
15 34 -0.03138875944822252
15 35 0.03475200183663462
15 36 -0.032216527701326506
15 37 -0.10799163192222516
15 38 -0.07408931008350393
15 39 -0.04999072546367111
16 16 0.0
16 17 0.041209917059070726
16 18 0.061986455523626825
16 19 -0.18463404268207204
16 20 0.1172560079808352
16 21 -0.19304592232137968
16 22 0.03185236143861985
16 23 -0.03218303341262633
16 24 0.035351954072042266
16 25 0.11041294709298174
16 26 0.024411209669281016
16 27 -0.028203923571112777
16 28 -0.013449243927000632
16 29 -0.10351874922568097
16 30 0.10164774625828847
16 31 -0.12232705467646135
16 32 0.00819022515853318
16 33 0.01803141435698877
16 34 -0.05536417061946578
16 35 -0.13549950635473634
16 36 -0.09678725512568065
16 37 -0.10944597471571298
16 38 0.04265860486551416
16 39 -0.04377886951947656
17 17 0.0
17 18 -0.027571247739396055
17 19 -0.11780829695275555
17 20 0.04888716545442114
17 21 0.0072953792071749025
17 22 -0.016356718793533138
17 23 0.0824328324454218
17 24 0.11211783980456025
17 25 -0.017352468929873244
17 26 0.1124915838086326
17 27 0.0663221900201034
17 28 0.07868328608699639
17 29 -0.020886080364617032
17 30 0.010496082046852501
17 31 -0.09713106395189398
17 32 -0.12818339250717994
17 33 0.1274916950752846
17 34 -0.06742910873086545
17 35 0.04535634696566597
17 36 0.12972982148912876
17 37 -0.009249807353628011
17 38 0.02404132376618231
17 39 -0.28401549429098355
18 18 0.0
18 19 -0.029800251625783387
18 20 0.002342575246866386
18 21 -0.022288923908630808
18 22 0.011113801776966666
18 23 -0.019756043306271516
18 24 0.024175680108519837
18 25 0.01568204541369579
18 26 0.012562228273568333
18 27 -0.00845361695925002
18 28 0.0014876606633143716
18 29 -0.056532855675211865
18 30 -0.01201202074418913
18 31 -0.037832629312392514
18 32 0.028931169953434022
18 33 0.006030581347761522
18 34 0.002211589224372091
18 35 -0.06513514631256667
18 36 -0.0208412762664574
18 37 -0.020373215443361445
18 38 0.022398412485811058
18 39 0.0326327896726376
19 19 0.0
19 20 -0.07638195692725144
19 21 0.08391877336399421
19 22 0.015127868442956646
19 23 0.003930838204684585
19 24 -0.07626278489542851
19 25 -0.0927678022510246
19 26 -0.025554299000506826
19 27 0.023279554591823678
19 28 -0.03886438234529358
19 29 0.06793949927127367
19 30 -0.05496096028518198
19 31 0.09661018238280734
19 32 0.03664244306695817
19 33 -0.03766486473720489
19 34 0.036057568717053734
19 35 0.08767308649387068
19 36 0.035297808492454175
19 37 0.0826640781825081
19 38 -0.02316580774458785
19 39 0.1122141881953107
20 20 0.0
20 21 -0.08520706425805966
20 22 -0.007511530957531244
20 23 0.006219355361503245
20 24 0.012560046010363545
20 25 0.049377733303804336
20 26 0.04301844280030392
20 27 0.04403903033500584
20 28 -0.00029849441326621493
20 29 -0.035294925567501904
20 30 0.022727223586238493
20 31 -0.040172169783176656
20 32 -0.0058403898835682035
20 33 0.00689038087736144
20 34 -0.05701974218625272
20 35 -0.018913463971853582
20 36 -0.014081705406242363
20 37 -0.07685276213144812
20 38 -0.022924342709567305
20 39 -0.08533407626912048
21 21 0.0
21 22 -0.07803585611990568
21 23 -0.009348231398618243
21 24 0.049659467589952946
21 25 0.027693790528552774
21 26 -0.046369541211092775
21 27 -0.09212252526379226
21 28 0.08854171268232955
21 29 0.06489306313175205
21 30 -0.13565479497766908
21 31 0.10113414048482591
21 32 -0.0032596434083749974
21 33 -0.031505377083699666
21 34 0.10051481976938233
21 35 0.06469069291799658
21 36 0.03614292598933077
21 37 0.065519941358406
21 38 0.02255466441536167
21 39 0.0517373757090014
22 22 0.0
22 23 0.03573285769165481
22 24 -0.07439624493926238
22 25 -0.07816867915447748
22 26 0.042230758725204154
22 27 0.04471700120100864
22 28 -0.049413609234481966
22 29 -0.0445481183102647
22 30 0.030437700798465063
22 31 -0.06400883764800139
22 32 -0.027205446479616917
22 33 -0.009705315439157168
22 34 0.0006575869212807567
22 35 -0.005110098830593825
22 36 -0.004588131203717808
22 37 0.06453011055483095
22 38 0.08431799244694224
22 39 0.08061487990326098
23 23 0.0
23 24 -0.011645956871207895
23 25 -0.05491323839537156
23 26 0.09060899888314225
23 27 0.1271442841625051
23 28 0.020196066535988873
23 29 -0.0496364485086895
23 30 -0.0359923522290051
23 31 -0.06340157324119969
23 32 -0.06396890015949147
23 33 0.004046017133301209
23 34 -0.034101907950011175
23 35 0.024526256791441502
23 36 0.05426532319565773
23 37 -0.005289888345074471
23 38 0.004395434418616994
23 39 -0.08362393138681176
24 24 0.0
24 25 0.07149346131770633
24 26 0.01510864511740873
24 27 -0.04993913395479704
24 28 0.057000461587927
24 29 -0.039290733894228914
24 30 -0.057948255606906515
24 31 -0.021529601703628755
24 32 -0.02102150846867545
24 33 0.07705408679677621
24 34 -0.0064368447793947195
24 35 -0.07015392695061447
24 36 0.06133409998798724
24 37 -0.021440075811195662
24 38 -0.027963440206916185
24 39 -0.07986969046748166
25 25 0.0
25 26 -0.08070256726187547
25 27 -0.153528863252355
25 28 0.060253473342033424
25 29 -0.0374630357196053
25 30 -0.04454343403628796
25 31 0.012948346150470396
25 32 -0.008534748850645679
25 33 -0.07655286156536617
25 34 0.06122869033827055
25 35 -0.12481527937814048
25 36 -0.11062755695392186
25 37 -0.06700386190045797
25 38 -0.002590097362031514
25 39 0.08191577944543496
26 26 0.0
26 27 0.24254843913758087
26 28 0.027757057755824422
26 29 -0.12603155422706444
26 30 -0.08797706270091557
26 31 -0.11835339365333808
26 32 -0.03578604654364525
26 33 0.03668742540200826
26 34 -0.09709230115113084
26 35 0.014049230754510733
26 36 0.0984456454636567
26 37 -0.06777396940252017
26 38 -0.00889871344013562
26 39 -0.16775647466752286
27 27 0.0
27 28 0.010171872392278094
27 29 -0.13853043850746877
27 30 -0.07337453465498477
27 31 -0.13638681321455753
27 32 -0.02506827525563237
27 33 0.005265102069703253
27 34 -0.15434345955560058
27 35 0.05078192686876084
27 36 0.09902109907838955
27 37 -0.13666907347717833
27 38 -0.08447500511352571
27 39 -0.24896242451393472
28 28 0.0
28 29 -0.039236097047278706
28 30 -0.0669955822051131
28 31 -0.033280914426682316
28 32 -0.03781195973868984
28 33 -0.026355307269903278
28 34 0.023648689616219423
28 35 -0.014349430427493277
28 36 -0.00945288727828136
28 37 -0.052061040097840704
28 38 0.020525603762275114
28 39 -0.07664451868949315
29 29 0.0
29 30 0.10677871921075324
29 31 0.15558086680681835
29 32 0.03698862663911922
29 33 0.03387688019491281
29 34 0.02923948902199509
29 35 0.15304070298773548
29 36 0.00940017196168665
29 37 0.08382164939081192
29 38 -0.01587894551164231
29 39 0.0017283187016055774
30 30 0.0
30 31 -0.0029930913606995655
30 32 0.011529017761504053
30 33 0.05227940795878122
30 34 -0.03275125408566954
30 35 0.04335938506956631
30 36 -0.06746614743718608
30 37 0.001880340295702196
30 38 0.020056759582052778
30 39 -0.07093341368819678
31 31 0.0
31 32 0.06565070336466454
31 33 -0.010156773250117105
31 34 0.05119237411014499
31 35 0.09556093076551395
31 36 0.005072707307919412
31 37 0.07193972834671125
31 38 -0.04450636835683421
31 39 0.10007488516908758
32 32 0.0
32 33 -0.004543388901998
32 34 -0.005867105344447903
32 35 0.01590855615631253
32 36 -0.0317568344663241
32 37 -0.0279427111119267
32 38 -0.031080750700767094
32 39 0.05052414567880305
33 33 0.0
33 34 -0.06576488362306797
33 35 0.033686388082698665
33 36 0.12527966127526405
33 37 0.038904671957651925
33 38 -0.025454228051979184
33 39 -0.13753151900051536
34 34 0.0
34 35 -0.028441552290119864
34 36 -0.06362673540363929
34 37 0.0766613811059583
34 38 0.06998480582887205
34 39 0.17767913794903428
35 35 0.0
35 36 0.07302927883486288
35 37 0.04749168809446025
35 38 -0.002987149372199617
35 39 -0.11787888899958412
36 36 0.0
36 37 0.061319213504350864
36 38 -0.049707537926798426
36 39 -0.12400357609418992
37 37 0.0
37 38 0.07517089620103765
37 39 0.17186114450873483
38 38 0.0
38 39 0.09565327347387834
39 39 0.0
