0 0 0.0
0 1 0.035749059512736936
0 2 0.10492166423305016
0 3 -0.07989417794937753
0 4 0.1877547925197317
0 5 0.0673718202624608
0 6 -0.0017807551681579149
0 7 -0.19552003260046982
0 8 -0.21115435743711605
0 9 0.0020805694988804396
0 10 0.20508271764430805
0 11 -0.004103922958945198
0 12 -0.08939707808375244
0 13 -0.07698151633979393
0 14 -0.1459911290589258
0 15 -0.021193864978060785
0 16 0.09411776537563006
0 17 0.1876874695362095
0 18 0.09050050537125887
0 19 0.008989112008470315
0 20 -0.18440607037075704
0 21 -0.017248891147947715
0 22 -0.1084240132847409
0 23 -0.10175344049079485
0 24 0.13196697302498647
0 25 0.03539883564322026
0 26 0.1049446378366526
0 27 0.016077351280340966
0 28 -0.13307773634067277
0 29 0.09772494033801778
0 30 0.009830146972580304
0 31 -0.0038946145960836952
0 32 -0.18407327922966782
0 33 0.005278887642414648
0 34 0.06883357602058128
0 35 0.035732796143766725
0 36 -0.083065542720282
0 37 -0.06949612038304848
0 38 0.13092575548547253
0 39 0.030570966121883668
1 1 0.0
1 2 -0.10186825776559605
1 3 0.021663117124112737
1 4 -0.11700623724994948
1 5 -0.16204514994233987
1 6 0.11682348351899752
1 7 -0.06458207506720409
1 8 -0.11283215629614538
1 9 0.1523244625056695
1 10 0.001628129695829816
1 11 0.2928238653586371
1 12 -0.003896638870048112
1 13 -0.0069429755849480775
1 14 -0.02981257017337427
1 15 -0.04191793714136355
1 16 0.19741335440565605
1 17 0.11370293755819165
1 18 -0.010200990723149785
1 19 -0.07206195392767542
1 20 0.16509395463288176
1 21 -0.03247375171878314
1 22 0.07991839618175103
1 23 -0.019514671804721558
1 24 -0.1076222079057465
1 25 0.08223483858849327
1 26 0.04524198686530213
1 27 -0.17800099471030856
1 28 0.04470365570540806
1 29 -0.11742627159552185
1 30 0.006097834769363476
1 31 0.058753292971786567
1 32 -0.0028724943639254776
1 33 -0.09978572775168927
1 34 -0.02807784406728364
1 35 -0.061146698734588875
1 36 -0.09381311855571607
1 37 -0.0928755283842982
1 38 0.038209574646369635
1 39 -0.12040725891749311
2 2 0.0
2 3 -0.1288311630426334
2 4 0.10075639688602094
2 5 0.07085820595591637
2 6 -0.13446854818188475
2 7 -0.03992296277350428
2 8 -0.11006317756662923
2 9 -0.08335142953779828
2 10 0.20138345066909658
2 11 0.000011226142837890793
2 12 -0.09572074460381855
2 13 0.0004693309648169217
2 14 0.06764221218106105
2 15 -0.04625810985816141
2 16 0.005932579869013732
2 17 -0.021325929804431994
2 18 -0.03991397478190322
2 19 0.025371159208137973
2 20 -0.11765723408220652
2 21 -0.08375928950326281
2 22 -0.13210372741267423
2 23 0.02631438228442694
2 24 -0.01609688626976483
2 25 0.12310688429774919
2 26 0.02128400209929398
2 27 0.11855700396469313
2 28 -0.04664312159284248
2 29 0.06755049274474
2 30 0.06554876315788918
2 31 -0.24580543905160268
2 32 -0.038233963713364204
2 33 0.004890047351530972
2 34 0.1048972786772975
2 35 0.07786854168569604
2 36 -0.053010299907490135
2 37 0.08350758105398973
2 38 0.0023386348508819973
2 39 0.031697626566157086
3 3 0.0
3 4 0.04343868647048895
3 5 0.039881036357633584
3 6 0.03751361486445199
3 7 0.037836903974453405
3 8 0.11833006421733205
3 9 0.0614880415674248
3 10 -0.08089192684864925
3 11 0.10058436060177804
3 12 0.10051684155069511
3 13 0.002596776925437308
3 14 -0.1343634299377398
3 15 0.03275320784246203
3 16 -0.00946142769944093
3 17 -0.002721697152001498
3 18 -0.10996329931032867
3 19 -0.048255231822240674
3 20 0.14770072297340392
3 21 0.0645423520261246
3 22 0.02471147902110881
3 23 -0.008340810402655028
3 24 -0.08993031850628659
3 25 -0.05015664531208156
3 26 -0.0831903972005394
3 27 -0.08702127348117243
3 28 0.016464192714275756
3 29 0.06473596146786452
3 30 -0.0065739650737325715
3 31 0.04568161503998608
3 32 -0.05042546024860167
3 33 0.016700422042007813
3 34 -0.06821277573946012
3 35 0.04915091907062167
3 36 0.10507959008652006
3 37 -0.01997957507815294
3 38 0.008579973835972737
3 39 0.035281237308428595
4 4 0.0
4 5 0.08356678417199824
4 6 -0.007689684396740228
4 7 -0.08044056003217698
4 8 0.003249522146182603
4 9 0.03458871811709109
4 10 0.16828416536021368
4 11 -0.03499889621069808
4 12 0.022962111479760038
4 13 0.11390925243710312
4 14 -0.16022335978975463
4 15 0.02689403198273892
4 16 0.11684864939600832
4 17 0.1850549708704809
4 18 -0.06117438101983609
4 19 0.14420242086273644
4 20 -0.02364847328178019
4 21 -0.12590073586259826
4 22 -0.00537414629899453
4 23 -0.13189067105780705
4 24 -0.050313027679829724
4 25 0.028096807796451767
4 26 -0.12335181986456582
4 27 0.04839835130099043
4 28 -0.22704344842377178
4 29 0.08840554187439416
4 30 0.005896420693065351
4 31 -0.15839603488057857
4 32 -0.14189830185468955
4 33 -0.05350495018437786
4 34 -0.030202767358263848
4 35 0.1060833390078149
4 36 0.14364178683094456
4 37 0.04492329667291843
4 38 0.21369253620183506
4 39 0.030353821841958766
5 5 0.0
5 6 -0.025889683538851616
5 7 -0.0009996755188233406
5 8 0.0388734657162717
5 9 -0.051421344014039735
5 10 0.004302195361777761
5 11 0.016212535138051553
5 12 -0.22351775584115874
5 13 0.047550592457774724
5 14 0.025364973354426095
5 15 -0.0796915357415631
5 16 -0.06804466427737894
5 17 0.0797171088399935
5 18 0.0842729535151341
5 19 -0.039363684576258814
5 20 -0.016930455735930945
5 21 0.03520130125535144
5 22 -0.07114371062884764
5 23 0.028207051379001792
5 24 0.003555483354717949
5 25 -0.019303877706059926
5 26 -0.06232994129564719
5 27 0.13236181434183183
5 28 0.002218760905886256
5 29 0.1520729484779118
5 30 -0.021432178416416175
5 31 -0.06725521061388345
5 32 -0.023345741535973845
5 33 -0.004751590005537125
5 34 0.01889856210472446
5 35 0.13571182489903866
5 36 0.12260569892656234
5 37 0.10512560940319952
5 38 0.03725357606505286
5 39 0.036693317629415814
6 6 0.0
6 7 -0.015603344632269155
6 8 0.04720541274464454
6 9 -0.011679926309453439
6 10 -0.264001159010771
6 11 0.04294028263209455
6 12 -0.004904532766738384
6 13 0.05348150011557427
6 14 -0.04978912166165038
6 15 0.04760609175294643
6 16 -0.0035011358823537316
6 17 0.14795347803300601
6 18 0.11067023624868752
6 19 -0.01935805144052175
6 20 0.13676524109700647
6 21 0.0860394850420734
6 22 0.18902575887936804
6 23 -0.09187324321315246
6 24 0.003913395666230775
6 25 0.04067334100623302
6 26 0.09497554534827403
6 27 -0.04244398027628748
6 28 -0.05779474380285515
6 29 -0.0016507469901892405
6 30 -0.00005908101434743612
6 31 0.1292189355307328
6 32 0.0236013977648521
6 33 -0.1447806004035083
6 34 0.1758383576365814
6 35 0.06350778024456785
6 36 0.12302343496833665
6 37 -0.12575851220460527
6 38 0.07227585835410603
6 39 -0.10192266546410125
7 7 0.0
7 8 0.12815565820121702
7 9 -0.04891059303978777
7 10 -0.02831716694083327
7 11 -0.04813664808833949
7 12 -0.07367989001455424
7 13 -0.032670758447935884
7 14 0.14324170695437988
7 15 -0.04834214659264129
7 16 -0.019892151856003144
7 17 0.00974085736963755
7 18 -0.00482510093746366
7 19 0.10342958548315333
7 20 0.12384591582080173
7 21 -0.06574039217530411
7 22 -0.012432453988821696
7 23 0.18747569907422576
7 24 -0.047938919176245966
7 25 -0.07439375606826934
7 26 -0.047426101244653754
7 27 -0.043226739396907486
7 28 0.14916882817163515
7 29 -0.1224298073660007
7 30 -0.13908588795939944
7 31 -0.13681413145712323
7 32 0.10978184595939022
7 33 -0.08391810752505026
7 34 -0.02603943054457864
7 35 -0.1984238115036235
7 36 -0.02919972266431688
7 37 0.14368881670950362
7 38 -0.1333438886665582
7 39 0.019819207390779477
8 8 0.0
8 9 -0.006093945115430004
8 10 -0.12781032623900948
8 11 0.036497578312141836
8 12 -0.03808856503294169
8 13 0.1147143212760843
8 14 -0.05028249400464979
8 15 0.029266568667710685
8 16 -0.12832599747672152
8 17 -0.057314979337958
8 18 -0.07906165183144631
8 19 -0.06391437533850652
8 20 0.16428102129148195
8 21 -0.0055449181606944935
8 22 0.2103444960053172
8 23 0.10270413055959413
8 24 0.02797046653109352
8 25 -0.00788776425718702
8 26 -0.07502354661728054
8 27 -0.008275897434382444
8 28 -0.03160354704659669
8 29 0.10565633924062698
8 30 0.02924976407762689
8 31 0.10374757983629804
8 32 0.06713414206648835
8 33 -0.03647318103989464
8 34 -0.07799284565051715
8 35 0.055760320299784547
8 36 0.09789743937724497
8 37 -0.11542726173899673
8 38 -0.03313769848824631
8 39 -0.008916818657074376
9 9 0.0
9 10 0.11775791665298116
9 11 0.15476169032886436
9 12 -0.0008014306423363519
9 13 0.11698273790415883
9 14 -0.07321282776403785
9 15 0.034896489167805564
9 16 0.09256704752081626
9 17 0.09591852843653736
9 18 0.03209280300826745
9 19 0.009654239977406161
9 20 0.09613319911562158
9 21 -0.11447865862017578
9 22 0.04079577908733601
9 23 -0.03334512693443034
9 24 -0.05344049193698166
9 25 -0.07480913513485185
9 26 -0.017609978530466912
9 27 -0.07731280779905716
9 28 -0.04112761051004441
9 29 -0.007271996107024475
9 30 -0.009395525331959233
9 31 -0.03388263364176823
9 32 -0.019288307994197847
9 33 0.0173143582913904
9 34 -0.14856952565618992
9 35 0.013774262943765866
9 36 -0.03241609626582078
9 37 -0.024329555261723694
9 38 0.01379919801477927
9 39 0.023346295206002815
10 10 0.0
10 11 0.061700815625830706
10 12 -0.1516882309721235
10 13 0.10676167297544988
10 14 -0.0003081852368864618
10 15 -0.09485910921526856
10 16 0.03518994357790095
10 17 0.08302769771204528
10 18 -0.10072143945060419
10 19 0.14515080337278893
10 20 -0.0564453545942611
10 21 -0.32321117370494534
10 22 -0.0926010257855728
10 23 0.08321946829285472
10 24 -0.04845326673886127
10 25 0.010975391163222105
10 26 -0.1554473644304373
10 27 0.046035449382340464
10 28 -0.022533393787095977
10 29 -0.010943049743577973
10 30 0.02003408832975323
10 31 -0.18124526315074324
10 32 -0.18985145136412204
10 33 0.017127713523305325
10 34 -0.25786371869551333
10 35 -0.10718437269256911
10 36 -0.23844441122416077
10 37 0.1215836347523184
10 38 0.05739632505875777
10 39 0.17870146984004556
11 11 0.0
11 12 -0.1980222372804738
11 13 0.0853287638469362
11 14 -0.06031153527764488
11 15 -0.11777397332515913
11 16 0.13103951467054828
11 17 0.11438126368665102
11 18 -0.026721477471450393
11 19 -0.20697401912337304
11 20 0.24477709108088544
11 21 -0.08061349772835799
11 22 0.07091916352393846
11 23 0.09179074189624124
11 24 -0.15326141415545907
11 25 0.09116283965007688
11 26 -0.009108457575130019
11 27 -0.0636892653510954
11 28 0.020455982877005098
11 29 0.06208470779863179
11 30 0.029686850318810944
11 31 -0.03806176550080566
11 32 0.007691221919481087
11 33 -0.06914962028851171
11 34 -0.07748016263981032
11 35 0.10114733099001112
11 36 -0.011588977690410158
11 37 -0.0693270716049892
11 38 0.025294267639576783
11 39 -0.10951210476462576
12 12 0.0
12 13 -0.0845129903474035
12 14 -0.16657782826148543
12 15 0.16166886754605198
12 16 0.055666858213514914
12 17 -0.16748816754013462
12 18 -0.1475150999083108
12 19 0.05068758078880289
12 20 -0.07913481583356766
12 21 0.11819812084652379
12 22 -0.009210366254446004
12 23 -0.2077312375132574
12 24 -0.019357854066799376
12 25 -0.051752147804315606
12 26 0.08973456616117036
12 27 -0.14227811246630415
12 28 -0.021330054438786775
12 29 -0.20916111328166168
12 30 0.005038596566648932
12 31 0.07746127619987313
12 32 -0.02920692452667787
12 33 0.2055595221102132
12 34 0.08103667399164972
12 35 -0.06338960884270325
12 36 -0.050411052246301255
12 37 -0.039552614372477896
12 38 -0.08399080555878519
12 39 0.02914044304367846
13 13 0.0
13 14 0.0021503183734544436
13 15 -0.05021000547827159
13 16 -0.05330093431128714
13 17 0.15822912142670503
13 18 0.04101774424522801
13 19 0.09523888450751848
13 20 0.21055399568747823
13 21 -0.20350420161856234
13 22 0.23198547021245028
13 23 -0.13679796967205
13 24 -0.11522093125095015
13 25 -0.02680362641286916
13 26 -0.07646199083582637
13 27 0.06466868531410946
13 28 -0.09234514091818338
13 29 -0.05583414196726777
13 30 0.0019357133420970622
13 31 -0.06545792845621591
13 32 -0.06141727703215218
13 33 -0.016631266120316
13 34 -0.046788637621163254
13 35 0.11314017847312585
13 36 0.07508827690284778
13 37 -0.006683358716857525
13 38 0.04362189695369889
13 39 0.07569829239526442
14 14 0.0
14 15 -0.12411195061517759
14 16 -0.09095872388893324
14 17 -0.09251073580625703
14 18 -0.03172774200102921
14 19 0.10229685548933362
14 20 0.028887085546920998
14 21 0.0070585153221345755
14 22 -0.049317872612198645
14 23 0.1310129526593264
14 24 0.013027825027990025
14 25 -0.007657613132322202
14 26 -0.1742564880312298
14 27 0.06470067407812156
14 28 0.1567495997700636
14 29 -0.03468030264433395
14 30 -0.03179701084885466
14 31 -0.05113109578074425
14 32 0.10226365988216068
14 33 -0.0798567469780194
14 34 -0.02066000016974343
14 35 -0.12681965279374185
14 36 0.031156941168594056
14 37 0.13522616224703937
14 38 -0.047150228895135156
14 39 -0.05896001167971564
15 15 0.0
15 16 -0.018052576454541225
15 17 -0.013374122062830026
15 18 0.09227991111243611
15 19 0.024307254706994318
15 20 -0.09466241758791524
15 21 0.013741217264669278
15 22 0.044907797446094806
15 23 -0.07566492070203512
15 24 0.07672924279413348
15 25 -0.03255369885961269
15 26 0.18083616525662866
15 27 -0.008783394144561859
15 28 -0.16881925944832232
15 29 0.12380071043214476
15 30 0.09403276122273002
15 31 -0.07567450314660906
15 32 0.03886039587895107
15 33 -0.03111860854624528
15 34 0.08219723444725868
15 35 0.14958657483627688
15 36 -0.012352456343169631
15 37 -0.09161670531302328
15 38 -0.06945683865702977
15 39 0.05539166179334646
16 16 0.0
16 17 0.10473272761685828
16 18 0.019217257072455647
16 19 0.006923810940433496
16 20 -0.017184549661261924
16 21 -0.05524675976121061
16 22 -0.11020228027521417
16 23 -0.07162464685491596
16 24 -0.0992427625668894
16 25 0.05389695700737136
16 26 0.07868999489244441
16 27 -0.13302050117008585
16 28 -0.028288646911801975
16 29 -0.1031186384911921
16 30 -0.04586844172070228
16 31 -0.157230590506767
16 32 0.010386891823345552
16 33 -0.016515392387280472
16 34 -0.007262265671480378
16 35 -0.031196650685248083
16 36 -0.032710248554740876
16 37 0.020204837549710808
16 38 0.058089698991238815
16 39 -0.05331293898895441
17 17 0.0
17 18 0.18903963335086518
17 19 0.09586595464858116
17 20 0.12428342664359952
17 21 -0.10562981231119986
17 22 0.07634025895737448
17 23 -0.09222178229173825
17 24 -0.056948712018567195
17 25 -0.005300785915989614
17 26 0.054417625933205295
17 27 -0.023256683872004906
17 28 -0.07787146703673811
17 29 -0.018873030922400797
17 30 -0.06531287674281476
17 31 -0.11698626958029397
17 32 -0.08713117996168146
17 33 -0.13675102763375965
17 34 0.0957141306228223
17 35 0.05598780945067252
17 36 0.022118988249643375
17 37 0.06036475975837655
17 38 0.10141914857454319
17 39 0.017781085659364676
18 18 0.0
18 19 -0.014889553686403722
18 20 -0.06709101339351739
18 21 -0.029577727493760208
18 22 -0.03832430195155643
18 23 -0.07194310560318025
18 24 0.03306714076444346
18 25 -0.11832384180204088
18 26 0.2546995667884112
18 27 0.09688289342355218
18 28 -0.06840525809032708
18 29 0.02708462972457213
18 30 -0.07965652350168811
18 31 -0.09707814598130786
18 32 0.07219396806180833
18 33 -0.032558033003842406
18 34 0.11065449518483383
18 35 0.10709224512979895
18 36 0.03800728527737628
18 37 0.02065268826384137
18 38 -0.024522880791578733
18 39 0.03568244967864735
19 19 0.0
19 20 -0.020310605658476942
19 21 -0.0922479942603274
19 22 -0.02034107222752216
19 23 -0.051430849118116594
19 24 0.03369312376759735
19 25 -0.022933854142033968
19 26 -0.11952102535805127
19 27 -0.059226273413679545
19 28 -0.02430425386152437
19 29 -0.06947012708027026
19 30 -0.028624494814972024
19 31 -0.1395626853837906
19 32 -0.028368875113829278
19 33 -0.07196285159502123
19 34 0.024340340739527507
19 35 -0.14211193771700106
19 36 0.023850647613010968
19 37 0.1197219163461513
19 38 0.0884757866412074
19 39 0.07116720166300018
20 20 0.0
20 21 -0.06572512771405106
20 22 0.23694277210159878
20 23 0.04477655814513407
20 24 -0.17281185980616973
20 25 0.009302159569834788
20 26 -0.12932136040476092
20 27 -0.06534852125397594
20 28 0.07757373234519889
20 29 -0.0902670177788759
20 30 -0.03545704887602703
20 31 0.04735240094300721
20 32 0.006147882973019898
20 33 -0.11005279037518875
20 34 -0.04149298967720509
20 35 -0.009368026261543561
20 36 0.056977854928956295
20 37 0.010237805382117719
20 38 -0.00921215901384256
20 39 -0.059452856143514275
21 21 0.0
21 22 -0.060716748101557264
21 23 -0.015452477672289347
21 24 0.12699353438871647
21 25 0.017078946188548036
21 26 0.014290234186767855
21 27 -0.06294204989479994
21 28 0.07332993622605193
21 29 0.07983646008136074
21 30 0.02484807982184675
21 31 0.18920488267270058
21 32 0.05592287300745515
21 33 0.0609002306999171
21 34 0.18093319257987475
21 35 0.026874908367986478
21 36 0.11211859949848935
21 37 -0.03387925725484294
21 38 -0.0055158149868482385
21 39 -0.11767401605966885
22 22 0.0
22 23 -0.052733932757635216
22 24 -0.030088504714663795
22 25 0.051160011627988056
22 26 -0.03208184325180439
22 27 -0.006312428295461156
22 28 -0.07374563470788527
22 29 -0.03024787697653969
22 30 0.06170842992224592
22 31 0.19996932982196164
22 32 -0.036954688459075735
22 33 -0.12488417636243343
22 34 -0.0048564785398172595
22 35 0.06577985089749545
22 36 0.021723193194005706
22 37 -0.17299990122014292
22 38 0.015413910771835135
22 39 -0.02605118792403082
23 23 0.0
23 24 0.04652908595399262
23 25 0.023955208346557517
23 26 -0.11363530594761935
23 27 -0.004487856326049878
23 28 0.12407746280961174
23 29 0.11544567703357193
23 30 0.004427946536076589
23 31 -0.0015858505751151532
23 32 0.0994977016360388
23 33 -0.08285077898510038
23 34 -0.12015669045855822
23 35 -0.11724098928139108
23 36 -0.04760406471740998
23 37 0.0383494461701806
23 38 -0.03931022024981836
23 39 -0.045379933896026896
24 24 0.0
24 25 -0.04361608305410446
24 26 0.06735199423758789
24 27 -0.05900682932925293
24 28 -0.10664516640199637
24 29 0.2473941671335767
24 30 0.05719998488523398
24 31 0.12083219406955148
24 32 0.03231691657588461
24 33 0.04210402554197737
24 34 0.08328718432010693
24 35 -0.031897973922087805
24 36 0.016765945791940143
24 37 -0.21960010015971357
24 38 0.02118846427915436
24 39 -0.05070241768313245
25 25 0.0
25 26 -0.011963045353038911
25 27 -0.034966170524836374
25 28 -0.03630128506315536
25 29 0.06105898237411461
25 30 0.14173829046099481
25 31 -0.029590592178455367
25 32 -0.00703502733024904
25 33 -0.14798325941991278
25 34 0.12925661583766235
25 35 0.06756112121665378
25 36 0.006643075115508093
25 37 -0.05853670891414177
25 38 0.12372066977076128
25 39 -0.0797220711262281
26 26 0.0
26 27 0.003412840610249416
26 28 -0.12609668095601873
26 29 -0.008287994555677008
26 30 -0.004389148394155889
26 31 -0.10973375671066572
26 32 0.05775945823965247
26 33 0.05283725530311369
26 34 0.24471856335932837
26 35 0.12576025673520227
26 36 -0.09374679906691209
26 37 -0.14935732892542647
26 38 -0.1283551223879647
26 39 0.01260923546133473
27 27 0.0
27 28 -0.026549728192851053
27 29 0.04122946914691441
27 30 -0.0006319043534583148
27 31 -0.038590842053574125
27 32 -0.02824534011925094
27 33 0.004199446719696322
27 34 -0.021967966379984653
27 35 0.13366588104930527
27 36 0.028875514199591074
27 37 0.08625371548340147
27 38 -0.03431224028816454
27 39 0.07377922815479361
28 28 0.0
28 29 -0.1958663603776643
28 30 -0.1007656133534847
28 31 0.07121974606722287
28 32 0.03655815050078217
28 33 0.0418698734395727
28 34 -0.06289791709528841
28 35 -0.18529159743158202
28 36 -0.07612754226925675
28 37 0.19923218946451865
28 38 -0.10176466706305021
28 39 -0.013317647326770075
29 29 0.0
29 30 0.17416069763370176
29 31 -0.01929463728967397
29 32 0.0449325433621596
29 33 -0.08617678618583646
29 34 0.03376267385801192
29 35 0.2287797555867211
29 36 0.17154951609661973
29 37 -0.1959341744782341
29 38 0.12351018177845659
29 39 -0.05400016942727531
30 30 0.0
30 31 0.017596854759506512
30 32 -0.006173067965019096
30 33 -0.05649196735639117
30 34 0.04910006794976721
30 35 0.12977980293690888
30 36 0.016272832865688973
30 37 -0.1160531036310029
30 38 0.06399448844954125
30 39 -0.023573425151585958
31 31 0.0
31 32 -0.057414451881154585
31 33 0.04063476355328452
31 34 -0.11654746749902103
31 35 -0.09846751973944068
31 36 0.021977728787729044
31 37 -0.20847156002043327
31 38 0.07066487578773385
31 39 -0.0832624531576812
32 32 0.0
32 33 -0.03479636708543149
32 34 0.040562323493099864
32 35 -0.008060491699028898
32 36 0.08187342964294736
32 37 -0.01110657290580094
32 38 -0.0466860425329136
32 39 -0.08848559731482554
33 33 0.0
33 34 -0.03962931057350061
33 35 -0.01797355144928337
33 36 -0.07021050382328198
33 37 0.022913152788096493
33 38 -0.12833932663309408
33 39 0.06513959757345691
34 34 0.0
34 35 0.12840142220354428
34 36 0.06773120901022825
34 37 -0.025856955988568353
34 38 -0.01901484968555555
34 39 -0.08399364437971525
35 35 0.0
35 36 0.12597618580590914
35 37 -0.07207321800524842
35 38 0.012672060942620994
35 39 0.00946751461145421
36 36 0.0
36 37 -0.03577787539590159
36 38 0.16533641280358055
36 39 -0.09223722329006152
37 37 0.0
37 38 -0.06634514162197197
37 39 0.09595131321986058
38 38 0.0
38 39 -0.05975756801618152
39 39 0.0
