0 0 0.0
0 1 -0.03120276124781446
0 2 0.07976048163897473
0 3 -0.020900354784173254
0 4 -0.07904907119746162
0 5 0.11400660253945652
0 6 0.0971476453778081
0 7 -0.12263187801839152
0 8 -0.08590701016190928
0 9 -0.07906318376984542
0 10 0.10010735152050565
0 11 0.05721321107013679
0 12 -0.023362927937622065
0 13 -0.013754745909051647
0 14 -0.09981288889627318
0 15 -0.017873596228313485
0 16 0.046446772591888216
0 17 0.13758050443612935
0 18 -0.0026685294894246404
0 19 -0.1569600741417197
0 20 0.08057209071945196
0 21 0.008329420381348072
0 22 0.07277641888038928
0 23 -0.17990280067759556
0 24 0.06032270197370023
0 25 -0.011453352826363781
0 26 -0.010350236547430312
0 27 0.005758362543800228
0 28 0.012702063276126514
0 29 0.10682982689819209
0 30 0.16974912518777618
0 31 -0.06130819014202774
0 32 0.09437921463037166
0 33 0.06595279220528098
0 34 -0.07303737397248186
0 35 0.02051061790231449
0 36 -0.07679032872953154
0 37 0.1338414582502524
0 38 0.04897552965333349
0 39 -0.14061717297927426
1 1 0.0
1 2 -0.054352275737574805
1 3 -0.0012250882655842406
1 4 -0.13122638585676843
1 5 -0.06846127572965324
1 6 -0.08362693490679718
1 7 0.0032568949949419042
1 8 0.03226992832223595
1 9 -0.025075449821335583
1 10 0.007765971508989963
1 11 -0.07031031497532383
1 12 0.0707061813532014
1 13 0.016782956250176537
1 14 -0.015057374842849362
1 15 -0.04683218051826073
1 16 -0.06466041297962569
1 17 -0.0282839613124486
1 18 0.02221368016419277
1 19 0.0036890437663553077
1 20 0.003960474364952072
1 21 -0.008784908282008518
1 22 -0.018155632159466563
1 23 0.042737644698939634
1 24 0.04682119107517867
1 25 0.008935068833408527
1 26 -0.04841419031769323
1 27 -0.04186405433329576
1 28 -0.03003473453780024
1 29 0.003432134358836951
1 30 -0.135223330362636
1 31 0.020771005515257013
1 32 -0.02989040686634386
1 33 -0.007978543656221384
1 34 0.055327917881357117
1 35 -0.031576422935321626
1 36 -0.0034966330706943972
1 37 0.03858512442152549
1 38 0.0011638130551041893
1 39 0.051785531779250646
2 2 0.0
2 3 -0.009070047103255943
2 4 0.10927836646935285
2 5 0.14082199636494397
2 6 0.19945832602403193
2 7 -0.021358219399454294
2 8 -0.03695725999078212
2 9 0.037227636313520836
2 10 0.05055128338311874
2 11 0.016543381253644775
2 12 -0.14060905067896967
2 13 -0.10011967510134398
2 14 -0.1114750087941063
2 15 0.10000099152196015
2 16 0.06809300781374522
2 17 -0.029833287851528827
2 18 0.09338344872172714
2 19 0.04092791035841571
2 20 0.04649644381605049
2 21 0.22349280419622305
2 22 0.09593639694087552
2 23 -0.0815391594634251
2 24 -0.029170740469839702
2 25 -0.10632786697329874
2 26 0.030806406317872688
2 27 0.12477776599655617
2 28 0.0391285076709516
2 29 0.04786373089510764
2 30 0.021099858156860954
2 31 0.06403888770274728
2 32 0.049315491222421855
2 33 -0.027015583531986166
2 34 -0.03237695966231257
2 35 0.09308203367063445
2 36 -0.05943488556680883
2 37 -0.14059823358388995
2 38 0.09178710041843809
2 39 -0.09766300287673349
3 3 0.0
3 4 -0.04461148435519028
3 5 -0.0016992401953847013
3 6 -0.0011812488502123098
3 7 -0.025658349560503464
3 8 0.011943101873177497
3 9 -0.04978892817884362
3 10 -0.03807946482453735
3 11 -0.03206975740982496
3 12 0.020003806843605844
3 13 0.06193599915647017
3 14 0.036501495831173916
3 15 0.01575540469408465
3 16 0.06422995732413946
3 17 -0.04695371880506626
3 18 -0.008394850967193066
3 19 0.02783716521791632
3 20 -0.005938110211885981
3 21 -0.03179090628578277
3 22 0.0040323149579809744
3 23 -0.007261681815648402
3 24 -0.05864670973592875
3 25 -0.011150473587901952
3 26 0.019392199092278958
3 27 0.03721608498500339
3 28 -0.006778338814515293
3 29 -0.01900011626547905
3 30 -0.04681002887475515
3 31 -0.008899583940331756
3 32 0.048520196400714206
3 33 0.043672432256840574
3 34 0.020452240465135444
3 35 0.03626738442251208
3 36 0.04958525408305328
3 37 -0.05594728712592258
3 38 0.0019584255744111044
3 39 -0.019378971390030867
4 4 0.0
4 5 0.12393271153983938
4 6 0.15039613786985567
4 7 0.11287055232610699
4 8 -0.023265958673486513
4 9 0.13190759804797228
4 10 0.02068808966075679
4 11 0.16461860101216022
4 12 -0.13481520486624216
4 13 -0.06216701020406841
4 14 0.011242167814594561
4 15 0.10679151131331308
4 16 0.029367900078596205
4 17 0.06151842864163559
4 18 0.04522025035239049
4 19 0.01720245827116381
4 20 0.005035993948999938
4 21 0.0916818866537295
4 22 0.022691994202049738
4 23 -0.037835047469563815
4 24 -0.12616517108859535
4 25 -0.08734167376861253
4 26 0.09807155601739447
4 27 0.03160342588345351
4 28 0.12234477390685053
4 29 0.020387587559099273
4 30 0.1776587918998778
4 31 0.015391334726119307
4 32 -0.047046335138953115
4 33 -0.012847405059130537
4 34 -0.0892122057589148
4 35 -0.007481504133397018
4 36 -0.08076309956238299
4 37 -0.0411105793688747
4 38 0.02721547929337013
4 39 -0.06828280066503593
5 5 0.0
5 6 0.14645821192540437
5 7 0.06183553502097191
5 8 -0.012853036146401431
5 9 0.003401711645777676
5 10 0.09233351707660917
5 11 0.0844520258095344
5 12 -0.0805787917093569
5 13 -0.03464767493005655
5 14 -0.012152712845822367
5 15 0.04374862109615516
5 16 0.07620936037091766
5 17 0.08861666462955883
5 18 0.03959191816185676
5 19 0.007289735460338377
5 20 0.028610586166100134
5 21 0.02581757036464367
5 22 0.07016907753355774
5 23 -0.09951600684934117
5 24 -0.0058619427277397385
5 25 -0.13469424470562205
5 26 0.09434793064851292
5 27 0.023988338740700353
5 28 0.09831910126480348
5 29 0.029363285824633913
5 30 0.036758269303849914
5 31 -0.001165182509680837
5 32 0.018209764585727376
5 33 0.04736063521334328
5 34 0.01200206711633572
5 35 -0.04122668420645108
5 36 -0.01978802868318892
5 37 -0.0833161678066884
5 38 0.09892221263934954
5 39 -0.1671769759375016
6 6 0.0
6 7 -0.062253412387147086
6 8 -0.0010549434948356024
6 9 -0.03514948155850947
6 10 0.0481145735768501
6 11 0.04706517032447549
6 12 -0.07445177578896313
6 13 0.04664471503485365
6 14 -0.10141175226053087
6 15 0.15560436423140614
6 16 0.03256183984273271
6 17 0.045508937462977496
6 18 0.06753362215611368
6 19 0.004082444474080404
6 20 0.025654343941290243
6 21 0.27014013825405087
6 22 0.13216539698957247
6 23 -0.17960163534417733
6 24 -0.09288475907233783
6 25 -0.09061460811580357
6 26 0.13290529814265067
6 27 0.09832940448196677
6 28 0.10128206984848527
6 29 0.0612935722057496
6 30 0.0585341376079204
6 31 0.10863188466622145
6 32 -0.005968204065291761
6 33 0.11167620325370528
6 34 0.03643816496077774
6 35 0.02999408609773454
6 36 -0.0971870252398602
6 37 -0.07269174026996415
6 38 0.10038831910748584
6 39 -0.029729725487649683
7 7 0.0
7 8 0.0388735592642732
7 9 0.11851581264199336
7 10 -0.054875351448713805
7 11 0.17766237533321802
7 12 -0.036388881248537876
7 13 -0.14545013377485236
7 14 0.1681456465311838
7 15 0.024299587032598192
7 16 0.16248595569603824
7 17 -0.04019897468557015
7 18 -0.06585064638420189
7 19 0.09376887494282007
7 20 -0.1360636931349429
7 21 -0.03205427929070121
7 22 -0.06145306966576993
7 23 0.0927433466977059
7 24 -0.09597244703839973
7 25 -0.07406157169931434
7 26 -0.05111684680272406
7 27 -0.0662391683869009
7 28 0.030577089753480835
7 29 -0.18923760202640205
7 30 -0.0628494102801062
7 31 -0.054734599451173115
7 32 0.0034283480714933307
7 33 -0.060816084944845764
7 34 -0.07977281338780365
7 35 -0.10847598855156755
7 36 -0.046448612292997876
7 37 -0.06198240672091891
7 38 0.02382653426882258
7 39 -0.027175854498571378
8 8 0.0
8 9 -0.08839324084119038
8 10 0.008522844628363562
8 11 -0.029829830453631846
8 12 0.10012088074098416
8 13 0.003799079129100918
8 14 0.016142618802614844
8 15 0.019139602631819047
8 16 0.01582490482266982
8 17 0.046572594598040126
8 18 -0.07958812415899277
8 19 0.03726330864142132
8 20 0.04593651646862922
8 21 0.09138542252911969
8 22 -0.028759089403615917
8 23 -0.002769714132921378
8 24 0.040116783621092056
8 25 -0.05369279189202898
8 26 0.031107190020244126
8 27 0.011009957016823124
8 28 -0.022073972273819263
8 29 -0.04140132194601463
8 30 -0.10595428904594797
8 31 0.050272508715505496
8 32 -0.0589190406141462
8 33 -0.03534678131564857
8 34 0.05334064310601057
8 35 -0.045322616078717556
8 36 -0.0074661933956945235
8 37 0.020406642929276672
8 38 0.016318929276464396
8 39 0.005382287720077901
9 9 0.0
9 10 -0.026139037505911483
9 11 0.05910974407374604
9 12 -0.10921236365714715
9 13 -0.05789503387326668
9 14 -0.009944016003195973
9 15 -0.02916902576202412
9 16 -0.05800692511658849
9 17 -0.0894456125388303
9 18 0.09709173392183316
9 19 0.05798830607790982
9 20 -0.1267309458099064
9 21 -0.06889061946470873
9 22 0.048928707785069525
9 23 0.1394935688890303
9 24 -0.026886712611243525
9 25 0.07830442063762909
9 26 -0.0108393674128689
9 27 -0.04011339167728127
9 28 0.020284620977312724
9 29 -0.025413139478314743
9 30 0.03298932276759526
9 31 -0.047228557050654936
9 32 -0.023591736325140174
9 33 -0.04856079146347359
9 34 -0.0455974200506914
9 35 -0.024829991752625253
9 36 -0.007534677638532243
9 37 -0.11077308522420656
9 38 -0.005425541716157048
9 39 0.06209001600547479
10 10 0.0
10 11 -0.021492199137205122
10 12 -0.006240092670505789
10 13 -0.03931528841003047
10 14 -0.0888597133716354
10 15 -0.0408558938563194
10 16 -0.11670747456105938
10 17 0.14324189144139562
10 18 0.040258463830944294
10 19 -0.056488827456209825
10 20 0.10702120715034742
10 21 0.016983415324804477
10 22 0.0167849411173181
10 23 -0.06261192861648121
10 24 0.15935507514191788
10 25 -0.06998867803327471
10 26 0.039355715194879994
10 27 -0.034160218950086
10 28 0.0435182076704588
10 29 0.10696411447246541
10 30 0.01833375147437376
10 31 0.038871277720956596
10 32 -0.07534668595042668
10 33 -0.019531393907772476
10 34 0.06081647253520021
10 35 -0.061902939869705555
10 36 -0.019551208486424478
10 37 0.06145155854505827
10 38 0.044678535595501376
10 39 -0.08081986202753208
11 11 0.0
11 12 -0.06241031546798327
11 13 -0.08455369945687506
11 14 0.08867067183234442
11 15 0.07521289305360304
11 16 0.18062308989229914
11 17 0.0682155985573106
11 18 -0.04863319923166011
11 19 -0.06038970674159174
11 20 -0.003767253495434686
11 21 0.014945175499133972
11 22 -0.03308739990836902
11 23 -0.0746057623748601
11 24 -0.1852319923234105
11 25 -0.08184056441092472
11 26 -0.016809081142312256
11 27 -0.005276836413734563
11 28 0.0708146574087738
11 29 -0.038617357530371835
11 30 0.19030602109967737
11 31 -0.08711542408742064
11 32 0.06657487934588206
11 33 0.005073222064343781
11 34 -0.20167631414098822
11 35 -0.005575776497717821
11 36 -0.13042339555521626
11 37 0.10426703975922202
11 38 0.010671872992578737
11 39 -0.12462469457754499
12 12 0.0
12 13 0.13650067656684645
12 14 -0.04968601158622433
12 15 -0.04701804945099543
12 16 -0.00255586051357453
12 17 0.060507214820155385
12 18 -0.0787826092774175
12 19 -0.01610791197364623
12 20 0.06271744332936206
12 21 0.007497867995517056
12 22 0.04866317371472765
12 23 0.03251646106968038
12 24 0.023047370515822164
12 25 0.054144410319221105
12 26 0.06310223209874355
12 27 0.010251908290066043
12 28 -0.07511040660638027
12 29 0.015937884867900865
12 30 -0.09665445374105879
12 31 -0.049839565436073485
12 32 -0.030341118976097294
12 33 -0.009182859666951895
12 34 0.014104161622705924
12 35 -0.038960238906025305
12 36 -0.02539313901484757
12 37 0.09447161084379314
12 38 0.010450661554136893
12 39 0.00579511268913835
13 13 0.0
13 14 -0.0800373787012686
13 15 0.011196940053214238
13 16 -0.04428505740890913
13 17 -0.034511023678796805
13 18 0.08519364291483389
13 19 0.005228923182691617
13 20 -0.018322405494830364
13 21 -0.03838671808364483
13 22 0.17519699210489514
13 23 -0.011351959937373628
13 24 -0.14473516363140249
13 25 0.09359945935630949
13 26 0.18164661899841134
13 27 0.04733635747760545
13 28 0.024602662243297543
13 29 0.09061732676643416
13 30 -0.07006176574728107
13 31 -0.032659408645795265
13 32 0.005504998055446158
13 33 0.18592636770710264
13 34 0.08733131636021131
13 35 0.010484412758197179
13 36 0.014119170049201773
13 37 -0.04992078045680444
13 38 0.039602649398247654
13 39 0.04926316633353632
14 14 0.0
14 15 0.017461191228819836
14 16 0.1418675971576014
14 17 -0.05636053788967561
14 18 -0.1006524143547309
14 19 0.03320432117736582
14 20 -0.08970805537744375
14 21 -0.1552880223314771
14 22 -0.182953802821522
14 23 0.014655712444920999
14 24 -0.09190012183573841
14 25 -0.06505858146850034
14 26 -0.10277475632639343
14 27 -0.06665452728373975
14 28 0.024404540019889752
14 29 -0.1604052950622878
14 30 -0.00449302146903067
14 31 -0.018110517222283358
14 32 0.053371042645623326
14 33 0.019307539772765565
14 34 -0.024691133790370703
14 35 -0.025249265292982565
14 36 0.07807256144133644
14 37 -0.0028315109065713408
14 38 -0.06761067019573953
14 39 -0.005109605352230392
15 15 0.0
15 16 0.1124075985135569
15 17 -0.0220632392375451
15 18 0.005603170192117698
15 19 0.013246990162833252
15 20 0.004383293803283618
15 21 0.1928972555897799
15 22 0.01693059860769969
15 23 -0.11294268618576668
15 24 -0.1811434916269072
15 25 -0.08602269757259569
15 26 0.036165774438112204
15 27 0.07920349365375151
15 28 0.06168780440287921
15 29 -0.017459665495220707
15 30 0.04231943444840552
15 31 0.06374932660422836
15 32 0.03468103961821469
15 33 0.06670439119104009
15 34 -0.043883192070341956
15 35 0.05852408700950758
15 36 -0.08409212436397692
15 37 -0.017790815210437808
15 38 0.033509666000967636
15 39 -0.01139875845489378
16 16 0.0
16 17 -0.042951880232607306
16 18 -0.12803747222910491
16 19 0.010496824367461353
16 20 0.010750864428119544
16 21 0.029194968230685597
16 22 -0.02096477943748723
16 23 -0.07199006633384161
16 24 -0.29114537535147256
16 25 -0.11201424599527979
16 26 -0.02570894547097044
16 27 0.1268352238137525
16 28 -0.015116282508838374
16 29 -0.11934206992005147
16 30 0.08358067058025168
16 31 -0.14078479883335138
16 32 0.22100600415690916
16 33 0.001017935014317408
16 34 -0.24550555329532325
16 35 0.1141264488984953
16 36 -0.06284907160708297
16 37 -0.012770130069763685
16 38 0.0271610966529491
16 39 -0.21442564865773756
17 17 0.0
17 18 -0.06556993179383189
17 19 -0.13610315193831196
17 20 0.18476677503926492
17 21 0.02409176470331452
17 22 -0.026703629946005936
17 23 -0.12805459904296868
17 24 0.11401808001667861
17 25 -0.092692425366782
17 26 0.05524770792175567
17 27 -0.03218730042517622
17 28 0.04310811044184957
17 29 0.11543361333440672
17 30 0.14892185923786266
17 31 -0.013887620018991275
17 32 -0.06761664106300731
17 33 -0.03312346422625024
17 34 -0.0434061654176324
17 35 -0.0690467476082591
17 36 -0.08401586523890278
17 37 0.22295261856674947
17 38 0.021752441576302926
17 39 -0.15312900777435332
18 18 0.0
18 19 0.015436428294204172
18 20 -0.019611180780857416
18 21 -0.0006173663351946076
18 22 0.10898553694530325
18 23 0.008195273103381332
18 24 -0.051611311530197754
18 25 0.0010318919881633917
18 26 0.060392444772783924
18 27 0.005405158761075194
18 28 0.08066014177477283
18 29 0.11567410284981874
18 30 -0.03982753507698968
18 31 0.03614261383327519
18 32 -0.022291278991193472
18 33 0.08386600770696354
18 34 0.06808773552235417
18 35 0.017360280098784216
18 36 -0.008767450478541858
18 37 -0.09835131583662601
18 38 0.0501401322879397
18 39 0.022213613342282796
19 19 0.0
19 20 -0.1346034005932909
19 21 0.023779504736274264
19 22 0.04677818478193399
19 23 0.11838259940038212
19 24 0.012132893905244886
19 25 0.02614131340087588
19 26 0.037549588281658594
19 27 0.01913619250425093
19 28 -0.02132330540158204
19 29 -0.11751039283034215
19 30 -0.18685782654887423
19 31 0.046852352729483224
19 32 -0.028500618122911443
19 33 -0.013095621424246173
19 34 0.11407266025749033
19 35 -0.031899662700388715
19 36 0.08523315149447272
19 37 -0.24007690714582477
19 38 0.028257569261150157
19 39 0.09678775785033775
20 20 0.0
20 21 0.0666538046066443
20 22 -0.04513352291504368
20 23 -0.12473778245563112
20 24 0.02054422439804353
20 25 -0.13412814677168383
20 26 0.021702385442525306
20 27 0.0730792658486474
20 28 0.007467265319153654
20 29 0.17827963446835315
20 30 0.12500586089844778
20 31 -0.018873032869898738
20 32 0.00796505341962626
20 33 -0.07174574605226805
20 34 -0.11048882366653956
20 35 0.0793595813853029
20 36 -0.07663041301414905
20 37 0.21567692801781985
20 38 0.007873958260111617
20 39 -0.21782825856584842
21 21 0.0
21 22 0.09608887315372824
21 23 -0.14960694204337227
21 24 -0.0644735193338731
21 25 -0.08388640209014395
21 26 0.05679761480809283
21 27 0.13370698842286205
21 28 0.013655460902270194
21 29 0.016361937603984515
21 30 -0.025170669135419915
21 31 0.1778005031691144
21 32 -0.05371979547153984
21 33 -0.00978768301326256
21 34 -0.003001959102394842
21 35 0.05322149401549494
21 36 -0.19815954631816401
21 37 0.010265522461453283
21 38 0.0890945419846669
21 39 0.06515705254652139
22 22 0.0
22 23 0.01626666995415138
22 24 -0.050273022562680014
22 25 0.08712007509459142
22 26 0.177708683110219
22 27 0.08123837714045835
22 28 0.0051479504526430655
22 29 0.07292834354597937
22 30 -0.05105088992547312
22 31 -0.038036646002651844
22 32 0.0039444267701819686
22 33 0.07730964345131754
22 34 0.03643155016396
22 35 -0.0017228111092453288
22 36 -0.051511821108606505
22 37 -0.14791626234315386
22 38 0.10954015538271707
22 39 0.007432829087730486
23 23 0.0
23 24 0.08654602169565685
23 25 0.14244235966641489
23 26 -0.024784608878384427
23 27 -0.04287681997124162
23 28 -0.09266077679463072
23 29 -0.08660652874070827
23 30 -0.13620432817112255
23 31 -0.06465288810290817
23 32 -0.042345747009925286
23 33 -0.11326159201103012
23 34 0.033970729687140135
23 35 -0.04295968283387169
23 36 0.09982254644918587
23 37 -0.14374454469047876
23 38 -0.03879557151286067
23 39 0.11246921289702652
24 24 0.0
24 25 0.07215952462007993
24 26 -0.050406291872573526
24 27 -0.12452016309462413
24 28 -0.0899131958473653
24 29 0.008223725813342634
24 30 -0.11558745031293298
24 31 0.09875105349003875
24 32 -0.17686232442666333
24 33 -0.14845945109229336
24 34 0.23155732119710484
24 35 -0.14631059001824184
24 36 0.13803415285188841
24 37 -0.01018857985729768
24 38 -0.022397532725680992
24 39 0.10065229030431555
25 25 0.0
25 26 0.0005673687391988773
25 27 -0.030377352474119945
25 28 -0.10020117923126046
25 29 -0.02797638510307209
25 30 -0.014803659467891823
25 31 -0.05358109420980626
25 32 -0.018717425956485
25 33 -0.007681702452657762
25 34 0.03350737113459227
25 35 -0.00956005821242288
25 36 0.05204150597649106
25 37 -0.05344598189071437
25 38 -0.05145789165776208
25 39 0.18975043749513357
26 26 0.0
26 27 0.06374259278787678
26 28 0.054917863030535786
26 29 0.07720285518711419
26 30 -0.024533303379982153
26 31 -0.0035660615949372836
26 32 -0.045929229552067935
26 33 0.08513771456723482
26 34 0.06939287334893553
26 35 -0.032644977291325976
26 36 -0.014552966143058371
26 37 -0.09942929778248998
26 38 0.08622904546660821
26 39 -0.04082944428987349
27 27 0.0
27 28 -0.021621741070496175
27 29 0.03693490608156451
27 30 0.029423572378219465
27 31 -0.02102031427270237
27 32 0.08151606431066835
27 33 -0.008227583887825433
27 34 -0.08443298002352725
27 35 0.12395348094404182
27 36 -0.03679283845351079
27 37 -0.05825533405435239
27 38 0.03742370906590482
27 39 -0.08730323493675025
28 28 0.0
28 29 0.0482374839177611
28 30 0.04659560046370588
28 31 0.04491858042685888
28 32 -0.022554678028053398
28 33 0.0994441605741241
28 34 0.026410082944461483
28 35 -0.030898658837535897
28 36 -0.03763955094518222
28 37 0.0021877347431495846
28 38 0.037691349621531776
28 39 -0.04642763650741748
29 29 0.0
29 30 0.10999110803978125
29 31 -0.011273467473251534
29 32 -0.019523331610113638
29 33 0.02881954613065895
29 34 -0.02814227324683679
29 35 0.051922964712027356
29 36 -0.061684694056551845
29 37 0.12095497359132497
29 38 0.0273277588156736
29 39 -0.10710640790436159
30 30 0.0
30 31 -0.1087452853386264
30 32 0.08234057751716536
30 33 -0.021610045836060503
30 34 -0.26938653954465097
30 35 0.09950995607424833
30 36 -0.11461928591999596
30 37 0.23316958597359672
30 38 -0.05943907043917853
30 39 -0.15699083027499885
31 31 0.0
31 32 -0.11289977775826143
31 33 0.03982142749380707
31 34 0.18811141413884366
31 35 -0.03720512558769708
31 36 0.01758419730130894
31 37 -0.05019648134642994
31 38 0.01088005933725971
31 39 0.14456559538907687
32 32 0.0
32 33 0.028117404272362544
32 34 -0.15844977596228965
32 35 0.12362805396658297
32 36 -0.0088527877268267
32 37 -0.007100169736128406
32 38 -0.0026199765481358514
32 39 -0.12732189921755915
33 33 0.0
33 34 0.09702811117959902
33 35 -0.013430339024668461
33 36 -0.00028777026866304246
33 37 -0.04175096087228213
33 38 0.04042186520892546
33 39 0.04325913047888365
34 34 0.0
34 35 -0.13632010913650794
34 36 0.15374273409288366
34 37 -0.18702414679802623
34 38 0.03197201214708216
34 39 0.20429596097101035
35 35 0.0
35 36 -0.018058455615020518
35 37 0.010485863164559382
35 38 -0.02581488304864259
35 39 -0.0729762999773654
36 36 0.0
36 37 -0.1627302649652506
36 38 -0.04533863976407749
36 39 0.0588643378629959
37 37 0.0
37 38 -0.07090611412212157
37 39 -0.10067857549181107
38 38 0.0
38 39 -0.05664387321888881
39 39 0.0
