0 0 0.0
0 1 0.10683847170378324
0 2 -0.0022260396557697627
0 3 -0.004185542158970308
0 4 -0.12462204230081679
0 5 0.000773173485036114
0 6 -0.001520775298003544
0 7 -0.016859228940664023
0 8 0.04193073707331172
0 9 -0.07606950594626975
0 10 0.04742722034083823
0 11 -0.05554057102999651
0 12 0.01228451611273343
0 13 -0.06661015140358735
0 14 -0.0422828406397728
0 15 0.07844476158350963
0 16 -0.016750126247318028
0 17 -0.05860352888434926
0 18 0.12870906776256236
0 19 0.020742594132221393
0 20 -0.035216719047949256
0 21 -0.13208577222824233
0 22 -0.0032383532590310347
0 23 -0.13346831700149772
0 24 -0.12458377483322461
0 25 -0.07569289483933268
0 26 0.04245808935195212
0 27 0.13730931314581019
0 28 0.1461474979396994
0 29 -0.018839233276234706
0 30 -0.058946503406508956
0 31 -0.06860085709559705
0 32 -0.02202584850156831
0 33 0.06683931503659865
0 34 -0.02151746968626248
0 35 -0.07533104319405254
0 36 -0.02729951614442454
0 37 -0.051877810666251044
0 38 0.04979315708081551
0 39 -0.045980356581662635
1 1 0.0
1 2 0.12479298625690054
1 3 -0.15602584986590784
1 4 -0.07573805805344674
1 5 -0.0935182531842649
1 6 0.00993865380867356
1 7 -0.07506636095051822
1 8 0.11988549630046934
1 9 -0.19314809721013065
1 10 0.10711044551583518
1 11 0.14646598894771087
1 12 -0.007227051191591021
1 13 -0.027398198389466978
1 14 -0.08415924621233632
1 15 -0.08947571262848109
1 16 -0.21900894061488813
1 17 -0.05582794094697198
1 18 0.08957098213354663
1 19 -0.0053851871510371555
1 20 -0.0006201841366658513
1 21 -0.14749941984909873
1 22 0.11332975936019371
1 23 0.08808546681607289
1 24 -0.05409888040316861
1 25 0.016164676959891343
1 26 0.02357888967131298
1 27 0.08798901374411815
1 28 0.21045733250958643
1 29 -0.024285679086048208
1 30 0.12353221625130306
1 31 -0.13740447106141107
1 32 0.02475605254257987
1 33 -0.08643482935510152
1 34 -0.08228729690892439
1 35 0.1334580309816735
1 36 0.06721070291401796
1 37 -0.1749363812050509
1 38 -0.026279920121597238
1 39 -0.14124231478380816
2 2 0.0
2 3 -0.07939858364500049
2 4 -0.08569523075871346
2 5 -0.08037779096081125
2 6 0.065304881346886
2 7 -0.04798573487784076
2 8 0.09397106294789924
2 9 -0.052543271947071125
2 10 0.07172115779549396
2 11 0.00449716101915175
2 12 0.02198097031822819
2 13 -0.02542027169330035
2 14 0.014815868408985147
2 15 0.003914884132370881
2 16 -0.04071566749764703
2 17 0.08793184470751984
2 18 -0.06546774556919785
2 19 -0.03691593095028588
2 20 0.04580450486277693
2 21 -0.00644640390458794
2 22 0.019641268514743484
2 23 0.03792555335253052
2 24 -0.0846473494031785
2 25 0.11792912021182085
2 26 -0.014979361546820055
2 27 0.01349083478121165
2 28 0.035738466127403085
2 29 -0.04193678699931906
2 30 -0.021807117585480373
2 31 0.023010583686809007
2 32 -0.013923849565533383
2 33 -0.06808982871911852
2 34 -0.13117421554173864
2 35 0.004775985073876954
2 36 -0.0080928078108804
2 37 -0.003930554881015979
2 38 -0.07966662856310866
2 39 -0.017686602613965326
3 3 0.0
3 4 0.12488183014540981
3 5 0.09432223951684596
3 6 0.0877238876033898
3 7 0.014281643561187232
3 8 -0.03609254266937935
3 9 0.0014560179982935106
3 10 -0.0047641594614484485
3 11 -0.04887937318080278
3 12 -0.026640945415749778
3 13 -0.06719819869886487
3 14 -0.004575616125357197
3 15 0.007727614880233444
3 16 0.10440009724813648
3 17 0.045327284310542885
3 18 -0.012583344090463983
3 19 -0.0767144421137547
3 20 -0.10303099396613355
3 21 0.09820213472147107
3 22 -0.07067463637054462
3 23 -0.11999427234245168
3 24 0.02333057909592274
3 25 -0.12102667377055532
3 26 -0.09682388209155418
3 27 -0.1896229971869377
3 28 -0.0012778110294698007
3 29 0.11119083083084125
3 30 -0.10035301236288345
3 31 -0.0650520391977518
3 32 -0.09263765366867058
3 33 0.037199982523099515
3 34 0.018715137854966098
3 35 -0.030177969245083064
3 36 -0.0196362248565923
3 37 0.008958893838432194
3 38 0.06855601825439098
3 39 0.03457361734858763
4 4 0.0
4 5 0.1194456035789296
4 6 -0.003393135903928427
4 7 0.05248673952427174
4 8 -0.052298557106178846
4 9 0.04877710471727702
4 10 -0.05325071268727771
4 11 0.05818294844574682
4 12 0.004996339145709656
4 13 -0.0167887228498416
4 14 -0.037266329819434826
4 15 -0.0013279072090163302
4 16 0.05302556909350751
4 17 0.061582272582870565
4 18 -0.07521141802774106
4 19 -0.046643236983798006
4 20 0.0022856932136486974
4 21 0.11615503131217889
4 22 -0.11655103936552055
4 23 0.07385110580942016
4 24 0.12716286118037673
4 25 -0.03198195670820901
4 26 -0.04979228319417117
4 27 -0.21234694926861303
4 28 -0.06030935953049206
4 29 0.07011161220995948
4 30 -0.02649822646305989
4 31 -0.023556841054756986
4 32 -0.006296150595625473
4 33 -0.029227592767963932
4 34 0.08663950360839942
4 35 0.05054151224220782
4 36 0.0224747627782708
4 37 -0.08278915227548436
4 38 0.06612850435941668
4 39 0.07369019514841504
5 5 0.0
5 6 0.027393999920334568
5 7 0.023763613290107878
5 8 -0.07868421927026055
5 9 0.05186472412188714
5 10 -0.024812572803644
5 11 -0.17085150173609925
5 12 0.11712265286544654
5 13 -0.07107935421126348
5 14 0.05313747863011905
5 15 0.06724667872516157
5 16 0.009327087879604092
5 17 0.051856410934503695
5 18 -0.03067084849849106
5 19 -0.017442872782545377
5 20 -0.09662285594385629
5 21 -0.04572659846321205
5 22 -0.01430040903400084
5 23 -0.02003891178074712
5 24 0.02177692071483897
5 25 -0.05325424288309275
5 26 -0.03612660240972139
5 27 -0.05597631722221147
5 28 -0.031630400247112174
5 29 -0.00340023162809521
5 30 -0.1845741515270824
5 31 -0.048799193795779336
5 32 0.001277626680468999
5 33 0.033087610712459616
5 34 0.05437036499164634
5 35 0.009866090293588547
5 36 -0.0008231323746557306
5 37 0.010915276279046154
5 38 0.04478209008737874
5 39 -0.03453270244339676
6 6 0.0
6 7 0.008362335862614593
6 8 0.016748709258690958
6 9 -0.030700731356389295
6 10 0.02911670743391122
6 11 -0.08381545556852388
6 12 0.02103263221207804
6 13 -0.10062986025912675
6 14 0.02008762092738848
6 15 -0.03307042017975538
6 16 -0.031094299165179785
6 17 0.07502612145143196
6 18 -0.03506779469942084
6 19 -0.07344354188892792
6 20 -0.06954265221863795
6 21 0.036095510456801545
6 22 0.005260045521522342
6 23 -0.14050993295690037
6 24 0.019087831869600135
6 25 0.049865579868155
6 26 -0.09345374429208553
6 27 -0.08168737770687508
6 28 0.0243246200156023
6 29 0.04007171470331838
6 30 -0.06531190360913393
6 31 -0.06838816881152598
6 32 -0.0019553315455915696
6 33 -0.05292349700713095
6 34 -0.0564150217664852
6 35 0.04404950782886556
6 36 0.020913371856904388
6 37 0.06663110991499266
6 38 -0.05536554066215528
6 39 -0.03746690642407285
7 7 0.0
7 8 -0.08417998730213457
7 9 0.05078480748673062
7 10 -0.06439028571465907
7 11 0.019742884792997167
7 12 0.025650183524940938
7 13 -0.06825673634720177
7 14 0.13262688832975977
7 15 0.06497647466134479
7 16 0.01112154622771845
7 17 0.035661233292785484
7 18 0.024147245558363395
7 19 0.007993338038957097
7 20 -0.04427272904373833
7 21 0.09854156513782818
7 22 -0.11013565344084489
7 23 -0.0803885258719107
7 24 0.08611196489036432
7 25 0.06480007834236007
7 26 -0.04483639092433404
7 27 -0.06192133636641356
7 28 -0.08133136418974805
7 29 0.10540078461967217
7 30 -0.03576317438315858
7 31 -0.031272531756097996
7 32 0.12742574472865634
7 33 0.029544149907967804
7 34 0.16552615089511874
7 35 -0.019267533535194174
7 36 0.13096423680001848
7 37 -0.06130296514987723
7 38 -0.021014381294265742
7 39 0.06900921297363123
8 8 0.0
8 9 -0.014618008766611807
8 10 0.041977270008453395
8 11 0.008366256868050035
8 12 -0.006403941369924509
8 13 0.011071479363983916
8 14 -0.10704172033033796
8 15 0.00007201920697765378
8 16 0.0480591065604294
8 17 -0.02594146992328162
8 18 -0.0002789459380564044
8 19 -0.0503535501836264
8 20 0.051057618250353765
8 21 -0.021183966377602618
8 22 0.041371952107227924
8 23 0.06430687685671842
8 24 0.008934296071310436
8 25 -0.003244057956924053
8 26 0.03934640593620252
8 27 0.00591730784823934
8 28 0.08349328669317758
8 29 0.006222048164514204
8 30 0.021957775378341364
8 31 -0.014146496867631647
8 32 -0.02648660491752945
8 33 -0.08845434034730434
8 34 -0.1443882224382056
8 35 0.04992094601817084
8 36 -0.002360898946997261
8 37 -0.003714082763898695
8 38 -0.040208710740574874
8 39 -0.024231845557606435
9 9 0.0
9 10 -0.11048380138974478
9 11 -0.12271324669793679
9 12 0.09541241294978714
9 13 0.05101317600952069
9 14 -0.02277148951516884
9 15 0.014844924754464212
9 16 0.14117565091714301
9 17 -0.0862881990278986
9 18 -0.01562743187435837
9 19 -0.12436151773633611
9 20 0.05541887075154232
9 21 0.16757578424506098
9 22 0.03999820746309978
9 23 0.0908964858180525
9 24 0.13298394292671734
9 25 0.006416193588582636
9 26 0.0016551760274842024
9 27 -0.1713136156858209
9 28 -0.169655495326127
9 29 -0.012135874602842716
9 30 -0.06695239003161554
9 31 0.06517460816933895
9 32 0.04309961919157178
9 33 -0.0883755246184266
9 34 0.024340857209608924
9 35 0.0782133888838627
9 36 0.013683276058580815
9 37 0.17478908132801604
9 38 -0.019329906851474503
9 39 0.1458515251350977
10 10 0.0
10 11 -0.044404295903967425
10 12 -0.046751962874207006
10 13 -0.09183908318474884
10 14 -0.01732300325540747
10 15 -0.033908385509715235
10 16 -0.014150895284807615
10 17 0.07247221953187452
10 18 -0.007312726215392985
10 19 0.012186550812447574
10 20 0.039723980334152365
10 21 -0.09353336996081633
10 22 0.03874856901167311
10 23 -0.0037946729086164844
10 24 -0.09287924269232342
10 25 0.0035189853847198463
10 26 0.04060344741207037
10 27 -0.00888609521938381
10 28 0.06248473483047621
10 29 0.007313592436015748
10 30 -0.024097019102327782
10 31 0.030505547061447202
10 32 -0.028413314523658317
10 33 0.003079372023837618
10 34 -0.051071187751145844
10 35 0.01772264936402751
10 36 -0.04770364179570136
10 37 -0.07410857739472104
10 38 0.004382853236929805
10 39 -0.06980680114671811
11 11 0.0
11 12 -0.1091880687920636
11 13 0.1307695028277151
11 14 -0.05981219445899931
11 15 -0.042585677658867796
11 16 -0.13096419857211355
11 17 -0.05450804773318242
11 18 0.042122360781518535
11 19 0.06759281195359437
11 20 0.011066195617335541
11 21 0.12797483037394292
11 22 -0.06703517106394412
11 23 0.09665134012937224
11 24 -0.030929766921103125
11 25 -0.015363819489417485
11 26 -0.04415498780775864
11 27 -0.009076501208252303
11 28 0.04518111450658305
11 29 -0.01661034970335256
11 30 0.24125577830263176
11 31 -0.028006528837320088
11 32 -0.01778857045919923
11 33 0.015431615154118047
11 34 0.043892270584948746
11 35 -0.046485793580140114
11 36 0.030164074229162112
11 37 -0.16175411279399504
11 38 0.054230723521823045
11 39 0.09056531292059987
12 12 0.0
12 13 -0.006568414106600011
12 14 0.053388504271313565
12 15 0.06968037009203525
12 16 -0.023233484159349324
12 17 -0.008907110982630235
12 18 -0.006298602843993202
12 19 -0.04560997100559471
12 20 -0.07242183218371497
12 21 -0.00052887288671069
12 22 0.04728922801876685
12 23 0.03908506299226309
12 24 0.010830813866604807
12 25 0.012771609861796712
12 26 -0.035515024196156965
12 27 -0.007238595671048048
12 28 -0.026446563623715724
12 29 -0.04140099283514499
12 30 -0.12443642459407118
12 31 -0.047320562220625424
12 32 0.034894862892351775
12 33 -0.03249238515047349
12 34 -0.02117848615730119
12 35 0.028722575655384015
12 36 0.044212232336388366
12 37 0.05683904052007235
12 38 -0.03138488627438607
12 39 -0.007457406357510794
13 13 0.0
13 14 -0.000021384631891652203
13 15 -0.03879229741488456
13 16 -0.012623384445314523
13 17 -0.12594877660925863
13 18 0.008748647829137531
13 19 0.005896459300056534
13 20 0.004070180468179193
13 21 0.022644931847649593
13 22 0.06209411563736385
13 23 0.1564917659649028
13 24 0.005416462129011852
13 25 -0.04494081854751429
13 26 0.007845363547727642
13 27 0.08785277960592622
13 28 -0.02481884216087828
13 29 -0.05822503363067115
13 30 0.12026369996593948
13 31 0.008328097382599382
13 32 -0.059906790788936626
13 33 0.006321330782752052
13 34 -0.02486044187668335
13 35 -0.016741934454756344
13 36 -0.0037295208219838305
13 37 0.05229959726016274
13 38 0.002244223916705758
13 39 0.020794994120287614
14 14 0.0
14 15 -0.025976700788141273
14 16 -0.0684599128638715
14 17 0.05789514954718459
14 18 -0.01711399991569338
14 19 -0.027528520830402657
14 20 -0.11492694953975557
14 21 -0.06777218719637143
14 22 0.004033046640016945
14 23 -0.01328117215329741
14 24 -0.062399237888547954
14 25 0.0688519597690714
14 26 -0.08065505881257294
14 27 0.07332555388357495
14 28 -0.0735538124903458
14 29 0.08058081608734033
14 30 -0.08985696928132056
14 31 -0.06276378900946243
14 32 0.00013159092709698195
14 33 0.1112768371161182
14 34 0.14740759022968405
14 35 -0.04567804407199134
14 36 0.11320329405824436
14 37 -0.033750219921592786
14 38 -0.04844799045780201
14 39 -0.07920814898383251
15 15 0.0
15 16 0.10628640631352197
15 17 0.07275720285986284
15 18 -0.015508678891355506
15 19 0.10443250642675843
15 20 -0.016500683175130364
15 21 0.028921761709415898
15 22 -0.1337298874207704
15 23 -0.04934599290005355
15 24 -0.04584302998099789
15 25 -0.006265308541900015
15 26 0.03658109404823874
15 27 0.06220313106015603
15 28 -0.008265113296447303
15 29 -0.03720170163794194
15 30 -0.13786751776538564
15 31 0.061414891157192675
15 32 0.05101927772493296
15 33 0.05559772866093725
15 34 -0.03311901168518029
15 35 -0.16449079272168088
15 36 -0.021227567542608586
15 37 -0.02965089600265622
15 38 0.01830132107234838
15 39 0.08254930209436115
16 16 0.0
16 17 0.02472431715778492
16 18 -0.05726417669731628
16 19 -0.0430124285548631
16 20 0.09545177887733293
16 21 0.06436453380220401
16 22 -0.09064099238078213
16 23 0.034847078537337164
16 24 0.10799884943220132
16 25 -0.052550236851957366
16 26 0.08699640173888823
16 27 -0.09808972011071485
16 28 -0.06886226417046418
16 29 0.1091521129666716
16 30 -0.09933683757663994
16 31 0.10258179783703059
16 32 -0.018351248888700055
16 33 -0.021547250305616168
16 34 -0.047310307918568176
16 35 -0.03316181988372321
16 36 -0.025932989077865128
16 37 0.041394587126423806
16 38 0.0012604820094231591
16 39 0.08368424403633942
17 17 0.0
17 18 -0.14356635750453858
17 19 0.0475846809658771
17 20 0.04675472323689545
17 21 0.009595769916610822
17 22 -0.14804992860953564
17 23 -0.0738648681176552
17 24 -0.06173010262877001
17 25 0.12614995258178513
17 26 -0.020703175372158197
17 27 -0.047363624896117056
17 28 -0.04163034855021714
17 29 0.0003306997913528218
17 30 -0.1122455814096472
17 31 0.0897216475988086
17 32 0.007499288310555116
17 33 0.026042240428513143
17 34 -0.004125100443292327
17 35 -0.08422857856328245
17 36 -0.05228368705676455
17 37 -0.05824547652832853
17 38 -0.014130608822222968
17 39 0.01909512738835619
18 18 0.0
18 19 0.002046270075357769
18 20 -0.07110420463474536
18 21 -0.03714431994915686
18 22 0.07326225466759256
18 23 -0.0441177371682304
18 24 -0.021407758466763533
18 25 -0.10304767884149768
18 26 0.00726738225524486
18 27 0.05011760330226752
18 28 0.07717838388946359
18 29 0.019951008849331285
18 30 0.04950697228329297
18 31 -0.09285541563105246
18 32 0.015557304402449687
18 33 0.03364972115679582
18 34 0.04523916112200889
18 35 0.01593345607230609
18 36 0.046354943367402514
18 37 -0.03306542004647841
18 38 0.03737428551911616
18 39 -0.025717850471719973
19 19 0.0
19 20 0.011065152850798829
19 21 -0.06504773541407108
19 22 -0.057722405822298026
19 23 -0.05209178526223127
19 24 -0.06079117690022998
19 25 0.013093371685759877
19 26 0.07332056406525894
19 27 0.1814454892459695
19 28 0.006813799429194585
19 29 -0.0813010021038802
19 30 0.05356149454969088
19 31 0.09735894578478302
19 32 0.06634796341929777
19 33 0.09443941027689645
19 34 0.018552046822135886
19 35 -0.13180560640201336
19 36 -0.05165690735657058
19 37 -0.04944455429504953
19 38 0.019842981962040145
19 39 -0.009718781992696515
20 20 0.0
20 21 -0.004022883670925898
20 22 -0.08286417391780085
20 23 0.07455237002836693
20 24 0.00480006636137257
20 25 0.10537614775319029
20 26 0.12523135578137776
20 27 0.0002905010066816237
20 28 -0.04451539981544917
20 29 -0.05293808052222808
20 30 0.06269663345725546
20 31 0.17157958010586344
20 32 0.006678645894950301
20 33 -0.044797971048500404
20 34 -0.012789335101793479
20 35 -0.0022927838389594506
20 36 -0.099521922653351
20 37 -0.015052528385256586
20 38 0.008270868972935582
20 39 0.08407442811885167
21 21 0.0
21 22 -0.0661758057307545
21 23 0.005354139785719203
21 24 0.0929235751170782
21 25 0.017178211318799923
21 26 -0.11225453756476125
21 27 -0.3010366238884054
21 28 -0.14646466939435657
21 29 0.015211457176406842
21 30 0.028380145962988195
21 31 0.05162835222319849
21 32 0.03751194530904965
21 33 -0.07988225882098485
21 34 0.012319951117294782
21 35 0.0031889794483356817
21 36 0.018456023437322052
21 37 0.07880831665752447
21 38 0.002425217724049766
21 39 0.23594122737762996
22 22 0.0
22 23 0.12321073715086206
22 24 0.013527636650980968
22 25 -0.0756272315211631
22 26 -0.00006943619815947654
22 27 0.006090857302105038
22 28 0.023389680286864337
22 29 -0.029553068204091853
22 30 0.04611862943790858
22 31 -0.061959123635296154
22 32 -0.005527692198898134
22 33 -0.07553983650746025
22 34 -0.0911395667032825
22 35 0.1676179131452129
22 36 0.040756249505974514
22 37 0.10659144239450728
22 38 -0.06066899200669762
22 39 -0.12575501175426745
23 23 0.0
23 24 0.05420398070759476
23 25 -0.038672606207761195
23 26 0.06633100804864336
23 27 -0.07122554620923119
23 28 -0.047636376478163704
23 29 -0.009527019299991581
23 30 0.060918836298036225
23 31 0.03661978957453347
23 32 -0.02630003194596246
23 33 -0.08847577675351614
23 34 -0.049000495577304286
23 35 0.12634004452554737
23 36 0.04420002734134663
23 37 -0.07809440365974378
23 38 -0.010881798873899689
23 39 -0.001376401860803851
24 24 0.0
24 25 0.010519907103266739
24 26 0.011517315816938978
24 27 -0.12379647722123914
24 28 -0.06444308778040754
24 29 0.14380608106255396
24 30 0.05920461946792677
24 31 -0.05122994116488618
24 32 0.12768064259382467
24 33 -0.14336251956986706
24 34 0.02425101038478496
24 35 0.18847023383969835
24 36 0.1448423450576562
24 37 0.058767106421880856
24 38 -0.08234521264777041
24 39 -0.004501018255129015
25 25 0.0
25 26 -0.0021227623161881627
25 27 0.04183330951985554
25 28 -0.06873952527013363
25 29 -0.04379389060679993
25 30 0.009132385567304738
25 31 0.08017684113813825
25 32 0.08508541612343716
25 33 -0.047988494252977555
25 34 0.011191550523840818
25 35 -0.0015868415824100938
25 36 0.010950397495052881
25 37 0.030922659385890738
25 38 -0.09380328908164408
25 39 0.025374868906873717
26 26 0.0
26 27 0.11155300834359227
26 28 0.017207145530146156
26 29 -0.020492794396518205
26 30 0.02729908706380511
26 31 0.0960731663267658
26 32 0.03110239457746314
26 33 0.003274460532667109
26 34 -0.022253244888872776
26 35 -0.005820927288488425
26 36 -0.04356707684494662
26 37 -0.03238697486790817
26 38 0.004696742985951595
26 39 -0.023545197017864325
27 27 0.0
27 28 0.12140176122896115
27 29 -0.10656216208117905
27 30 0.06173338413029791
27 31 -0.0002589091420555311
27 32 0.004255077566804004
27 33 0.12752987917433822
27 34 -0.025850275288130053
27 35 -0.1468657758151982
27 36 -0.026973745848053045
27 37 -0.0033601637022252135
27 38 -0.03540846697869551
27 39 -0.16484402507675458
28 28 0.0
28 29 0.013332144823815395
28 30 0.03126289059476715
28 31 -0.12150940968389523
28 32 -0.052214967228326456
28 33 0.006262900221950617
28 34 -0.0799368368942304
28 35 0.003954228484939376
28 36 0.003924057981763555
28 37 -0.09793185099700218
28 38 0.019632912259800482
28 39 -0.11741994715435222
29 29 0.0
29 30 -0.014962293080986972
29 31 -0.10186494800725288
29 32 0.022672936329146298
29 33 -0.018480796891752603
29 34 0.06434424983593878
29 35 0.08120144482447553
29 36 0.14155938222306064
29 37 -0.08787298943936107
29 38 -0.03005301130403809
29 39 -0.05042383789502346
30 30 0.0
30 31 0.0022967018224395843
30 32 0.019546777551106342
30 33 -0.03551308825190665
30 34 0.013887958798281091
30 35 0.05745368724243087
30 36 0.01867809330958642
30 37 -0.024785814605740954
30 38 -0.009308748530127128
30 39 -0.00015169862744225023
31 31 0.0
31 32 0.018800469175644166
31 33 0.017989549030635325
31 34 -0.020277341278294624
31 35 -0.09239682731239554
31 36 -0.1353343870994448
31 37 0.055269408393052465
31 38 0.00915154455006211
31 39 0.11403182351015473
32 32 0.0
32 33 -0.053289542035475514
32 34 0.05179901731231886
32 35 0.0590013223338781
32 36 0.09728292885314899
32 37 0.0015922136191089335
32 38 -0.06988952262553508
32 39 0.012473003710392722
33 33 0.0
33 34 0.10383282314970374
33 35 -0.1665929087333938
33 36 -0.050726627439775095
33 37 -0.06394979687758076
33 38 0.07984379078277054
33 39 -0.007135692333008733
34 34 0.0
34 35 -0.023328277731404848
34 36 0.060153618210646395
34 37 -0.09423035140536946
34 38 0.06624133001496689
34 39 0.04077724909311435
35 35 0.0
35 36 0.10999681990694503
35 37 0.02837487966785403
35 38 -0.07079987315662353
35 39 -0.08434123211485313
36 36 0.0
36 37 -0.056153425648609666
36 38 -0.07771537223195718
36 39 -0.06006285262996915
37 37 0.0
37 38 -0.07348297067719349
37 39 0.03126679670888255
38 38 0.0
38 39 0.055538550850990444
39 39 0.0
