0 0 0.0
0 1 -0.1940515164075013
0 2 0.14144728196232093
0 3 0.027111380952688315
0 4 0.07018820131861028
0 5 -0.04178268627588587
0 6 -0.08726333145085785
0 7 -0.05340934305891687
0 8 -0.014261189474015803
0 9 -0.01559570333678314
0 10 0.076152249542211
0 11 0.029343222316161495
0 12 -0.1301750846329528
0 13 -0.0034956076861146455
0 14 -0.05571841457261044
0 15 -0.16942377603067554
0 16 -0.13792810145023907
0 17 0.03783330650192253
0 18 -0.0750006650705737
0 19 -0.05429128922370842
0 20 -0.14808890611217526
0 21 0.10693470017147458
0 22 0.022509042178498168
0 23 -0.17235309033112123
0 24 0.07119795526687726
0 25 0.05765979004118017
0 26 0.07775067189838958
0 27 0.058440394119438535
0 28 0.021215636048451565
0 29 0.14085487504934405
0 30 0.011079007301006706
0 31 -0.028377278264330917
0 32 -0.04387698607607292
0 33 0.07339469298542586
0 34 0.06695377891123952
0 35 0.0038803160758520633
0 36 -0.01103239925812363
0 37 0.05853428604706645
0 38 -0.007073428189327916
0 39 -0.059375050119462855
1 1 0.0
1 2 -0.2138641291587069
1 3 -0.006366761878192813
1 4 -0.20657900687588296
1 5 0.013490969643961917
1 6 0.2781637761001439
1 7 0.10642570757728156
1 8 0.018206699753528045
1 9 -0.1413997623480983
1 10 -0.18762215720693795
1 11 -0.025392071807852835
1 12 0.11076170785178549
1 13 0.10760183495288575
1 14 0.13814374648849298
1 15 0.13883539457643418
1 16 0.33654772348877005
1 17 -0.0825123957412399
1 18 0.13368014014563498
1 19 -0.064333274494496
1 20 0.2021162877364766
1 21 -0.05851843212283969
1 22 0.00795965324615045
1 23 -0.003054688131687587
1 24 -0.04948430948920982
1 25 -0.020219076528008674
1 26 -0.16834627390511514
1 27 -0.07419162816986069
1 28 0.15651115755323727
1 29 -0.09797153860466265
1 30 0.18938652119831711
1 31 -0.021049013678091005
1 32 -0.06295784145357095
1 33 0.04260477588133483
1 34 0.0007041534374065395
1 35 0.09180032847504713
1 36 -0.07214814274034938
1 37 -0.09968971292637958
1 38 -0.07350100588874843
1 39 -0.013639395099874907
2 2 0.0
2 3 -0.001184117881213171
2 4 0.00820907111455443
2 5 0.020045420774295344
2 6 -0.13790277922474312
2 7 -0.012252229929973059
2 8 0.054749822835221916
2 9 0.005566560389154105
2 10 0.2586727139181247
2 11 0.08955076069834647
2 12 -0.15459126150325514
2 13 -0.0301225757412475
2 14 -0.09989034900602668
2 15 -0.0606209171384528
2 16 -0.07731793507009696
2 17 0.016746599133361507
2 18 -0.17725703924798134
2 19 0.0723210379455059
2 20 -0.017085826424617093
2 21 0.19335318005480218
2 22 -0.07642977933302375
2 23 -0.10277169862886897
2 24 0.10633439601026931
2 25 0.026873632630401573
2 26 0.1668112404310214
2 27 0.17553920893086222
2 28 -0.005825141922165888
2 29 0.09772148125417676
2 30 -0.10600107744422127
2 31 -0.06970826708476194
2 32 -0.02527083388799368
2 33 -0.23272745238583564
2 34 -0.026093004617019012
2 35 0.06726612360455594
2 36 -0.013802146655788342
2 37 0.10052243776370115
2 38 -0.019276392002985483
2 39 -0.03944440510995029
3 3 0.0
3 4 -0.02600944477940942
3 5 -0.12771284942557168
3 6 -0.040790071863287994
3 7 0.02994162419616917
3 8 -0.05267213784469464
3 9 -0.013216248375691426
3 10 -0.03791268053026263
3 11 0.03714497409335926
3 12 -0.11863980738744424
3 13 -0.006925435329407434
3 14 0.029384341585744593
3 15 -0.04303257585961122
3 16 -0.04604361217392854
3 17 -0.03164368749431877
3 18 0.0694583921359791
3 19 -0.08773687275983212
3 20 -0.07340780162369077
3 21 0.017961800781207956
3 22 0.09611571008897064
3 23 -0.04762451903653963
3 24 0.05503078862351225
3 25 0.10083544968233749
3 26 0.06636651766734376
3 27 0.04947817354141817
3 28 0.013721238518801287
3 29 0.012592347099721573
3 30 0.04742540074346021
3 31 0.04025927798551646
3 32 -0.10930181550280282
3 33 0.055177919537576094
3 34 0.028716826211295572
3 35 0.01844686813819967
3 36 -0.07981792253047776
3 37 -0.04165972293472886
3 38 -0.06870077942000984
3 39 -0.16692902570789667
4 4 0.0
4 5 0.04574407876857385
4 6 -0.05249157461535919
4 7 0.02629310331850713
4 8 -0.07668722809304979
4 9 0.11126978968870138
4 10 -0.0692119369555935
4 11 0.02546701493593157
4 12 -0.10475512383553662
4 13 -0.06409825615583224
4 14 -0.07246753051060635
4 15 -0.007243468747839354
4 16 -0.1763111215885096
4 17 -0.08348614595531041
4 18 0.052710520745470016
4 19 0.003233419291717191
4 20 -0.04638005015445495
4 21 -0.019239048148538003
4 22 -0.07558613842369244
4 23 0.03714262821645602
4 24 -0.04896550695394318
4 25 -0.016454332150773486
4 26 -0.03214183273489925
4 27 0.022394459149655467
4 28 -0.06579556666457406
4 29 0.011888331976434657
4 30 -0.09506008668141935
4 31 -0.023745557500835013
4 32 0.12208187152169162
4 33 0.02540402932104139
4 34 0.0009580593243139682
4 35 -0.17231273560115856
4 36 0.018545825141085485
4 37 0.03451629882776401
4 38 0.12325014657726989
4 39 0.048573939206892576
5 5 0.0
5 6 0.08667250009155517
5 7 0.06531316373838641
5 8 -0.06028440520818364
5 9 -0.005918621188007096
5 10 -0.03376606203920758
5 11 -0.10727023349496034
5 12 0.05298741104574088
5 13 0.002161401751833452
5 14 -0.07344460476355984
5 15 0.06344070300288722
5 16 -0.01782600384940578
5 17 -0.027531561053442694
5 18 0.0007282705237151998
5 19 0.12319274859731462
5 20 0.09068691007543629
5 21 0.0471427975395388
5 22 -0.13660049467192317
5 23 0.10097458160852664
5 24 -0.15243622569685975
5 25 -0.09021360363128489
5 26 -0.13920290914634634
5 27 0.07351860378330263
5 28 -0.011687704875755786
5 29 -0.04441122407963929
5 30 0.016729092479470867
5 31 -0.07729797151408649
5 32 0.05682713674433517
5 33 -0.11582667130587132
5 34 0.005062500303448018
5 35 -0.07015402430519323
5 36 0.16096989778116838
5 37 0.03423426288317906
5 38 0.090346383020905
5 39 0.15178968822197308
6 6 0.0
6 7 0.07078031397178927
6 8 -0.06815762596308236
6 9 -0.08839221622343497
6 10 -0.18069977167548923
6 11 -0.09775891526322351
6 12 0.060929062309716606
6 13 0.0724205741503798
6 14 0.04110360550237921
6 15 0.054426139363419904
6 16 0.16755896094225914
6 17 -0.058882686509363034
6 18 0.1022136896693174
6 19 -0.01843935471414928
6 20 0.12788437002088843
6 21 -0.011357245686081
6 22 -0.0237084166441495
6 23 0.0261175543154459
6 24 -0.12633286581171418
6 25 -0.04854443429224052
6 26 -0.19292981264224493
6 27 0.002333246946646197
6 28 0.08921206671256329
6 29 -0.04195080983387196
6 30 0.13598898557677713
6 31 -0.051065790878250736
6 32 -0.043627927260159426
6 33 0.025540119006734408
6 34 0.022475753681968837
6 35 -0.007656068692325611
6 36 0.024467906920675197
6 37 -0.059186418348938674
6 38 0.013438060750120412
6 39 0.035270505794028524
7 7 0.0
7 8 -0.06673360099667085
7 9 -0.02743127657112383
7 10 -0.09923317540382712
7 11 0.07352456687020209
7 12 -0.13288412362132973
7 13 -0.040366858847414096
7 14 -0.03915546248908415
7 15 0.11171021677268449
7 16 -0.08817992617756173
7 17 -0.15486058123680171
7 18 0.14124128443155523
7 19 0.032294916832033956
7 20 0.027501074074965843
7 21 0.04751188252051237
7 22 -0.12458422713536502
7 23 0.03374692961101902
7 24 -0.03759791269872711
7 25 0.04646705554366631
7 26 -0.06688324214883157
7 27 0.08913154647373106
7 28 0.021395055017349313
7 29 -0.10442404484188558
7 30 0.09598936666213448
7 31 -0.03073854998056036
7 32 0.008897199095031505
7 33 -0.05529431639645819
7 34 0.0287446268494245
7 35 -0.05165516942531591
7 36 0.0406491930300083
7 37 0.019900309630452924
7 38 0.01268443488339346
7 39 -0.03257850872374633
8 8 0.0
8 9 -0.010427765031733902
8 10 0.17147666692486407
8 11 0.1815519417569589
8 12 0.07043432336960195
8 13 -0.017241708191958093
8 14 0.017266201529927534
8 15 0.018731526337541014
8 16 0.11863907885457958
8 17 0.07784962718481067
8 18 -0.13720283339327258
8 19 0.026187703505626353
8 20 0.0264229960744999
8 21 -0.05148976438046442
8 22 -0.02569120589781304
8 23 -0.055375511350465756
8 24 0.16256405213947092
8 25 -0.03885018921935162
8 26 0.1099561038567877
8 27 -0.14002513708230296
8 28 -0.014161289944052944
8 29 0.00805832080153988
8 30 -0.10263199155523775
8 31 0.035703307270805104
8 32 0.06491023611221365
8 33 -0.05881996631683267
8 34 -0.09996340579274131
8 35 0.13677112898430716
8 36 -0.11355492539205443
8 37 0.050186536170567855
8 38 -0.037246342989313945
8 39 0.024504949706132262
9 9 0.0
9 10 0.04371399107746451
9 11 -0.024469070660465407
9 12 0.009230391602888362
9 13 -0.040014413160390706
9 14 0.02070849237869004
9 15 0.06941683085361655
9 16 -0.1387993006029765
9 17 -0.048422381460924854
9 18 0.008992629117066258
9 19 0.004900109100886249
9 20 -0.032175510818018074
9 21 -0.04127545351505119
9 22 -0.010560754029347611
9 23 0.05402703009222717
9 24 0.011758464921245
9 25 0.031207103417225112
9 26 0.09415582405373125
9 27 -0.01382381027029079
9 28 -0.050228669789900024
9 29 -0.02777379068955879
9 30 -0.11280900858364737
9 31 0.01744254592488923
9 32 0.16042449712087833
9 33 0.037444777374394354
9 34 0.025493801105645843
9 35 -0.12731923547156593
9 36 0.041113293308646284
9 37 0.013201456259230027
9 38 0.03887488709090548
9 39 0.07383246057070478
10 10 0.0
10 11 0.10680340641167821
10 12 0.003965155031814048
10 13 -0.031221966337010444
10 14 -0.030853267021463793
10 15 -0.021559650759595084
10 16 -0.03667603901791786
10 17 0.09589449006129507
10 18 -0.22635873651385202
10 19 0.07316607821361609
10 20 -0.03580086091161407
10 21 0.08110042871094986
10 22 -0.028394732460999987
10 23 -0.07879965868715778
10 24 0.17327298093420107
10 25 0.014603017126789256
10 26 0.2359965664305297
10 27 0.013415189294285567
10 28 -0.03368898031503893
10 29 0.06346606526186416
10 30 -0.15228192837495014
10 31 0.0012891349210768265
10 32 0.059289315354971374
10 33 -0.14801591668164898
10 34 -0.045189202434340436
10 35 0.10826148363609363
10 36 -0.020136776234438027
10 37 0.09642765216705605
10 38 -0.05096208467476291
10 39 0.02747149432174147
11 11 0.0
11 12 -0.13792407375617577
11 13 -0.08196472461455423
11 14 -0.04311950834051499
11 15 0.014135659778361065
11 16 0.022252099160448634
11 17 -0.025558738314364438
11 18 -0.04623402683751394
11 19 -0.0012028007834854115
11 20 -0.01894595566337329
11 21 -0.024804523738057443
11 22 -0.08122957544687213
11 23 -0.0862370091942529
11 24 0.21010160057696078
11 25 0.013355626779438934
11 26 0.11005226175773955
11 27 -0.08384314856394266
11 28 -0.031404682568294054
11 29 -0.010709222184463121
11 30 -0.08934968110853213
11 31 0.03869782590040499
11 32 0.026959111710435236
11 33 -0.09019456766687413
11 34 -0.1239514986610459
11 35 0.11745058741693504
11 36 -0.20196102642927424
11 37 0.07206028347177774
11 38 -0.024141853351210982
11 39 -0.10445492567654953
12 12 0.0
12 13 0.05061547517738981
12 14 0.07137332637676727
12 15 0.04974122964213269
12 16 0.15770230081941483
12 17 0.11987520535231652
12 18 -0.05811386512240645
12 19 0.04750131150651561
12 20 0.08093511894499231
12 21 -0.12685316829605245
12 22 0.04537879972037918
12 23 0.10758655739583574
12 24 -0.06929359422920901
12 25 -0.10610464132126167
12 26 -0.06503071438080976
12 27 -0.15720266139089856
12 28 -0.01827607773918955
12 29 -0.041328522132721895
12 30 -0.022917614362359357
12 31 0.034709136497174956
12 32 0.0662335503577641
12 33 0.04701427290054673
12 34 -0.030217610087607198
12 35 0.028176070510539924
12 36 0.07292812918827603
12 37 -0.03994735938731231
12 38 0.010724265235831582
12 39 0.1636666710366496
13 13 0.0
13 14 0.046589045369882065
13 15 -0.019510122200545647
13 16 0.100534017871452
13 17 0.015952187019851814
13 18 -0.002853001580259037
13 19 -0.0379993523594568
13 20 0.038933824601509
13 21 0.013040934080965013
13 22 0.04699034161241537
13 23 -0.035772233211889756
13 24 -0.028079165300572268
13 25 -0.0049067867417475295
13 26 -0.036369539946615084
13 27 0.0016434358416116276
13 28 0.06124930292519979
13 29 0.029796264137785605
13 30 0.05442613863464644
13 31 -0.021107799630141415
13 32 -0.04297665630373817
13 33 0.03906117102803543
13 34 0.029152096319167604
13 35 0.02442439360302537
13 36 -0.0025443325020954883
13 37 -0.03580334377362865
13 38 -0.026339158308886678
13 39 0.003047426191952858
14 14 0.0
14 15 0.04490697342598663
14 16 0.07877853760674476
14 17 -0.018020323711798528
14 18 0.03940618036556122
14 19 -0.08246537736069579
14 20 0.018208898488308443
14 21 -0.05712434619855076
14 22 0.083013468669336
14 23 -0.028075015467629593
14 24 0.03256076730609127
14 25 0.04592033465147739
14 26 0.03808152721751175
14 27 -0.07018413742245583
14 28 0.05788764274033746
14 29 -0.014938560059749218
14 30 0.029538624335089962
14 31 0.028047651286275777
14 32 0.028908132797679287
14 33 0.12081018674933001
14 34 0.041187712248677906
14 35 -0.00014940369095716252
14 36 -0.04157560124018572
14 37 -0.055386680959794175
14 38 -0.05634783650719235
14 39 -0.006212531569068676
15 15 0.0
15 16 0.016817110703070817
15 17 -0.11760522355717726
15 18 0.07716171117247907
15 19 0.05417349146745637
15 20 0.11515072103503021
15 21 -0.050356163705921476
15 22 -0.09576657424436905
15 23 0.11328485165036999
15 24 -0.02528787933808263
15 25 -0.0020663958198245255
15 26 -0.0065682071663856435
15 27 -0.01653527144813314
15 28 0.0014549944931028474
15 29 -0.13952364674190731
15 30 -0.02710601512703938
15 31 -0.005060942334204125
15 32 0.1460514627125382
15 33 -0.06284416189533712
15 34 -0.01216166376651303
15 35 -0.06699832437396983
15 36 0.04020339753276843
15 37 -0.0053125051733517855
15 38 0.016754032453036118
15 39 0.09152707425245585
16 16 0.0
16 17 0.07541567796421891
16 18 -0.06246795890199497
16 19 -0.019140668518726072
16 20 0.23356925331542588
16 21 -0.06944995645855431
16 22 0.05031153401251962
16 23 0.0027021388718685346
16 24 -0.0007011945525204557
16 25 -0.13370196692200817
16 26 -0.11927831294754236
16 27 -0.10441959773346851
16 28 0.07809289089571961
16 29 0.011515790151301327
16 30 0.005015847357982306
16 31 -0.01416211473171789
16 32 -0.11435220386130525
16 33 -0.11197754845344872
16 34 -0.1468159487340013
16 35 0.19366165897824256
16 36 -0.17636434040621876
16 37 -0.0817192158236425
16 38 -0.04288748035105934
16 39 -0.01751817409793239
17 17 0.0
17 18 -0.13707359934418709
17 19 0.029406307587871945
17 20 -0.037995852123049983
17 21 -0.027261118763543507
17 22 0.07790197485662051
17 23 -0.005723077300780673
17 24 0.022915526676435934
17 25 -0.06625327109215953
17 26 0.016745374054141268
17 27 -0.07392447306965408
17 28 -0.04539822165212897
17 29 0.06727734768226998
17 30 -0.03612306058109014
17 31 0.038954678979542384
17 32 -0.07903863809449554
17 33 -0.00935363343467313
17 34 -0.05357805642799257
17 35 0.11482796022954042
17 36 -0.004601093145902428
17 37 0.00483815475036356
17 38 -0.019521944644051006
17 39 0.010533026779683565
18 18 0.0
18 19 -0.061699308072428106
18 20 -0.001192896951743925
18 21 -0.04722951932033663
18 22 0.004416219911291587
18 23 0.05923759253905135
18 24 -0.09239005550453683
18 25 0.056847724769648056
18 26 -0.10815682646208291
18 27 0.018569343429424675
18 28 0.02671120732863333
18 29 -0.09050568547086071
18 30 0.1180389833694174
18 31 0.011107877426823055
18 32 -0.0017996725581919577
18 33 0.12085180266354734
18 34 0.06847734843863643
18 35 -0.11582425173974438
18 36 0.02676906445926621
18 37 -0.06250562284095704
18 38 0.014372099688653286
18 39 -0.0426974785915372
19 19 0.0
19 20 0.05883174797773042
19 21 0.02147862125112988
19 22 -0.1093436864954213
19 23 0.11035897335714477
19 24 -0.055928973878441014
19 25 -0.0814284476597209
19 26 -0.03563716703199444
19 27 0.03681508706558898
19 28 -0.06771834276447347
19 29 -0.050213077922571014
19 30 -0.05813931083414729
19 31 -0.022631106156902853
19 32 0.03706052082952952
19 33 -0.17638547342177707
19 34 -0.061806120800317464
19 35 0.007288698596775838
19 36 0.09481513263673963
19 37 0.05013020992516844
19 38 0.05336860631967226
19 39 0.09657542835312985
20 20 0.0
20 21 -0.018321912505875924
20 22 -0.06783601943130076
20 23 0.09078603878181785
20 24 -0.07147421785217647
20 25 -0.10170062947215937
20 26 -0.10724851574674028
20 27 0.007674826964824184
20 28 0.030687384092837118
20 29 -0.057295117421133926
20 30 -0.02859890785364841
20 31 -0.050299787414439336
20 32 0.012010035082621606
20 33 -0.16871180869392519
20 34 -0.0910784266480161
20 35 0.03326498353478763
20 36 -0.03156730006981211
20 37 -0.03345522302248334
20 38 0.02738538376994477
20 39 0.06458370874433803
21 21 0.0
21 22 -0.04304359316993783
21 23 -0.08882087833629534
21 24 0.003626644261794597
21 25 0.04833620377797383
21 26 0.040574786441232046
21 27 0.1752159246679273
21 28 0.04914830834395476
21 29 0.06289501243388727
21 30 0.044783829602843515
21 31 -0.07448740692771708
21 32 -0.0708234768530094
21 33 -0.09829963258986493
21 34 0.05619791678527174
21 35 0.01696206071245439
21 36 0.04812538207646954
21 37 0.04442765978275793
21 38 -0.023680202303834705
21 39 -0.04252464288264358
22 22 0.0
22 23 -0.04406577644276254
22 24 0.026953252560168246
22 25 0.05025287247353012
22 26 0.0484392654867503
22 27 -0.04299276243971738
22 28 0.019034727815455357
22 29 0.05890890272054454
22 30 0.03286773173566289
22 31 0.059293259523762895
22 32 -0.10575683187683918
22 33 0.14321759901884587
22 34 0.033895543222730834
22 35 0.03974315525133633
22 36 -0.060930085432505734
22 37 -0.076582051279215
22 38 -0.07249711203409041
22 39 -0.09713819742559947
23 23 0.0
23 24 -0.14498908674980956
23 25 -0.08995511679676292
23 26 -0.10836064139952492
23 27 -0.005063488415350247
23 28 -0.09881827036332752
23 29 -0.12128725244002798
23 30 -0.05388114405775597
23 31 0.022188473775250774
23 32 0.04433118930831241
23 33 -0.10465854852595743
23 34 -0.06702044489968388
23 35 -0.07402538954082552
23 36 0.09776798983093382
23 37 -0.03292547854987122
23 38 0.07613525460203532
23 39 0.09385071536108254
24 24 0.0
24 25 0.0748594748685528
24 26 0.20463513401649358
24 27 -0.07229434898027445
24 28 0.012512930068074798
24 29 0.04574036952792476
24 30 -0.07239139394186934
24 31 0.04472581486881905
24 32 0.02837566958005519
24 33 0.016382222496833514
24 34 -0.030814270956247856
24 35 0.10730370625788462
24 36 -0.15271141840272842
24 37 0.04695885124782424
24 38 -0.08305405839957047
24 39 -0.0886611019528244
25 25 0.0
25 26 0.11730684204279147
25 27 0.049955187272385106
25 28 0.043055409657814084
25 29 0.00847050298540844
25 30 0.0555334369486931
25 31 0.017158992562879817
25 32 -0.002649132596921904
25 33 0.10859066067328733
25 34 0.10063000660738645
25 35 -0.03303564978580236
25 36 -0.0071355479910186325
25 37 -0.0021262480286101267
25 38 -0.06821022206934871
25 39 -0.08788168763123508
26 26 0.0
26 27 -0.0005482863982773664
26 28 -0.01155721949676803
26 29 0.0455042605862753
26 30 -0.11301116086377101
26 31 0.04255878338811188
26 32 0.07094670538418765
26 33 0.00876640557837356
26 34 0.022593397647813117
26 35 0.0363008259670864
26 36 -0.06554841181531973
26 37 0.05025487927295659
26 38 -0.08461726077778885
26 39 -0.05586550344575565
27 27 0.0
27 28 0.024414710596212887
27 29 0.02568850504493304
27 30 0.043897616178629
27 31 -0.079692174140517
27 32 -0.0908753741128562
27 33 -0.14062731836250017
27 34 0.05668205226161323
27 35 -0.04536913992333622
27 36 0.08122743056704484
27 37 0.014126415677505905
27 38 0.0014506370528056007
27 39 -0.05785198655428061
28 28 0.0
28 29 0.02776332607751742
28 30 0.09162067868628462
28 31 -0.03882349546301416
28 32 -0.02927414216459247
28 33 0.05924612243776739
28 34 0.062128962011515396
28 35 0.021347369604104192
28 36 -0.025196218537669506
28 37 -0.021534752513070677
28 38 -0.04776722625160081
28 39 -0.02608020489650927
29 29 0.0
29 30 -0.012797447117080474
29 31 -0.02219610426510334
29 32 -0.06558288735885573
29 33 0.029288410849707226
29 34 0.01621200924120654
29 35 0.042973774266388834
29 36 -0.0470142249032728
29 37 0.013602260300667506
29 38 -0.0163093105579668
29 39 -0.04538165941874649
30 30 0.0
30 31 -0.017377388422589336
30 32 -0.11978240186080255
30 33 0.12389513033761498
30 34 0.10807429984367875
30 35 0.0102333492077308
30 36 0.06035786398186942
30 37 -0.040672466373726804
30 38 -0.04827767512065573
30 39 -0.05829804225323195
31 31 0.0
31 32 -0.0030801772678400916
31 33 0.06298884140778074
31 34 -0.018639005559772874
31 35 0.021917431570108083
31 36 -0.03536963332134925
31 37 -0.017747906749177075
31 38 -0.025219335913818457
31 39 -0.03352438478904754
32 32 0.0
32 33 0.04992994386080543
32 34 0.022403530180553438
32 35 -0.13943025156938277
32 36 0.06337448013134148
32 37 0.054082444921787244
32 38 0.06753452884861331
32 39 0.18264862500709722
33 33 0.0
33 34 0.16301702377287422
33 35 -0.09734529985802598
33 36 0.016133889343975968
33 37 -0.052999850759817134
33 38 -0.03543096518907785
33 39 -0.01027051753978996
34 34 0.0
34 35 -0.09209580902276393
34 36 0.10529715331344609
34 37 -0.006081989677067197
34 38 -0.02607896933902918
34 39 0.010226866542607866
35 35 0.0
35 36 -0.12104361560681527
35 37 0.005604545192226211
35 38 -0.08294506912340283
35 39 -0.08952373594030785
36 36 0.0
36 37 0.02575250537331148
36 38 0.05311792856988153
36 39 0.14719601832969648
37 37 0.0
37 38 0.018457475929955978
37 39 0.03598645280947339
38 38 0.0
38 39 0.08434266618959621
39 39 0.0
