0 0 0.0
0 1 -0.06983828783903484
0 2 -0.030199005488718688
0 3 -0.013606129030924008
0 4 -0.05162418897172512
0 5 -0.09532926277958154
0 6 -0.010980240947028855
0 7 0.14096549292939908
0 8 -0.01280089830156314
0 9 0.005576996883180195
0 10 -0.030714900917967948
0 11 -0.02396538824261566
0 12 0.036279835619038796
0 13 0.06692479260716296
0 14 0.059980886702346026
0 15 0.07267520786876892
0 16 -0.0076761555395271856
0 17 0.005203679116680164
0 18 -0.04217178264184044
0 19 0.11371913760704577
0 20 0.19047263216092258
0 21 0.03362213885459422
0 22 0.0990514264240678
0 23 -0.11411826953431277
0 24 0.07711086256016494
0 25 -0.04367990283665068
0 26 -0.027472625461216676
0 27 -0.11795652501035561
0 28 -0.08509759292319599
0 29 -0.1505465311646516
0 30 0.020392488379037045
0 31 0.10576060496861946
0 32 0.04147150153471924
0 33 -0.025366755647264864
0 34 0.03148485737722191
0 35 -0.12274229193011428
0 36 0.056466455923003
0 37 0.02920543558107423
0 38 -0.06948418049734637
0 39 -0.07554744459204535
1 1 0.0
1 2 0.01500119060854579
1 3 0.022125272992088333
1 4 -0.02554774367417801
1 5 -0.08139433982265859
1 6 -0.00942434763126986
1 7 -0.0252368263202161
1 8 -0.07893641690829749
1 9 -0.11111877729851823
1 10 0.12576553331263873
1 11 0.00914195862020879
1 12 0.05187681116267705
1 13 -0.0302029404751099
1 14 0.010863778339563757
1 15 0.1314227684490074
1 16 -0.04183297868493961
1 17 0.007180452959980883
1 18 0.06236106772006189
1 19 -0.01705451907027798
1 20 -0.024977375971553015
1 21 -0.07173851067921355
1 22 0.058349296162851394
1 23 0.0411533269512938
1 24 0.02363645098506715
1 25 -0.1490723728161513
1 26 0.14386767066092682
1 27 0.0963062738362996
1 28 0.10165928374803593
1 29 -0.0009233575111645577
1 30 -0.08357025312436259
1 31 -0.12148058933839456
1 32 -0.010637200879056594
1 33 -0.049767775224044755
1 34 -0.011628677057863149
1 35 -0.08742944553500215
1 36 -0.04311226017852347
1 37 0.018742313196452802
1 38 0.014943537159443418
1 39 -0.0038444404349763373
2 2 0.0
2 3 0.06738713139750231
2 4 0.1654976546540959
2 5 -0.06433489735074846
2 6 0.06984628279084651
2 7 0.026923015795128524
2 8 0.06260871433327253
2 9 -0.02810195526128756
2 10 -0.23096254367447164
2 11 0.07816218952609036
2 12 -0.2203885766017502
2 13 0.04046291585375553
2 14 -0.08893152911278777
2 15 0.03960691912905872
2 16 0.054802840006000574
2 17 -0.057143183764867336
2 18 0.0015411831656444374
2 19 0.027190367259200387
2 20 -0.06281994435780149
2 21 0.012085518538936408
2 22 -0.049870501269683606
2 23 0.1245352318639362
2 24 0.06594757599811248
2 25 -0.01413269733292756
2 26 0.014242824891426678
2 27 0.14695697312056694
2 28 -0.1445775133377039
2 29 -0.11470448007740537
2 30 0.023743969480084844
2 31 0.011297318898203032
2 32 0.25184522794359915
2 33 -0.06233780395900995
2 34 -0.009836875101841959
2 35 -0.03273103657652559
2 36 0.06869612395860346
2 37 -0.05916581912394993
2 38 0.009522298294532907
2 39 0.24205243812578536
3 3 0.0
3 4 0.16952616375073684
3 5 -0.14653439695822926
3 6 -0.12654297814665988
3 7 0.14776426000655987
3 8 0.07971946567789888
3 9 -0.05352796873849295
3 10 0.1563283592312401
3 11 0.07750501691062782
3 12 -0.03949457858281164
3 13 -0.07120436327883167
3 14 -0.00038394205205303296
3 15 -0.04749470911788302
3 16 -0.04321083389205093
3 17 -0.06793624382997485
3 18 -0.17259918698935023
3 19 0.053469314290813016
3 20 0.13973681437503635
3 21 0.042617385209442464
3 22 0.012523136275532452
3 23 -0.030765902025907205
3 24 0.20291809501517735
3 25 -0.04924240648510629
3 26 -0.03245595538698891
3 27 -0.025925126904015394
3 28 -0.15703153178463577
3 29 -0.06664544628182566
3 30 0.17952686468916218
3 31 0.07289392079858799
3 32 0.12342408049392029
3 33 -0.15178497082315875
3 34 -0.13273071951420545
3 35 0.047479433143728336
3 36 0.02877081104903461
3 37 -0.21775279815333187
3 38 0.11149022339068622
3 39 0.18109850604855304
4 4 0.0
4 5 -0.013618204207028145
4 6 -0.09355568310421848
4 7 -0.020865032616518994
4 8 0.08432775198030693
4 9 0.13411067116667144
4 10 -0.05620794827539789
4 11 0.12343665143657805
4 12 -0.08981801688579064
4 13 -0.08624442580947636
4 14 -0.03168729383033071
4 15 -0.13763270330785565
4 16 -0.1383835647146513
4 17 0.05356506881461327
4 18 -0.06213627484810406
4 19 0.04765927780661893
4 20 -0.07017999380610354
4 21 0.03717615907771625
4 22 -0.13250784550471667
4 23 0.1289336806618347
4 24 0.0773743345580658
4 25 0.19512096105302382
4 26 -0.1334566668977819
4 27 0.07052804186835075
4 28 -0.22068113544391
4 29 -0.021786613685098183
4 30 0.13784287010750235
4 31 -0.09463963392964787
4 32 0.15001885500848747
4 33 0.023966135866688464
4 34 0.11842042078664913
4 35 0.1754210887749648
4 36 0.09934144520083947
4 37 0.026176743409396186
4 38 0.03351858830660926
4 39 0.25426551655300844
5 5 0.0
5 6 0.13580584707440796
5 7 -0.10257651000927041
5 8 -0.11177142401797546
5 9 0.10557336603872565
5 10 0.03347152501700185
5 11 -0.046056953015299835
5 12 0.01923132313412504
5 13 0.061349938176975496
5 14 0.044669691198397976
5 15 -0.07701594582587598
5 16 0.08039615306771845
5 17 0.02801774953705296
5 18 -0.007179574668288722
5 19 0.060872788511292616
5 20 -0.30096075811927075
5 21 0.1370984593116172
5 22 -0.046927323433573295
5 23 0.09685749263787116
5 24 -0.18748842690979
5 25 0.06806969816448226
5 26 -0.3302111211030624
5 27 0.044487231780523065
5 28 -0.0990160601537589
5 29 0.09570010022629162
5 30 -0.20805798279579046
5 31 -0.02739516520125939
5 32 -0.06556705227067211
5 33 -0.0114873552680687
5 34 0.06193582143966475
5 35 0.06183999005685559
5 36 -0.07530757995242983
5 37 0.12598398597278188
5 38 -0.018777311911719018
5 39 0.07310975752489304
6 6 0.0
6 7 -0.1266721014298044
6 8 -0.1803702841504035
6 9 0.006600884955487657
6 10 -0.10275584886176777
6 11 -0.17583087707422013
6 12 0.04810272374830246
6 13 0.121642069267982
6 14 -0.017711450444384595
6 15 0.01646606532853953
6 16 0.1496633246900829
6 17 -0.040849812116737154
6 18 -0.006298535040412316
6 19 0.05962941795753376
6 20 -0.20483619428257516
6 21 0.035477078301282834
6 22 0.03707065853868679
6 23 0.0025931213381137183
6 24 -0.04447498203719582
6 25 -0.008297002205295013
6 26 -0.031078737438431446
6 27 0.03048153691892081
6 28 -0.004239060790180058
6 29 -0.006498245749017366
6 30 -0.2784682126586267
6 31 -0.049338707392497204
6 32 -0.03933984302798553
6 33 0.054756418245851715
6 34 -0.038428692312782446
6 35 -0.0849603023769213
6 36 -0.02153631030333346
6 37 0.09280439225473806
6 38 -0.04729014509554191
6 39 -0.05795505347399316
7 7 0.0
7 8 0.2474304308964758
7 9 -0.14587685738898232
7 10 0.08201557834129905
7 11 0.09041793111371854
7 12 -0.016660751105796186
7 13 -0.03335890309587978
7 14 -0.07838920467616077
7 15 0.017718324137830834
7 16 -0.030170792614629648
7 17 -0.009052285731063828
7 18 -0.07735567622265739
7 19 -0.11631194110093286
7 20 0.37057863738060176
7 21 -0.09906132459292125
7 22 0.1963203809175323
7 23 0.0032118900291868008
7 24 0.029173838043460854
7 25 -0.19421902062838278
7 26 -0.06092159649918592
7 27 -0.1380721531345006
7 28 0.018441383879329584
7 29 -0.18075452400799874
7 30 0.2987116643805121
7 31 0.23718683447468586
7 32 0.04894613810863529
7 33 -0.00402014874155131
7 34 0.04389271151566838
7 35 -0.024902643703098245
7 36 -0.09136683501474345
7 37 -0.28340437761769255
7 38 0.07132312163617442
7 39 0.19699064148228382
8 8 0.0
8 9 -0.10347794173172345
8 10 0.006770765423540702
8 11 0.21156314247748545
8 12 -0.10192752067449293
8 13 -0.058314971975995125
8 14 -0.08943958457132403
8 15 -0.11868323173917923
8 16 -0.06552318022698549
8 17 0.043195609093917564
8 18 -0.052973173664497865
8 19 -0.16064458372138982
8 20 0.1815736320474795
8 21 -0.048868482500851435
8 22 -0.043382725613626966
8 23 0.11371860193714631
8 24 0.017256436498529225
8 25 -0.0005404351607114436
8 26 -0.008354642078395844
8 27 -0.043390709177394474
8 28 0.07454243844045787
8 29 0.015164888914570962
8 30 0.23759649876187544
8 31 0.12371155486702783
8 32 0.1280651910582032
8 33 -0.011957336919610278
8 34 -0.0077410655897406965
8 35 0.09589937377935148
8 36 0.010603970484925852
8 37 -0.11019651365917767
8 38 0.07052114958771835
8 39 0.134249499105023
9 9 0.0
9 10 -0.09702262216798746
9 11 -0.02022252103278044
9 12 -0.04359609094064815
9 13 -0.09926605953078875
9 14 0.16490791387781836
9 15 -0.1540003478495556
9 16 -0.11312823871165131
9 17 0.0862993691750459
9 18 0.08127709788736834
9 19 0.07018045521877583
9 20 -0.19455678195353826
9 21 0.11797589949003211
9 22 -0.0027090748043936464
9 23 0.04475368377434599
9 24 -0.13205372165341944
9 25 0.2284615806625916
9 26 -0.05718729698058589
9 27 -0.05207182253825358
9 28 -0.10441941273459092
9 29 0.05762245470849271
9 30 0.0010796228797271279
9 31 0.018257338014231544
9 32 0.0062791949084835775
9 33 0.20304415827595382
9 34 0.14227382662753407
9 35 0.12273175461893562
9 36 -0.010521633846483157
9 37 -0.0924710392842754
9 38 0.02585472399055771
9 39 -0.014885269183597232
10 10 0.0
10 11 0.09870790445196018
10 12 0.007693106804669753
10 13 -0.07925483481121179
10 14 -0.057506356385422806
10 15 0.015301162396771126
10 16 -0.1241411044537688
10 17 0.12759253196678982
10 18 -0.010699907718717136
10 19 -0.11666267015430701
10 20 0.02100178636843044
10 21 -0.13042783064771582
10 22 -0.08792018646324118
10 23 0.00288053799770075
10 24 -0.003236152298050233
10 25 -0.07315925900854343
10 26 0.05904650259274306
10 27 0.010599383220305502
10 28 0.06970679696439855
10 29 0.2276835452984037
10 30 0.051743798494490775
10 31 -0.08936846090910504
10 32 -0.15444010030921607
10 33 -0.1630966182261911
10 34 -0.040405876268576675
10 35 0.04097083157852972
10 36 -0.1450968015864579
10 37 0.038371214772346646
10 38 -0.0015409420641796063
10 39 -0.0783142861212767
11 11 0.0
11 12 -0.12942936105287509
11 13 -0.08233768991483961
11 14 0.014715527890941802
11 15 -0.063941011725438
11 16 -0.11436308239755696
11 17 0.026485664490159495
11 18 -0.013811969561681441
11 19 -0.14623978289161316
11 20 0.08468488710689168
11 21 -0.05613312490474097
11 22 -0.15506276824573645
11 23 0.1542209548195868
11 24 -0.019365153832628136
11 25 0.09947748304260477
11 26 -0.03394648630774753
11 27 0.08801922381334185
11 28 -0.053666312091600596
11 29 0.12212434798730894
11 30 0.24518762917778747
11 31 0.025362463924585067
11 32 0.0995668016538398
11 33 -0.11574816216356879
11 34 0.09921742215071509
11 35 0.17896883706734706
11 36 -0.03547285500890232
11 37 -0.003153681385037002
11 38 0.11760423992170739
11 39 0.07566389692785805
12 12 0.0
12 13 0.11322927952807918
12 14 0.13767975402291388
12 15 -0.016729716364855755
12 16 0.0706025733419488
12 17 -0.05903047276758929
12 18 -0.06178871856975378
12 19 0.07732124383504331
12 20 0.007887365195323862
12 21 -0.07412541327249259
12 22 0.15990835034818546
12 23 -0.07008050567684648
12 24 -0.04218722228051734
12 25 -0.05088603663866096
12 26 -0.047994902041673095
12 27 -0.06486555444368367
12 28 0.07140238245248001
12 29 -0.026894901300299017
12 30 -0.29632305563198413
12 31 0.010930721649001874
12 32 -0.18157979714088707
12 33 0.0655398895545706
12 34 0.09375313800535098
12 35 -0.06443828736651816
12 36 -0.005228952285404292
12 37 0.04953634865736026
12 38 -0.04258515652849411
12 39 -0.08677494471282596
13 13 0.0
13 14 -0.002181809296454724
13 15 0.020196962594094477
13 16 0.12971600267399935
13 17 -0.02074881814907417
13 18 -0.04515797588157592
13 19 0.05812108889366604
13 20 -0.042650868613046816
13 21 0.003001697423620072
13 22 0.11183886461226882
13 23 -0.015642305254019908
13 24 0.002242164201622604
13 25 -0.051384225907829914
13 26 -0.03997877776586593
13 27 0.023750948772184595
13 28 -0.021764091607338384
13 29 -0.07238766181975484
13 30 -0.24558167791140723
13 31 0.04478975892397846
13 32 0.006031463033683962
13 33 -0.07500574925670388
13 34 -0.03804768353417255
13 35 -0.14815253092203823
13 36 0.04688775051400125
13 37 0.02627276763597332
13 38 -0.0734859583039207
13 39 -0.003030741074881442
14 14 0.0
14 15 0.02318824348482805
14 16 -0.000774213681463527
14 17 -0.07986190420226466
14 18 0.04090030293357545
14 19 0.08725967223485956
14 20 -0.010536478603797531
14 21 0.05355077205109947
14 22 0.05756457445685875
14 23 -0.034738559376028565
14 24 -0.05840445444329649
14 25 -0.020021768366459507
14 26 -0.09405726214167083
14 27 -0.06021589849390617
14 28 -0.06469786445021906
14 29 0.016651099766869973
14 30 -0.1418858963630726
14 31 0.08947268316755831
14 32 -0.013406715136958434
14 33 0.06980353088304467
14 34 0.09315443622263019
14 35 -0.0007011570217016095
14 36 -0.017849558443898704
14 37 -0.052092182579464866
14 38 0.035062842321562815
14 39 -0.11381577622750275
15 15 0.0
15 16 0.045853466230274795
15 17 -0.12375315829424074
15 18 0.11655895636821127
15 19 0.08142377355595727
15 20 0.16754359879851372
15 21 -0.08871233627266605
15 22 0.003454569740917597
15 23 -0.19351590230605162
15 24 0.06574438323824565
15 25 -0.22617338380470442
15 26 0.09334274600822828
15 27 0.05682884973895637
15 28 -0.04987324144849835
15 29 -0.10749958016904186
15 30 0.025345864503286353
15 31 -0.02311298888824593
15 32 -0.0615383889492267
15 33 -0.14410403565781504
15 34 0.009984578500391948
15 35 -0.167777018656063
15 36 -0.004254525017253827
15 37 0.05169889563116242
15 38 -0.10465129469793946
15 39 -0.07510931601554324
16 16 0.0
16 17 -0.13108561096331534
16 18 -0.051750030262516566
16 19 0.05163691618736869
16 20 -0.04960423701723036
16 21 0.034169457228924706
16 22 0.06851252827624608
16 23 -0.05659665847832547
16 24 -0.028512502687574763
16 25 -0.0819119210632495
16 26 -0.015202346498168345
16 27 0.004237717219803392
16 28 0.041517928101192675
16 29 -0.06434992648539375
16 30 -0.18503279397483258
16 31 0.07327578436408985
16 32 -0.024395562642924563
16 33 -0.0415173878786421
16 34 -0.075692323854163
16 35 -0.10351969371178434
16 36 -0.015075233064983545
16 37 0.013125352605246323
16 38 -0.021474093324018707
16 39 -0.025740622145771313
17 17 0.0
17 18 0.034440692202841086
17 19 -0.045838830809105426
17 20 -0.07300385108699195
17 21 -0.006200425602767284
17 22 0.02644070448208526
17 23 0.12328298486196113
17 24 -0.037898777659470764
17 25 0.06516032044710958
17 26 0.03839085272273694
17 27 0.010893697701207319
17 28 0.07071722639708647
17 29 0.08983440524654344
17 30 0.02052059861895726
17 31 -0.06059383119860738
17 32 -0.0012644579065094533
17 33 0.016095997289305695
17 34 -0.03220761202697362
17 35 0.007382756244749512
17 36 0.021288753219008177
17 37 -0.019953620440261135
17 38 -0.021005170738437558
17 39 0.03664674911272279
18 18 0.0
18 19 -0.03849735255180174
18 20 -0.027388148133570385
18 21 -0.060671285610164605
18 22 -0.02234082379507698
18 23 -0.02259150740202684
18 24 -0.07909647478409143
18 25 -0.05083330630799211
18 26 0.108087088653263
18 27 0.03481844276629874
18 28 0.05084644189905008
18 29 0.05213318641247914
18 30 -0.010576678709372936
18 31 -0.033523088814097476
18 32 -0.04041425473407194
18 33 0.05006277206525561
18 34 0.05785479239832249
18 35 -0.043250852675565256
18 36 -0.0327866425939923
18 37 -0.013239384451072317
18 38 -0.05900226827740677
18 39 -0.08736224880340296
19 19 0.0
19 20 0.007917775511573358
19 21 0.08570281115716709
19 22 0.07636808443531382
19 23 -0.11841465425260005
19 24 0.04330989409300824
19 25 -0.03365607083747168
19 26 -0.07583591075934083
19 27 0.029677551969984013
19 28 -0.1365817773162536
19 29 -0.1461191898106918
19 30 -0.06893020144272234
19 31 0.003446052642499436
19 32 -0.05498500081528891
19 33 -0.1127903620937819
19 34 -0.0065567518431589285
19 35 -0.09873994454626604
19 36 0.1236411605895773
19 37 0.03475580836788811
19 38 -0.08614289655941179
19 39 0.09489267497265433
20 20 0.0
20 21 -0.13642462851230205
20 22 0.09892243171692428
20 23 -0.18154575164973
20 24 0.15686683023044068
20 25 -0.18909166768283645
20 26 0.05613653136033518
20 27 -0.09256465462956884
20 28 -0.01564958394131561
20 29 -0.1659635470608028
20 30 0.4149962838797802
20 31 0.17268792421849719
20 32 -0.04852947590554964
20 33 -0.1337689490412586
20 34 -0.021958582734557953
20 35 -0.044397313915413836
20 36 0.05611917030256371
20 37 -0.17926074315318413
20 38 0.023940204585685878
20 39 0.023435927762176924
21 21 0.0
21 22 0.07573101424110604
21 23 0.01485170986127233
21 24 0.021205959479560228
21 25 0.08094098885711254
21 26 -0.1190856836833977
21 27 -0.07279831798951011
21 28 -0.061286336645474136
21 29 -0.12427003896319166
21 30 -0.037373603147499254
21 31 0.055080609153488135
21 32 0.18983455904714647
21 33 0.04752606178838511
21 34 -0.1103036157303819
21 35 -0.0323043599889125
21 36 0.05222633318460442
21 37 -0.03619608530923948
21 38 0.05682895337758008
21 39 0.022777458901864642
22 22 0.0
22 23 -0.0489413000429711
22 24 -0.039147699232564184
22 25 -0.16426060071940846
22 26 0.11030819757559232
22 27 -0.08721812509640453
22 28 0.14478445099618306
22 29 -0.264664946144373
22 30 -0.09133076636075614
22 31 0.20133684735634977
22 32 0.013735414185023807
22 33 0.0004041321536679762
22 34 -0.08613246262270127
22 35 -0.2521189574386482
22 36 0.006101468674250424
22 37 -0.33243042945798207
22 38 0.01397534475253833
22 39 0.07998895483813134
23 23 0.0
23 24 -0.06386570448948556
23 25 0.08370325016742249
23 26 -0.09973087175044551
23 27 0.07613997483048485
23 28 0.032306462375003744
23 29 0.1358417404320846
23 30 -0.06024176299846965
23 31 -0.05265171978134171
23 32 0.12344930684430747
23 33 0.07351215592155323
23 34 0.008729339359265018
23 35 0.1212516534159758
23 36 -0.020447197182055114
23 37 0.004009847570321359
23 38 0.10911888626024742
23 39 0.12290637813465857
24 24 0.0
24 25 -0.05729626929231403
24 26 -0.03905437713101788
24 27 -0.029336308021044488
24 28 -0.14907473338812627
24 29 -0.09698181209394856
24 30 0.08682394775269123
24 31 -0.05359788794064727
24 32 0.12849172116403587
24 33 -0.04301476023588861
24 34 -0.12840158023391868
24 35 -0.032553358207904906
24 36 0.12292831639953491
24 37 0.022064732789002145
24 38 0.009031021496005749
24 39 0.008735475168513168
25 25 0.0
25 26 -0.06196469228173891
25 27 0.03849398980870086
25 28 -0.11168238462987634
25 29 0.08598789480204379
25 30 0.10069768589307129
25 31 -0.10513142195705132
25 32 0.015350523458472754
25 33 0.09109289920897504
25 34 0.14749740577771053
25 35 0.23565508401329294
25 36 0.031625121923748174
25 37 0.14072438821821598
25 38 0.04401729538965611
25 39 0.010922710110463803
26 26 0.0
26 27 0.04964132476416591
26 28 0.3323010159364889
26 29 -0.025400282543179314
26 30 0.07183242659605785
26 31 0.002537312108285798
26 32 -0.06686891429879141
26 33 -0.07087104577437144
26 34 -0.08493449343691495
26 35 -0.16218384482931203
26 36 -0.043552172138919695
26 37 -0.12799738031445912
26 38 -0.051264110214194816
26 39 -0.10974524023957861
27 27 0.0
27 28 -0.04615853029449872
27 29 0.05424939293659599
27 30 0.02170344722716829
27 31 -0.12136439837631019
27 32 -0.03632799649621345
27 33 -0.1808128238070784
27 34 0.03470464795856106
27 35 0.027328491951902817
27 36 0.019986127705304568
27 37 0.07590193655454083
27 38 -0.009558975227690988
27 39 0.12111772808082824
28 28 0.0
28 29 0.07266273365627471
28 30 -0.07443089030810403
28 31 0.04666603344336394
28 32 -0.11530813113290606
28 33 0.06325623479453069
28 34 -0.11723456939861154
28 35 -0.09966161069299238
28 36 -0.10154299946982974
28 37 -0.0714120547445887
28 38 0.014165689638257711
28 39 -0.12880778399049728
29 29 0.0
29 30 -0.07905127144116095
29 31 -0.1283793693786844
29 32 -0.14178607711940638
29 33 0.038677611667270746
29 34 0.007380960250233532
29 35 0.19668080199669521
29 36 -0.09910591150923616
29 37 0.15521651391469493
29 38 0.04088078134482655
29 39 -0.17148023759156478
30 30 0.0
30 31 0.06320095036445858
30 32 -0.00663510032104114
30 33 -0.14886718668957064
30 34 0.02174486917264768
30 35 0.21864033467676655
30 36 0.018341729511427318
30 37 -0.1856020953722419
30 38 0.14243029444953892
30 39 0.1835935857566134
31 31 0.0
31 32 0.06585415060380215
31 33 -0.027559947971610738
31 34 -0.04014800468591416
31 35 -0.09098476141942294
31 36 -0.027746386337051576
31 37 -0.2923544187424799
31 38 0.04097891062813416
31 39 0.04746477952220603
32 32 0.0
32 33 0.05687484373729592
32 34 -0.08358915619286461
32 35 -0.04488767951654375
32 36 0.0793848716454161
32 37 -0.087542301510478
32 38 0.06198906380168222
32 39 0.11132849440764744
33 33 0.0
33 34 0.0862856852033905
33 35 0.09275432758267946
33 36 -0.039236239339717566
33 37 0.021549602874352043
33 38 0.042469244353613274
33 39 -0.14620669541783582
34 34 0.0
34 35 0.1309963106441181
34 36 -0.054096070358800374
34 37 0.12636101960709922
34 38 -0.04950649196137624
34 39 0.04356359200819065
35 35 0.0
35 36 -0.03817503874462498
35 37 0.10154958022300671
35 38 0.1254578454214464
35 39 0.03335913068354128
36 36 0.0
36 37 0.029533575264655016
36 38 -0.04280998447617636
36 39 0.07247667648629201
37 37 0.0
37 38 -0.11758442403355444
37 39 -0.17048985328596122
38 38 0.0
38 39 0.02448880710751685
39 39 0.0
