0 0 0.0
0 1 -0.04243675583952698
0 2 -0.09704537578711685
0 3 -0.004365996229405149
0 4 0.03752284483896757
0 5 -0.032489213664824775
0 6 -0.05735081313200826
0 7 0.0054908809302229395
0 8 0.017785754843515418
0 9 0.07377488501068566
0 10 0.05252955193803068
0 11 -0.05757125371427037
0 12 -0.10687207923997555
0 13 -0.11732611741739578
0 14 -0.11952658169296868
0 15 -0.12850639456772434
0 16 -0.028032781813697276
0 17 0.03368748245456106
0 18 -0.205882004316791
0 19 0.2089798909298734
0 20 0.15673716985298478
0 21 -0.03081237878233179
0 22 0.026471528248747968
0 23 -0.13562756299592946
0 24 -0.08965043601370759
0 25 0.28179030924339615
0 26 -0.03603583509833048
0 27 0.026605667870172378
0 28 -0.029197546125735874
0 29 0.08795521295105364
0 30 -0.09502423278142437
0 31 0.04203084912205943
0 32 0.09271993303683176
0 33 -0.038019555515267665
0 34 -0.06679825160804079
0 35 0.07842221835451717
0 36 -0.07559373831386869
0 37 0.12894870203062472
0 38 0.10637449250901394
0 39 0.12646565845180055
1 1 0.0
1 2 -0.07786767674574159
1 3 0.08727460376301843
1 4 -0.06123787582123326
1 5 -0.13613036840658777
1 6 -0.1417395963409131
1 7 -0.01739485949118847
1 8 0.0016608716438550938
1 9 -0.005303446667093001
1 10 0.038177720351003155
1 11 0.014053101384741761
1 12 0.03956805652232153
1 13 -0.02523431399742555
1 14 -0.07653537273064369
1 15 -0.022920739625887997
1 16 -0.038069463639914
1 17 -0.06417280896102738
1 18 -0.10884706976806582
1 19 -0.040285419126456126
1 20 0.027949041160393547
1 21 -0.011941878983232956
1 22 -0.1169186733486434
1 23 0.09198577292586292
1 24 0.1362434527619562
1 25 -0.012707140289063557
1 26 0.09176395918081817
1 27 -0.03496494624019551
1 28 0.10865434479879435
1 29 -0.06981888056924712
1 30 -0.021901073491844062
1 31 0.04595403805096892
1 32 0.07826847082120827
1 33 -0.1380972078669453
1 34 -0.042030644010057176
1 35 -0.034510290621098894
1 36 -0.05571880285018688
1 37 0.022300947597094837
1 38 -0.04985975628240508
1 39 -0.16183559882004442
2 2 0.0
2 3 -0.10530104449249664
2 4 -0.13587061950163615
2 5 0.030894722774030752
2 6 0.1571736854837374
2 7 0.29208077798761817
2 8 -0.03793754284219171
2 9 0.08465896502669831
2 10 -0.10797921349392983
2 11 0.08544683870023369
2 12 -0.03965452346693183
2 13 -0.01312476578202475
2 14 0.0816040441721591
2 15 -0.07793265738939958
2 16 -0.04491929510423383
2 17 -0.2439834250011299
2 18 0.1012094730583579
2 19 0.006711132422372789
2 20 -0.10073922239234534
2 21 -0.04049061893998954
2 22 0.026838079469465526
2 23 0.061757326201065166
2 24 -0.09164872537441207
2 25 -0.006203510733095678
2 26 -0.0529528107922377
2 27 -0.11553160619632041
2 28 -0.12759504074242095
2 29 -0.03287678529422205
2 30 0.024361619367891843
2 31 -0.08403974952750623
2 32 -0.14580171263515768
2 33 -0.06738958459202143
2 34 -0.10093281425252018
2 35 0.013363894671652643
2 36 -0.0938751822523635
2 37 -0.13618198056020675
2 38 0.04450624271045401
2 39 0.1510514387085417
3 3 0.0
3 4 0.11301033091504673
3 5 -0.09583401047287929
3 6 0.05979167219641448
3 7 -0.0018444362491912534
3 8 -0.11244447138116079
3 9 0.04743213543813559
3 10 0.016324485530095696
3 11 0.05865797442550541
3 12 0.17796117001994038
3 13 0.07404877284637029
3 14 -0.1397035320011029
3 15 0.15169481535503143
3 16 0.12205334409906514
3 17 -0.00300695303137405
3 18 0.038646600908994286
3 19 -0.10106589571663907
3 20 0.16093028344987517
3 21 0.020192746962403946
3 22 -0.03367271105554607
3 23 0.10984493476431582
3 24 0.22639323953703222
3 25 -0.1460660259963103
3 26 -0.0676308134015209
3 27 -0.1105327936897152
3 28 -0.03220727145665913
3 29 -0.08464000587851131
3 30 -0.12944942132590856
3 31 0.07453763841101527
3 32 0.046351069521727246
3 33 -0.18457797914004942
3 34 -0.05494164972531553
3 35 -0.1511871875611201
3 36 -0.07698839120314879
3 37 0.10877420099762694
3 38 -0.07632652532525538
3 39 -0.12176182663130031
4 4 0.0
4 5 0.06430170599947774
4 6 -0.015857720449202455
4 7 -0.19134668808597532
4 8 0.048059605063242965
4 9 -0.11285173839487073
4 10 0.004327601415900094
4 11 0.034872056049424435
4 12 0.0693315590952059
4 13 0.09049498237926115
4 14 -0.12361420760152682
4 15 0.0827597095137206
4 16 0.0007258535538847172
4 17 0.1415186253517521
4 18 0.06675488438785751
4 19 -0.043555292192520724
4 20 0.08092562043155357
4 21 -0.0416354880867182
4 22 0.014041811883249267
4 23 0.03801132525002591
4 24 -0.06559839621818082
4 25 -0.11196778193648897
4 26 0.01056629748808055
4 27 0.04048902034193884
4 28 -0.0249561366525547
4 29 -0.03868253235806556
4 30 -0.09202737230267767
4 31 0.05183602292589318
4 32 -0.022473048092678725
4 33 -0.014985544445788371
4 34 0.06147793228059358
4 35 -0.1415986615598916
4 36 0.04572503541748293
4 37 0.01927936266164319
4 38 -0.18655704240387588
4 39 -0.06390051088418555
5 5 0.0
5 6 0.058821941683769884
5 7 -0.022624149533273342
5 8 0.012868722251729432
5 9 -0.023513183546958683
5 10 -0.08558149282620543
5 11 -0.04429149206375581
5 12 -0.062313374658222634
5 13 0.02087659619612816
5 14 0.10347170151981981
5 15 0.03880202748578908
5 16 0.06796905490314688
5 17 0.029652022558919043
5 18 0.04966011243149067
5 19 0.0015300344602191703
5 20 -0.02952055551983183
5 21 -0.04695967214073293
5 22 0.015703060900468017
5 23 -0.07097420917203673
5 24 -0.1055515354253487
5 25 0.03525335278754825
5 26 -0.07522041347131264
5 27 0.09546713144978436
5 28 -0.0672830602328331
5 29 0.025894808289930765
5 30 0.029817348342273908
5 31 0.04298268232927037
5 32 -0.07192598885266602
5 33 0.03796703497909667
5 34 0.0418626080409341
5 35 0.012844302170346208
5 36 0.08779183383446415
5 37 0.04926397165956546
5 38 0.061363969465125276
5 39 0.13969697906590026
6 6 0.0
6 7 0.20768349829556368
6 8 -0.0800233086659823
6 9 -0.06026750247806516
6 10 -0.04932350358763134
6 11 0.007951359210390396
6 12 0.15590475341187754
6 13 0.08879491266923914
6 14 0.1408907279698634
6 15 0.158067497157914
6 16 0.18261306290424523
6 17 -0.1969582516353847
6 18 0.01491959251612143
6 19 0.020257190552955988
6 20 0.08480140709097836
6 21 0.05331210036685652
6 22 0.02496672152062511
6 23 -0.05508275124964751
6 24 -0.014056021868169672
6 25 -0.04501719984826326
6 26 -0.1870304524278627
6 27 -0.1468737509438732
6 28 -0.3083904172178228
6 29 -0.02190182116601746
6 30 -0.006186758996331176
6 31 0.08404325565634732
6 32 -0.0026108758973628176
6 33 -0.06708366167940476
6 34 0.025436241596131552
6 35 0.017197123171266794
6 36 -0.1146756832557942
6 37 -0.04560642698844374
6 38 0.12363692795853583
6 39 -0.08102860401214121
7 7 0.0
7 8 -0.19459914929974534
7 9 0.041738218662040194
7 10 -0.04136730395329693
7 11 0.17139088432921998
7 12 -0.015674949201792653
7 13 -0.028668138929134522
7 14 -0.022743356061281212
7 15 -0.037827413433562475
7 16 0.035354590416181615
7 17 -0.18412092224728158
7 18 -0.0345484072844644
7 19 0.063551913266272
7 20 0.1339896498369174
7 21 -0.020440810831208585
7 22 -0.016461859141278783
7 23 -0.024451825121360217
7 24 -0.004965688814493754
7 25 0.06740382945037952
7 26 -0.11206645649080857
7 27 -0.08524560548650657
7 28 -0.18215721718416955
7 29 -0.0290867482734637
7 30 0.013432340072549506
7 31 0.060869489852457714
7 32 -0.039817905516402144
7 33 -0.1025690547530993
7 34 -0.06897221322790267
7 35 0.005799258835239749
7 36 -0.21987216356525613
7 37 -0.014524029716005981
7 38 0.1981158239549397
7 39 0.06470190169441155
8 8 0.0
8 9 -0.03392666869902288
8 10 0.0218881559291413
8 11 -0.12978425040830918
8 12 0.05364990489097168
8 13 0.013569964029857157
8 14 0.09972356726768027
8 15 -0.12107150678958516
8 16 -0.1386404729410378
8 17 -0.04369268101125996
8 18 0.13437647185866672
8 19 -0.08304760717953583
8 20 0.020162805034463827
8 21 -0.12662771931965483
8 22 -0.07659867190303196
8 23 0.10401183084092447
8 24 -0.19631636362265129
8 25 0.09325429089316459
8 26 0.08778254098980523
8 27 0.040917907690092986
8 28 -0.008703813793933729
8 29 -0.059502993776465105
8 30 0.21088769311257977
8 31 -0.1424765087410504
8 32 0.08322220647738987
8 33 0.14011638750960123
8 34 0.12102758858540545
8 35 0.026733207213520203
8 36 0.00030259614379460993
8 37 -0.13520218711788556
8 38 -0.19668248809083294
8 39 0.026341448211364693
9 9 0.0
9 10 -0.06938700782407278
9 11 -0.10604678381335195
9 12 -0.10197961125256613
9 13 -0.11248194050024678
9 14 0.11440948849616703
9 15 -0.02072252543019539
9 16 0.056907923744666154
9 17 -0.11475101953954744
9 18 -0.005053752180007029
9 19 0.05136949804212574
9 20 -0.12577952582991894
9 21 -0.08890033489369054
9 22 0.07145070324031333
9 23 -0.0241119084318683
9 24 0.10899438211231863
9 25 0.1103496864515251
9 26 -0.022782288631840217
9 27 -0.0021635287770907733
9 28 0.06405330131830306
9 29 0.022317146637445873
9 30 0.07563898149400344
9 31 -0.06498779450838535
9 32 -0.07958340542922626
9 33 0.007968088497101154
9 34 -0.2083331093261657
9 35 0.02571318121625918
9 36 0.07282091669429297
9 37 0.03709941372417904
9 38 0.20996068191607034
9 39 0.17874713449626117
10 10 0.0
10 11 0.02933655199257072
10 12 0.013670387561558245
10 13 0.00514922574787486
10 14 -0.11968312554114827
10 15 -0.022639468189425867
10 16 -0.10909613930514336
10 17 0.1372870819438028
10 18 -0.049360922675137905
10 19 0.011614710611536263
10 20 0.06534404272705394
10 21 0.15829606645827682
10 22 0.03439976694492041
10 23 -0.027959552343018466
10 24 0.007231541948577283
10 25 -0.00768686272692726
10 26 0.01299124011709651
10 27 -0.0066599447969416066
10 28 0.040398106636428906
10 29 0.025957090315649044
10 30 -0.030861823141845945
10 31 -0.0061766720313536005
10 32 0.08675752906134762
10 33 0.11445358320979344
10 34 -0.037648331032249016
10 35 -0.001917263210802814
10 36 -0.04294207587527072
10 37 -0.015110637249156142
10 38 -0.06664244057777743
10 39 -0.11020061664011364
11 11 0.0
11 12 0.020336024712473692
11 13 0.04778420416114834
11 14 -0.1812600680017491
11 15 -0.05517121199219812
11 16 -0.07045520559715486
11 17 0.08655666461152786
11 18 0.0832719770937184
11 19 -0.0490613457080763
11 20 0.1313802666859159
11 21 0.0026582509662650016
11 22 -0.05905628969552908
11 23 0.011414011110414839
11 24 0.037732051992089496
11 25 -0.12920973407150665
11 26 -0.001998182462132416
11 27 0.0021362437020036452
11 28 -0.03672598761489883
11 29 -0.023876728389696202
11 30 -0.052774296416559396
11 31 0.013917381761756659
11 32 -0.03888514895478572
11 33 -0.05205462529403165
11 34 0.050606700903544764
11 35 -0.13141310206098178
11 36 -0.13226876840145185
11 37 -0.05751563427605645
11 38 -0.10951515489503887
11 39 -0.13990357621775493
12 12 0.0
12 13 0.0942698021133738
12 14 -0.0006322805478946803
12 15 0.17626734734470104
12 16 0.11221109664744969
12 17 -0.029925335834670275
12 18 0.0697637211135092
12 19 -0.005008383127153993
12 20 0.07123984705423324
12 21 0.03938500301604656
12 22 0.06733930027994144
12 23 0.13266691092937974
12 24 -0.02022458476437522
12 25 -0.16628071221244117
12 26 -0.0006514475845715497
12 27 -0.17571129713472097
12 28 -0.1046611073883998
12 29 -0.09837513897935637
12 30 0.014099177844877167
12 31 -0.021936343010496854
12 32 0.07104655165330212
12 33 -0.13029994802162032
12 34 0.10513983399296904
12 35 -0.06590852270689058
12 36 -0.12256827239568202
12 37 -0.12202578238644231
12 38 -0.0433506030274723
12 39 -0.18257437738557972
13 13 0.0
13 14 -0.015216142982151858
13 15 0.06904555303339599
13 16 0.02981699854219867
13 17 0.04301408902659488
13 18 0.07811200985681732
13 19 -0.13661793089672042
13 20 0.02737339318815208
13 21 0.04561109509452289
13 22 0.00007430961511713612
13 23 0.07773452726271293
13 24 -0.02514456243904557
13 25 -0.15225177427719075
13 26 0.03495013442213771
13 27 -0.02087037513104
13 28 -0.09467521236589779
13 29 -0.023444317542602785
13 30 -0.009103865573681024
13 31 -0.028916388806557846
13 32 0.0016594528835905454
13 33 0.030844943059474515
13 34 0.09127664637827884
13 35 -0.05386314218107008
13 36 -0.008042170267759689
13 37 -0.009085659693601278
13 38 -0.11965694598683004
13 39 -0.1256392129614629
14 14 0.0
14 15 0.03388505681401163
14 16 0.14905212519697375
14 17 -0.14742964600723288
14 18 0.04546434606644711
14 19 -0.017836669525220904
14 20 -0.18452892221954037
14 21 -0.04123759868694671
14 22 0.003771730318279752
14 23 -0.06808835256094482
14 24 -0.001265554878506086
14 25 0.055387510378637185
14 26 -0.04488342484526438
14 27 0.013813693460941832
14 28 -0.06869840459700848
14 29 0.04738001640895381
14 30 0.1730134514474429
14 31 -0.0745270769411031
14 32 -0.03420570914041336
14 33 0.040946094380472677
14 34 0.035487473824231966
14 35 0.12782017046286492
14 36 0.1092170547138803
14 37 -0.03448924788241553
14 38 0.18050165354484204
14 39 0.049392091133681926
15 15 0.0
15 16 0.18395077032339413
15 17 -0.012475295903967412
15 18 -0.018180557356860808
15 19 0.025614720648041926
15 20 0.008859330546017999
15 21 0.03189372694793234
15 22 0.12286527738361419
15 23 0.04690654520402878
15 24 0.03119455974909898
15 25 -0.1179727041235982
15 26 -0.05792824126480802
15 27 -0.07766473259735525
15 28 -0.057925354906707895
15 29 -0.07284274006931687
15 30 -0.03162793226986478
15 31 0.1196015606360085
15 32 -0.009190919282868804
15 33 -0.04544038451997559
15 34 -0.010348422953364633
15 35 -0.05263157056898833
15 36 0.035869597365258056
15 37 0.028650817033429244
15 38 0.10850657063483153
15 39 -0.02080398627140425
16 16 0.0
16 17 -0.06060302807870059
16 18 -0.04388217415454761
16 19 0.020048273007097363
16 20 0.011544801053039719
16 21 -0.03815289753437927
16 22 0.030565339369458634
16 23 -0.05156247003035312
16 24 0.08932121572039506
16 25 -0.02157355362127428
16 26 -0.07995337391495778
16 27 -0.024219907736140432
16 28 -0.1154830102392933
16 29 0.009443166152067153
16 30 0.014019716798022117
16 31 0.07832284744894488
16 32 0.0010597885773231913
16 33 -0.12563296235129323
16 34 0.054699000902077057
16 35 0.019521238480967776
16 36 0.024873703745041966
16 37 0.10466853357022017
16 38 0.22583959791864197
16 39 -0.030628873864812146
17 17 0.0
17 18 0.04810048274604134
17 19 -0.03080264821735056
17 20 0.028194306485266614
17 21 0.17316582275755285
17 22 0.08943084542073394
17 23 -0.1130314788625872
17 24 -0.013031859155155163
17 25 -0.10081960520975533
17 26 0.04485189583854094
17 27 0.1600780819983061
17 28 0.10593276283400781
17 29 0.12182159572565436
17 30 -0.03317843941553878
17 31 -0.057556478676026104
17 32 0.02854805264296722
17 33 0.19616743031311532
17 34 0.0885254977989949
17 35 -0.048617439748392145
17 36 0.08548464447784672
17 37 0.05301079907663907
17 38 -0.08367718017100495
17 39 -0.11224563828644914
18 18 0.0
18 19 -0.15580040517336366
18 20 -0.035438962108479806
18 21 -0.07239370939451022
18 22 -0.016812760266674356
18 23 0.08961719763978322
18 24 -0.014463083185862114
18 25 -0.16756291550428803
18 26 -0.00955937478456962
18 27 0.012069349731484384
18 28 -0.005551033622656873
18 29 -0.0401322941208787
18 30 0.1069591451209023
18 31 -0.14621307775104947
18 32 -0.08731863923115427
18 33 0.0855183515446896
18 34 0.11620952750617945
18 35 -0.0943089163739809
18 36 0.02687858739626748
18 37 -0.1465429169012364
18 38 -0.1949045479548761
18 39 0.027357818300190455
19 19 0.0
19 20 0.01297510993532241
19 21 -0.0010795661680877877
19 22 0.12002806857487654
19 23 -0.13043724892667702
19 24 -0.0786407949739186
19 25 0.17894904740299106
19 26 -0.10053820696761576
19 27 -0.048676849129111466
19 28 0.0331572694127968
19 29 0.020423943486616795
19 30 -0.0547944069029359
19 31 0.10441174618315492
19 32 0.0064061580289967845
19 33 -0.08627417421358444
19 34 -0.1016927920089061
19 35 0.06495928153150902
19 36 -0.04563656042295219
19 37 -0.030274636272537035
19 38 0.22153192971567864
19 39 0.15523353568365011
20 20 0.0
20 21 -0.11878912818866647
20 22 -0.13570031811861036
20 23 -0.018508186936488123
20 24 -0.010186056008092734
20 25 0.0957021184656502
20 26 -0.08432131923060845
20 27 0.04617970856747652
20 28 -0.1275685443950662
20 29 -0.08635914411001173
20 30 0.0143013443998106
20 31 0.18421823741613932
20 32 0.12998503913189155
20 33 -0.04259076354565807
20 34 0.11110994059410853
20 35 -0.09995670213258158
20 36 -0.20121893215779738
20 37 0.08236281250729134
20 38 -0.022000855117707212
20 39 -0.06263242083220794
21 21 0.0
21 22 0.13424085813430436
21 23 -0.0814211954938901
21 24 0.05057209763344265
21 25 -0.11969497101461968
21 26 -0.06131037988537334
21 27 -0.1026622992420149
21 28 -0.0075894055547251526
21 29 0.1294418832262954
21 30 -0.1713580837649684
21 31 -0.06872053943921518
21 32 0.044811732454552444
21 33 0.04670808512560644
21 34 -0.12711127551607507
21 35 0.07054957621621605
21 36 -0.00045144891558871467
21 37 0.014128568279471222
21 38 -0.019714888869779998
21 39 -0.15588432502831603
22 22 0.0
22 23 0.02506229013106086
22 24 -0.15138945152412736
22 25 -0.045547564530250086
22 26 0.031973458061459965
22 27 -0.0852200310185284
22 28 -0.014980253312156352
22 29 0.03791698514456905
22 30 -0.01512486391508117
22 31 -0.09399981554410362
22 32 -0.05569442462386899
22 33 0.11921651424147847
22 34 -0.09550339025014398
22 35 0.04319507784160756
22 36 0.044736059357025675
22 37 -0.055325441515155525
22 38 0.13999141536259047
22 39 0.12886223679824121
23 23 0.0
23 24 -0.07784224736007858
23 25 -0.13180734863820204
23 26 0.15997828003173278
23 27 -0.11470132385424228
23 28 0.005585051545555492
23 29 -0.14075946253762456
23 30 0.01828797233374205
23 31 -0.08817688811335632
23 32 -0.00800051163667257
23 33 -0.033425033134415416
23 34 0.03832713651040608
23 35 -0.0610739668052573
23 36 -0.041218993555973985
23 37 -0.07256857010602367
23 38 -0.18049733496689427
23 39 0.024592284938359518
24 24 0.0
24 25 -0.09103633429825621
24 26 -0.08601375467804322
24 27 -0.006709620768096789
24 28 0.12377108741884735
24 29 0.021925242760901145
24 30 -0.0889132774828047
24 31 0.08181129877946705
24 32 0.013751454130662245
24 33 -0.141982979749495
24 34 -0.08782448610892576
24 35 -0.059518422249786054
24 36 0.039275342707056654
24 37 0.09630139698250081
24 38 0.009666941046409219
24 39 -0.1972100579811303
25 25 0.0
25 26 -0.07125568346541672
25 27 0.0866305851125963
25 28 0.0019517381176674905
25 29 0.031185581872274222
25 30 0.07331758993027834
25 31 0.0904026492243907
25 32 0.06579410565287136
25 33 0.023547796655538567
25 34 -0.06685728372358943
25 35 0.12844445254660838
25 36 -0.025846287874451375
25 37 0.09731867546683023
25 38 0.2066147034351647
25 39 0.2432376312006716
26 26 0.0
26 27 0.025059311862992067
26 28 0.07708031908736257
26 29 -0.014142522460509618
26 30 0.07248625144828832
26 31 -0.14755857926046062
26 32 0.01426044399926342
26 33 0.10724336722795316
26 34 0.09958819619550877
26 35 0.010965583853438234
26 36 0.04226759570489085
26 37 -0.04282783234298014
26 38 -0.11160609132415725
26 39 -0.08029578404079014
27 27 0.0
27 28 0.06534911326439312
27 29 0.05410894683271141
27 30 0.0990377807549572
27 31 0.038470157554124154
27 32 -0.009931848821563656
27 33 0.15443725949413234
27 34 0.07984151376473451
27 35 -0.009576875627107649
27 36 0.10878595112022774
27 37 0.09819879912933714
27 38 0.01941638838323063
27 39 0.036998097472636514
28 28 0.0
28 29 0.011035375171927257
28 30 -0.033947078177290105
28 31 -0.013463132595935304
28 32 -0.011483258404231981
28 33 0.026753632500634415
28 34 -0.05561027375413734
28 35 0.00038478951303891595
28 36 0.13248072763878788
28 37 -0.0011028080634128896
28 38 -0.07728391663977147
28 39 0.0645733858182435
29 29 0.0
29 30 -0.03321343266719941
29 31 -0.07330817742353292
29 32 0.0003863564558511194
29 33 0.07159993682485725
29 34 -0.005244755659520085
29 35 0.08862201536068573
29 36 0.06250286909554938
29 37 0.05369634350498477
29 38 0.06145140831834104
29 39 -0.02040576781296128
30 30 0.0
30 31 -0.09257535811747467
30 32 0.01753088766852172
30 33 0.19628754485767774
30 34 0.12233924817759827
30 35 0.029410147415129966
30 36 0.010542249027312284
30 37 -0.09427855442475794
30 38 0.09878603423955501
30 39 0.023368913333542823
31 31 0.0
31 32 0.027691803743403222
31 33 -0.132859438460633
31 34 -0.05166696886376058
31 35 -0.06160452655666473
31 36 -0.031443220092846606
31 37 0.12473561256641756
31 38 0.10053323888790269
31 39 0.022466752847295497
32 32 0.0
32 33 0.005876343247262698
32 34 0.07534203032108996
32 35 0.04722847009609623
32 36 -0.0725878650263528
32 37 0.04028186606665011
32 38 -0.014745758101430131
32 39 -0.10668802627836962
33 33 0.0
33 34 0.05997532392936441
33 35 0.06372242567400944
33 36 0.12492318855834346
33 37 -0.03664611914526876
33 38 -0.01733491759838169
33 39 0.0701708704907608
34 34 0.0
34 35 0.017439556791547607
34 36 -0.017364898070075855
34 37 -0.03882021229570617
34 38 -0.12125629381827412
34 39 -0.10998645976552297
35 35 0.0
35 36 0.03785924481355596
35 37 0.03165782307576952
35 38 0.11978965374419268
35 39 0.10549289359518736
36 36 0.0
36 37 0.05969703597801175
36 38 0.0015914382602826335
36 39 0.08943569054019564
37 37 0.0
37 38 0.10165958647530868
37 39 0.06881203400969929
38 38 0.0
38 39 0.15167944730135804
39 39 0.0
