0 0 0.0
0 1 0.05049877642509589
0 2 0.1077807431226778
0 3 -0.06676032612853325
0 4 -0.15584070926593455
0 5 0.054165818614810554
0 6 0.09888222301938657
0 7 -0.08026626749599863
0 8 0.05802543908432578
0 9 0.004844161093367121
0 10 -0.11505530541198512
0 11 -0.005318789046255731
0 12 -0.023163097722481086
0 13 -0.05984533934347277
0 14 -0.008934727099261925
0 15 0.008685100743661661
0 16 0.02438379866060049
0 17 0.04753048002835585
0 18 0.06492960771522902
0 19 0.05893068985687534
0 20 -0.026989593976257286
0 21 -0.10535827293147268
0 22 -0.055979608495306796
0 23 0.15642969087277764
0 24 0.07638666939379393
0 25 -0.03697434594890793
0 26 0.022080428283463127
0 27 -0.06163923780063486
0 28 -0.03812601503724605
0 29 0.11502827271291456
0 30 0.010991535125579469
0 31 -0.1012250401885096
0 32 -0.013358147771479973
0 33 -0.046772626041573936
0 34 -0.010373717593849514
0 35 -0.011535347489120013
0 36 -0.07789808509580146
0 37 0.030963785622767435
0 38 -0.03203408128658391
0 39 -0.17106764259551505
1 1 0.0
1 2 -0.1054246384004758
1 3 0.02354744965782863
1 4 -0.005149287263581337
1 5 0.07239887164150838
1 6 -0.1301473571276843
1 7 0.08883679602124044
1 8 0.041459145694321846
1 9 -0.11187881764268832
1 10 -0.047930743175552445
1 11 -0.046136029662234825
1 12 -0.17342304801063815
1 13 0.07196479949575323
1 14 0.019131824970076657
1 15 0.06737959234045564
1 16 -0.025649031789010367
1 17 0.11834212515351188
1 18 0.08957652214133179
1 19 0.08461423030944187
1 20 -0.12010457866204396
1 21 0.006070800102926044
1 22 -0.06047973201183382
1 23 -0.03967813968657513
1 24 -0.2483713759958671
1 25 -0.012743865129776131
1 26 0.10522645782953174
1 27 0.029021002076941936
1 28 -0.21303003423559147
1 29 -0.05102414189349782
1 30 -0.03134291277172048
1 31 0.010896967258143745
1 32 -0.0005418630774824129
1 33 -0.059953831000802774
1 34 -0.018105544724359796
1 35 0.011633820470135356
1 36 0.051974634974990906
1 37 -0.1312466946542945
1 38 -0.12656272707856617
1 39 -0.01962994141749715
2 2 0.0
2 3 0.0872280409958572
2 4 -0.11855173988578926
2 5 -0.007178384926513254
2 6 0.10817338936732797
2 7 -0.16610946752461325
2 8 0.10987594714859636
2 9 -0.1080847482171488
2 10 -0.03670094824454436
2 11 0.037063861977191394
2 12 0.04262952759116194
2 13 -0.11961582284692636
2 14 0.04392476701117351
2 15 -0.006952183406299678
2 16 0.018923519544069557
2 17 -0.05663681170824434
2 18 0.12295931719607603
2 19 -0.17532659037588552
2 20 0.09529859701522649
2 21 0.11094434135531255
2 22 -0.04273543454194667
2 23 0.1734625931675806
2 24 0.09331215227425992
2 25 0.11853303541637586
2 26 0.01896794492977216
2 27 -0.03202534154533461
2 28 0.00038690630228464665
2 29 0.07079514927695907
2 30 0.044104338400585315
2 31 0.09821333960664731
2 32 -0.013165976705253235
2 33 -0.04279618607236454
2 34 -0.10076564128839385
2 35 -0.139841376224621
2 36 0.001862761623239162
2 37 0.0549730130870862
2 38 0.010625224130749292
2 39 -0.011795073735649383
3 3 0.0
3 4 0.08032965910739812
3 5 0.07254955697880051
3 6 -0.040117524303873456
3 7 0.05319518396967926
3 8 0.11301041473022792
3 9 -0.16390200840164773
3 10 0.16482331478500029
3 11 -0.050198416891218324
3 12 0.036788291228289534
3 13 0.03219220090443374
3 14 -0.014825706467524083
3 15 0.08430412718733635
3 16 -0.006379536272140022
3 17 -0.09036039352579409
3 18 -0.03571942195909533
3 19 -0.06540998540057213
3 20 0.1302801766292136
3 21 0.1390773958016595
3 22 0.08180172189873727
3 23 0.034099506011619464
3 24 -0.16249045083262773
3 25 0.11756215950046608
3 26 0.02235951501521461
3 27 -0.09459938276513742
3 28 -0.05990435590220962
3 29 -0.1449453294570613
3 30 -0.008362186646645845
3 31 0.11876706092526637
3 32 0.17120114304632159
3 33 -0.07559458400916326
3 34 -0.19426731533287903
3 35 -0.20876954642509968
3 36 0.0832138750849285
3 37 0.03648217390108898
3 38 -0.01719723595701738
3 39 -0.004474286722881271
4 4 0.0
4 5 -0.04297211675017017
4 6 -0.3020911416006575
4 7 -0.0527901941923833
4 8 -0.0022982332780498633
4 9 -0.05324628853654556
4 10 0.13133636143503666
4 11 0.1302664492410594
4 12 -0.07124500264588325
4 13 -0.05675813067512604
4 14 0.012559322480967494
4 15 0.0655356351576149
4 16 -0.07650376692002073
4 17 0.0066259308265802855
4 18 -0.05431552721731318
4 19 -0.06393649638287736
4 20 0.13948392435534795
4 21 0.10744657324991258
4 22 0.07698194115531738
4 23 -0.2930548099581852
4 24 0.021910911149154038
4 25 0.14685336326532167
4 26 -0.005222786483965838
4 27 0.04004692301296227
4 28 0.0001925778953917188
4 29 -0.17176764531228444
4 30 -0.04027880575144586
4 31 -0.015340567759671592
4 32 0.08980936646443488
4 33 0.08019374214691229
4 34 0.000021762303453159992
4 35 -0.1028105911143754
4 36 -0.05186021182154081
4 37 0.022547536915135846
4 38 -0.006901531314376483
4 39 -0.006456236301407385
5 5 0.0
5 6 0.11635293725750602
5 7 0.14311479973968508
5 8 0.04652677928716203
5 9 -0.06588325459630891
5 10 0.08629065258780746
5 11 -0.19457349617487213
5 12 -0.0376254010739185
5 13 0.05274961156339917
5 14 -0.009940840327779706
5 15 -0.02744545193793755
5 16 -0.0918366290055526
5 17 0.02568854332455934
5 18 -0.08025176036283041
5 19 -0.009553148506608133
5 20 0.02421102232436258
5 21 -0.16491115689496583
5 22 -0.03466967115411923
5 23 0.03706071539480292
5 24 -0.1865400304889417
5 25 -0.08877410589825048
5 26 0.05949230711242899
5 27 -0.05004691127679195
5 28 -0.11401135160782519
5 29 0.030061607747867453
5 30 -0.06918619975494124
5 31 -0.10553583214598783
5 32 0.06364645738463076
5 33 -0.13244761308941239
5 34 -0.05135469842930335
5 35 -0.014789185936150853
5 36 0.1048523298745404
5 37 -0.24656038014209541
5 38 -0.08620923493530222
5 39 -0.08234991582004428
6 6 0.0
6 7 -0.030562796666677945
6 8 0.014189838903897203
6 9 0.08962018723116481
6 10 0.020291334052866
6 11 -0.17585076465066896
6 12 0.08719856671605442
6 13 0.12397554198698198
6 14 -0.09534440363244664
6 15 -0.06397335538010221
6 16 0.007378854214280697
6 17 -0.002762881777107762
6 18 -0.11031941691314202
6 19 -0.01820125460019929
6 20 -0.009691503603772146
6 21 -0.14920167743784227
6 22 -0.14480477050189428
6 23 0.24468385895382433
6 24 -0.00020328134299788664
6 25 -0.1605196263249462
6 26 -0.02346602955796088
6 27 0.06576872126631202
6 28 0.10167877190288917
6 29 0.1515482467089442
6 30 -0.019872464776999173
6 31 -0.05377064754344611
6 32 -0.13145497164398806
6 33 -0.1325263480204299
6 34 -0.022492994750741298
6 35 0.08082414399992205
6 36 0.1527750861160107
6 37 -0.04421724371207856
6 38 -0.0357136971793699
6 39 -0.003344236861236985
7 7 0.0
7 8 -0.03489269331099546
7 9 0.0722647913886964
7 10 0.08023861845572437
7 11 -0.12130796729753598
7 12 0.09032660669605298
7 13 -0.034322959062262716
7 14 0.04022271960502639
7 15 -0.05843814278566931
7 16 -0.013024654983277378
7 17 0.034001039836857073
7 18 -0.05378934498591152
7 19 0.062328034951820044
7 20 -0.07344825602959158
7 21 -0.260687702118908
7 22 0.15481659193266056
7 23 0.023400773020693634
7 24 -0.20465319432862272
7 25 -0.1891517256073901
7 26 -0.059824736180855695
7 27 -0.08056368005376864
7 28 -0.09646707265617674
7 29 0.06895581501156986
7 30 -0.003911222031024199
7 31 -0.0799009572360045
7 32 0.16964255242830223
7 33 -0.02306081343041234
7 34 0.10924335655387085
7 35 0.19166681254320597
7 36 0.09229236507579339
7 37 -0.24941671769764368
7 38 -0.02655999558987468
7 39 -0.03410344503845605
8 8 0.0
8 9 -0.13466105173140797
8 10 -0.07279082033356059
8 11 0.07907857721639347
8 12 0.08462113690883612
8 13 -0.07468238713837626
8 14 0.012929321266917171
8 15 0.06008435880590614
8 16 -0.0817337585889469
8 17 -0.05504063140900436
8 18 -0.0024273229131213173
8 19 -0.12636534674378064
8 20 0.12712791922289537
8 21 0.05710129665167254
8 22 0.022910057863864592
8 23 0.15641571708178614
8 24 -0.07253591581615845
8 25 0.12190966421968252
8 26 0.06440583913485941
8 27 0.01632756225963915
8 28 -0.01958258547302657
8 29 0.009582233419709502
8 30 0.013075380659241922
8 31 0.00792539029249428
8 32 -0.01202978479328138
8 33 -0.003996766743404734
8 34 -0.15524021621101017
8 35 -0.24232876615050242
8 36 -0.06417228617324726
8 37 0.040852696263389346
8 38 0.06456108823867382
8 39 -0.06626144798958764
9 9 0.0
9 10 -0.009758807120393542
9 11 0.07140239096167005
9 12 0.05383372126587671
9 13 0.008824706963693505
9 14 -0.059160088130194174
9 15 -0.04144127223672051
9 16 0.07101138616660747
9 17 0.07512667646294757
9 18 -0.11777358673242277
9 19 0.1243644943438508
9 20 -0.10978216185116288
9 21 -0.1985420311122348
9 22 0.033223774933335434
9 23 -0.04063146309451106
9 24 0.1432162793116566
9 25 -0.19329815029788172
9 26 -0.17154250246234015
9 27 0.039056751338168966
9 28 0.10774796994843687
9 29 0.08496951620099566
9 30 0.022311138500443993
9 31 -0.09199146518550762
9 32 0.021770777626474388
9 33 0.05648840206162938
9 34 0.17032244448991354
9 35 0.21178065901813561
9 36 0.07163346791211
9 37 0.08389081375760718
9 38 -0.016259736937468666
9 39 -0.03444022254069902
10 10 0.0
10 11 -0.17027866724421226
10 12 0.00035696041584254434
10 13 0.10722142834607185
10 14 -0.046555918595856935
10 15 0.010529246732444241
10 16 0.03035991685427576
10 17 0.05793063120536572
10 18 -0.06917622881054211
10 19 -0.002809994600796262
10 20 0.03893271465192198
10 21 -0.01541336887560792
10 22 -0.01228584883683984
10 23 -0.1530000940900618
10 24 -0.0437600554206775
10 25 -0.009361156151817826
10 26 0.0030516310039156564
10 27 -0.028509609987639822
10 28 -0.008048075483558317
10 29 -0.11754160959709434
10 30 -0.03031502981294167
10 31 0.030293939697267392
10 32 0.1072248126473471
10 33 -0.05669311767898226
10 34 0.029508461056064184
10 35 -0.016290203969897225
10 36 0.17654640140961536
10 37 -0.0700788344030078
10 38 -0.13786743254945616
10 39 0.030973071779559113
11 11 0.0
11 12 -0.004065533479262093
11 13 -0.22508826734671752
11 14 0.04037637335815282
11 15 0.056175589105152114
11 16 -0.033797814483623935
11 17 -0.09774635388129141
11 18 -0.0100156449901047
11 19 -0.09952281314982987
11 20 0.09520879348812614
11 21 0.08367914601090623
11 22 0.12944128764773039
11 23 0.012698360550495016
11 24 0.11180600338153612
11 25 0.08151451114737887
11 26 -0.19925957884888754
11 27 0.07415606673015565
11 28 0.05426629929035911
11 29 0.03710405513896562
11 30 0.03927557510775165
11 31 0.022639755602861154
11 32 0.04509470473300724
11 33 0.09010138300929073
11 34 -0.06311275311498325
11 35 -0.004408512909320345
11 36 -0.09497371455822652
11 37 0.22642141234833618
11 38 0.13371166020979944
11 39 -0.051575717675347375
12 12 0.0
12 13 -0.012232478326998069
12 14 -0.007673531681444273
12 15 -0.0016249053309959599
12 16 0.06300319227461934
12 17 -0.013404127975513385
12 18 -0.025286102837837627
12 19 -0.03377369236783441
12 20 0.025090934087963278
12 21 -0.08009772204659898
12 22 0.054025348652578145
12 23 0.11179941515704325
12 24 0.11521684634059481
12 25 0.032555641888927116
12 26 -0.0057048157061641595
12 27 -0.053411728143548665
12 28 0.11342322757227297
12 29 0.027279463876784864
12 30 0.09866506099766745
12 31 0.020189877725602295
12 32 -0.021104644750873664
12 33 0.08249388809056243
12 34 0.01622749424498099
12 35 -0.19754416790738244
12 36 -0.030035688711303778
12 37 0.14699803330782468
12 38 0.07097652372171
12 39 -0.008280826659086213
13 13 0.0
13 14 -0.1135771836008281
13 15 0.033066647865438684
13 16 0.05048378185801702
13 17 0.06780986790283286
13 18 -0.12393070815954929
13 19 0.1693199338663861
13 20 -0.1363443792086842
13 21 0.03154547656561483
13 22 -0.1129868412114945
13 23 -0.09185835064682749
13 24 -0.11900956851758393
13 25 -0.06185219019635148
13 26 0.10086741910514582
13 27 0.013985018276780803
13 28 0.008636351912588746
13 29 -0.15527542650330703
13 30 -0.024384279732671467
13 31 0.060028455866915686
13 32 -0.06102430905275583
13 33 -0.03404535807351803
13 34 -0.021432210173091448
13 35 -0.08780428131190093
13 36 0.15527720952998525
13 37 0.03537982655886246
13 38 -0.08959411895689062
13 39 0.11375571498213807
14 14 0.0
14 15 -0.030673106440318794
14 16 -0.011873622161669005
14 17 -0.034511084253868084
14 18 0.1328664978957013
14 19 -0.09505586408608817
14 20 0.02279657417967768
14 21 0.0010195876751106434
14 22 0.008579865621573337
14 23 0.0069103745081956994
14 24 0.0010291210071213868
14 25 0.05594234978156496
14 26 -0.004661047466529617
14 27 -0.03714983542876581
14 28 -0.06872195877524521
14 29 0.04729481172844911
14 30 0.02374109577885706
14 31 0.028229797310944105
14 32 -0.012249621502323668
14 33 -0.015648190336012953
14 34 0.00023160038763361883
14 35 0.009856163474095948
14 36 -0.04613559800028387
14 37 -0.07770709489336987
14 38 0.015137116646060992
14 39 0.0104262590799834
15 15 0.0
15 16 0.015355825156305092
15 17 -0.005643547924819245
15 18 -0.016497430728942622
15 19 0.033758157016058395
15 20 0.027642869582302942
15 21 0.06672164309352463
15 22 0.015074515051355337
15 23 -0.010113092398488505
15 24 -0.026175043267047615
15 25 0.06775688808141296
15 26 0.004936341005768151
15 27 -0.017936620545124512
15 28 -0.014255879906803604
15 29 -0.08547668517211993
15 30 0.008305954105972641
15 31 0.029926518813337084
15 32 0.037273761156062846
15 33 -0.0005783650766042273
15 34 -0.08257742547025203
15 35 -0.1295408971700288
15 36 -0.012488972594411929
15 37 0.12663610216099921
15 38 -0.008844199980698169
15 39 -0.041169632456622626
16 16 0.0
16 17 0.05319491726394232
16 18 0.08870006945767672
16 19 0.09997718937908417
16 20 -0.09960774067802891
16 21 -0.01916712699973408
16 22 -0.025563967353805967
16 23 -0.00916598558001881
16 24 0.12461047475475454
16 25 -0.009942053765763677
16 26 -0.03643428401900299
16 27 -0.08640657664842645
16 28 0.01769807339010046
16 29 -0.019936821739260903
16 30 0.07404454689183268
16 31 0.06717468108527754
16 32 0.009017280951980233
16 33 0.00990528747769425
16 34 0.06496137304381124
16 35 -0.006391542516422169
16 36 0.02926527344611473
16 37 0.15265542080830177
16 38 -0.062369339737175525
16 39 0.0013498560498506396
17 17 0.0
17 18 0.021095647671852766
17 19 0.07060938868176694
17 20 -0.17887206103089376
17 21 -0.09900135293724988
17 22 -0.09919391947718295
17 23 -0.16459943959010892
17 24 0.06995128077127398
17 25 -0.07102054310103098
17 26 0.11440535089331598
17 27 0.10569344859078289
17 28 -0.03606188733733486
17 29 -0.0053635510177991955
17 30 0.02623208273267576
17 31 -0.028314635543055695
17 32 -0.02814166767548123
17 33 0.11222654652630037
17 34 0.251754644809095
17 35 -0.007453241269524331
17 36 0.13830045775646177
17 37 -0.07303864837465109
17 38 -0.20203666391679898
17 39 0.01455294354833218
18 18 0.0
18 19 -0.09162512963547365
18 20 -0.019047204071502365
18 21 0.05066841506791127
18 22 -0.09872541369986894
18 23 0.042950774129368305
18 24 0.09730373735048335
18 25 0.1346914573795842
18 26 0.06178599037617958
18 27 -0.07520482736992053
18 28 -0.10609048072668137
18 29 0.06561920666425577
18 30 0.07360458603900936
18 31 0.08547694367480134
18 32 -0.10794620851426215
18 33 -0.0420046858270771
18 34 0.03559506990653627
18 35 -0.008522904479766323
18 36 -0.10356318764353914
18 37 -0.027553601201911925
18 38 -0.055696203238073075
18 39 0.004388419454057729
19 19 0.0
19 20 -0.17799739841326084
19 21 -0.08506995349717009
19 22 0.036363132694123335
19 23 -0.057697158745255585
19 24 0.0021959206910134948
19 25 -0.14348516421201196
19 26 0.005495156927834047
19 27 -0.09843321760357968
19 28 0.010709704220705505
19 29 -0.07084856572970664
19 30 -0.008810970299832636
19 31 -0.07709175498023492
19 32 0.07639150503045553
19 33 0.03606311597543092
19 34 0.0726662111887203
19 35 0.08895096004811283
19 36 -0.0368673819327648
19 37 0.10686447191357433
19 38 -0.025103496959447923
19 39 -0.06618544007127213
20 20 0.0
20 21 0.07189299670238003
20 22 0.05359668456070641
20 23 0.08881275210639801
20 24 0.0014500516954294549
20 25 0.1360260391682932
20 26 -0.04488305534123917
20 27 -0.015055129299131262
20 28 0.04513898115155005
20 29 0.0055659007412257695
20 30 -0.037468455234698606
20 31 -0.033900043238380875
20 32 0.022719540001731146
20 33 -0.07036075504104314
20 34 -0.17429928036205206
20 35 -0.0864695833198442
20 36 -0.11412947604067969
20 37 0.01662932037943369
20 38 0.10315479935472485
20 39 -0.07938500967166631
21 21 0.0
21 22 0.024988390438923463
21 23 -0.0495604906733453
21 24 -0.02342066937756379
21 25 0.23990860040033168
21 26 0.1382883707731733
21 27 0.07882186208911919
21 28 0.049007703526352364
21 29 -0.18588517365566257
21 30 -0.007384885324017526
21 31 0.23142409792979873
21 32 -0.03037478367612518
21 33 0.1073560314516852
21 34 -0.133985191605532
21 35 -0.17254304257662473
21 36 -0.08522189623207374
21 37 0.14274710299241442
21 38 0.10993180607627617
21 39 0.19887534102594656
22 22 0.0
22 23 0.011998641907341796
22 24 -0.0307916809591789
22 25 -0.013117737491462101
22 26 -0.08596238824511152
22 27 -0.06870701034159812
22 28 0.031392967183158496
22 29 -0.026294449457622632
22 30 -0.00041793863518213884
22 31 -0.015269861753388287
22 32 0.1994208408048205
22 33 0.08792380236492908
22 34 -0.027140073422917566
22 35 0.032303327466207885
22 36 -0.08527853380136396
22 37 0.05411461936268952
22 38 0.13392130452394344
22 39 -0.04160389604844606
23 23 0.0
23 24 -0.03687161635183847
23 25 -0.02180961350819961
23 26 -0.03887263140663162
23 27 -0.05798893890131214
23 28 0.03271406575953763
23 29 0.18151786832122324
23 30 0.019964070633360646
23 31 -0.03194449167288584
23 32 -0.054965520107611854
23 33 -0.11487760095852413
23 34 -0.16391446354575442
23 35 0.013405293835712918
23 36 -0.10620521430550944
23 37 0.04110682528413725
23 38 0.12790171259018773
23 39 -0.10595876489059626
24 24 0.0
24 25 0.055881022261981564
24 26 -0.047211166780751115
24 27 -0.010488399137863463
24 28 0.17068798394661502
24 29 0.07140001650637029
24 30 0.08945373548272621
24 31 -0.035930548903850605
24 32 -0.07967296845139202
24 33 0.14003658813885023
24 34 0.17000312749184238
24 35 -0.01639289732541639
24 36 -0.14337603244562958
24 37 0.23244850631329675
24 38 0.01990239760622626
24 39 -0.055364569623321314
25 25 0.0
25 26 0.10409469642669995
25 27 -0.020225842821507734
25 28 -0.0038330506694648054
25 29 -0.10838692370797028
25 30 0.03868476470281096
25 31 0.12232160595471338
25 32 -0.05145055888248197
25 33 0.04131939754305701
25 34 -0.12639639594287394
25 35 -0.28716843776349427
25 36 -0.1306275978164481
25 37 0.1241069018117171
25 38 0.05430292165883092
25 39 0.03703885141170228
26 26 0.0
26 27 0.04196972336074735
26 28 -0.02919273644126084
26 29 -0.08101959665202701
26 30 -0.012361884395468543
26 31 0.02983872052469108
26 32 -0.1025176837474768
26 33 0.09079270396071341
26 34 0.038663380856023256
26 35 -0.18984954258666778
26 36 -0.0739589572425903
26 37 -0.10427848623717213
26 38 -0.027527792445015957
26 39 0.08001565420925541
27 27 0.0
27 28 0.07570898419097176
27 29 0.02721334736055086
27 30 -0.03574422922306312
27 31 0.010424837515315172
27 32 -0.13585610617438296
27 33 0.09420651454876748
27 34 0.10056327648082886
27 35 0.0803135448328002
27 36 0.08391231986935802
27 37 -0.06691946386386197
27 38 -0.014224424456403881
27 39 0.1260557304894287
28 28 0.0
28 29 0.01317271245485872
28 30 0.012009241003790836
28 31 -0.021190787020411602
28 32 -0.06462443049150775
28 33 0.10965339921502175
28 34 0.04933972163208985
28 35 0.018963565822435892
28 36 -0.07932846662874111
28 37 0.1568211730201564
28 38 0.11071321351356966
28 39 0.03677880213990091
29 29 0.0
29 30 0.008813329498419495
29 31 -0.11124477281676619
29 32 -0.07179346936094333
29 33 -0.049496169341791706
29 34 0.07287713767526519
29 35 0.20105540700571978
29 36 -0.03818289400564659
29 37 -0.11037143838030632
29 38 0.023198856961530862
29 39 -0.0829317996440452
30 30 0.0
30 31 0.05655215647927092
30 32 -0.016832271509599105
30 33 0.042900916637645684
30 34 0.02947704708164094
30 35 -0.08761356552580232
30 36 -0.0038277603188470984
30 37 0.10394609201742507
30 38 -0.00445334497466784
30 39 0.007977150456413276
31 31 0.0
31 32 -0.008408552276404888
31 33 0.02383645170645713
31 34 -0.06716533585429274
31 35 -0.14096338635795974
31 36 0.1076573267075549
31 37 0.09968137518150574
31 38 -0.010339681184410036
31 39 0.18253953802890877
32 32 0.0
32 33 0.0007618155956786943
32 34 -0.038122587932255696
32 35 0.014401052465563873
32 36 0.06401192345653417
32 37 0.010590489514815771
32 38 -0.01134809320369202
32 39 -0.09620744762674444
33 33 0.0
33 34 0.1639080081027232
33 35 -0.07258965303676931
33 36 -0.08980947282299415
33 37 0.09736264845512631
33 38 0.07090983832272917
33 39 0.0813219889407176
34 34 0.0
34 35 0.19942262627038929
34 36 0.04243556741705715
34 37 -0.10369953108764925
34 38 -0.10518225737060245
34 39 0.04839576999978824
35 35 0.0
35 36 0.024501730881993332
35 37 -0.23936602153528605
35 38 -0.005553304748306429
35 39 0.0007952414991259135
36 36 0.0
36 37 -0.1051471662953225
36 38 -0.2155976580096028
36 39 0.11330439726050483
37 37 0.0
37 38 0.09627258004776658
37 39 -0.04668770100742177
38 38 0.0
38 39 0.012967849076292382
39 39 0.0
