0 0 0.0
0 1 -0.07291780319537243
0 2 -0.20455109906478328
0 3 -0.08936371004924823
0 4 0.19985878061593323
0 5 -0.040877184774709495
0 6 0.18269703212552058
0 7 -0.17979128375479397
0 8 0.12100105198864122
0 9 -0.040218079121998075
0 10 -0.10094203543340645
0 11 0.0950641188479586
0 12 -0.017255826382181004
0 13 0.15629733700175902
0 14 0.10086484275736252
0 15 -0.01881665583102421
0 16 0.0652177208604232
0 17 0.0996362519896423
0 18 0.003723969203854773
0 19 0.0023215862957216634
0 20 -0.12334565428180957
0 21 0.12927263614450624
0 22 0.008583736984820203
0 23 -0.06433078066481142
0 24 -0.04149479809970019
0 25 -0.2333294902001199
0 26 0.06902277936278133
0 27 -0.1569067927984084
0 28 -0.056019014906374245
0 29 0.18180753290456658
0 30 0.045427766249948896
0 31 -0.17742490527314428
0 32 -0.19147190936006506
0 33 0.004096911775273745
0 34 0.08411735078643076
0 35 0.06379304575406233
0 36 -0.003659545734548006
0 37 -0.09030246766996305
0 38 -0.03246422248211512
0 39 -0.03791417554539438
1 1 0.0
1 2 0.14131422005006664
1 3 -0.029426212885197357
1 4 0.1746698111335335
1 5 0.19776431098934036
1 6 -0.09056583415957548
1 7 0.010124524834079142
1 8 -0.020707062172639075
1 9 -0.06815492756652759
1 10 -0.05842046728077682
1 11 -0.09065747012720624
1 12 0.004343793043079678
1 13 0.017969312192661256
1 14 0.015843360933259283
1 15 -0.05692394097568722
1 16 -0.21792327658994556
1 17 -0.032580904793688005
1 18 0.02366172695707761
1 19 0.08024484176907713
1 20 -0.02904749227893626
1 21 0.16611314166687616
1 22 -0.06799767842015135
1 23 0.04268099041417235
1 24 -0.034909846120237856
1 25 0.053247829144858386
1 26 -0.052643645744493
1 27 -0.002818458514004646
1 28 0.1713066247862949
1 29 -0.09987991125205926
1 30 -0.1466102994029397
1 31 -0.03096666881976367
1 32 0.14635127952606206
1 33 -0.0333632164028617
1 34 0.0855432790377301
1 35 -0.08587513202600403
1 36 0.22763183962423023
1 37 0.12884564525558248
1 38 0.03143208049421414
1 39 0.05476886372694821
2 2 0.0
2 3 0.04391051725463271
2 4 -0.13834879710586873
2 5 0.1786249823117326
2 6 0.07640266748607084
2 7 -0.10050597039882028
2 8 0.012088738630775198
2 9 -0.03651298947948491
2 10 0.0591597743248967
2 11 -0.028290147367411304
2 12 -0.15564409394974602
2 13 -0.04500036402466529
2 14 -0.1147972499185242
2 15 -0.22159144550564847
2 16 0.010253170216362996
2 17 -0.06396435342671446
2 18 -0.07869734862615665
2 19 -0.08167841971188824
2 20 0.07950320638539252
2 21 0.028767762675111625
2 22 -0.047162332068062016
2 23 0.028517448699840887
2 24 0.15895710267656826
2 25 0.08025880948959878
2 26 -0.33844659529611626
2 27 0.10411526898827142
2 28 -0.06477091466622578
2 29 -0.0617573030927995
2 30 -0.07306941848073568
2 31 -0.03096013124071545
2 32 0.1141567891561481
2 33 -0.05329900256139234
2 34 0.2190042590074157
2 35 -0.19279885596745708
2 36 0.023338620691006347
2 37 0.09806093297080497
2 38 0.036176271294281116
2 39 0.016447654004504764
3 3 0.0
3 4 -0.015718706988504316
3 5 -0.06700130681756283
3 6 0.06609903678911991
3 7 -0.014557830478459845
3 8 -0.10381499312619206
3 9 0.11238979833010596
3 10 -0.1164100186869482
3 11 0.1249393376891624
3 12 -0.06697605238370101
3 13 0.017651238947485288
3 14 -0.20655767456489818
3 15 -0.02022850885993954
3 16 0.03645328305223796
3 17 0.02713080770222529
3 18 0.012586730996140532
3 19 -0.004177948488724793
3 20 -0.0544293765496832
3 21 0.13179066183680957
3 22 -0.054143463169295095
3 23 0.012716372974262124
3 24 0.04452193800222555
3 25 0.141950977382467
3 26 -0.13716522422600969
3 27 -0.020484267014087645
3 28 0.10449576278288011
3 29 -0.01227440604338356
3 30 0.09497166288970335
3 31 0.04468364441503493
3 32 0.008394149012962688
3 33 0.09968632047553297
3 34 -0.11433094313675522
3 35 0.14592275824237602
3 36 0.014412092933519294
3 37 -0.026939891091838634
3 38 0.06873089464367908
3 39 -0.060738632712665296
4 4 0.0
4 5 0.037459989168117123
4 6 -0.01586412202301942
4 7 -0.17794316245781872
4 8 -0.021366305631270118
4 9 0.06990663755540064
4 10 -0.09002381775533826
4 11 -0.03408957047870795
4 12 0.13371143666882299
4 13 0.04541162115371215
4 14 0.14394629856332106
4 15 0.06714231563776518
4 16 -0.17825690837299757
4 17 0.1659664184654982
4 18 0.0011732761738304268
4 19 -0.06192459204090962
4 20 -0.1335986754467549
4 21 0.277915472516055
4 22 -0.15989612108365298
4 23 -0.05854675078351036
4 24 -0.060674419599327754
4 25 -0.10424963162916254
4 26 0.06502391317049475
4 27 -0.04383328807168871
4 28 0.24274211299790807
4 29 -0.024824010706525904
4 30 -0.19438203280857927
4 31 -0.09180178043925877
4 32 -0.13875842200478378
4 33 0.01370474754300298
4 34 0.04776991119514364
4 35 0.05382984721826155
4 36 0.08694480101212278
4 37 -0.04042815954611788
4 38 0.06229067519316138
4 39 -0.009505415531560216
5 5 0.0
5 6 -0.10805091584361914
5 7 0.0015918170669845266
5 8 0.011626795756189277
5 9 0.018568528610901212
5 10 -0.08457730333528676
5 11 -0.09094261432934288
5 12 0.09585459212003775
5 13 -0.016186862034425306
5 14 0.06542588153773413
5 15 -0.10676010898500374
5 16 -0.04795721756478531
5 17 -0.07132145474325834
5 18 0.02552432082804445
5 19 0.059420660439015435
5 20 0.01749015674675695
5 21 0.04419217346389437
5 22 0.026172704806792735
5 23 -0.00733091346796558
5 24 -0.03903767444363227
5 25 -0.058424369513388176
5 26 -0.09851708346469597
5 27 -0.02918018429601425
5 28 0.010932937754613407
5 29 -0.06011202303176916
5 30 -0.0020387022053611854
5 31 -0.09295205692627145
5 32 0.20560524438560704
5 33 -0.04276302294528654
5 34 0.05535726588566516
5 35 -0.1648246181781149
5 36 0.06095939442485045
5 37 0.22323732504715213
5 38 -0.006821088082151272
5 39 0.11131911895607782
6 6 0.0
6 7 -0.12365194910055613
6 8 0.14370042222128848
6 9 -0.058006645664934145
6 10 -0.09278605961255977
6 11 0.14723208285661338
6 12 -0.21237645653426135
6 13 0.1319664143404523
6 14 -0.07565930915980897
6 15 -0.1037709271000122
6 16 0.07887373838475813
6 17 0.04211574797785196
6 18 0.00352270865084719
6 19 0.00545304508258174
6 20 -0.21108487556380204
6 21 0.04111485989497875
6 22 -0.07649967311131638
6 23 -0.04948065608109546
6 24 0.10927110052166138
6 25 -0.004961268325944532
6 26 0.04481929927619074
6 27 -0.19643137376901676
6 28 -0.07917009561615355
6 29 0.2630365161543666
6 30 -0.03141617757368713
6 31 -0.10108747158109488
6 32 -0.34823343466114187
6 33 -0.08701018221929098
6 34 0.17577419221887278
6 35 0.1409168072067483
6 36 0.04789065573342391
6 37 -0.20734963444216864
6 38 0.1787280986020452
6 39 -0.048655009958604854
7 7 0.0
7 8 -0.032291480366743
7 9 0.09019103418930136
7 10 -0.027963152230202726
7 11 -0.07560600321088859
7 12 -0.00020761014270703862
7 13 -0.10352444197783428
7 14 0.11919106146104522
7 15 0.10206386409565368
7 16 0.004970296492102095
7 17 -0.06773734720472147
7 18 0.12025123944481417
7 19 0.035410715808371504
7 20 0.03392055642031897
7 21 -0.11771847817427925
7 22 0.03616160153177392
7 23 0.03643156948691582
7 24 0.0013825678594790722
7 25 0.22059970716510877
7 26 0.15162576064879157
7 27 0.012487135028361159
7 28 0.08503787069736042
7 29 -0.037170165259883384
7 30 0.010606728240891244
7 31 0.14385583328331242
7 32 0.1463709674018126
7 33 0.026999719863844734
7 34 -0.12101801577973936
7 35 0.0651269672893452
7 36 0.14103198828639446
7 37 0.13220461450133414
7 38 -0.0012448037916493633
7 39 0.1590834814997169
8 8 0.0
8 9 -0.06112262077139809
8 10 0.0380176153769984
8 11 -0.10267526658440321
8 12 -0.11862314780510697
8 13 0.08694254969849705
8 14 0.03851999778158134
8 15 -0.2081665061984849
8 16 -0.11606566829827589
8 17 0.06788042105304655
8 18 0.07587694122094674
8 19 0.03805499121952743
8 20 -0.10594484224987714
8 21 -0.028310786383491836
8 22 -0.04613860679597198
8 23 0.011511575164383737
8 24 0.04084450259639541
8 25 -0.025028383221021744
8 26 -0.0303510348306693
8 27 -0.04871491559793652
8 28 -0.08148177078613948
8 29 0.16702750404586558
8 30 -0.11850191362083351
8 31 -0.07832691177346929
8 32 -0.07437063728539536
8 33 -0.1148946663627971
8 34 0.0765216326158658
8 35 -0.07993774756076619
8 36 -0.04577266049362742
8 37 -0.1576408211790126
8 38 -0.07493206729880955
8 39 0.086892825841388
9 9 0.0
9 10 -0.1864845984083517
9 11 -0.0543581441419224
9 12 0.10695151746987022
9 13 0.01907467808851715
9 14 0.10976477285764896
9 15 0.09350898402779662
9 16 0.03679735339837541
9 17 0.006759866068957112
9 18 -0.026971834066102606
9 19 -0.09274790092124191
9 20 0.03261526210415203
9 21 0.10492892368383104
9 22 0.02691275020740843
9 23 -0.07989557832130371
9 24 0.0779485442182481
9 25 -0.003494458798876298
9 26 0.018018279226208397
9 27 0.018249626405131343
9 28 0.12952197256465492
9 29 -0.03121663867040091
9 30 0.006512928819132921
9 31 -0.02989278672826527
9 32 0.013338479800665012
9 33 0.019707684647860706
9 34 -0.11972552813755091
9 35 0.025743686405851056
9 36 -0.006092241880380766
9 37 0.10746054293987588
9 38 -0.04825517298070746
9 39 0.020956016990991966
10 10 0.0
10 11 -0.07859904949822255
10 12 -0.066000914277527
10 13 -0.052533711788213276
10 14 -0.15119947834353417
10 15 -0.13041610911022797
10 16 0.033764102022224046
10 17 0.010975977686367716
10 18 0.13698010848516148
10 19 -0.10045449447029035
10 20 0.004272830986867129
10 21 -0.19715010806057837
10 22 -0.09053485035146833
10 23 0.14459237038714284
10 24 -0.08386789783881489
10 25 0.020893947502202616
10 26 0.018335169912991306
10 27 0.16220805378584321
10 28 -0.06119294510214009
10 29 -0.09072196458797326
10 30 -0.09803059606312328
10 31 0.07798670863723822
10 32 -0.053406316754244995
10 33 0.007855165752733585
10 34 0.007780232501429273
10 35 -0.058199090740482275
10 36 -0.14059421263595256
10 37 -0.2357005908483044
10 38 0.09696687741501132
10 39 0.04345020315250761
11 11 0.0
11 12 0.021938210531905176
11 13 0.08675155967881108
11 14 0.0719152077642761
11 15 0.06540593501264713
11 16 0.2171837711908997
11 17 -0.13610358461652303
11 18 -0.08192203987685562
11 19 -0.05006091511287456
11 20 0.16830403863105686
11 21 0.01336734431606241
11 22 0.041414791150550447
11 23 0.02441099384085727
11 24 0.17112948440213188
11 25 0.014493546081952257
11 26 0.1217048654136518
11 27 0.06510027162456664
11 28 -0.01850535774612268
11 29 0.08768706560170444
11 30 0.21549022816695107
11 31 0.12064450092574078
11 32 -0.20730036225381876
11 33 0.14243071833650667
11 34 -0.0026597503934087737
11 35 0.1760593331496676
11 36 -0.020798570450504376
11 37 0.06394335877678532
11 38 -0.0117764963394362
11 39 -0.1261418536643692
12 12 0.0
12 13 0.044422977973516985
12 14 0.14941453243904418
12 15 0.12154481157725032
12 16 -0.05955501055230054
12 17 0.014483304899103277
12 18 -0.0015791370992103994
12 19 -0.06983707645704705
12 20 0.08202376260416354
12 21 -0.12344993094290566
12 22 0.049743064218161506
12 23 -0.01534491994891803
12 24 -0.15264929366218052
12 25 -0.0433022229072306
12 26 0.15721750805293924
12 27 0.09617122849686889
12 28 0.06770694219810693
12 29 -0.10934000495242968
12 30 0.08243383866265941
12 31 0.08375812283095056
12 32 0.07232977716777376
12 33 0.0546980159843737
12 34 -0.12856902333108686
12 35 -0.08172571687759574
12 36 -0.11785038632476255
12 37 0.13236608329104677
12 38 -0.013421845294649608
12 39 -0.0034686975745350317
13 13 0.0
13 14 -0.18713161732866918
13 15 -0.17539868765231187
13 16 -0.10057185623043947
13 17 0.038585974624862164
13 18 0.06904123027586155
13 19 -0.12084867050881598
13 20 -0.08927284800123435
13 21 0.08041406389860464
13 22 -0.015404080678641078
13 23 0.07337325590242344
13 24 -0.06411472111696932
13 25 0.005296700268141313
13 26 0.09361462642170346
13 27 0.04123036636414079
13 28 0.07829234722462748
13 29 0.12013218918019383
13 30 -0.012054520055775895
13 31 -0.07710223151019578
13 32 -0.029548567187011338
13 33 0.016301158464141385
13 34 0.10889981621703801
13 35 -0.056683719622970016
13 36 0.02092755282658992
13 37 -0.04188173858838208
13 38 0.07120171335352622
13 39 -0.15882342074969794
14 14 0.0
14 15 0.20829046934226675
14 16 0.03476357313811389
14 17 -0.2070908231080244
14 18 -0.11427646904932158
14 19 0.04987940554174379
14 20 0.29743786902696623
14 21 0.006537859267108891
14 22 0.08693796366461345
14 23 -0.07508165201725245
14 24 0.1803319673403322
14 25 -0.13566085107038287
14 26 0.16555778032345908
14 27 0.08554841371456486
14 28 -0.0033715574311032545
14 29 -0.043241620797370484
14 30 -0.01239784451164425
14 31 0.04633599732282582
14 32 -0.15357341731742244
14 33 -0.04811453974352125
14 34 -0.04962359894975755
14 35 0.06205592113169095
14 36 0.012298532361189234
14 37 0.10094041315040447
14 38 -0.30201217608464137
14 39 0.1178595391455369
15 15 0.0
15 16 0.09305980511302844
15 17 -0.047094272317425676
15 18 -0.15073710268059318
15 19 0.04742392706242164
15 20 0.16058922960277308
15 21 -0.014022092934867763
15 22 0.123390793772614
15 23 -0.07765750577078621
15 24 0.03525182898583136
15 25 -0.009093957962027447
15 26 0.13175735013873252
15 27 0.0521759973691011
15 28 0.059471671373817536
15 29 -0.09310041218132649
15 30 0.14881112597957108
15 31 0.06440880643378463
15 32 -0.032809738822817014
15 33 -0.011626713987090179
15 34 -0.11288678501767199
15 35 0.1487702930108131
15 36 0.093422704195302
15 37 0.06538705615155806
15 38 -0.06873063955511524
15 39 -0.05762603489315417
16 16 0.0
16 17 -0.15713842035170184
16 18 -0.04034695158100934
16 19 -0.08878629214735606
16 20 0.15080797503973928
16 21 -0.09626332047026695
16 22 0.11781386608583619
16 23 -0.044062199642777904
16 24 0.08669438025711755
16 25 -0.10717019155068355
16 26 0.021318773096541167
16 27 0.01613578283274502
16 28 -0.18722829215260206
16 29 0.03768102498611198
16 30 0.27736643720938187
16 31 -0.049463481504558655
16 32 -0.06554251441276379
16 33 0.05235823726334825
16 34 0.025710288721446185
16 35 0.12980518490469103
16 36 -0.14434202555927084
16 37 0.09853165755715607
16 38 0.07495035751741637
16 39 -0.04870927088234682
17 17 0.0
17 18 0.08108076086924322
17 19 -0.0739002098081479
17 20 -0.34194472881525695
17 21 0.03729600860781654
17 22 -0.14202387392708016
17 23 -0.03958098882024021
17 24 -0.11863272023317428
17 25 0.08677872468446193
17 26 -0.09892474877710802
17 27 -0.13563894649253355
17 28 0.09055520764947941
17 29 0.1154686510987966
17 30 -0.09485195339985894
17 31 -0.006219419957517332
17 32 -0.0053025837952840795
17 33 0.04567348735687969
17 34 0.006983313714933088
17 35 -0.05085321469496827
17 36 0.05761506944408347
17 37 -0.13264504974280827
17 38 0.10770610445738038
17 39 0.07709686974998589
18 18 0.0
18 19 -0.017643182582773524
18 20 -0.18968788493746505
18 21 -0.051542391428816225
18 22 -0.09839402686734952
18 23 0.08710836360940485
18 24 -0.14197227416912245
18 25 0.08019877231348999
18 26 0.08919665340530489
18 27 -0.058105429914116845
18 28 0.0759820429156104
18 29 0.029008993998528194
18 30 -0.06326197367448796
18 31 0.013260126603466474
18 32 0.02777332778751459
18 33 0.043558786013895345
18 34 -0.05318650154817521
18 35 0.007655399435979225
18 36 0.030365532317198667
18 37 -0.0758536797272664
18 38 0.14483588382965398
18 39 0.14038265259037036
19 19 0.0
19 20 -0.03336491128530878
19 21 0.03619667503511172
19 22 0.07830255823307929
19 23 -0.008719469843748634
19 24 -0.020881228144345943
19 25 -0.07468319318256146
19 26 -0.011754374529943611
19 27 -0.1760413318219095
19 28 -0.03026623828477376
19 29 -0.006372597448682425
19 30 0.0446642007060142
19 31 -0.01891250400258879
19 32 0.029072417203751737
19 33 -0.05139730247468753
19 34 -0.1357957417954947
19 35 0.02320380625296609
19 36 0.1495591028480488
19 37 -0.015216422814474054
19 38 -0.1423610010836446
19 39 0.09869242611830506
20 20 0.0
20 21 -0.091668962263147
20 22 0.17656293154318464
20 23 0.02912390571874614
20 24 0.20603042314019676
20 25 -0.03428668082370874
20 26 0.010896592458726784
20 27 0.33098917938534667
20 28 -0.08426697566791894
20 29 -0.14596828273307458
20 30 0.16325721255229136
20 31 0.08478945026347146
20 32 0.03738429296435183
20 33 -0.04346296404767889
20 34 -0.01008415457920785
20 35 -0.008229885472559578
20 36 -0.10948813532275861
20 37 0.13455613728429838
20 38 -0.23830751945947065
20 39 -0.11022385699914727
21 21 0.0
21 22 -0.07507089568209899
21 23 -0.04774158760899551
21 24 0.050053228815684116
21 25 -0.08258436840199307
21 26 -0.0914456705260812
21 27 -0.12783874419261662
21 28 0.18171510017131104
21 29 -0.008212023796901507
21 30 -0.11729789298215239
21 31 -0.12338962340696832
21 32 -0.04140511072749699
21 33 0.058385967705609707
21 34 0.040635999086154936
21 35 0.06832961219548456
21 36 0.1971460524659641
21 37 0.053316279648521335
21 38 -0.03191488204283048
21 39 -0.04512945490429292
22 22 0.0
22 23 -0.02309860147532023
22 24 0.023988630830532966
22 25 -0.08924724846080481
22 26 0.00000333765824650269
22 27 0.044984603440931234
22 28 -0.11296895835243861
22 29 -0.02280116062627297
22 30 0.20392668717182016
22 31 -0.038949364282602345
22 32 0.0906543947445863
22 33 -0.0515183037990641
22 34 -0.04164897311875952
22 35 -0.025937544210522336
22 36 -0.01179558466487854
22 37 0.09734023140968422
22 38 -0.13678959949945496
22 39 -0.04683377679836307
23 23 0.0
23 24 -0.024568607964961044
23 25 0.07681016213564185
23 26 0.02359598858988346
23 27 0.10954408149624537
23 28 0.05077428506833376
23 29 -0.046915019034337896
23 30 -0.0030903647150634646
23 31 0.06660475078241154
23 32 0.014742740338701803
23 33 0.020913020213731003
23 34 -0.02613617294791845
23 35 -0.019572981350190005
23 36 0.04227445663900334
23 37 -0.07901704806682283
23 38 0.0090625569432982
23 39 0.018649844699096408
24 24 0.0
24 25 0.06884098712563227
24 26 -0.04866511730732439
24 27 0.124886973021643
24 28 -0.012746199138275191
24 29 0.0825105914605085
24 30 0.02737924156903685
24 31 0.0574445933058655
24 32 -0.13969059144756074
24 33 -0.04812843833613375
24 34 0.05516203190033767
24 35 0.06051752640830803
24 36 0.022937146601265616
24 37 0.03233250601452388
24 38 -0.1416396963774822
24 39 -0.01638207335738201
25 25 0.0
25 26 -0.00018287377696676475
25 27 0.12111168842580963
25 28 0.14283411071299837
25 29 0.020232834147238515
25 30 -0.03585380168166024
25 31 0.19196552875545056
25 32 0.09713451952838677
25 33 0.017250439156507043
25 34 0.0009576538751016729
25 35 0.033763919211044345
25 36 0.1113454056623279
25 37 0.015216594061747964
25 38 0.11742003057274977
25 39 0.03896119477580322
26 26 0.0
26 27 -0.018476454143453135
26 28 0.08608264886010827
26 29 0.043613441784901966
26 30 -0.028346725856973905
26 31 0.11609753108137684
26 32 -0.18777582782914212
26 33 0.05829993590667128
26 34 -0.0965319837913031
26 35 0.1525640537381827
26 36 0.002482944356631551
26 37 0.006522946606539244
26 38 0.07359157559305697
26 39 -0.009567058959389852
27 27 0.0
27 28 0.03570965255082406
27 29 -0.12407699471064337
27 30 0.061542288628607424
27 31 0.0947979216943955
27 32 0.05028825780350847
27 33 -0.07812092738746682
27 34 0.046794021459524424
27 35 -0.06661408099764746
27 36 -0.10111996435115148
27 37 -0.0362443621158505
27 38 -0.07595119437367498
27 39 -0.09986504800997419
28 28 0.0
28 29 -0.07362124604245505
28 30 -0.12144250750420041
28 31 0.07236892211029049
28 32 -0.00259818582743015
28 33 0.06786246453831617
28 34 -0.0794930684972576
28 35 0.05961187373020223
28 36 0.23091240572088853
28 37 0.013099667780656321
28 38 0.05801380158992507
28 39 0.04425546350959339
29 29 0.0
29 30 0.02778116914182987
29 31 -0.05529721371053263
29 32 -0.12854988260694766
29 33 -0.038647144133743254
29 34 0.09420563637920178
29 35 0.04293560910482388
29 36 -0.01670892041634648
29 37 -0.05278119918355646
29 38 0.04597015610590598
29 39 0.003353444796956743
30 30 0.0
30 31 -0.011357150978398655
30 32 0.0782106253308579
30 33 0.013978474145894962
30 34 -0.08045198949899941
30 35 0.055428691362951386
30 36 -0.02885636155850576
30 37 0.09958511647360871
30 38 -0.050908385157053704
30 39 -0.05104151598824279
31 31 0.0
31 32 -0.04451967147953635
31 33 0.13457329616802102
31 34 -0.14529209190789855
31 35 0.05599956142148973
31 36 0.005981173670865545
31 37 0.008972536884704608
31 38 -0.045647286088112915
31 39 0.04076425873537744
32 32 0.0
32 33 -0.025235555989213725
32 34 0.01102163672938311
32 35 -0.19648091990102592
32 36 0.03991291364369695
32 37 0.2791589801762489
32 38 0.003460722010343168
32 39 0.03498145893920317
33 33 0.0
33 34 -0.11689175471101299
33 35 0.07150956032616891
33 36 0.008294064991552167
33 37 0.09033141689055699
33 38 0.011547657081251975
33 39 0.008779573136644722
34 34 0.0
34 35 -0.0814978262934395
34 36 -0.007526392502370194
34 37 0.04179248855854573
34 38 0.13722555183961307
34 39 -0.107339456573905
35 35 0.0
35 36 0.04249960036634029
35 37 -0.06668337735209168
35 38 0.059879370286383314
35 39 -0.039872555532324064
36 36 0.0
36 37 0.04879841311086596
36 38 -0.011325305700535764
36 39 0.11387326483985624
37 37 0.0
37 38 0.0024940204052688207
37 39 0.0027434684441172063
38 38 0.0
38 39 -0.03826840666436438
39 39 0.0
