0 0 0.0
0 1 0.08860733288890904
0 2 -0.03762201759325852
0 3 0.1150050735351161
0 4 -0.029296147047850236
0 5 -0.011522476474293367
0 6 0.03561591042360593
0 7 -0.03428008332511136
0 8 0.009950983342904852
0 9 0.0036395696678331773
0 10 -0.0027750930706875077
0 11 -0.06696740488263606
0 12 -0.2091286879563766
0 13 -0.01901466724364588
0 14 -0.016065142296664312
0 15 -0.059605648297479955
0 16 0.07075748640520932
0 17 0.08783849700313075
0 18 0.10119980828897288
0 19 0.17459510832718556
0 20 -0.08820469633380004
0 21 -0.08889114255355858
0 22 0.042674275332413886
0 23 0.13253985220733067
0 24 0.16393818444563096
0 25 -0.02124011011259447
0 26 0.00579120508062106
0 27 0.04765769995379589
0 28 0.12402094218507138
0 29 0.02870200965551124
0 30 -0.0020752763973334145
0 31 0.0005638836420343436
0 32 0.028679772754437227
0 33 0.056020923187042805
0 34 -0.007377419807749459
0 35 0.06521071106548645
0 36 0.013685555280809853
0 37 -0.005291945571234254
0 38 -0.06081534485936797
0 39 -0.24741829145109268
1 1 0.0
1 2 -0.014199130782065708
1 3 -0.05936389999817702
1 4 -0.03505889924565079
1 5 0.06484298853715749
1 6 -0.042769355404908733
1 7 0.10112819772004471
1 8 -0.1303881911442962
1 9 0.026554534184110933
1 10 0.002720357190478309
1 11 -0.01805842559987101
1 12 -0.016784488022723726
1 13 -0.21454481977780718
1 14 0.02985184661168243
1 15 0.0807574428519959
1 16 0.17127947324393542
1 17 -0.07198992635371161
1 18 -0.07927670101042922
1 19 0.2249243739384621
1 20 -0.12836829458589447
1 21 -0.1351805446925286
1 22 -0.05180216598222257
1 23 0.009298953342737348
1 24 0.08410338951707436
1 25 0.0912333957345363
1 26 0.13266708048838086
1 27 0.0283927613167591
1 28 -0.13325332719584732
1 29 0.16845873207479228
1 30 -0.008958185693331098
1 31 -0.10150710548590758
1 32 0.1235974291307906
1 33 0.009433130607594502
1 34 0.0621900828030455
1 35 0.1126143637118883
1 36 -0.24657320180657155
1 37 0.013000828459789731
1 38 -0.10711467971824924
1 39 -0.19408337388133595
2 2 0.0
2 3 0.05254948549819162
2 4 0.0980674705729955
2 5 -0.1695420013264202
2 6 -0.03778920219642093
2 7 0.010505199350175904
2 8 -0.06828174367714701
2 9 -0.009985149120749916
2 10 -0.048545999873182054
2 11 0.022525564962708515
2 12 -0.030881917516931767
2 13 -0.036644827647640446
2 14 -0.07518286708149716
2 15 0.0720926340706261
2 16 -0.08868771110036477
2 17 0.06119331879432888
2 18 0.03700579207816429
2 19 -0.16001437953595302
2 20 -0.08163426552577628
2 21 -0.02953465062615666
2 22 0.21416332649996975
2 23 -0.010451767873477876
2 24 0.001101433773221902
2 25 -0.04221658328066796
2 26 0.012136436255185228
2 27 0.08440643865276934
2 28 0.10540118641321568
2 29 -0.022845280131268388
2 30 -0.03630998880940471
2 31 -0.04853737103468765
2 32 -0.011800149034933897
2 33 0.0801965341314803
2 34 0.10396068444316127
2 35 0.019347388481204857
2 36 0.13828497388374647
2 37 0.03284522564784564
2 38 0.011425617086410957
2 39 -0.08653480845683065
3 3 0.0
3 4 0.15240629123962993
3 5 0.0003558057556548208
3 6 -0.011102648714356293
3 7 -0.021941088168473868
3 8 0.12955761320685494
3 9 -0.03977824788811683
3 10 -0.08289248957164932
3 11 0.023555146736282416
3 12 -0.16199427198058952
3 13 -0.03912022766715893
3 14 0.02775227582106739
3 15 -0.028136472001174286
3 16 0.11770110886296822
3 17 0.38217273942566227
3 18 -0.1908417799383808
3 19 -0.003336146543217365
3 20 0.01743794629459434
3 21 -0.24543045946749045
3 22 0.2783330396956635
3 23 -0.20585225713238575
3 24 0.09823606366774351
3 25 -0.10121541461316848
3 26 0.0752026521981583
3 27 0.3786423180077079
3 28 0.02422416963704607
3 29 -0.001497655668728288
3 30 -0.1306882129861964
3 31 -0.06248483920934199
3 32 -0.3046205765953518
3 33 0.07603600090754105
3 34 0.051345253379652865
3 35 0.09582200405419485
3 36 0.32205754374123674
3 37 -0.027791094625871388
3 38 0.055886796750834786
3 39 -0.05407113315289175
4 4 0.0
4 5 -0.025915171086720375
4 6 0.1583567706982008
4 7 0.08237239518133174
4 8 0.009632828392469584
4 9 0.009489084222583632
4 10 0.01683621833696102
4 11 0.08669485210797537
4 12 0.09744516191856657
4 13 0.10427420987855959
4 14 0.06862892067539014
4 15 -0.21587635812721584
4 16 0.049116697960272855
4 17 0.08771499352311247
4 18 0.08559599778175447
4 19 -0.12051962151881868
4 20 0.05579598136090278
4 21 -0.1288014303277402
4 22 -0.016232368201545295
4 23 -0.00886146493678003
4 24 -0.0346804418342128
4 25 -0.05938755917178941
4 26 -0.024154516038431544
4 27 0.04875348258760265
4 28 0.02551988943773828
4 29 0.05871628767345224
4 30 -0.13026276198266304
4 31 0.04499601597540252
4 32 0.10105852748407858
4 33 0.10645833956665778
4 34 0.10386012902229695
4 35 -0.06620820396689187
4 36 0.1275232549689378
4 37 -0.07829607264784792
4 38 0.0337440133826967
4 39 0.1080970320850106
5 5 0.0
5 6 -0.07078259372084524
5 7 0.05879348234842434
5 8 0.14664127070126756
5 9 0.20512365957005127
5 10 -0.12401925875844959
5 11 0.15325151211030036
5 12 0.1253289656768248
5 13 -0.11130594854493789
5 14 -0.04137878119465712
5 15 -0.053593863472933476
5 16 0.21194950949264438
5 17 -0.2000684202108593
5 18 -0.09731413776447571
5 19 0.07770306083108312
5 20 -0.043317888474790414
5 21 -0.10928817626618634
5 22 -0.05071065952442126
5 23 -0.09963644555809884
5 24 -0.14483820491201752
5 25 0.000630864056124554
5 26 0.15884506734589474
5 27 0.013537819555394567
5 28 -0.09034297362708439
5 29 0.0746113688380045
5 30 0.002112546523166589
5 31 0.06385636136441517
5 32 0.04940237237970715
5 33 -0.011967491330666538
5 34 0.12607541777240264
5 35 0.07638440816522299
5 36 -0.16667011722443342
5 37 -0.13459801280603528
5 38 -0.0037763433075790665
5 39 -0.13926447935415387
6 6 0.0
6 7 0.04085698535856917
6 8 -0.14793020291254533
6 9 0.016614497481591675
6 10 0.11384846908775222
6 11 0.0002470420636185148
6 12 -0.05407181178020515
6 13 0.11485916233234375
6 14 0.13590188507723852
6 15 0.0027480231943006984
6 16 -0.1364686497869544
6 17 -0.1963263355660583
6 18 0.19295475864650236
6 19 -0.13978944296237406
6 20 0.09532632132522273
6 21 -0.08821339571208471
6 22 -0.1543643686735053
6 23 0.07408491299149768
6 24 0.01425367197108852
6 25 0.008148439132303776
6 26 -0.09113476892941161
6 27 0.08595661490217237
6 28 0.0009154555994092643
6 29 -0.14775401940193175
6 30 0.05773764844414951
6 31 -0.15334287133328714
6 32 0.07779694670134976
6 33 0.19328020126875706
6 34 -0.012236252278354095
6 35 -0.14313873238353433
6 36 0.22985113695243106
6 37 -0.05386153453595503
6 38 -0.0005784795140619185
6 39 0.2295699068406293
7 7 0.0
7 8 -0.053316329078456105
7 9 0.014925723021780302
7 10 -0.12573849050871155
7 11 -0.08140741284556877
7 12 0.04368143416892449
7 13 0.03569236305167804
7 14 0.06324516784075739
7 15 0.07097600550784075
7 16 0.1707544514671511
7 17 -0.14387658358369518
7 18 0.04918362355448798
7 19 0.07837731826340139
7 20 -0.07495030253449224
7 21 -0.13164669129203227
7 22 -0.22771083750264345
7 23 -0.009141226875354371
7 24 -0.010570205567715695
7 25 0.01151911869533657
7 26 -0.07335830638072707
7 27 0.028604701176180757
7 28 -0.13204596226944837
7 29 0.06804938839581051
7 30 0.07748796384186074
7 31 -0.09274635433474775
7 32 0.2504162039971676
7 33 0.13205210266729211
7 34 0.12136455786331657
7 35 -0.06425182558710864
7 36 -0.08633767426009806
7 37 -0.03104484230944294
7 38 -0.10829675004680188
7 39 -0.0011095928036640266
8 8 0.0
8 9 0.08590653682735265
8 10 -0.21968080796633044
8 11 0.1360107161670704
8 12 -0.06778112846113105
8 13 0.0386616962666582
8 14 0.0019553395536592937
8 15 0.0017599235162062145
8 16 0.113361316172957
8 17 0.14712028595724264
8 18 0.10664453582834084
8 19 -0.07116709321728035
8 20 0.03517930313000006
8 21 0.0328319948070678
8 22 0.044158516703109905
8 23 -0.0558683079360409
8 24 -0.06099974695043185
8 25 -0.14653494096704966
8 26 0.05584220036763232
8 27 -0.09733381754405616
8 28 0.14603819566470594
8 29 -0.08379964800002286
8 30 -0.02512559210383894
8 31 0.19213231998510832
8 32 0.02421978355934306
8 33 -0.014705351851298515
8 34 0.04314298201853544
8 35 0.08601543069123231
8 36 -0.09154478577677544
8 37 -0.014438282298321581
8 38 0.029638769939231036
8 39 0.06861182134886559
9 9 0.0
9 10 -0.14234134512369698
9 11 0.1572327677102229
9 12 0.010279746398913558
9 13 0.00502388517605294
9 14 0.018662939535584483
9 15 0.006766973106375067
9 16 0.1232141973427668
9 17 -0.2706542669516452
9 18 0.06762498241082296
9 19 -0.013927045311260749
9 20 -0.07768441614313754
9 21 -0.06155905403024135
9 22 -0.017242310790834763
9 23 0.050164353528244554
9 24 -0.03219284228997472
9 25 -0.0022002264553835876
9 26 0.08239219886211628
9 27 0.0071777835434339785
9 28 -0.07243900524077058
9 29 -0.009329275039850853
9 30 0.04347219664311484
9 31 -0.04097999096743791
9 32 0.09153364417948553
9 33 0.1126163948941384
9 34 0.10519401516167173
9 35 0.05371079509661849
9 36 -0.043850295895604144
9 37 -0.11628235839751166
9 38 -0.0431473927108431
9 39 -0.058326923325995206
10 10 0.0
10 11 -0.17871447351724692
10 12 0.2624127981652201
10 13 -0.007039610171988524
10 14 -0.01561580464621785
10 15 -0.14412010979674128
10 16 -0.1320300348473741
10 17 -0.013917831484554994
10 18 -0.06066919387420959
10 19 0.06816955237490803
10 20 0.06067698767728537
10 21 0.05606271342569454
10 22 -0.10417015047336912
10 23 0.046728556827827124
10 24 -0.015977489708783082
10 25 0.04869956862878024
10 26 -0.093617247065386
10 27 0.027506709190716978
10 28 0.020128496852422167
10 29 0.007232312331215895
10 30 0.0055136033744230695
10 31 -0.0012286655850322664
10 32 -0.0012310866065177455
10 33 -0.07750225512643565
10 34 -0.1567016308356501
10 35 -0.08350605187806273
10 36 0.19695562250510762
10 37 0.0313110265528945
10 38 0.14467890728597566
10 39 0.09285884261404279
11 11 0.0
11 12 -0.0056142501087718625
11 13 -0.025781527326620212
11 14 0.06513193392153913
11 15 -0.03997283407842076
11 16 0.10620716842962341
11 17 -0.06671400576443848
11 18 -0.07173794370474638
11 19 -0.13445128643737164
11 20 -0.06030340270990188
11 21 0.1186943452063127
11 22 -0.0006271910118495606
11 23 0.01329853391939632
11 24 -0.08015775826191475
11 25 0.000377652986865995
11 26 0.04283227024801844
11 27 -0.0445661982226704
11 28 -0.058200642827380064
11 29 0.009155791116445636
11 30 -0.14732088626266868
11 31 -0.07194318850451702
11 32 0.017096804321236333
11 33 0.08836656033871522
11 34 0.12967420102191665
11 35 0.02572604929027772
11 36 -0.0749011305010672
11 37 -0.08991911975298539
11 38 -0.023029392113796943
11 39 0.012821181386305539
12 12 0.0
12 13 0.03429315761497665
12 14 -0.012793793487304542
12 15 -0.10531927916666753
12 16 0.0067252637902018965
12 17 -0.17164571582999505
12 18 -0.12797188924335162
12 19 -0.003664631183368077
12 20 0.0378791087897115
12 21 0.06585414673469075
12 22 -0.22487078347679476
12 23 -0.06156278973874121
12 24 -0.20050172803365318
12 25 -0.02013430067105736
12 26 -0.02073896932579184
12 27 -0.059317771010746555
12 28 -0.11263615959826927
12 29 0.042628596284337766
12 30 -0.041531823973383675
12 31 0.09673137059644746
12 32 0.1674984517818411
12 33 -0.057827982352706045
12 34 -0.0019671447448581115
12 35 -0.07741278175878706
12 36 0.02442480318794497
12 37 -0.03264682046544142
12 38 0.20305136843707333
12 39 0.17185091625157464
13 13 0.0
13 14 0.09625944554792298
13 15 -0.06668231585112676
13 16 -0.09844615865267661
13 17 -0.0583683816603993
13 18 0.193341235274139
13 19 -0.09185866561598745
13 20 0.10868112516697195
13 21 0.0450876327236541
13 22 -0.17697874472548367
13 23 0.1993218045030744
13 24 0.050911704209855524
13 25 -0.06664059365267196
13 26 -0.12380089885069064
13 27 -0.1125527786238902
13 28 -0.0018391783776756515
13 29 -0.15217483940127768
13 30 -0.043412429936665234
13 31 0.07618475663309707
13 32 0.07562054420058967
13 33 0.10475104340614087
13 34 -0.027188705808031528
13 35 -0.12040120299427118
13 36 0.11871841757816799
13 37 -0.004519397237135246
13 38 0.028948787547228745
13 39 0.19272200834915065
14 14 0.0
14 15 0.0009467480878427982
14 16 0.028276080481515857
14 17 -0.03990201237746406
14 18 0.03890157116480165
14 19 -0.02151718239275928
14 20 0.07543101553799411
14 21 -0.019637342671766863
14 22 -0.11084734041943187
14 23 0.09457006817753046
14 24 0.034230178400210656
14 25 0.06195400907047936
14 26 -0.03621389335461194
14 27 -0.001196106124080277
14 28 -0.12942873448350853
14 29 -0.04833033568768244
14 30 -0.06557203883682723
14 31 -0.10433478118597736
14 32 0.06913723162714616
14 33 0.10103787443507764
14 34 -0.019951666271897338
14 35 -0.0903043557676576
14 36 -0.007405245344003405
14 37 -0.04991683120208028
14 38 -0.06281991941259793
14 39 0.1493575487034244
15 15 0.0
15 16 0.015060582031917891
15 17 -0.09829758466357234
15 18 -0.04274369914195527
15 19 -0.13222049685853374
15 20 0.0667279535731081
15 21 -0.0674038935908995
15 22 -0.12390744626894046
15 23 -0.07573636433172107
15 24 0.05287639034780761
15 25 -0.11581796544670904
15 26 0.07774672696292802
15 27 0.1428458145342744
15 28 -0.08763183565354346
15 29 -0.28128600848479446
15 30 0.0678397954085965
15 31 -0.08387832040652018
15 32 0.014598620587261552
15 33 0.08213706988751573
15 34 0.05505611693292521
15 35 0.025482181883361026
15 36 -0.07254883068050785
15 37 0.18824147777603178
15 38 0.09674926839657315
15 39 0.12868837703962258
16 16 0.0
16 17 -0.053551322458216
16 18 -0.05631205567853279
16 19 0.14355078384926884
16 20 -0.05626848263923366
16 21 -0.1690298844616496
16 22 -0.16315017619623767
16 23 0.01320841411432458
16 24 0.054653402862078
16 25 0.03355685312163846
16 26 0.06228668142989906
16 27 0.10399882101529001
16 28 -0.171414367988518
16 29 0.15726031325913065
16 30 -0.035154262738954146
16 31 -0.0038953328549273187
16 32 0.175799698222581
16 33 0.054318386944845545
16 34 0.12453023046492155
16 35 0.06639750619867826
16 36 -0.1529572597794006
16 37 -0.06615911458895865
16 38 -0.031728859408301405
16 39 -0.14352165605913933
17 17 0.0
17 18 -0.1920308587537333
17 19 -0.017561668912135786
17 20 0.1604730282694456
17 21 -0.00869828733190017
17 22 0.3166781173763212
17 23 -0.23987931346282085
17 24 0.03616561127045451
17 25 -0.09147687122100574
17 26 -0.04911976595003474
17 27 0.01152926979919735
17 28 0.252586940666315
17 29 0.09700360566439238
17 30 -0.16808359808533652
17 31 0.2714987084121069
17 32 -0.18645661918396295
17 33 -0.2518902154847253
17 34 -0.12845469471453322
17 35 -0.019580066105710364
17 36 -0.08598311760034487
17 37 0.0728016677777127
17 38 0.12796718936231932
17 39 -0.17162073036861902
18 18 0.0
18 19 -0.07519374217792564
18 20 0.0034827655625629074
18 21 -0.008936252486677745
18 22 -0.13415768135898748
18 23 0.23330990418022032
18 24 0.05373518767907437
18 25 0.0011901400393165343
18 26 -0.006385215592601759
18 27 -0.17550503859886016
18 28 0.1779326445771166
18 29 -0.14827443090805434
18 30 0.05933203491009929
18 31 0.08751118845490084
18 32 0.27562108701365473
18 33 0.16603138974374368
18 34 0.05699195673723543
18 35 -0.033037308688197105
18 36 0.06864488087643224
18 37 0.07949677560461516
18 38 -0.09955556324991326
18 39 0.13498646137963527
19 19 0.0
19 20 -0.19690184644693115
19 21 -0.0030327050205627955
19 22 -0.07648142318345477
19 23 0.0001644437537078389
19 24 0.1271384867762279
19 25 0.08045750426798282
19 26 0.026268799640677753
19 27 -0.0195191447068018
19 28 -0.0919625116602866
19 29 0.24407000862568182
19 30 0.05774809202556752
19 31 -0.03435014855421658
19 32 0.07712129765924966
19 33 -0.06066845861729717
19 34 -0.05319934177224367
19 35 0.1054428148133039
19 36 -0.15203477506251334
19 37 0.015428875747569312
19 38 -0.08429920636007927
19 39 -0.23916547118689108
20 20 0.0
20 21 -0.12030870701475967
20 22 -0.012305066200668317
20 23 0.00886768212494598
20 24 -0.05469565350768686
20 25 -0.01964108503152819
20 26 -0.02033706604515311
20 27 0.021499433515777742
20 28 -0.008130850098482809
20 29 -0.13853530155381155
20 30 -0.07752403585214021
20 31 0.15167789848129587
20 32 -0.06724961683982023
20 33 -0.08376687611877406
20 34 -0.08251744232240052
20 35 -0.17186019160068844
20 36 -0.008746321176820572
20 37 -0.024687889120065556
20 38 0.09032777542714646
20 39 0.18700108706075086
21 21 0.0
21 22 -0.12387196303840935
21 23 0.019672856216576436
21 24 -0.06342326629549563
21 25 0.036506744330737875
21 26 -0.14631953583448795
21 27 -0.2826150319343946
21 28 0.06424793007767794
21 29 -0.009547463707526196
21 30 0.011551036776179704
21 31 -0.013883540355234484
21 32 0.03775906260229594
21 33 -0.08168979989780971
21 34 -0.103632927176797
21 35 -0.01184226058697955
21 36 -0.04944059760341904
21 37 0.11043558504481321
21 38 0.03488837750736912
21 39 0.12362480564694958
22 22 0.0
22 23 -0.16754965832727925
22 24 -0.008302960258816518
22 25 -0.021177864616019667
22 26 0.12110074587213429
22 27 0.17435048723609053
22 28 0.17451340809676436
22 29 0.08832369445117005
22 30 -0.018120521867414766
22 31 0.0041199389415818195
22 32 -0.3803894298731893
22 33 -0.1110047094917292
22 34 -0.016872064220971535
22 35 0.08887895867950554
22 36 0.08786097348337692
22 37 -0.10874222780891293
22 38 -0.07640851588621841
22 39 -0.25650830154384974
23 23 0.0
23 24 0.14344618832565775
23 25 0.01823521117332966
23 26 -0.08287960916480364
23 27 -0.1272334011538776
23 28 0.04257396835487644
23 29 -0.15960810795795163
23 30 -0.11545601597382966
23 31 -0.06089432241072975
23 32 0.11561374045070186
23 33 0.17545620069627063
23 34 0.022937494833814586
23 35 -0.05547163966329283
23 36 0.026535507876630372
23 37 -0.058196577058346265
23 38 -0.14838457176229974
23 39 -0.053169738717507006
24 24 0.0
24 25 0.0020449973384022288
24 26 -0.011510211054475574
24 27 0.072330671299665
24 28 -0.024800795598672147
24 29 0.003957530189880864
24 30 -0.014409397466990853
24 31 -0.08424042953446904
24 32 -0.0352354867552668
24 33 0.07599137617374496
24 34 -0.018667184575663416
24 35 0.05249172263823541
24 36 0.047794606431152915
24 37 0.053156096354791474
24 38 -0.0748847434289187
24 39 -0.08195537399663944
25 25 0.0
25 26 0.08287321244523059
25 27 -0.013978879101574332
25 28 -0.22023022936036166
25 29 0.099407125084301
25 30 -0.06739892029171948
25 31 -0.14541220998208887
25 32 -0.01136347427050009
25 33 -0.023874958377885135
25 34 -0.008872598820920482
25 35 -0.058464889553910285
25 36 0.013073431980340455
25 37 0.07369123044117655
25 38 -0.1360621684461632
25 39 -0.12420556972895931
26 26 0.0
26 27 0.08074640870882646
26 28 -0.07564423059195488
26 29 0.010043304433254793
26 30 -0.12369551038954496
26 31 0.008075886344697867
26 32 -0.10244458843682411
26 33 0.004470894762454264
26 34 0.13542891344945623
26 35 0.1317052004845801
26 36 -0.03169425346119667
26 37 0.08214856849145528
26 38 -0.05448045040432544
26 39 -0.08037140281284828
27 27 0.0
27 28 -0.1199213405598778
27 29 -0.003291377548618881
27 30 -0.04774451028479198
27 31 -0.19751745724869801
27 32 -0.21331684017616676
27 33 0.11393100506834339
27 34 0.0722422423549653
27 35 0.0031377707282047537
27 36 0.3064003882530747
27 37 -0.03492242583270015
27 38 0.03051551258582762
27 39 -0.0320402118375144
28 28 0.0
28 29 -0.10987111746136688
28 30 0.05900930207691555
28 31 0.21019010320602197
28 32 0.0003502091298223958
28 33 -0.051020851265745605
28 34 -0.04428277546576501
28 35 0.05582904310327854
28 36 0.046589812579890054
28 37 0.004168741824536885
28 38 0.06952362907448106
28 39 -0.08128946233684725
29 29 0.0
29 30 -0.0015636131219427453
29 31 0.004559411435229377
29 32 0.06708374642152168
29 33 -0.12955657618003086
29 34 0.005918377605671187
29 35 0.01712714219572715
29 36 -0.20988450642762632
29 37 -0.07999902522806326
29 38 -0.08032286427133103
29 39 -0.21651536327568205
30 30 0.0
30 31 -0.006417765961912321
30 32 0.0792576954486595
30 33 -0.05276565425503158
30 34 -0.14424633779141785
30 35 0.05787751665055202
30 36 -0.040667683126475465
30 37 -0.08859258909026876
30 38 0.03333313366898723
30 39 0.01282253753471974
31 31 0.0
31 32 0.10245773795583246
31 33 -0.19257826022243887
31 34 -0.047317668023728866
31 35 -0.008179282489672542
31 36 -0.20028396621770866
31 37 0.015243804327522065
31 38 0.1552623118497757
31 39 -0.04675764657797503
32 32 0.0
32 33 0.09811588633612875
32 34 0.05555208918340972
32 35 -0.10664077084296955
32 36 -0.25454396909069416
32 37 -0.01882794157113112
32 38 0.03261519958223057
32 39 -0.005706538267478998
33 33 0.0
33 34 0.1438876536612803
33 35 -0.004561988659983146
33 36 0.2010289684317054
33 37 -0.016885031990802567
33 38 -0.07566124959779459
33 39 0.07973366482651872
34 34 0.0
34 35 0.053973861867000594
34 36 0.016179683876353254
34 37 0.027570807288889075
34 38 -0.06840983524771763
34 39 -0.04847185657773932
35 35 0.0
35 36 -0.006601560439337503
35 37 0.05234832628771798
35 38 -0.02851582876593715
35 39 -0.09331725985109249
36 36 0.0
36 37 0.0672723924658421
36 38 0.0828111708093321
36 39 0.20048885910486258
37 37 0.0
37 38 0.03679056194646919
37 39 0.09360884799705169
38 38 0.0
38 39 0.08671034216617184
39 39 0.0
