0 0 0.0
0 1 0.05772077340020668
0 2 -0.01039274481672498
0 3 -0.01576630862153067
0 4 0.026975149535434513
0 5 0.1551025950170393
0 6 -0.0697383740106077
0 7 -0.066097810354288
0 8 -0.09193398353745137
0 9 0.0690395090259674
0 10 -0.0784580020550822
0 11 0.05642586261324416
0 12 -0.14499923362306713
0 13 0.12845757286558762
0 14 0.04680400625917607
0 15 0.10752516430071198
0 16 -0.06193409079685756
0 17 -0.028518539190954394
0 18 -0.05558030118300816
0 19 -0.03961136244783809
0 20 0.13618573485561558
0 21 0.05852273303813704
0 22 -0.09304316804822411
0 23 -0.05898423595141683
0 24 0.034650968634338364
0 25 0.060453319402427264
0 26 -0.012032660995352296
0 27 0.10667535297081024
0 28 0.0032754305537930927
0 29 -0.02072202750123601
0 30 -0.06251121274490672
0 31 0.06173187738784989
0 32 0.07475103605876679
0 33 0.0008278603684026213
0 34 0.06350692811763857
0 35 -0.055364522378660005
0 36 0.048111857517387745
0 37 -0.007890618362477965
0 38 -0.010652694009575215
0 39 -0.005836828129212435
1 1 0.0
1 2 0.00007892349194926945
1 3 -0.02665084851825635
1 4 0.005618331189434095
1 5 0.06324498827334597
1 6 -0.05992996052924737
1 7 -0.06772423548560916
1 8 -0.052181092042683896
1 9 0.03359100368481717
1 10 -0.06414437699432743
1 11 0.02649967434399802
1 12 0.006453732911730367
1 13 0.11390262903006176
1 14 0.02744857869630544
1 15 0.08790818689862424
1 16 0.0009448015118341799
1 17 -0.03688210941959895
1 18 -0.08685172798374917
1 19 -0.016666412130512308
1 20 0.13231169376170618
1 21 0.03022155368162911
1 22 -0.10885657622429794
1 23 -0.05195381837142179
1 24 0.01205588464963248
1 25 0.009111427234543529
1 26 -0.003267473544041736
1 27 0.03437655643118849
1 28 -0.014435272054673976
1 29 0.04625160772001105
1 30 -0.0025666590900789003
1 31 0.006077137631538185
1 32 -0.018250096429885163
1 33 -0.025654096399318323
1 34 0.04812150987409807
1 35 0.03886080869441301
1 36 0.05423510286325332
1 37 0.07515251360235206
1 38 -0.012330291502571865
1 39 0.00869447792549723
2 2 0.0
2 3 0.019623070807701162
2 4 -0.06230086215486067
2 5 -0.14750026177618725
2 6 0.1103124191746884
2 7 0.047996158408368954
2 8 0.06821486408940153
2 9 -0.07530414543296868
2 10 -0.02439064280175158
2 11 -0.05491852361427082
2 12 -0.017924565451008952
2 13 -0.009285584745770476
2 14 -0.04533745742872952
2 15 -0.0730615884981038
2 16 -0.00746134306695474
2 17 0.11684335654428697
2 18 0.0908758219061853
2 19 -0.1076736381666477
2 20 0.05715336064407857
2 21 0.012986042757326035
2 22 -0.035316025609356996
2 23 0.0023337660445422563
2 24 0.04277110167323845
2 25 -0.11020396916514089
2 26 0.01049010124559709
2 27 -0.023193924406483445
2 28 0.07646984566034029
2 29 -0.08658382292052344
2 30 0.09088158255356614
2 31 0.06475613588814627
2 32 -0.047537498153964124
2 33 -0.044422963825912834
2 34 0.09955358973753503
2 35 0.05783374420444195
2 36 -0.15664850157885585
2 37 -0.005546373030891767
2 38 0.06092230470093738
2 39 0.07768350815618064
3 3 0.0
3 4 0.11189367802161136
3 5 -0.04973417667895709
3 6 -0.05928864583206368
3 7 -0.15490358777361393
3 8 0.05083330463572272
3 9 -0.021149397397869106
3 10 -0.06865283559476433
3 11 0.04305130604151966
3 12 0.00743047461458151
3 13 -0.0865907273048468
3 14 0.05001337698716988
3 15 -0.07650589415492055
3 16 -0.0745334248477393
3 17 0.011955789485630879
3 18 0.01446444640876533
3 19 -0.13676950511349778
3 20 -0.044705128254222404
3 21 -0.03745752964856334
3 22 0.08132474866771248
3 23 0.008349168934683897
3 24 -0.041717670898949295
3 25 0.0068750095704717875
3 26 -0.09039905990052631
3 27 -0.12511493201897655
3 28 0.016707178184917307
3 29 -0.060223953387629134
3 30 0.03338153082452344
3 31 -0.15558572965029846
3 32 0.09173399464547752
3 33 -0.021759387100304554
3 34 -0.039677628331747365
3 35 -0.09776038667184807
3 36 0.004982192329313679
3 37 -0.08353147521631342
3 38 0.05618949347800152
3 39 -0.027507033566697425
4 4 0.0
4 5 0.19269429217436415
4 6 -0.1124185063666501
4 7 -0.016145861168412448
4 8 0.0332655541447118
4 9 -0.00025240160442317804
4 10 0.0026822615419267093
4 11 0.04130851038233772
4 12 0.052148353516342484
4 13 -0.10414081741514365
4 14 0.008058458735240616
4 15 0.10623450093987222
4 16 0.005148354147878932
4 17 0.0025416513296500345
4 18 -0.0776561404954126
4 19 -0.08341863119907626
4 20 -0.053561691229664775
4 21 -0.005714888065812754
4 22 0.12305732733319348
4 23 0.04695384096749012
4 24 0.09578127994131647
4 25 0.11358281563840222
4 26 0.006373321466084277
4 27 -0.08476977342636886
4 28 -0.03349889085100758
4 29 0.029678126681136667
4 30 0.022858060462382836
4 31 -0.1864213502585192
4 32 -0.02893877992256099
4 33 -0.01956040847034641
4 34 0.0012352700916486493
4 35 -0.05398671506170204
4 36 -0.0027106055461247496
4 37 0.039651288205393743
4 38 -0.04087105071183459
4 39 -0.10487948868104309
5 5 0.0
5 6 -0.3229486024642475
5 7 -0.012327277501448195
5 8 -0.09095157589776758
5 9 0.10091099472456946
5 10 -0.11734989353867412
5 11 0.02444746204516571
5 12 0.028367177343413597
5 13 -0.0824674280712559
5 14 0.05698691622592087
5 15 0.2587097324164248
5 16 -0.06237985565245148
5 17 0.0012107236520010392
5 18 -0.21080776001220536
5 19 0.14345542979272546
5 20 0.1732212916174056
5 21 -0.043098429670025626
5 22 0.09344849948068049
5 23 0.019921604455014542
5 24 0.08914288734785461
5 25 0.2781690407288811
5 26 0.1230285683103721
5 27 0.14382461481839812
5 28 -0.09871829663569034
5 29 0.16040855748685726
5 30 -0.02014809523412174
5 31 -0.05880146439154497
5 32 -0.061046672473944644
5 33 -0.120676618457629
5 34 -0.11980909388529312
5 35 -0.24647942865832345
5 36 -0.006721048679700861
5 37 0.06973086926483632
5 38 -0.06888261054981824
5 39 0.04074603544364614
6 6 0.0
6 7 0.14841968253809995
6 8 0.06990370242100244
6 9 -0.0748110926215319
6 10 0.13910410097758175
6 11 -0.030595391458852244
6 12 -0.021541792497805516
6 13 0.05335257318617296
6 14 -0.09311903714986373
6 15 -0.10947949321903094
6 16 0.09913538617859502
6 17 0.02401430166938043
6 18 0.1605015528580823
6 19 -0.06167298280509168
6 20 -0.15442884489149872
6 21 0.06408027434203457
6 22 0.00011908365946892326
6 23 0.012188372263353838
6 24 0.027602690765686784
6 25 -0.17529127577982107
6 26 -0.05499494786345207
6 27 -0.0783569089241673
6 28 0.07260974185789366
6 29 -0.13663830413744688
6 30 0.032796840306724855
6 31 0.061067012846275026
6 32 0.00496579205311845
6 33 0.07756647375297768
6 34 0.15731007024656413
6 35 0.20785550196357633
6 36 -0.055309247512454765
6 37 -0.006057288883881638
6 38 0.002663121829891649
6 39 -0.06693949275908938
7 7 0.0
7 8 0.05393155108376533
7 9 -0.04711752373715933
7 10 0.16971809929846923
7 11 -0.06868432231684175
7 12 0.07618998305318139
7 13 -0.03723756396590751
7 14 -0.10647421708478519
7 15 0.00585160946130345
7 16 0.16407830346817182
7 17 0.04753580455301162
7 18 0.12175419164231986
7 19 0.1382373586145075
7 20 -0.1258796518355757
7 21 0.024721516028236808
7 22 0.15165678681969258
7 23 0.03581680618660775
7 24 0.1052399359024386
7 25 0.014248292153171128
7 26 0.09332867528544594
7 27 0.019771784869806547
7 28 0.06426906257024702
7 29 -0.009844464518772796
7 30 0.06659527479734655
7 31 0.04584499859394844
7 32 -0.11125162685349096
7 33 -0.026775683375552195
7 34 0.04334144840861004
7 35 0.07475093335993513
7 36 -0.13820070895796582
7 37 0.05840419296957923
7 38 -0.04891882242891846
7 39 -0.015274460814574578
8 8 0.0
8 9 -0.11489116072815057
8 10 0.011483301822461935
8 11 -0.050518568506559336
8 12 -0.03176090150911599
8 13 -0.09239448685621254
8 14 0.01921819969371041
8 15 -0.013300160023334173
8 16 0.08285903535261854
8 17 0.09032541529822762
8 18 0.04933258015688236
8 19 -0.13562903234563775
8 20 -0.06628757686672007
8 21 -0.08892897057801283
8 22 0.12557518660694283
8 23 0.1526100294864257
8 24 0.05346148704300786
8 25 -0.053001344236518554
8 26 -0.010620406432186414
8 27 -0.11055679772447344
8 28 -0.006317499503488398
8 29 -0.024850007220866235
8 30 0.02429103223258363
8 31 0.014607023257739346
8 32 -0.039151706681579315
8 33 -0.002241266109229145
8 34 0.010432640090996355
8 35 0.05092968275274433
8 36 -0.01080238192143192
8 37 -0.007232526476447568
8 38 -0.01941729352058788
8 39 -0.004781980746632318
9 9 0.0
9 10 -0.0037106137728831535
9 11 -0.03815580337571331
9 12 0.0752562200033112
9 13 0.006534715454249687
9 14 0.004800739763582138
9 15 -0.011888911315871652
9 16 -0.02271978642324373
9 17 -0.020619117949394833
9 18 -0.05922396696036675
9 19 0.11872595062653472
9 20 0.058026913557564785
9 21 0.13522097629282237
9 22 -0.05609927541208087
9 23 -0.16409116000389312
9 24 -0.047383853765210426
9 25 0.07044179547174766
9 26 0.06155255446009791
9 27 0.019538958633843764
9 28 0.026899365539304377
9 29 0.08830341019859946
9 30 -0.03451260987932633
9 31 -0.07680894176836943
9 32 0.011780680752132821
9 33 -0.016450577999929994
9 34 -0.02029421393630023
9 35 -0.08395048528558299
9 36 -0.0576546776188261
9 37 0.022033078547106393
9 38 0.04468592304275803
9 39 0.010366079141800186
10 10 0.0
10 11 -0.01103069296730417
10 12 0.09662147302811276
10 13 -0.033663375748786896
10 14 -0.11039122828626029
10 15 -0.06556541039117457
10 16 0.08481222492841962
10 17 -0.03649082421339846
10 18 0.0942405091799389
10 19 0.06677003302033155
10 20 -0.20500761260625205
10 21 0.0833675839215415
10 22 0.027591066662366177
10 23 -0.040920071562688023
10 24 0.03817359192522064
10 25 -0.00991059015247156
10 26 0.05013170951777568
10 27 -0.036119592328304466
10 28 0.05194961560939963
10 29 -0.004571243692901713
10 30 0.014956873735143228
10 31 -0.06727493861554795
10 32 -0.06859734405041426
10 33 0.07760148107280355
10 34 0.032701415151516526
10 35 0.11155208220109436
10 36 -0.06267447840773534
10 37 0.02856571653129979
10 38 -0.0190038058300858
10 39 -0.10574478166138741
11 11 0.0
11 12 -0.04608996763284465
11 13 0.11381990121808024
11 14 -0.05199309067467178
11 15 0.0626988757074568
11 16 -0.14055512295547334
11 17 -0.153904504156669
11 18 -0.0190227141302659
11 19 -0.016857671282850727
11 20 -0.05823613949359967
11 21 -0.03983937643993994
11 22 -0.06810596268706923
11 23 0.003336304009093744
11 24 0.0012419588148398896
11 25 -0.010762471133164295
11 26 -0.15597340980403973
11 27 0.07873475681545776
11 28 -0.05573670936106344
11 29 -0.1555851044372886
11 30 0.024151222830353675
11 31 -0.03610392250293307
11 32 0.10847552782862446
11 33 0.05183733841718594
11 34 0.057655615868308294
11 35 0.03921304450141506
11 36 0.1334154002766976
11 37 -0.03443605194469519
11 38 -0.04997550503492565
11 39 -0.11185190187842908
12 12 0.0
12 13 -0.09840326132326185
12 14 -0.08954522976227719
12 15 -0.06271085303752268
12 16 0.03974781629021977
12 17 -0.009709483671425134
12 18 0.002503988794368316
12 19 0.17020709051646335
12 20 -0.07528232126235984
12 21 0.10025282332708818
12 22 0.05721648738895381
12 23 -0.1358797617316963
12 24 -0.008873861157604593
12 25 0.06021139665037575
12 26 0.08434157588912498
12 27 -0.05878461153524957
12 28 0.054852665704420225
12 29 0.08209992376787098
12 30 0.09526756452351222
12 31 -0.19759724356192637
12 32 -0.09788393658834693
12 33 -0.05906364857792003
12 34 -0.036000129282640216
12 35 -0.025350555842844475
12 36 -0.1584755023955376
12 37 0.07260974045604987
12 38 0.03951868262352132
12 39 -0.015882343426593882
13 13 0.0
13 14 0.017820380471078017
13 15 0.07258889594114645
13 16 0.015891502204484174
13 17 -0.14128414398905123
13 18 0.0023564955206848252
13 19 0.028226145748146435
13 20 0.11221614733278389
13 21 0.02419465317679392
13 22 -0.1763327877545261
13 23 -0.07595130623664016
13 24 -0.025657234079437173
13 25 -0.056436416086056186
13 26 -0.10316344933312946
13 27 0.13012725193308972
13 28 0.01621780256655434
13 29 -0.06612289091291632
13 30 -0.025111732590509184
13 31 0.1408148715950966
13 32 0.08638046044742388
13 33 0.017205097250371334
13 34 0.10486765002635048
13 35 0.12452473645426232
13 36 0.1720430359075386
13 37 0.03754682835395527
13 38 -0.039597094227769435
13 39 -0.011882682516181246
14 14 0.0
14 15 0.030791831894579746
14 16 0.05353859616479052
14 17 0.03173266468739956
14 18 -0.0489244388532492
14 19 -0.04740795608495574
14 20 0.13328154861611763
14 21 -0.08757123990470873
14 22 0.021406347183665624
14 23 0.056119348755551704
14 24 -0.046008360250217796
14 25 0.05894342792071109
14 26 0.03192603130581992
14 27 0.0010979777240622403
14 28 -0.016568207046744294
14 29 0.12014446104733623
14 30 -0.07990325804544679
14 31 0.07772543804198603
14 32 0.01686838125011206
14 33 -0.04227502665066877
14 34 -0.11937469989142897
14 35 -0.09447854515921197
14 36 0.11020248808258108
14 37 -0.01679560478117598
14 38 0.002946209175574778
14 39 0.09567862086466052
15 15 0.0
15 16 0.0251071249547627
15 17 -0.0275669421963677
15 18 -0.1466801685097505
15 19 -0.05141443933833796
15 20 0.0997402617211223
15 21 -0.038389155732171595
15 22 0.007758635333238081
15 23 0.09268508782850252
15 24 0.1210070019213911
15 25 0.07060240238762731
15 26 -0.012576744723164899
15 27 0.0496622767977399
15 28 -0.09752445650775039
15 29 0.0290414578184447
15 30 -0.021931948950867045
15 31 0.02049515447587154
15 32 -0.03042215179253347
15 33 -0.018749908411336762
15 34 0.07509968397769702
15 35 0.03626747657687891
15 36 0.10838884191619888
15 37 0.10187294539343521
15 38 -0.11011979984541524
15 39 -0.06050321070196709
16 16 0.0
16 17 0.06822781419720016
16 18 0.05149087944413412
16 19 0.01921517888563611
16 20 -0.013392595254757875
16 21 0.006574637639862881
16 22 0.1393017562325975
16 23 0.05149061744600601
16 24 0.05940026033800368
16 25 0.020945167171395974
16 26 0.10107461026110018
16 27 -0.08851819049612955
16 28 0.062164203128971675
16 29 0.13416953658365477
16 30 -0.01542007484977057
16 31 0.04449058826996086
16 32 -0.10602897190545871
16 33 -0.04243511435653754
16 34 -0.004357951044594038
16 35 0.08066045178197101
16 36 -0.005728090572921074
16 37 0.09763613930395657
16 38 -0.040028250252009734
16 39 0.018881848011791807
17 17 0.0
17 18 0.01481744637761502
17 19 -0.08660138450639963
17 20 0.051506839801253444
17 21 -0.0012185515731162736
17 22 0.09547024321913192
17 23 0.06653064899916647
17 24 0.046973429355225645
17 25 -0.022632820422072205
17 26 0.08688826286864781
17 27 -0.09332613926519244
17 28 0.026432535168545945
17 29 0.04855642030766101
17 30 0.014811616105567516
17 31 0.026391110025644378
17 32 -0.07412581327656073
17 33 -0.054609302099942046
17 34 0.007370335446514673
17 35 -0.03662830228187714
17 36 -0.14656682789266656
17 37 0.00679969345284253
17 38 0.03900041997983593
17 39 0.08336210230233504
18 18 0.0
18 19 0.05365629620486608
18 20 -0.11745244165913996
18 21 -0.009780622480654557
18 22 0.07469834932534283
18 23 -0.009387369344311166
18 24 -0.028052611289809064
18 25 -0.05674384075677545
18 26 -0.013357919678414648
18 27 -0.000760840226605328
18 28 0.09943491451162319
18 29 -0.09227186653342243
18 30 0.04941322155586398
18 31 0.053300161361419476
18 32 0.02620431486822833
18 33 -0.002501910644172771
18 34 -0.010160067878466223
18 35 0.019077099528650315
18 36 -0.07433128179910554
18 37 -0.07127204169910291
18 38 0.035366365520477304
18 39 0.027330646412404336
19 19 0.0
19 20 0.01213828970811982
19 21 0.025718341441041043
19 22 0.05914456733694949
19 23 -0.16389315194469817
19 24 -0.09763847553493298
19 25 0.1515287980898266
19 26 0.11084423711377944
19 27 0.1949496147501313
19 28 0.06189422501243004
19 29 0.09668515889489875
19 30 0.03645452643726834
19 31 0.02796997068792035
19 32 -0.016180193732135487
19 33 -0.10638153552916152
19 34 -0.18225809560452438
19 35 -0.17022738433817267
19 36 -0.08172674971605923
19 37 -0.0018702565659345443
19 38 0.01919229544099412
19 39 0.11809085441356841
20 20 0.0
20 21 -0.030410910040954003
20 22 -0.12648642705257593
20 23 -0.04130993261875543
20 24 -0.028028215776531827
20 25 0.058890853820246156
20 26 0.07721666972619214
20 27 0.1223232785699367
20 28 -0.006922253577546042
20 29 0.1381274400287543
20 30 -0.03752306989290116
20 31 0.1506541288549127
20 32 -0.02782828994217502
20 33 -0.11722117415310143
20 34 -0.054475608840380364
20 35 -0.10570261532854194
20 36 0.030341308523314653
20 37 0.0478898766502781
20 38 0.02896530542913004
20 39 0.19283921781004076
21 21 0.0
21 22 -0.09220013726445056
21 23 -0.19535549875612204
21 24 0.019375060904897184
21 25 -0.03180549453797398
21 26 0.030289803732531206
21 27 -0.06230673573155732
21 28 0.06705935138057906
21 29 -0.0033639776806012656
21 30 0.009073733505010336
21 31 -0.1282346371993079
21 32 -0.010514886285097221
21 33 0.037895720416151926
21 34 0.15080777286350655
21 35 0.07022115800870848
21 36 -0.13760408475625222
21 37 0.06047387561689711
21 38 0.04851204716768145
21 39 -0.08621216376083819
22 22 0.0
22 23 0.14008597425052396
22 24 0.05869921038388064
22 25 0.08301374211477838
22 26 0.00399629868445354
22 27 -0.11365272850959818
22 28 0.017925975910823188
22 29 -0.015559992785973031
22 30 0.06621829736479981
22 31 -0.07769435978298316
22 32 0.007928152861748925
22 33 -0.10666820688062398
22 34 -0.0688290926705884
22 35 -0.12196455877447132
22 36 -0.08385526581964561
22 37 -0.026946493865105253
22 38 -0.03300587396641898
22 39 -0.0015825719971796937
23 23 0.0
23 24 0.07751075362069354
23 25 -0.03387285601793098
23 26 -0.04843797986893813
23 27 -0.049556134979616855
23 28 -0.09791676469730047
23 29 -0.03995937751470338
23 30 -0.019833891385560434
23 31 0.09934194277417385
23 32 -0.015123720636913626
23 33 0.01764112718080435
23 34 -0.012461780513616343
23 35 0.04353975732605246
23 36 0.10906317306946696
23 37 -0.01876616891221394
23 38 -0.08817786605776018
23 39 -0.013122624647196149
24 24 0.0
24 25 0.004367448912076703
24 26 0.016129936816707467
24 27 -0.042523650489245855
24 28 -0.019233650968336725
24 29 -0.027132387705736873
24 30 0.033346822675606146
24 31 -0.03156479123309387
24 32 -0.07260434774624082
24 33 0.0036069464578552244
24 34 0.12437025551461575
24 35 0.08781300487213582
24 36 -0.04416571530911488
24 37 0.07811603085919509
24 38 -0.06235323394424458
24 39 -0.08327973113974012
25 25 0.0
25 26 0.1286933219434516
25 27 0.0887414007866135
25 28 0.004168206907726751
25 29 0.16523201249339498
25 30 -0.024796848852740153
25 31 -0.05014853389774271
25 32 -0.05368462980454547
25 33 -0.07849225398810415
25 34 -0.17967519529818896
25 35 -0.19071676727396572
25 36 -0.00032076312090141974
25 37 0.017764848679666885
25 38 -0.014359009971082975
25 39 0.054427264355412085
26 26 0.0
26 27 0.0435787129297259
26 28 0.051480293394465734
26 29 0.23778574653494813
26 30 -0.03370040013563061
26 31 0.02625973499758049
26 32 -0.17834487785490907
26 33 -0.05088095937732525
26 34 -0.14504857910345753
26 35 -0.08859367604246805
26 36 -0.11807316742846663
26 37 0.06033069908184844
26 38 0.028646282825244267
26 39 0.11812540969270884
27 27 0.0
27 28 -0.006789278108052898
27 29 0.021193693399280254
27 30 -0.020062622468350434
27 31 0.16939466820188137
27 32 0.008982991355716355
27 33 -0.033431896440280794
27 34 -0.10527584541211488
27 35 -0.09008239331026699
27 36 0.06028737391435265
27 37 -0.02532887982211815
27 38 -0.018732535286252155
27 39 0.10731865560194656
28 28 0.0
28 29 0.012496949177187544
28 30 0.036269079127129296
28 31 -0.007320636445174222
28 32 -0.016081147169336507
28 33 -0.040496868973238856
28 34 -0.00728050724737248
28 35 -0.018234803790764323
28 36 -0.10423235493516263
28 37 -0.0067797387072683814
28 38 0.05620180179091784
28 39 0.04646083835795703
29 29 0.0
29 30 -0.0890298619803345
29 31 0.011793475298208388
29 32 -0.16714935857148816
29 33 -0.0544942493607013
29 34 -0.20967404230165032
29 35 -0.10680749020922731
29 36 0.00484483475295165
29 37 0.08527934646733812
29 38 0.013219041728682598
29 39 0.1256974598442423
30 30 0.0
30 31 -0.06789022245030765
30 32 -0.011829477057982757
30 33 -0.06182223090110561
30 34 0.0580609208145068
30 35 0.009886706684281208
30 36 -0.11117553044712099
30 37 0.013144274211571832
30 38 0.014933714078874425
30 39 -0.005961642379338127
31 31 0.0
31 32 0.0023750010451039547
31 33 -0.010406682553837298
31 34 -0.05221288864684355
31 35 0.02184714613761104
31 36 0.10172241730702973
31 37 -0.03420669662990093
31 38 -0.026631023968774044
31 39 0.16187352080630424
32 32 0.0
32 33 0.021669265268073168
32 34 0.04460281609069606
32 35 -0.039995219460918344
32 36 0.09154192986047625
32 37 -0.1040226453361758
32 38 0.010485811499347625
32 39 -0.043909942415521694
33 33 0.0
33 34 0.07065836910961368
33 35 0.12936238735353872
33 36 0.07863867574315886
33 37 -0.01642631134387612
33 38 -0.024060232868259535
33 39 -0.12001531732532227
34 34 0.0
34 35 0.24581104208198773
34 36 -0.047834039506303654
34 37 0.07391213034906757
34 38 -0.03440393385598497
34 39 -0.17689540241134322
35 35 0.0
35 36 0.06290990570892682
35 37 0.09384570543972515
35 38 -0.06341895077832857
35 39 -0.1589154854160822
36 36 0.0
36 37 -0.014238623630316869
36 38 -0.09134230871712838
36 39 -0.05284838379147398
37 37 0.0
37 38 -0.0399126462659232
37 39 -0.03426684691709393
38 38 0.0
38 39 0.06420969097233976
39 39 0.0
