0 0 0.0
0 1 -0.1713875658777539
0 2 -0.24143725030615198
0 3 -0.058308566441948116
0 4 0.012649136498468699
0 5 -0.031154863608140144
0 6 0.05642792953909822
0 7 -0.048391281735275
0 8 -0.028296578501926805
0 9 0.09448481596237743
0 10 -0.15454604873709707
0 11 -0.14419552952514872
0 12 -0.1381943178251332
0 13 0.07375534628705938
0 14 -0.2827653373771888
0 15 0.09564688202227913
0 16 -0.1459662559083409
0 17 0.3637967881172465
0 18 0.11570719929253677
0 19 -0.1954132052204446
0 20 0.004069058661121174
0 21 -0.006717233981513661
0 22 -0.03372420707733604
0 23 -0.13816393915784866
0 24 0.03727646459357918
0 25 -0.07607952637049833
0 26 0.03718485718964712
0 27 0.1525448228377548
0 28 0.06544026197565525
0 29 0.2224187023139525
0 30 -0.04217170042588332
0 31 0.07444945235228381
0 32 0.11128987489133557
0 33 -0.009429800745308333
0 34 -0.1021921739351693
0 35 0.08333815840535588
0 36 -0.20895585313271753
0 37 -0.11780408139689784
0 38 -0.05801576255713599
0 39 -0.23587774994173022
1 1 0.0
1 2 0.038005444665395106
1 3 -0.014549901613424421
1 4 0.0302205930254759
1 5 -0.035666630860600804
1 6 -0.047401024320835664
1 7 0.12325038209613373
1 8 -0.00036488562773721227
1 9 -0.04031496807205594
1 10 0.03036306108833119
1 11 0.01130556074273684
1 12 0.1826574091118533
1 13 -0.0942454251358472
1 14 0.21248837570035964
1 15 0.08035076379810714
1 16 0.024295491978792234
1 17 -0.2918763809075293
1 18 -0.11834882393274955
1 19 0.07107298559822788
1 20 -0.005961152955481785
1 21 0.06561709029916926
1 22 -0.030092586113305942
1 23 0.124206776776651
1 24 0.14146744335925138
1 25 0.033464868978239797
1 26 0.0782422649509309
1 27 -0.11717561250246192
1 28 0.11178362724651088
1 29 0.04736234964030129
1 30 -0.09628975490359287
1 31 -0.11658007403963802
1 32 0.012599106991903666
1 33 0.15451885074697438
1 34 -0.13756258889805625
1 35 0.07746167205978408
1 36 -0.03978865947309519
1 37 0.1348885910221009
1 38 -0.054449496962572876
1 39 0.22272236253469582
2 2 0.0
2 3 0.22473723070182539
2 4 -0.0036601232140706075
2 5 0.11365507844685172
2 6 0.08877597328429784
2 7 0.08394995632826996
2 8 0.1144141194410034
2 9 0.09343024845040045
2 10 0.059640560791473174
2 11 0.062041648971103425
2 12 0.01392489740725259
2 13 0.023837235557008285
2 14 0.07767679464106482
2 15 -0.21645338189593408
2 16 -0.113953195409391
2 17 -0.09477277940755166
2 18 -0.1680759475696712
2 19 0.16943750478271774
2 20 -0.18228320670318282
2 21 -0.0713411116447626
2 22 -0.044337831357399174
2 23 -0.009898712276277675
2 24 -0.05761632770607171
2 25 -0.075833055659276
2 26 -0.08089044939837858
2 27 -0.00484260866870738
2 28 -0.01198555298239971
2 29 -0.013196149636844484
2 30 -0.10023334166251611
2 31 -0.07876964140562602
2 32 -0.08764460968426775
2 33 -0.02696689284848728
2 34 -0.07435198335005941
2 35 -0.11714945689424294
2 36 0.0915262470761959
2 37 0.08444972416720979
2 38 0.20101130960658983
2 39 0.06826066835014202
3 3 0.0
3 4 -0.07617454076006429
3 5 0.03982072652676928
3 6 0.05828637619668011
3 7 -0.08967431579517722
3 8 0.0013313728688240736
3 9 0.05634755130785181
3 10 -0.03251445072871057
3 11 0.00827751658541585
3 12 -0.014504540600019586
3 13 0.04701128523652706
3 14 -0.055347241230447965
3 15 -0.05617570633950494
3 16 0.11677886642432482
3 17 -0.12123958398479022
3 18 -0.03102132143733169
3 19 0.1520490396945693
3 20 -0.12736638642717232
3 21 -0.054025617595284146
3 22 -0.07739852196668488
3 23 -0.013370333187297537
3 24 -0.0005133993604188275
3 25 -0.1138365694009563
3 26 -0.02434497462378403
3 27 0.10124101507665743
3 28 0.03481647511903483
3 29 0.07245517858344147
3 30 0.04646101932841972
3 31 -0.053802960201117155
3 32 -0.007408813715849183
3 33 0.026445217689448595
3 34 0.0278779314988858
3 35 -0.1519448054267662
3 36 0.11718523042227347
3 37 -0.019977215738226903
3 38 0.09698225053675522
3 39 0.023964288290395774
4 4 0.0
4 5 0.09175488251365424
4 6 -0.10786791933927531
4 7 0.10552033379406245
4 8 0.06019546009638286
4 9 0.001966586835714162
4 10 -0.0438298179970775
4 11 -0.04443681418708092
4 12 -0.023722130075439093
4 13 -0.013669432490557284
4 14 0.09253025704910992
4 15 -0.038116140280597635
4 16 0.0391118866155837
4 17 -0.06228604408853574
4 18 -0.049447151874655385
4 19 0.1690539077462414
4 20 -0.12698018918342552
4 21 -0.04938879907134576
4 22 -0.06764870480687443
4 23 -0.11633724791400395
4 24 -0.027074039916476215
4 25 -0.01903995623196831
4 26 -0.06865259458486134
4 27 -0.13826819703092771
4 28 -0.1577277420776328
4 29 0.018543231448126994
4 30 -0.02242343489832354
4 31 -0.027687822072421216
4 32 0.055230853260140336
4 33 -0.19966005999409447
4 34 0.14897252380670867
4 35 -0.05563400803338472
4 36 -0.24370636779340557
4 37 0.17240834903266433
4 38 -0.11371648724224521
4 39 0.03353229265256495
5 5 0.0
5 6 -0.13678666267985265
5 7 0.07657029682647845
5 8 0.13392639235451345
5 9 0.07476085810547
5 10 0.08097044018429046
5 11 -0.030819565167880418
5 12 0.04046395635477286
5 13 -0.10642384930335307
5 14 0.04888913462038939
5 15 -0.15616245681056423
5 16 0.1613358147114493
5 17 0.12859640337864886
5 18 -0.008409524018832798
5 19 0.1088827124983333
5 20 0.00888229279485951
5 21 -0.013582230075592863
5 22 0.03788081315278425
5 23 -0.08842953958807162
5 24 -0.05205109313463143
5 25 -0.12321971915015914
5 26 -0.034331844938002745
5 27 -0.02014701063851975
5 28 -0.048928222036557625
5 29 -0.045828043820585744
5 30 -0.2448430428272327
5 31 0.0021445138911445867
5 32 0.06451243868068561
5 33 -0.22885855378912626
5 34 -0.05264155079953605
5 35 -0.18167228694188653
5 36 -0.0012496585798360666
5 37 0.04801352854132797
5 38 0.10840133875169107
5 39 -0.045497588807224286
6 6 0.0
6 7 0.1404390649892528
6 8 -0.005748515941737107
6 9 0.10886413658922563
6 10 -0.016494832046914095
6 11 0.07194471508633328
6 12 -0.12271874110613504
6 13 -0.032222280763093136
6 14 0.09540550094702098
6 15 0.09062365719001725
6 16 -0.33895862662900855
6 17 0.0547850537136471
6 18 -0.11507489012261685
6 19 -0.022382585369796884
6 20 0.030799674556725044
6 21 -0.06977846970290258
6 22 0.0047097823363563465
6 23 0.062278621262122746
6 24 -0.14209469212122405
6 25 0.04960208739806717
6 26 -0.0030135609094260616
6 27 0.09891535785725539
6 28 0.020605109049079008
6 29 0.10167505205907224
6 30 0.1293683547777309
6 31 0.045465623279299025
6 32 0.05132731824285991
6 33 -0.1475584290527981
6 34 -0.09829742857683461
6 35 0.10541789208193061
6 36 -0.2602567777805841
6 37 -0.06734388713962182
6 38 -0.13757479895100236
6 39 -0.041130995332353905
7 7 0.0
7 8 0.23765150020434772
7 9 0.13979306583158727
7 10 0.00626865745065956
7 11 0.28400163984261095
7 12 -0.10093035645680774
7 13 -0.08470483085491809
7 14 0.279231633741126
7 15 -0.28725149041636056
7 16 -0.33024995053117323
7 17 -0.026112437887856704
7 18 -0.05287442181215455
7 19 -0.019690059527697583
7 20 0.09894573590828794
7 21 0.0960211006294702
7 22 0.14398177021469952
7 23 0.08313533767259101
7 24 -0.05132112136012953
7 25 0.13409082651474957
7 26 -0.10613796550852377
7 27 -0.1241071188480676
7 28 -0.031976360501452694
7 29 -0.2043844984739745
7 30 -0.3485499473383426
7 31 0.20719146017238202
7 32 -0.07023000384484575
7 33 -0.16130696515485826
7 34 -0.049723738300397356
7 35 -0.018450491983934877
7 36 -0.1523916606953853
7 37 -0.1106829613199328
7 38 -0.14719909340232232
7 39 -0.034514505844708186
8 8 0.0
8 9 0.025096375962118077
8 10 -0.08151673941633267
8 11 0.12967012053464627
8 12 0.025043202231186844
8 13 0.04975132097625655
8 14 0.08595871784460843
8 15 -0.20989107422863032
8 16 -0.06991868339339254
8 17 0.157465658783071
8 18 -0.12254907728983004
8 19 0.05377944989859634
8 20 -0.09177074085146464
8 21 0.042566700846670004
8 22 0.16088116760947185
8 23 0.07419193582664874
8 24 -0.17776384503131598
8 25 0.01943742047087696
8 26 -0.051324445800987974
8 27 -0.0563785189218229
8 28 -0.04000206318346214
8 29 -0.1373372732180947
8 30 -0.20078216875724392
8 31 -0.020932108339861696
8 32 0.05352474449216203
8 33 -0.06468534079230927
8 34 -0.02142712899610969
8 35 -0.0748255536599727
8 36 0.11121608522243132
8 37 -0.06485150584344898
8 38 -0.0660473134111649
8 39 0.11185290414052204
9 9 0.0
9 10 -0.04023149054955415
9 11 -0.025986638351744203
9 12 -0.07301240205893544
9 13 0.11471163682271265
9 14 -0.09225701054258903
9 15 -0.10799240614725529
9 16 -0.045459958684400656
9 17 0.037269507381250955
9 18 0.018283995933262367
9 19 -0.056105356842330735
9 20 -0.0000860867426735919
9 21 -0.07770712212223593
9 22 -0.0924460842581817
9 23 -0.0059561067536012475
9 24 -0.0008524990540040378
9 25 -0.04744187826456474
9 26 0.06337119743476496
9 27 0.11450970874385417
9 28 0.01490748389134219
9 29 0.0012747332197333787
9 30 -0.15774173151894716
9 31 0.15594698024046122
9 32 -0.06665545324284133
9 33 -0.059827606595226165
9 34 -0.1232093381199219
9 35 -0.005575681866558773
9 36 0.001341137008830842
9 37 0.0012738503980310452
9 38 0.048759240683930394
9 39 -0.02656080701192936
10 10 0.0
10 11 0.013780257501996013
10 12 0.09977621677747858
10 13 -0.07501149733165537
10 14 0.171989570060378
10 15 -0.012423422480425193
10 16 0.06806700370345127
10 17 -0.11320076490253357
10 18 0.06557019792320846
10 19 0.08182294339524725
10 20 0.08883481778085112
10 21 -0.029592599285171394
10 22 0.04657194103334246
10 23 -0.02655515697562395
10 24 0.11349920077664152
10 25 0.043995625511576694
10 26 -0.04566514196319037
10 27 -0.026789679303824754
10 28 0.07738933727761246
10 29 -0.07711814912138112
10 30 -0.04051635876187614
10 31 -0.10303955423524229
10 32 -0.034127058378086876
10 33 -0.06262122777720777
10 34 -0.0641419026941301
10 35 0.02051320181382133
10 36 -0.14982402571641368
10 37 0.06222428559578885
10 38 0.07903400297592195
10 39 -0.0434433816363395
11 11 0.0
11 12 -0.051666814300384944
11 13 -0.009976573505931492
11 14 -0.048251071870448733
11 15 -0.22107711036375002
11 16 0.09057997533250702
11 17 -0.06189116152737367
11 18 0.06342940474776268
11 19 -0.026411380072163905
11 20 -0.04945246806409167
11 21 -0.05872951151477235
11 22 0.02761026735740261
11 23 0.17582768793396325
11 24 0.020325720832463225
11 25 -0.02312737258175108
11 26 -0.09126421174945379
11 27 0.01214181039155796
11 28 0.016358175097001014
11 29 -0.24408562565817093
11 30 0.003567695800780117
11 31 -0.025027982157942108
11 32 0.12752376886056013
11 33 0.04019498471658288
11 34 0.06665228718478043
11 35 -0.147575552313337
11 36 0.03935286637910486
11 37 -0.041574475646765106
11 38 0.02451441904338326
11 39 0.12062599953218342
12 12 0.0
12 13 -0.0032192793330069734
12 14 0.1878281666939708
12 15 0.16510643838013717
12 16 0.04783898852500075
12 17 -0.19321747710430875
12 18 -0.04999867383872126
12 19 0.09766505337231503
12 20 -0.16970027428138917
12 21 -0.04095602633903455
12 22 -0.0457906070861885
12 23 -0.025901140320471677
12 24 0.14028003642259337
12 25 -0.06799147790597293
12 26 0.11199474555319384
12 27 -0.07467850079484435
12 28 0.20266406158711386
12 29 0.09116173099605882
12 30 -0.10765613164602209
12 31 -0.07524505959374232
12 32 -0.0303760045853474
12 33 0.126896522774152
12 34 -0.08154755158323021
12 35 0.08120855484789805
12 36 -0.024726354786551212
12 37 0.028536015981834778
12 38 0.08749515247928778
12 39 0.23985028919207024
13 13 0.0
13 14 -0.13345014619084464
13 15 -0.07656025281469953
13 16 0.0038298280477741162
13 17 0.0940289974257671
13 18 -0.0007327590452647637
13 19 0.06819009530982804
13 20 -0.22548682452407873
13 21 -0.020027164944465534
13 22 0.01531735334741408
13 23 0.00324939043269584
13 24 0.05029891878831476
13 25 -0.12959392340832937
13 26 0.07787067704489395
13 27 0.10674400006307694
13 28 -0.017139521054516525
13 29 -0.030306604762022293
13 30 0.04231024215242815
13 31 -0.009022428754151669
13 32 -0.10257983335173446
13 33 0.2431407052670287
13 34 0.007092886289430102
13 35 0.03481436971961946
13 36 0.10494816122588242
13 37 -0.014174410579805046
13 38 -0.03191323514931553
13 39 -0.032061079829036346
14 14 0.0
14 15 0.144133394711827
14 16 -0.1445901141196877
14 17 -0.245585944498861
14 18 -0.1692522075545177
14 19 0.27289106317010636
14 20 0.10670411627502778
14 21 0.0339769932087869
14 22 0.20668041297703166
14 23 0.0007294648471922977
14 24 -0.0065551420999795645
14 25 0.1777101832039762
14 26 -0.03839769265680334
14 27 -0.13881043351496705
14 28 0.0845363130716398
14 29 -0.02903654581923662
14 30 -0.015025936657197947
14 31 -0.13056934644627166
14 32 -0.13479553982018116
14 33 -0.21382251005019687
14 34 -0.09446231351009439
14 35 0.11480184114605452
14 36 -0.10674109901259939
14 37 0.08543849291107727
14 38 -0.14166125830101428
14 39 0.2044169181501741
15 15 0.0
15 16 -0.04748977419921946
15 17 -0.08109928754968967
15 18 -0.03249005948126488
15 19 -0.030882810565890612
15 20 -0.001341504750711766
15 21 -0.009411757021380177
15 22 -0.009575228426765555
15 23 -0.14763551481250375
15 24 0.0782711382514931
15 25 -0.021520924855549413
15 26 0.16918025391403493
15 27 0.07961422925757837
15 28 0.10016990136785867
15 29 0.3226953946407257
15 30 0.21736161411679852
15 31 -0.11070764060438927
15 32 -0.028270374120800766
15 33 -0.05212171906560723
15 34 -0.04908311033428247
15 35 0.22747713264356154
15 36 -0.21146666561497857
15 37 0.025374805111855765
15 38 -0.10241334334400314
15 39 0.13755426329200918
16 16 0.0
16 17 -0.11274595035655352
16 18 0.18817195589946895
16 19 -0.022798452016902775
16 20 -0.02461793369183467
16 21 0.07655982630091454
16 22 -0.042097965593612924
16 23 0.13850237508283086
16 24 0.25237338522063696
16 25 -0.13224461222357817
16 26 0.054114361547797654
16 27 0.043053862616237254
16 28 -0.09181171386974057
16 29 -0.15165163207530208
16 30 -0.05423411897433601
16 31 -0.01572623838443526
16 32 0.08989280914270746
16 33 -0.003974809938433462
16 34 0.11728748941733562
16 35 -0.1737367140307468
16 36 0.2622735974860738
16 37 0.021615206098815343
16 38 0.100718732353107
16 39 0.22960868880681723
17 17 0.0
17 18 0.009792049855942727
17 19 -0.19794564903557646
17 20 -0.15066961154829034
17 21 0.04710922421725523
17 22 0.13223491283381855
17 23 -0.05781612222295781
17 24 -0.12470748906114185
17 25 -0.12932942352316715
17 26 -0.0439181119200407
17 27 0.09510445329053718
17 28 -0.1377259527750832
17 29 0.040381692810451626
17 30 -0.2188332711647155
17 31 0.13095991709466526
17 32 0.12707240896386549
17 33 -0.16412569847490843
17 34 -0.031695545729824005
17 35 0.12928007699851546
17 36 -0.10588708434683644
17 37 -0.21233792359899004
17 38 -0.12007437476793541
17 39 -0.21112978438574173
18 18 0.0
18 19 -0.11449292288801549
18 20 0.1386231953474366
18 21 -0.014489695189783883
18 22 -0.04849141296601533
18 23 -0.041636551708739436
18 24 0.12252183110398196
18 25 -0.0033218254726498477
18 26 -0.023904615744811036
18 27 0.06953309416761262
18 28 0.07175935944914055
18 29 -0.05515702087500914
18 30 -0.0001295431629796464
18 31 0.05270836034683589
18 32 0.010808591488338851
18 33 0.027629861704277364
18 34 0.07473964472729389
18 35 -0.014997801930380871
18 36 -0.022198890985025393
18 37 -0.06348862144668597
18 38 0.06758495450874286
18 39 -0.12444026850915584
19 19 0.0
19 20 -0.060575214383096945
19 21 -0.1986099504157804
19 22 0.04330306577711356
19 23 -0.17569369601985102
19 24 0.008032238676320212
19 25 -0.019756155537383198
19 26 -0.11827559178448925
19 27 -0.031527264299059644
19 28 0.13149768911285148
19 29 0.07515005574296918
19 30 0.10563310535457118
19 31 -0.18222351148553315
19 32 -0.023628276081471646
19 33 0.023331504259902585
19 34 0.0391794150052297
19 35 -0.05838844513758965
19 36 0.05567235930091974
19 37 0.1974950172893017
19 38 -0.2117365791811571
19 39 0.06355382982364492
20 20 0.0
20 21 0.08724768957988516
20 22 0.11075196420713729
20 23 0.004872394795547125
20 24 -0.1440640944116154
20 25 0.3156022966100847
20 26 -0.017510643221062272
20 27 0.013287205077784922
20 28 0.0980860770583383
20 29 -0.08871296507927001
20 30 0.14758233757743258
20 31 -0.008500018891156782
20 32 -0.026683646062260664
20 33 -0.07247385476288183
20 34 -0.024513169517318904
20 35 -0.07782598680164757
20 36 0.0715424541069544
20 37 0.031487245831620984
20 38 -0.06952892274775897
20 39 -0.1338308569172668
21 21 0.0
21 22 0.1135266912527283
21 23 0.136506918077172
21 24 -0.03720919555211592
21 25 0.01311375536067825
21 26 0.10130463455899918
21 27 -0.0328890345060895
21 28 -0.14028329161819916
21 29 -0.08080855595965884
21 30 -0.0493814698363916
21 31 0.028232963474449972
21 32 -0.06058466269951603
21 33 0.03764620464451859
21 34 0.014544843326135601
21 35 0.0021239044741725595
21 36 0.014685954911065762
21 37 -0.09152722138121903
21 38 0.015937243885716913
21 39 -0.014749895937114779
22 22 0.0
22 23 0.023108316038409897
22 24 -0.1154103281981372
22 25 0.12434665636548976
22 26 -0.03515204589090472
22 27 -0.008782619433166751
22 28 -0.04500733390853438
22 29 -0.1478717658092859
22 30 -0.023757902526176777
22 31 -0.13756025858596915
22 32 -0.03291063361485134
22 33 -0.08766866459148327
22 34 -0.03659657626664448
22 35 0.01597313051594461
22 36 0.05089822002314377
22 37 -0.050242152061301094
22 38 -0.13510805522241323
22 39 0.00938190718766008
23 23 0.0
23 24 -0.006837053072383868
23 25 0.06087454385911917
23 26 0.04106641084754385
23 27 -0.0678280024262032
23 28 -0.10215495147915424
23 29 -0.24027857030504643
23 30 0.011970565940007036
23 31 0.06230180608002657
23 32 0.05580282727870693
23 33 0.08161444016965408
23 34 -0.030224135101186538
23 35 -0.046845496676143225
23 36 0.1294954752703365
23 37 -0.06040424346896082
23 38 0.0516744025430521
23 39 0.10396341534986257
24 24 0.0
24 25 -0.10675592498969944
24 26 0.01996379089993797
24 27 0.037613389662552975
24 28 0.17384617416634857
24 29 0.11007260150835621
24 30 -0.13879559019778115
24 31 0.03811090478279616
24 32 -0.05350423202023106
24 33 0.13889794882778672
24 34 -0.1604991567893203
24 35 0.11976638798350236
24 36 0.018057927814886632
24 37 0.037365716964511034
24 38 0.0971514437763593
24 39 0.14214842826499044
25 25 0.0
25 26 -0.11814964424445798
25 27 -0.12069472780535655
25 28 0.03785373507110286
25 29 -0.1424455232930974
25 30 0.03322465862483219
25 31 -0.016553647867515002
25 32 -0.023470052268796365
25 33 -0.09168484320302603
25 34 -0.014971468846647776
25 35 0.03340075456655276
25 36 0.11236046664245966
25 37 0.00801106904177155
25 38 -0.1077074106385899
25 39 0.0345366991920187
26 26 0.0
26 27 0.07997450184657119
26 28 -0.015101343566009045
26 29 0.08599958558238023
26 30 0.05933563144049751
26 31 0.0022484272932337345
26 32 -0.048894511451462355
26 33 0.14731028105203772
26 34 -0.06264890229662838
26 35 0.020271098019170354
26 36 -0.04681426395685734
26 37 0.005863191029895137
26 38 0.04014360840005906
26 39 0.05394935542047056
27 27 0.0
27 28 0.06836480430421639
27 29 0.11534381521162715
27 30 0.08007615100989879
27 31 -0.027701006462980227
27 32 -0.012747476402114433
27 33 0.04091811559952957
27 34 -0.06249202342714809
27 35 0.0013421222113439838
27 36 -0.017728909481715648
27 37 -0.04228193407551043
27 38 0.0185089536358169
27 39 -0.042446233989036145
28 28 0.0
28 29 0.1736984743374556
28 30 -0.03978711470823907
28 31 -0.07812649369399005
28 32 -0.009053112180890995
28 33 0.14475959103641622
28 34 -0.1618749155238662
28 35 0.11755925628301064
28 36 0.01288733825656233
28 37 0.006085307535611873
28 38 -0.0014044807649209441
28 39 0.09659088791633189
29 29 0.0
29 30 0.010599804681924953
29 31 0.017399552070177775
29 32 0.017940978872097803
29 33 0.01531280298944454
29 34 -0.0919069655226245
29 35 0.19018168312561917
29 36 -0.19749447534438364
29 37 0.008625110836214627
29 38 -0.1127268691586543
29 39 0.04752856111548642
30 30 0.0
30 31 -0.2426650738823925
30 32 -0.021513618206286046
30 33 0.13924165090493656
30 34 0.12943063882099407
30 35 -0.1339664374642514
30 36 0.001446214132302202
30 37 0.15725664101376272
30 38 0.04977737791684446
30 39 -0.1275577824325859
31 31 0.0
31 32 -0.03351402450077968
31 33 -0.08259896866890663
31 34 0.07655239948562668
31 35 0.10779886975977837
31 36 0.07201025876438118
31 37 -0.20558998449290172
31 38 -0.10165505899853984
31 39 -0.01691338278224348
32 32 0.0
32 33 -0.0642412289173079
32 34 0.014718468601752608
32 35 -0.06267460035502853
32 36 -0.14784731762794961
32 37 -0.011611506230354009
32 38 -0.11351551340463506
32 39 -0.0031087834703376715
33 33 0.0
33 34 -0.022252783526636198
33 35 -0.01620190999036869
33 36 0.21525730237439894
33 37 0.04472934771192251
33 38 0.05146801645542197
33 39 -0.019731018345813985
34 34 0.0
34 35 -0.047636581014194976
34 36 0.004386860833830461
34 37 -0.06426272908767802
34 38 -0.12601508125878777
34 39 -0.06669350649086149
35 35 0.0
35 36 -0.19642436142852118
35 37 -0.11031274577292298
35 38 -0.2545577192434861
35 39 0.08059767114651982
36 36 0.0
36 37 -0.0054072697131884034
36 38 0.1544172972568272
36 39 0.25129680301184204
37 37 0.0
37 38 0.07670833986337704
37 39 0.025066744825994462
38 38 0.0
38 39 -0.06676895408635893
39 39 0.0
