0 0 0.0
0 1 -0.10553753017152963
0 2 -0.042053158269813914
0 3 -0.018800080907819944
0 4 -0.06142723770169491
0 5 -0.007042304672691439
0 6 -0.0077451207886294875
0 7 -0.05573430826459835
0 8 -0.02256993160650158
0 9 0.001701519537072177
0 10 -0.08306024282587958
0 11 0.012901833215570483
0 12 0.08294918822837193
0 13 0.07969341708140462
0 14 0.05642036828673599
0 15 -0.10543766992352714
0 16 -0.0013146151971793604
0 17 0.07929362916041853
0 18 -0.07032515834620984
0 19 -0.11995099536063909
0 20 -0.07121335854574969
0 21 0.14682442224979333
0 22 0.10356910050347581
0 23 0.04877007757254922
0 24 0.047693243138798296
0 25 -0.12256267957925249
0 26 0.016004317851128647
0 27 -0.040073256531695946
0 28 -0.045013035945398225
0 29 0.06826591105116356
0 30 0.0029483711835651995
0 31 0.044760759696532676
0 32 0.019391991705568497
0 33 -0.01828911072966784
0 34 -0.08302192300725655
0 35 -0.13271043391671916
0 36 -0.006165600898159812
0 37 -0.06310365975662535
0 38 -0.053746812796532505
0 39 -0.09302636380918883
1 1 0.0
1 2 0.014135173505415575
1 3 -0.03421769818466928
1 4 0.1723872092020338
1 5 0.067249060778206
1 6 0.025749867515036672
1 7 0.11809460297159587
1 8 0.08232495992593633
1 9 -0.010074987256660289
1 10 0.18639417587397772
1 11 -0.06716444647227919
1 12 -0.034582992375737906
1 13 -0.03904205758304845
1 14 0.0948969380174309
1 15 0.06423742340715677
1 16 -0.00994425948430572
1 17 -0.046078595790257054
1 18 0.02903618801322429
1 19 -0.04809670274763941
1 20 0.05740743567271241
1 21 -0.10352289854514722
1 22 -0.06019796112341976
1 23 0.04987074830080966
1 24 0.05811098428091741
1 25 0.16819084743764035
1 26 -0.047967400619168626
1 27 0.09709066701440179
1 28 0.01655742880853522
1 29 -0.10247868244077427
1 30 -0.007724422949928933
1 31 0.16668973135638387
1 32 -0.07801161619429625
1 33 -0.061893219053219706
1 34 0.114034685778026
1 35 -0.005751215084848592
1 36 0.004470018013970555
1 37 -0.04133771664796794
1 38 0.037941188421141955
1 39 0.1719871566279753
2 2 0.0
2 3 -0.10641621866515907
2 4 0.0769934556098881
2 5 -0.05797564741245258
2 6 0.06017511698696705
2 7 -0.1731828102352803
2 8 -0.13444941407530214
2 9 0.027112559323581593
2 10 -0.03857756603510804
2 11 0.2517920441113751
2 12 -0.11473496376025291
2 13 0.07193515636280402
2 14 -0.03847906421614179
2 15 0.20619789611088385
2 16 0.04468242802817481
2 17 0.043456575795100275
2 18 -0.1880881076010403
2 19 0.08486241487252738
2 20 0.04676236049232519
2 21 -0.0834520674777511
2 22 -0.00655261388343401
2 23 -0.14829186981118683
2 24 -0.0442980203100866
2 25 0.145162053016098
2 26 -0.018164049695846052
2 27 -0.1003105314373081
2 28 0.044322397230240104
2 29 -0.03712531055905281
2 30 0.06249184806423565
2 31 -0.16004876695477713
2 32 0.07646865079326634
2 33 0.06443817663411504
2 34 -0.0889056486612034
2 35 0.038302928460615095
2 36 -0.14519193349313458
2 37 -0.0023785251691933068
2 38 0.10727576081977552
2 39 -0.10985600613807593
3 3 0.0
3 4 -0.09138201702291138
3 5 0.08810612794060982
3 6 -0.06280990518478594
3 7 -0.008108521816889723
3 8 0.06442731440842053
3 9 0.006190801245151483
3 10 -0.11892148312187838
3 11 -0.08286889158348457
3 12 -0.020324220907159872
3 13 -0.1490068038297782
3 14 -0.05937701342031186
3 15 0.028352779804769097
3 16 -0.09163128495318681
3 17 -0.020260834425273135
3 18 0.15582157619809173
3 19 -0.04816457380176452
3 20 0.03283999260316749
3 21 -0.05847121630409491
3 22 -0.01649564578461843
3 23 0.060408595525495615
3 24 0.033088392779183864
3 25 -0.1527515570813931
3 26 0.00006387538025754306
3 27 0.10935538145629276
3 28 -0.06954522950691608
3 29 0.06121233448481178
3 30 -0.007313613804287869
3 31 0.10380717780607988
3 32 -0.10563901335404616
3 33 -0.09510155959315854
3 34 0.01802014905465394
3 35 0.05118265252557619
3 36 0.06982991682496371
3 37 0.07283743322322928
3 38 -0.04703670156691671
3 39 0.10743444188458078
4 4 0.0
4 5 -0.028491684873124385
4 6 -0.03377827567981268
4 7 0.06984320644062783
4 8 -0.045211704650110346
4 9 0.04672806239473864
4 10 0.18293261792688312
4 11 0.029144605917300982
4 12 0.08444827416601712
4 13 0.026660626507974385
4 14 0.04518070046556465
4 15 0.004740739931747602
4 16 0.12019750086819699
4 17 -0.026110850920654693
4 18 -0.26819925338833
4 19 0.06137409378011764
4 20 -0.08533856827814859
4 21 -0.09407023143711271
4 22 -0.06422083309828576
4 23 0.02851972016697866
4 24 -0.22818309894142894
4 25 0.15241831763136016
4 26 0.05583191310574994
4 27 -0.006747670472605478
4 28 0.002961391928179533
4 29 -0.23021775986330106
4 30 -0.004897493591407436
4 31 0.048490384945873974
4 32 -0.11166401895561022
4 33 0.07760069161760988
4 34 0.11299398505567579
4 35 -0.03939220485903215
4 36 -0.18743426504122052
4 37 -0.07604324439852841
4 38 0.026051631594472973
4 39 0.1436676733259901
5 5 0.0
5 6 -0.019457927922408563
5 7 0.1038646515178436
5 8 0.09668639683984413
5 9 0.03248859879644147
5 10 -0.049091687361091166
5 11 -0.062082427941469676
5 12 0.04482602988319793
5 13 -0.08687298715848528
5 14 -0.06569621785599578
5 15 0.11004783454617659
5 16 -0.00041644982411533836
5 17 0.021889588011005302
5 18 0.08004307668347796
5 19 -0.03743332196052933
5 20 0.026491082502871466
5 21 -0.010290587321894737
5 22 0.026314571786387055
5 23 0.023329148141663935
5 24 0.08065281031013208
5 25 -0.04063720898913141
5 26 0.06567262663144055
5 27 0.1049051799274868
5 28 -0.023810668732288282
5 29 0.031213834045024126
5 30 0.04511869761847188
5 31 0.0510663818710513
5 32 -0.01944722719489656
5 33 -0.04501321309794497
5 34 0.07330547939390265
5 35 0.015868958797226
5 36 0.08025648739956655
5 37 -0.06015489529874394
5 38 -0.053323560534213534
5 39 0.14231783452796215
6 6 0.0
6 7 0.015335359620371506
6 8 -0.055475965870395175
6 9 -0.02179309626967953
6 10 -0.017618902888746533
6 11 0.07254298523686986
6 12 0.0033204688003084836
6 13 -0.09082079621488975
6 14 -0.004850755506675515
6 15 0.06885204663745917
6 16 -0.02810035451111504
6 17 0.05551979841663033
6 18 -0.015459188916677611
6 19 0.01305276618572157
6 20 -0.045864470012730446
6 21 -0.09226309676002463
6 22 0.09426357704430643
6 23 -0.053964063881109435
6 24 0.12382523742522336
6 25 0.19927301824838511
6 26 -0.056058228747753416
6 27 0.07347838464039172
6 28 0.18799531990853818
6 29 0.036838610961066706
6 30 0.06215942773533267
6 31 -0.08350989514402325
6 32 0.02012238905239004
6 33 -0.04036336636706893
6 34 0.0448210915784092
6 35 0.14052006435825742
6 36 -0.03400684371143166
6 37 0.06480893949045172
6 38 0.009543402482665896
6 39 0.08066177422524862
7 7 0.0
7 8 0.09191092403592403
7 9 -0.04011158830332193
7 10 0.13939584370549787
7 11 -0.22767702132482498
7 12 0.241844497276897
7 13 -0.031177938286767588
7 14 0.1107026210225353
7 15 -0.08861523565239542
7 16 -0.003841893069161331
7 17 -0.04848354094636847
7 18 0.0589997356226913
7 19 0.024434559034339644
7 20 -0.033871829109013527
7 21 0.1213682669172363
7 22 0.06920263394526033
7 23 0.19351802216899958
7 24 0.04124162451881426
7 25 0.028451521425393412
7 26 0.15198593184390974
7 27 0.03663175733298749
7 28 0.15058203629349218
7 29 -0.018138198833955337
7 30 0.13152926392245284
7 31 0.1504693115234939
7 32 0.006404861463993753
7 33 0.05560745114149843
7 34 0.15276088517042113
7 35 0.013070230794284285
7 36 0.17793491939543454
7 37 -0.05100881156843462
7 38 -0.07528401956508812
7 39 0.13108428647912632
8 8 0.0
8 9 -0.09692334279580188
8 10 0.14863391896508113
8 11 -0.09157071027742346
8 12 -0.07370766753468042
8 13 0.0047299178071180175
8 14 -0.08905463960039327
8 15 0.04443926906894295
8 16 0.04942721906459721
8 17 0.03208888367319687
8 18 0.22437578641048206
8 19 -0.044252339674964176
8 20 -0.022323255056428133
8 21 -0.011011396902362271
8 22 -0.10837496756505424
8 23 0.07902321898273418
8 24 0.11244276703623149
8 25 0.10098657470357457
8 26 -0.012629164019749584
8 27 0.16118058858753878
8 28 -0.037697321523298626
8 29 0.0009977890279384573
8 30 -0.12752540502069648
8 31 0.18099254528202027
8 32 -0.0063535004770566535
8 33 -0.051524578765106854
8 34 0.052388160926439054
8 35 -0.07731876231410509
8 36 0.19611100672315016
8 37 -0.12163940528231776
8 38 -0.011773769030269759
8 39 0.12486460746293204
9 9 0.0
9 10 -0.06961367593899791
9 11 -0.07251607483400299
9 12 0.12777125415754811
9 13 -0.03358788500454605
9 14 -0.12357668698726842
9 15 0.0341253124613986
9 16 0.1224018060083129
9 17 -0.011072692717867438
9 18 -0.0501663218030565
9 19 -0.0864443192152539
9 20 0.0978034479412925
9 21 -0.05496779942261508
9 22 -0.006822891591793718
9 23 -0.08379333389113604
9 24 -0.04648228161099901
9 25 -0.10694677231087615
9 26 0.08468243585819216
9 27 -0.0641728282389337
9 28 -0.09784309520088057
9 29 0.07214918206208551
9 30 -0.04411471065458978
9 31 -0.22588152106177734
9 32 -0.11128470646077246
9 33 0.06981262334501383
9 34 0.1192585609866221
9 35 0.09082198626784557
9 36 -0.09555751145707156
9 37 0.020806666377234235
9 38 0.03727971127885834
9 39 0.056196901889924364
10 10 0.0
10 11 -0.08372142865736507
10 12 0.04836378697278902
10 13 0.06239292710018239
10 14 0.0950112374488927
10 15 0.0028329984143753042
10 16 -0.0017977099017985245
10 17 -0.08746230932384147
10 18 0.1178700662974449
10 19 0.03627701935224689
10 20 0.012763211262708815
10 21 0.032277014716907096
10 22 -0.08628221918100823
10 23 -0.017139279670055213
10 24 -0.036836193074078566
10 25 0.23107138002981725
10 26 0.02552302417892182
10 27 0.119191715978276
10 28 0.04263591081509261
10 29 -0.16473886196595114
10 30 -0.10763976930244043
10 31 0.1575422835503844
10 32 0.11837247063463045
10 33 -0.00510750893326533
10 34 0.04022537677519246
10 35 -0.03356332125572545
10 36 0.06406448319985118
10 37 -0.021752294441867798
10 38 -0.003997866985644112
10 39 0.06101271350159373
11 11 0.0
11 12 -0.20811607185902053
11 13 0.049381835719291584
11 14 0.029270585153076473
11 15 0.2088873582520876
11 16 0.0029191271984425346
11 17 0.11725759499934758
11 18 -0.20810022911926165
11 19 0.13520244335072207
11 20 -0.019402663476566155
11 21 -0.03248152291104815
11 22 0.015472089359734273
11 23 -0.1520086157271191
11 24 -0.042114271358861956
11 25 0.17146315999898018
11 26 -0.0888669202303786
11 27 -0.035506436573915334
11 28 0.06880721918449567
11 29 -0.06034918304305922
11 30 0.03989305238615055
11 31 -0.05382231756208916
11 32 0.1323954259776618
11 33 -0.032908074962390184
11 34 -0.19684563242405123
11 35 -0.03676244285976414
11 36 -0.1542419957775912
11 37 -0.01636639295140293
11 38 -0.0008301639959275685
11 39 -0.11224033872550705
12 12 0.0
12 13 -0.08941311456907512
12 14 0.18292370066716857
12 15 -0.07094662960971966
12 16 0.04918104591686799
12 17 0.08951649673211629
12 18 -0.1056293147440619
12 19 -0.17703609113113694
12 20 0.10826249378747739
12 21 0.20076052584740234
12 22 0.1507921535940425
12 23 0.12195084938660132
12 24 0.007574660682374476
12 25 -0.1796584094239137
12 26 0.19459019982314876
12 27 -0.07120910578424829
12 28 0.10774944016183034
12 29 0.19125601627157535
12 30 0.06878694227685986
12 31 0.06567583189185452
12 32 -0.08961173353185839
12 33 0.10696581890460263
12 34 0.08137829492518073
12 35 0.08079817225956044
12 36 0.11402497343873703
12 37 0.07529014292566547
12 38 -0.10833106961644082
12 39 0.008877090051217486
13 13 0.0
13 14 -0.04228062957386654
13 15 -0.0922409306930763
13 16 0.13019637960541006
13 17 -0.07608937592037088
13 18 -0.0706221399428603
13 19 0.020542621940703092
13 20 -0.056738925184505976
13 21 0.17529150171884195
13 22 -0.018751098217921862
13 23 0.08624462780355306
13 24 -0.04373738553745417
13 25 0.03502409176330184
13 26 0.14944052842915162
13 27 -0.24918523979351562
13 28 -0.06102916955372575
13 29 -0.05501433121113095
13 30 0.03705553737041773
13 31 -0.10019620493411141
13 32 0.11185065596469039
13 33 0.16254065505418097
13 34 -0.06945310835505777
13 35 -0.23133617700914783
13 36 -0.04498116999381509
13 37 -0.18237885384750402
13 38 0.1473656278851037
13 39 -0.2234562191876464
14 14 0.0
14 15 -0.12767290663751257
14 16 -0.1599510855467306
14 17 0.09785952662527238
14 18 -0.12939165271484984
14 19 -0.04524495854329126
14 20 0.06444422165103328
14 21 0.23428944843035698
14 22 0.09679210514447545
14 23 0.1439942522492677
14 24 0.010801017969436858
14 25 -0.06546453332479828
14 26 -0.07024522244683089
14 27 -0.04639511881154073
14 28 0.14392259155203127
14 29 0.03823707086903831
14 30 0.062190316874208354
14 31 0.3874946228020493
14 32 0.03695019294414518
14 33 -0.08155584826160026
14 34 -0.1870911893611093
14 35 -0.09568555845026393
14 36 0.08555530515858992
14 37 0.09698157199754484
14 38 -0.1720504081825741
14 39 -0.13888766455468732
15 15 0.0
15 16 0.0027150712290303722
15 17 0.0766052164252072
15 18 0.055669517405212
15 19 0.054520023197126566
15 20 0.1510369340950524
15 21 -0.12640534026166206
15 22 -0.01663525325854637
15 23 -0.16209492797619088
15 24 0.08813933217099455
15 25 0.17740875045564752
15 26 0.08777372304171396
15 27 0.10676154279163474
15 28 0.0673905718191131
15 29 0.043008589915932136
15 30 0.05634137974942975
15 31 -0.059475005158244124
15 32 0.09092094894651628
15 33 -0.03272592175286881
15 34 -0.04536747900888484
15 35 0.15071640851512583
15 36 0.006177572540412515
15 37 0.029120685390154964
15 38 0.03816064851007286
15 39 0.08167485238446383
16 16 0.0
16 17 0.04934771032671877
16 18 -0.14190659497654895
16 19 -0.027497376114631922
16 20 0.024095625553040078
16 21 -0.015975593931487553
16 22 -0.08602555137337375
16 23 -0.022311587739457624
16 24 -0.07841936640803068
16 25 0.06036997563450378
16 26 0.09984481201185137
16 27 -0.15420645303185793
16 28 -0.06356099060353815
16 29 0.032549161402308416
16 30 -0.10889911492492499
16 31 -0.2561439351884272
16 32 -0.11613125859639359
16 33 0.16339387717852613
16 34 0.14125389258371307
16 35 -0.031285519043423936
16 36 -0.09744277907213507
16 37 -0.13859139957543914
16 38 0.07863498981563798
16 39 0.04237919963598406
17 17 0.0
17 18 -0.11328667560076663
17 19 -0.027695865396625087
17 20 -0.03698319145651442
17 21 0.010239242957479307
17 22 -0.0025704744056691585
17 23 -0.004857214381322882
17 24 0.07498449959442158
17 25 -0.006979211559323026
17 26 -0.008349549419014102
17 27 -0.001863768185147254
17 28 0.056027440764343975
17 29 0.12239249495386255
17 30 -0.028008153106613178
17 31 0.09157380645747557
17 32 -0.013446732106789941
17 33 -0.004180451838632962
17 34 -0.11220273779725591
17 35 0.004601377508123116
17 36 0.07010091380381929
17 37 -0.05139143889338933
17 38 -0.07428108876672551
17 39 -0.051554616953933374
18 18 0.0
18 19 -0.03206837784499675
18 20 0.06101856634686047
18 21 -0.03689181404608421
18 22 -0.09312355313565632
18 23 0.03185762941419459
18 24 0.2106597412206524
18 25 -0.02265131158309873
18 26 0.09905226256941202
18 27 0.2068349762178955
18 28 -0.0606840970765455
18 29 0.08025349817946997
18 30 -0.09130545912108588
18 31 0.10219478242219901
18 32 0.0690489974036959
18 33 -0.13423303814861168
18 34 0.021694331521536204
18 35 0.0901320250817841
18 36 0.24169553706622598
18 37 0.06951473460451009
18 38 0.004623578119486339
18 39 0.1042996933687517
19 19 0.0
19 20 -0.16101802084823744
19 21 -0.08925910563179236
19 22 -0.0863398765955355
19 23 -0.08048944886482197
19 24 -0.12461600153999317
19 25 0.1442894098381661
19 26 0.03133982888011095
19 27 0.012441085130896399
19 28 0.061251063937203476
19 29 -0.2012573504189748
19 30 0.07124388388846334
19 31 -0.05232532865625148
19 32 0.16808154991901392
19 33 0.040418267076933564
19 34 -0.05957783039878324
19 35 0.02851366686022776
19 36 -0.03810244693971139
19 37 -0.05817504569843063
19 38 0.0030392193706905756
19 39 -0.027126050000585718
20 20 0.0
20 21 0.08477022820646138
20 22 0.030785368454381772
20 23 -0.0671922556368271
20 24 0.05328274598659375
20 25 -0.07506662651197708
20 26 -0.020003131945280136
20 27 -0.06667923565545888
20 28 -0.0017122760269364825
20 29 0.20272385543441965
20 30 -0.050001109683496435
20 31 -0.06674286226974391
20 32 -0.05884202989405344
20 33 -0.012167606819116893
20 34 0.01799051497477446
20 35 0.09744611600870386
20 36 0.028934813014014994
20 37 0.18101947086196002
20 38 -0.002498434301493912
20 39 -0.02339921254287868
21 21 0.0
21 22 0.14949926586176313
21 23 0.13752179465593722
21 24 0.02983442624200523
21 25 -0.15717798234403726
21 26 0.11804393566153726
21 27 -0.15323634495019553
21 28 0.04162627601102922
21 29 0.11169480018641116
21 30 0.07564566729324393
21 31 0.12996835834827616
21 32 0.12824368897978594
21 33 0.03868077115896469
21 34 -0.13032316918595505
21 35 -0.1877231266552
21 36 0.11061005695997542
21 37 -0.02530312073220382
21 38 -0.10958044206374247
21 39 -0.20332037096456915
22 22 0.0
22 23 0.029468508379007052
22 24 0.07450189690142939
22 25 -0.041349867058819476
22 26 -0.012530437687399523
22 27 -0.006239629174824984
22 28 0.12477180344750338
22 29 0.07675433049855304
22 30 0.15682949924786604
22 31 0.002765839306151605
22 32 0.05288780204572202
22 33 -0.030144780051288428
22 34 -0.010243992384611062
22 35 -0.000860162400983261
22 36 -0.009085159180893289
22 37 0.06465446563742798
22 38 -0.0703341354868887
22 39 -0.02374395295344718
23 23 0.0
23 24 0.05182801007270865
23 25 -0.09779649072826774
23 26 0.1586062797685068
23 27 -0.09307140749395718
23 28 0.05892053566609131
23 29 0.06312750050994245
23 30 0.11065713785065504
23 31 0.2669878345630437
23 32 -0.13117375315208754
23 33 0.042566996786614394
23 34 0.006709873816733597
23 35 -0.11699224411446063
23 36 0.13623627289755197
23 37 -0.04791474390123394
23 38 0.011946923256284225
23 39 -0.00512453460990372
24 24 0.0
24 25 0.03554722245317585
24 26 0.006894101258473272
24 27 0.08347172078860314
24 28 0.08655730321314345
24 29 0.18059022488196536
24 30 0.040467106329824844
24 31 0.08379110870364888
24 32 0.03944662810314387
24 33 -0.08272683529977647
24 34 -0.023399378329257082
24 35 0.04548715280187483
24 36 0.18084171629100032
24 37 0.01168825929382328
24 38 0.0044037663934284954
24 39 0.01318850498588664
25 25 0.0
25 26 -0.0718093127425753
25 27 0.11999317569912635
25 28 0.18699121332691604
25 29 -0.1707592439316014
25 30 -0.00594147090262039
25 31 -0.04975022979617645
25 32 0.10214984562592053
25 33 -0.011315053443991202
25 34 0.06803080313707414
25 35 0.0563507250002903
25 36 -0.07451210996345671
25 37 -0.05229112037160223
25 38 0.07975524837047165
25 39 0.13646437401388958
26 26 0.0
26 27 -0.13479901521465232
26 28 0.0064198783917628535
26 29 0.06640996582090483
26 30 0.12344259260140819
26 31 -0.04117135155454078
26 32 0.027943947778700795
26 33 0.15393899880394754
26 34 0.011976969877217547
26 35 0.004444706720602705
26 36 0.07038042714653095
26 37 -0.09276982608814455
26 38 0.053673241164254135
26 39 -0.0098973644742994
27 27 0.0
27 28 0.009437976851560831
27 29 -0.10434325612036739
27 30 -0.07365831284018985
27 31 0.18066019707565548
27 32 0.0381083525671143
27 33 -0.21983508807862218
27 34 0.05552833163745226
27 35 0.08613237298136266
27 36 0.062242453108749284
27 37 0.042328881660760306
27 38 -0.1240676265227127
27 39 0.26360898735968974
28 28 0.0
28 29 0.04687754704226449
28 30 0.156512980390054
28 31 0.06518104120605547
28 32 0.06580764118193004
28 33 0.014232407063086885
28 34 -0.013014898500442499
28 35 0.10804863685919638
28 36 0.06775494069233352
28 37 0.08573982452298087
28 38 -0.026586630181641875
28 39 0.004353105798067217
29 29 0.0
29 30 -0.002476230161245031
29 31 -0.041115535247924884
29 32 -0.09423034437618766
29 33 0.024640471832949262
29 34 -0.031191251620097567
29 35 0.09176524047181596
29 36 0.1417722150222323
29 37 0.11058214944122755
29 38 -0.007267417346451613
29 39 -0.08666719616933048
30 30 0.0
30 31 0.03721966186442624
30 32 0.08534456467703547
30 33 0.05731136298605166
30 34 -0.039343222734134424
30 35 0.014430975219224235
30 36 0.03201169606352482
30 37 -0.0028857626875115235
30 38 0.026105866291351087
30 39 -0.06367449884752178
31 31 0.0
31 32 0.007578923802596507
31 33 -0.18243951756716792
31 34 -0.18310350754553534
31 35 -0.155850682398291
31 36 0.24134027026696625
31 37 0.0035223216903986472
31 38 -0.166996195341969
31 39 0.012017992495997012
32 32 0.0
32 33 -0.010506501052639203
32 34 -0.17774160907895284
32 35 -0.057884280802579915
32 36 0.07661444478036379
32 37 -0.059204373262902676
32 38 -0.03935808913149888
32 39 -0.17592580127992
33 33 0.0
33 34 0.04771788279908044
33 35 -0.003898852294477606
33 36 -0.0053389713748606335
33 37 -0.08308472864523374
33 38 0.12649090357610185
33 39 -0.12304735365681245
34 34 0.0
34 35 0.10354802284686704
34 36 -0.06152356504773863
34 37 -0.013445184638535187
34 38 0.049465078465824125
34 39 0.2657745184963696
35 35 0.0
35 36 0.009249876594311502
35 37 0.18336031190434685
35 38 0.02140486854428885
35 39 0.12349939868428499
36 36 0.0
36 37 -0.012889350178102384
36 38 -0.04380157069041223
36 39 -0.06089758447647736
37 37 0.0
37 38 -0.04037139457655271
37 39 0.012512172405136222
38 38 0.0
38 39 -0.06556230670308584
39 39 0.0
