0 0 0.0
0 1 -0.007827690103061629
0 2 0.00980268603571945
0 3 0.12115610285902807
0 4 -0.02734651563476177
0 5 0.01894761851300323
0 6 0.025017132810712266
0 7 0.031673159702608575
0 8 0.05285800517067515
0 9 0.08076345171431093
0 10 -0.06099634818283837
0 11 -0.12097824497220114
0 12 -0.07233303325319036
0 13 0.14865382336680197
0 14 -0.02662679621284575
0 15 -0.007199465380459
0 16 -0.12370198425032883
0 17 0.007201771737854144
0 18 0.07629841623697013
0 19 -0.07968507581760106
0 20 0.07601016350581637
0 21 -0.17578959624164828
0 22 0.027172893415376882
0 23 -0.019771249160614516
0 24 0.054451334700685805
0 25 -0.030636269881605182
0 26 -0.004479799422491305
0 27 -0.0022474417472509857
0 28 0.0031951040866042757
0 29 0.01690758296630393
0 30 0.04546316177232061
0 31 0.041132186999285114
0 32 -0.052326991002361524
0 33 0.06149456511752384
0 34 0.1280926125051379
0 35 -0.06127052664304757
0 36 -0.051465483234401185
0 37 -0.0998495072741517
0 38 0.03590795707376577
0 39 -0.04342039195886011
1 1 0.0
1 2 -0.14331274074889816
1 3 0.02629944530109123
1 4 0.05805127985552862
1 5 -0.2110310737936266
1 6 0.007182253406287779
1 7 0.20192272119860427
1 8 0.12280653598725158
1 9 0.056754328296271694
1 10 0.2232873180930076
1 11 -0.13166914255153925
1 12 -0.0074265690016558335
1 13 -0.3381502801808353
1 14 -0.10054245552003871
1 15 0.014640632782710359
1 16 -0.021217501283211603
1 17 -0.1414904890258556
1 18 -0.1162923756259259
1 19 0.17386893014276553
1 20 0.0345499401683521
1 21 0.03809374307349702
1 22 0.21581239703384023
1 23 0.023444208953040908
1 24 0.14326172030436496
1 25 -0.06334352134801594
1 26 0.012208739537548302
1 27 -0.0914751490619308
1 28 -0.1856194160834186
1 29 -0.1669891962277333
1 30 -0.21261946714976493
1 31 0.06847912933123587
1 32 0.08630305762722285
1 33 -0.11191517770985367
1 34 -0.14058905839197458
1 35 0.06548533575481524
1 36 -0.029028442288921992
1 37 0.18742814396644217
1 38 -0.1785004104160187
1 39 0.038043446748711005
2 2 0.0
2 3 -0.029960489212797748
2 4 -0.1255372525464419
2 5 0.08661395596098351
2 6 0.04745597054908893
2 7 -0.003891415654046565
2 8 -0.07127920528052163
2 9 -0.08917043342762886
2 10 -0.11855757760823575
2 11 -0.025395203131688644
2 12 -0.1348175313754679
2 13 0.09494535137205846
2 14 0.01650834427456568
2 15 -0.07147431356729606
2 16 -0.07807714006503388
2 17 0.12262810489373577
2 18 -0.028520049234474914
2 19 -0.4732606974048795
2 20 0.018787682594229454
2 21 -0.002969649521239258
2 22 -0.028078863159828216
2 23 -0.08094214862064812
2 24 0.07517274508332773
2 25 0.15566341189054583
2 26 0.018623157529576703
2 27 0.07362479207941172
2 28 0.08463946063320951
2 29 0.1720555998358297
2 30 0.024413525274635306
2 31 -0.021202535402732994
2 32 -0.09740355982527948
2 33 0.02373712686212072
2 34 0.18943063193070347
2 35 -0.27057312262432587
2 36 0.047751689186599
2 37 -0.09003415959268493
2 38 0.020755555925723194
2 39 -0.029563986032161732
3 3 0.0
3 4 0.0028227072375118624
3 5 -0.04189218017355243
3 6 -0.07303702598789656
3 7 0.10039044729753907
3 8 -0.14516740658669675
3 9 -0.02824923227394762
3 10 -0.0899014813774392
3 11 -0.10851512218462103
3 12 -0.055047453369091684
3 13 0.06234669339752656
3 14 -0.053124589513804485
3 15 -0.12625141191335615
3 16 0.1488984216206599
3 17 0.004115939160569542
3 18 -0.01606785611303248
3 19 -0.05437095751527905
3 20 0.16178961687246368
3 21 0.061269406536406903
3 22 0.003132239460464052
3 23 -0.06498039605814666
3 24 -0.08053409744180502
3 25 -0.03777078969172246
3 26 -0.09784357281108813
3 27 0.07523565830553842
3 28 0.06186049787135456
3 29 -0.046597867958841785
3 30 0.08671413498335732
3 31 0.0742803466194841
3 32 -0.20395476207194435
3 33 0.1443472087506309
3 34 -0.09237728990444025
3 35 -0.10177200014971743
3 36 0.02873379127281272
3 37 0.02581217657908863
3 38 0.06824274898213073
3 39 -0.16996295804631262
4 4 0.0
4 5 -0.07718367670963147
4 6 -0.0493996958545215
4 7 -0.0017481825270336568
4 8 -0.023056464685019228
4 9 0.016827587317144642
4 10 -0.01299119525084135
4 11 0.07041248718881063
4 12 0.0040788342603560145
4 13 -0.06845428552835915
4 14 0.0591522721217958
4 15 0.050321906205588164
4 16 -0.03962219173801586
4 17 -0.041042100149322934
4 18 0.04797484568265788
4 19 0.08966060350090746
4 20 -0.011651687883026455
4 21 0.02185317679165637
4 22 -0.03120326298333877
4 23 0.014142989895473843
4 24 -0.0017180852933946437
4 25 0.023456617762197977
4 26 -0.06716397845647203
4 27 0.04539181235935068
4 28 -0.0503725627185674
4 29 -0.15195146580673477
4 30 0.06354381202974475
4 31 -0.09733982314502586
4 32 0.1516579503371728
4 33 0.06722259086022925
4 34 -0.013436182578007275
4 35 0.11100676313620776
4 36 -0.044421736714444146
4 37 -0.03872564597540913
4 38 0.011652714759935526
4 39 -0.007021796165942032
5 5 0.0
5 6 -0.02482956738331378
5 7 -0.12936157564678358
5 8 0.042536954770196686
5 9 0.028306809827265782
5 10 -0.05483205579414842
5 11 0.05771293392110297
5 12 0.06951820390638294
5 13 0.22569063053969543
5 14 0.05810491189300543
5 15 -0.03223038619918499
5 16 -0.043999482077855485
5 17 0.06134562137790128
5 18 0.08656010911164927
5 19 -0.10286368132931548
5 20 -0.005085855154713156
5 21 -0.03657971765872256
5 22 -0.13009576175229948
5 23 0.018307446132542635
5 24 -0.09203770507966803
5 25 0.06799583535675117
5 26 0.013712227960822101
5 27 -0.08641705055407219
5 28 0.10167982529560778
5 29 0.024344756111801407
5 30 0.07956864766987812
5 31 -0.018710266216695935
5 32 -0.08306930161077578
5 33 -0.00511576564607928
5 34 -0.05830784964437972
5 35 -0.12690923079247757
5 36 -0.11004725714654273
5 37 -0.06852674938799506
5 38 0.08681094319465693
5 39 0.05135423194331612
6 6 0.0
6 7 -0.11088307044063475
6 8 0.07658993342271676
6 9 -0.09851217604474656
6 10 0.06821348310792565
6 11 0.14735687385271515
6 12 -0.08304388966386787
6 13 -0.1250022011262051
6 14 0.10068323664502658
6 15 0.01578520361870161
6 16 -0.111866495669672
6 17 0.11214918067023853
6 18 -0.050342488115624584
6 19 0.025840529975609157
6 20 -0.17799923739136297
6 21 -0.07009742813239231
6 22 -0.08193226313707436
6 23 -0.08567434412551997
6 24 0.00009999459769825491
6 25 -0.03879037162505389
6 26 0.009520116206709528
6 27 0.17398165174526614
6 28 -0.06659093076571189
6 29 0.08254891320548136
6 30 -0.03108983419611942
6 31 -0.04166225283366592
6 32 0.07618778583760707
6 33 -0.11956272562379586
6 34 0.1407369047938209
6 35 0.16369281864090157
6 36 0.0873022152914097
6 37 0.13131556096779137
6 38 -0.03149972780826022
6 39 0.036358550755810536
7 7 0.0
7 8 0.0005923528052850567
7 9 0.022521726891650648
7 10 0.06912297043597718
7 11 -0.29732575087744323
7 12 -0.056357812477464575
7 13 0.06064000415761857
7 14 -0.13781554645780156
7 15 -0.1656513614552136
7 16 0.11704640875659653
7 17 0.08393923566439355
7 18 -0.12177362109618364
7 19 0.040600098628771425
7 20 0.0927208802710734
7 21 0.08622921183302976
7 22 0.2687523752114632
7 23 -0.15084653058289438
7 24 0.055145829366650176
7 25 0.0035187171975285896
7 26 -0.05047946757898073
7 27 -0.08413776404376985
7 28 -0.005926821665255119
7 29 0.017064905250623007
7 30 -0.13794885621621514
7 31 0.08716807404925185
7 32 0.0014119514165736088
7 33 0.15050316440833472
7 34 -0.021808076145090952
7 35 -0.04129545102765421
7 36 -0.010635066169927102
7 37 0.004487949874637716
7 38 -0.02131658683439025
7 39 -0.05789339699862621
8 8 0.0
8 9 0.13941329965965715
8 10 0.1356224941952621
8 11 -0.06838625837977258
8 12 -0.034080870920776746
8 13 -0.01224295103008748
8 14 -0.012831728199054173
8 15 0.054349263853490946
8 16 -0.2998087848043028
8 17 -0.0462225231612886
8 18 0.04758733862783536
8 19 0.1401357831032321
8 20 -0.12940201181759964
8 21 0.057190976674418394
8 22 0.05688612488479432
8 23 0.06482451395073259
8 24 0.032088808823963325
8 25 0.046662874960541216
8 26 0.10554764382580242
8 27 -0.28475625540199695
8 28 -0.1017117464465305
8 29 0.08460391811834309
8 30 -0.07396379074700414
8 31 -0.010082035103056625
8 32 0.10344639045501372
8 33 -0.11331692268550733
8 34 -0.09225313600885761
8 35 0.18464269470945963
8 36 -0.1281072158337721
8 37 0.0603909994105854
8 38 -0.0876318820596785
8 39 0.06732110026017471
9 9 0.0
9 10 0.07946211560658224
9 11 -0.20790840127111693
9 12 0.06730749437814498
9 13 0.017099595528301825
9 14 -0.08428589211786056
9 15 0.047344704677425825
9 16 0.003908087815672137
9 17 -0.05934229730512802
9 18 0.05027917583227411
9 19 0.02309228224835068
9 20 0.13166324762435905
9 21 0.07873779431973385
9 22 0.0967678287340819
9 23 0.21204331396163362
9 24 0.10429234060712714
9 25 0.19243921004475686
9 26 0.11620057374931043
9 27 -0.21766068846387587
9 28 -0.09834791755237693
9 29 0.14486075693193215
9 30 -0.0846767518178835
9 31 0.06052856527779873
9 32 0.11106378291499545
9 33 0.03271244911776679
9 34 -0.011925923355531741
9 35 0.11263832386992415
9 36 -0.02885735297265804
9 37 -0.1914957529619713
9 38 0.023016522492062094
9 39 0.09218161298493045
10 10 0.0
10 11 -0.04314973360932954
10 12 0.10096519447244534
10 13 -0.21975127667162847
10 14 -0.08209653499094627
10 15 0.09725682225781426
10 16 -0.08997908015942353
10 17 -0.030315185954272256
10 18 -0.020389911399204784
10 19 0.14493301548380008
10 20 -0.04671597695164881
10 21 -0.007725254272044189
10 22 0.15727749919271547
10 23 0.08923987565136357
10 24 0.019031132841084045
10 25 -0.06262107070853366
10 26 -0.027792648389679552
10 27 -0.07494559076713589
10 28 -0.14148275901206042
10 29 -0.033922898597991094
10 30 -0.23189560332218578
10 31 -0.048825688127328355
10 32 0.0788394644461359
10 33 -0.1867236992861295
10 34 -0.11505773913182038
10 35 0.1039421613973673
10 36 0.015329338202541499
10 37 0.19085181931552062
10 38 -0.14369337539363722
10 39 -0.00803189516419994
11 11 0.0
11 12 0.03134455158313847
11 13 -0.07235244552675127
11 14 0.05793949829993974
11 15 0.06791932452633183
11 16 -0.13087204996862295
11 17 0.11244365225614346
11 18 -0.010138751412959376
11 19 -0.01109962030021676
11 20 -0.17222906722098913
11 21 -0.14077372918859474
11 22 -0.35800731484609816
11 23 -0.019348022091801285
11 24 -0.07525914974322834
11 25 -0.09178919733489183
11 26 -0.07716863198492249
11 27 0.1416034550427697
11 28 0.06809676369468567
11 29 -0.09480047303986469
11 30 0.10339394192780012
11 31 -0.22987392182851854
11 32 0.022312912419195703
11 33 -0.06126036841203151
11 34 0.10133455127695652
11 35 0.02511005257562076
11 36 -0.039112638820443434
11 37 0.06528214403883972
11 38 -0.026823745688270395
11 39 0.1055398229221022
12 12 0.0
12 13 -0.03206974626710633
12 14 0.022128166683563006
12 15 0.08555800526252155
12 16 0.03666630438582341
12 17 0.0038249712693756593
12 18 0.035393974001985976
12 19 -0.026013419791024495
12 20 0.05128907062301018
12 21 -0.004725203533647223
12 22 0.007742600246526264
12 23 0.19356507218268226
12 24 -0.03579357448277585
12 25 -0.017879777572816755
12 26 -0.032492964247636556
12 27 -0.043650111367556456
12 28 -0.004616026036023563
12 29 -0.07022305947820409
12 30 -0.1898912057828906
12 31 0.018130428126555444
12 32 0.04703163068098152
12 33 -0.14440968257557424
12 34 -0.19519314243295677
12 35 -0.008146538137168393
12 36 -0.03220508302164563
12 37 0.07863292180009454
12 38 0.010765077484442746
12 39 0.037616064237209895
13 13 0.0
13 14 0.034466889170668605
13 15 -0.09906051547718184
13 16 -0.09825877501867444
13 17 0.20983232909323796
13 18 0.17624051847573002
13 19 -0.08568846687206658
13 20 0.044779774381530725
13 21 -0.004621408046360288
13 22 -0.08841087468364603
13 23 -0.10320717177101313
13 24 -0.07356864180573733
13 25 0.11823591300531436
13 26 0.014434128374184424
13 27 -0.10777029055981972
13 28 0.2075137205046304
13 29 0.20298868824735128
13 30 0.23169738875231935
13 31 -0.08381802190002419
13 32 -0.12715364190852227
13 33 0.2920966587017533
13 34 0.05451980164021547
13 35 -0.050037282082136404
13 36 -0.07705720756310777
13 37 -0.26994618367030176
13 38 0.25464497841762845
13 39 0.03280042496871825
14 14 0.0
14 15 0.0689791251921538
14 16 -0.10541809382729632
14 17 -0.02861622964931092
14 18 0.12299084360164651
14 19 -0.06045093550642194
14 20 -0.08654824451700885
14 21 0.04323362912212429
14 22 -0.036647779423574986
14 23 0.017975629639677047
14 24 -0.04979456612333157
14 25 0.10033199821867908
14 26 -0.010622547234411677
14 27 0.13608779474858285
14 28 -0.02914475124693307
14 29 -0.0829755096790093
14 30 0.08388511015414835
14 31 -0.021628022769999828
14 32 0.1652083143466294
14 33 -0.034068544424204185
14 34 -0.08242054789427805
14 35 0.1333083007145361
14 36 -0.017417344861217272
14 37 0.007070525174016006
14 38 0.13500494606939453
14 39 0.019042359976739552
15 15 0.0
15 16 -0.20168960108516581
15 17 -0.1213082632262612
15 18 0.12575970111068874
15 19 0.10509074629159165
15 20 -0.09720800659523575
15 21 0.015710070272427584
15 22 0.043843162749967704
15 23 0.1329918816160673
15 24 -0.017644162297579473
15 25 0.04397032529346713
15 26 -0.03177802481389795
15 27 0.02029715169006448
15 28 -0.10603109784496867
15 29 -0.01937747570773546
15 30 -0.006597224915505559
15 31 -0.12938499078017243
15 32 0.12302738350761469
15 33 -0.10736037920712563
15 34 -0.06725421277003907
15 35 0.1568589047524672
15 36 -0.011589182878875878
15 37 0.1274663822922491
15 38 0.01851083048653498
15 39 0.08076645115136202
16 16 0.0
16 17 -0.07654208741231665
16 18 -0.2840840591853047
16 19 0.09317892858479093
16 20 0.17976990839819865
16 21 0.07918500767172444
16 22 0.008095521392249849
16 23 -0.08654673192956706
16 24 -0.04175672246944795
16 25 -0.10358381374354102
16 26 0.022908672569236115
16 27 0.10622367448347947
16 28 0.0946549048981263
16 29 -0.061532802808048036
16 30 -0.03008595733170193
16 31 0.3450306512962104
16 32 -0.1741713666232168
16 33 0.06588246537525802
16 34 0.026897827482346943
16 35 -0.24194655765846979
16 36 0.10195784981499607
16 37 -0.011712602798848375
16 38 -0.022915987686377544
16 39 -0.023741901493241867
17 17 0.0
17 18 -0.011511170698994435
17 19 -0.1557265534196397
17 20 -0.01684331889541887
17 21 -0.03780362430028895
17 22 -0.1355494825442654
17 23 -0.08499132562737022
17 24 -0.009082709767309651
17 25 0.023924010194946766
17 26 -0.05728231646646893
17 27 0.033609068643117204
17 28 0.12283429439210398
17 29 0.17617504133260425
17 30 -0.03373987127359302
17 31 -0.14645121820726145
17 32 -0.04127438810299337
17 33 0.11138748722751105
17 34 0.12781886847953836
17 35 -0.014124441492719127
17 36 0.03089621564343232
17 37 -0.07377826574689984
17 38 0.06700558757962757
17 39 0.015098146627551757
18 18 0.0
18 19 0.004702128323787589
18 20 -0.011748476390450447
18 21 -0.036212149173192314
18 22 0.010463969182401228
18 23 0.09091224199435384
18 24 -0.029292981739214453
18 25 0.07956936596226241
18 26 -0.017995481040795413
18 27 -0.00917369753186866
18 28 -0.02418421089454751
18 29 0.0019025286574882387
18 30 0.13892756564164951
18 31 -0.19663975606677
18 32 0.07161587089999968
18 33 0.047849791699600505
18 34 -0.061799366593100494
18 35 0.14175729501151596
18 36 -0.008653334120220426
18 37 -0.12009223744219288
18 38 0.12308571072744603
18 39 -0.05397318319198724
19 19 0.0
19 20 -0.11647576245913423
19 21 0.054005810460310485
19 22 0.0477001796616965
19 23 -0.11881000823341388
19 24 -0.01484719053282764
19 25 -0.1623897100704855
19 26 0.07668602178428044
19 27 -0.13035961389522238
19 28 -0.09839395068176955
19 29 -0.10227025959103087
19 30 0.15157508035164652
19 31 -0.05720739546797262
19 32 0.024417386654327945
19 33 0.08536906228279414
19 34 -0.08276364127369029
19 35 0.3038464215737313
19 36 -0.014700728541083147
19 37 0.09101271374556222
19 38 -0.05337325143133982
19 39 0.17103898673671905
20 20 0.0
20 21 0.004931549675589269
20 22 0.047972469765030966
20 23 0.07200884408142891
20 24 0.08379407102782828
20 25 0.026929732562165704
20 26 0.023255492588064818
20 27 -0.044776569347346105
20 28 0.03769289252907193
20 29 -0.017860928609611828
20 30 -0.042860880786064336
20 31 0.10892992231124236
20 32 -0.1160053588695624
20 33 0.08209673295966499
20 34 -0.04299311340952927
20 35 -0.176387943074437
20 36 0.018595759608951004
20 37 -0.12606112767850625
20 38 0.02772734442237232
20 39 -0.027454251557651403
21 21 0.0
21 22 0.06535458710008188
21 23 0.02669454122117961
21 24 -0.0943336657968804
21 25 0.19629157212136358
21 26 0.007886131899462651
21 27 -0.11572210913302698
21 28 -0.012352504398582842
21 29 0.10913267878038586
21 30 0.010611772083402426
21 31 0.06709909237414403
21 32 -0.00009859955851032414
21 33 0.07745187492385622
21 34 -0.27695580836131134
21 35 0.13865968297681314
21 36 -0.008505901353623918
21 37 0.12068441105185272
21 38 0.09502133294259849
21 39 0.007581706482597391
22 22 0.0
22 23 0.02634715226460005
22 24 0.050067148409912235
22 25 0.027633625333464945
22 26 -0.0001786747898245362
22 27 -0.0379508424288653
22 28 -0.14410415018949257
22 29 0.0009991602734169475
22 30 -0.17484271266464768
22 31 0.11216779306647584
22 32 0.10016948525252985
22 33 -0.0564048277468235
22 34 -0.10286667014321356
22 35 0.07500617311194772
22 36 0.05837428857552446
22 37 0.07123027755671843
22 38 -0.035759019550944446
22 39 -0.10565135621716895
23 23 0.0
23 24 0.03540262112410612
23 25 0.06639683466603172
23 26 0.04486974468648625
23 27 -0.1007694308917491
23 28 -0.07733658335093899
23 29 0.015220826370214501
23 30 -0.17966436025129445
23 31 0.025013451774726598
23 32 0.0972756023054857
23 33 -0.18120276510542194
23 34 -0.1575783524578223
23 35 0.06761110124211767
23 36 -0.0026731096885790557
23 37 -0.002098936019488597
23 38 -0.01851349639639388
23 39 0.00006107409858617664
24 24 0.0
24 25 0.03909881225302594
24 26 0.1648146878536933
24 27 -0.08082699763114216
24 28 -0.06273240510135342
24 29 0.026548841344089136
24 30 -0.0790323910837005
24 31 0.021554739432376353
24 32 0.0672016898123304
24 33 0.00763943423784966
24 34 0.14020592044312924
24 35 -0.03634576639698973
24 36 0.020084775201691052
24 37 -0.16021867367430204
24 38 -0.06158840175992512
24 39 0.1956521241721637
25 25 0.0
25 26 0.05248790765254348
25 27 -0.073659162234672
25 28 -0.02378919011015912
25 29 0.13544350385496956
25 30 0.05483771457011684
25 31 -0.0333283252766818
25 32 0.12129112169428131
25 33 0.10960431428778979
25 34 -0.054011703326047336
25 35 0.08888138210465145
25 36 -0.04257001470068499
25 37 -0.12733284474283754
25 38 0.1564036168694884
25 39 0.11429889423879185
26 26 0.0
26 27 -0.15185815287163879
26 28 -0.018576590971155774
26 29 0.1171868329878106
26 30 0.0034689894369845918
26 31 0.10519762995356097
26 32 0.001506617095460233
26 33 -0.013633490156462206
26 34 0.04897850412652985
26 35 0.025893265778565794
26 36 0.011996760084914963
26 37 -0.13415751596090333
26 38 -0.012515947833464314
26 39 0.18618496368400708
27 27 0.0
27 28 -0.0027063953504768905
27 29 -0.10445093090037441
27 30 0.07189048790832894
27 31 -0.0458787708450492
27 32 0.04800794251538222
27 33 -0.008047250044813724
27 34 0.16441018132086602
27 35 -0.0028145694333155126
27 36 0.15835543837407573
27 37 0.05284421982372528
27 38 0.050236805582425714
27 39 -0.153344394308846
28 28 0.0
28 29 0.059986617929556806
28 30 0.09098643763634892
28 31 0.0051832297115869935
28 32 -0.1634203690119297
28 33 0.10896514797345573
28 34 0.043113196313338105
28 35 -0.16113738261211447
28 36 -0.021217669473261487
28 37 -0.06997953822622022
28 38 0.06764884413493452
28 39 -0.003735995491901294
29 29 0.0
29 30 -0.006956202298444044
29 31 -0.010613158789623649
29 32 -0.07884406609319654
29 33 0.08078936479718027
29 34 0.1407914248104451
29 35 0.09413326800952469
29 36 0.11769077376948175
29 37 -0.11441896173147974
29 38 0.07405886334595116
29 39 0.037615937405412525
30 30 0.0
30 31 -0.14504295326764982
30 32 -0.09267630408700908
30 33 0.279084141691061
30 34 0.1198530659488071
30 35 0.034910114734212974
30 36 -0.017978823461468847
30 37 -0.18730871848817732
30 38 0.15535589870800845
30 39 0.016387819758518957
31 31 0.0
31 32 -0.07079618646293363
31 33 -0.09982115651300619
31 34 -0.07733669571490084
31 35 -0.14778794359849867
31 36 -0.007217252222914606
31 37 0.056448412609582735
31 38 -0.037237992368463965
31 39 -0.003825269946400539
32 32 0.0
32 33 -0.0736402436384962
32 34 0.030366949123914654
32 35 0.2835243097155896
32 36 -0.028952666736114397
32 37 -0.05350094439731799
32 38 0.01000168976127692
32 39 0.06480088617617766
33 33 0.0
33 34 0.11971889020813857
33 35 0.007140704536493498
33 36 -0.010350580889535301
33 37 -0.2426632258792143
33 38 0.16910013144591282
33 39 0.045345735159292674
34 34 0.0
34 35 -0.07747616958683065
34 36 0.11280039757090636
34 37 -0.2818739020453807
34 38 -0.05839901813607756
34 39 0.019813521384872825
35 35 0.0
35 36 0.05735440821103812
35 37 0.03411101274667166
35 38 0.07698566284229397
35 39 0.03673393667491372
36 36 0.0
36 37 -0.021298148389276135
36 38 -0.01132465950638144
36 39 -0.10972343063215337
37 37 0.0
37 38 -0.10287715685115188
37 39 -0.06456976553768656
38 38 0.0
38 39 0.057131273566104014
39 39 0.0
