0 0 0.0
0 1 0.1459046019831485
0 2 -0.013019186500197085
0 3 -0.0015381449993694851
0 4 -0.0007722146471260183
0 5 0.060491825615734726
0 6 -0.020541582050327332
0 7 0.0718647982488143
0 8 0.11248075896524687
0 9 -0.014230400895309362
0 10 0.028103793977418034
0 11 0.030111398015435664
0 12 -0.04902348352731401
0 13 -0.07126180351081798
0 14 0.11158488893741556
0 15 0.006578550543623311
0 16 0.05637047258294477
0 17 -0.046913840986462174
0 18 0.12959338971275897
0 19 -0.08074077321872966
0 20 0.10124285615370225
0 21 0.2181439095203909
0 22 0.05881410188963894
0 23 -0.07369159677034756
0 24 0.09893109608476337
0 25 0.020129735397520207
0 26 -0.08488995686870163
0 27 0.08486058200069836
0 28 -0.03330074099176293
0 29 0.0166026997299067
0 30 -0.10438858105994024
0 31 0.016089665251347186
0 32 0.0851417137224262
0 33 0.12660716142178738
0 34 -0.013246493770434778
0 35 -0.15876686220643815
0 36 -0.10150558534426188
0 37 -0.0016394120182292536
0 38 0.04097596601802229
0 39 -0.004679208850367411
1 1 0.0
1 2 -0.042775558011952125
1 3 0.040058125184894634
1 4 0.015177645606479875
1 5 0.14015443513656012
1 6 0.08527740015028233
1 7 -0.002753885192460934
1 8 0.14569797714854732
1 9 -0.10272937031579239
1 10 0.014380201644927837
1 11 0.13790381099957658
1 12 -0.12603004381022698
1 13 -0.05873520436613596
1 14 0.13824161112744676
1 15 0.05334445191907315
1 16 -0.03495636035004103
1 17 -0.04134843618007929
1 18 0.0846510145603413
1 19 0.07012228867444724
1 20 0.10302986198431618
1 21 0.18284604079475758
1 22 0.10998728156501239
1 23 -0.18188769747670755
1 24 0.03775304916384439
1 25 -0.001510734930913442
1 26 -0.05273626731960483
1 27 0.013342299006795077
1 28 -0.11269542795544281
1 29 -0.030474150636993397
1 30 0.0013437163900923157
1 31 -0.02157699639154815
1 32 0.06830642364593487
1 33 0.0031434360275035245
1 34 -0.014003329406035988
1 35 -0.1504243546811957
1 36 -0.023816812184768655
1 37 -0.024120352909116315
1 38 -0.02489642462662301
1 39 -0.045603794878441926
2 2 0.0
2 3 0.024799974047509353
2 4 0.055507453614356314
2 5 -0.05673443202541526
2 6 0.030506471825241
2 7 -0.01073325901934149
2 8 -0.0888744282575639
2 9 -0.08473009586295356
2 10 0.05270043671530454
2 11 -0.2900098655701587
2 12 -0.005390873751025979
2 13 0.012168169496697875
2 14 0.1492256996920462
2 15 0.04489198454812348
2 16 0.03934568944478253
2 17 -0.13765041240100367
2 18 0.09472544293524429
2 19 0.017276864288123493
2 20 0.033773523973784705
2 21 0.024883330296851615
2 22 0.06643122544994992
2 23 0.061607924030666075
2 24 -0.08404051057274893
2 25 -0.03282410438789308
2 26 -0.03401980374655155
2 27 -0.032847087035892134
2 28 -0.017608422363941573
2 29 0.017663065015296027
2 30 0.044240493583055644
2 31 -0.06507772095146813
2 32 0.05883750436303409
2 33 0.07013094423041584
2 34 0.03310866233044616
2 35 0.11816000988123188
2 36 0.0033557385384377246
2 37 -0.0793024547241815
2 38 -0.036332498420115
2 39 0.06146800720971827
3 3 0.0
3 4 0.03206812622804851
3 5 -0.004816934094576379
3 6 0.08037287467803853
3 7 0.0975909976503346
3 8 0.008879504120133374
3 9 -0.1037948114682175
3 10 -0.040924549105021545
3 11 -0.07641641919656009
3 12 0.04900185311697615
3 13 0.01460311347026857
3 14 -0.04589627618286813
3 15 0.20410139034184943
3 16 -0.07826680676155773
3 17 0.0963751289376942
3 18 -0.05945206848633285
3 19 -0.03731908000598226
3 20 -0.15896251322420593
3 21 0.09291064181498335
3 22 0.03874464095849494
3 23 -0.13509798158141945
3 24 -0.010119844661173088
3 25 -0.15751906609378336
3 26 0.027836972271985682
3 27 0.00402194449160484
3 28 -0.12347935084829716
3 29 0.031037778292097064
3 30 0.019993152951391875
3 31 -0.0966098200630172
3 32 0.059739668398942083
3 33 -0.0268723333290841
3 34 0.0196633548257862
3 35 -0.1029722645976957
3 36 -0.044805751648275535
3 37 0.10230915993108977
3 38 0.0315281259467359
3 39 0.20651290475763204
4 4 0.0
4 5 0.04434136894572235
4 6 0.07953923309998864
4 7 -0.10011527873262634
4 8 -0.0712401446364882
4 9 0.02032480377480424
4 10 0.015599844315041958
4 11 -0.05600411732815772
4 12 -0.05690662227650406
4 13 0.031113539994159705
4 14 0.06691317293676743
4 15 0.061958695937838336
4 16 -0.015996383564260606
4 17 -0.08636755765782923
4 18 0.10552807465104994
4 19 -0.03540051306107366
4 20 0.034626357836824224
4 21 0.0009020966572628561
4 22 0.08065954994315697
4 23 -0.04076583591424221
4 24 0.04545121570126117
4 25 -0.07873340845154947
4 26 -0.07667896964488496
4 27 0.03165815958183913
4 28 -0.05884482518112405
4 29 0.1081572538398484
4 30 -0.030056906755981688
4 31 0.03397845851248747
4 32 -0.06226292275535374
4 33 0.05368397654899197
4 34 -0.035055956686766004
4 35 -0.042232904524542654
4 36 -0.11098213625894313
4 37 -0.033077929163290436
4 38 0.1408232658582075
4 39 0.04762472065690064
5 5 0.0
5 6 0.22290807894812406
5 7 -0.12546706160229953
5 8 -0.007744396172255724
5 9 -0.044206486000414935
5 10 0.10325614640152667
5 11 0.11527134699722416
5 12 -0.010824837166717154
5 13 -0.08361645296001695
5 14 -0.04615606129239751
5 15 -0.014587965332328362
5 16 0.04974353909468887
5 17 -0.15637597811383713
5 18 -0.014589936358074046
5 19 0.033270654908576905
5 20 -0.06549802888412944
5 21 0.08441093908249583
5 22 0.028490440746934714
5 23 -0.13726663386076626
5 24 0.1412596648672969
5 25 -0.019439833195686047
5 26 0.0777652209667821
5 27 0.07832873576828862
5 28 -0.021914221424455406
5 29 0.058985060313797445
5 30 -0.135206700211407
5 31 0.12411786494689155
5 32 0.011698053170764689
5 33 0.0014636679673937956
5 34 -0.023763241221908614
5 35 -0.0106214317180283
5 36 -0.0837492527853093
5 37 0.0856335866458716
5 38 0.11733020274833195
5 39 -0.05219373829167682
6 6 0.0
6 7 -0.03964627431948648
6 8 -0.059644513027239034
6 9 -0.27334595342986634
6 10 0.10371671295980991
6 11 -0.05404149242108077
6 12 0.08025667758155028
6 13 0.06808501688253736
6 14 0.08342423092499224
6 15 -0.07684666083155015
6 16 0.003180812740479047
6 17 -0.10844851801216757
6 18 -0.06528094307409857
6 19 0.02679093241257146
6 20 -0.08598600911896827
6 21 0.11364817608852511
6 22 0.04267647290857134
6 23 -0.19368356909301115
6 24 -0.04196026036969533
6 25 -0.19423097731526895
6 26 -0.10696064595816006
6 27 0.06702736756709776
6 28 -0.09010691722255508
6 29 0.07690106604296951
6 30 -0.15257111012052887
6 31 -0.038518748739397576
6 32 -0.09258028429691949
6 33 0.00644173397912846
6 34 0.04749313130152169
6 35 -0.05397579826930343
6 36 -0.14857260059980323
6 37 0.11024837062792447
6 38 0.07673213660726563
6 39 -0.0870769586726747
7 7 0.0
7 8 0.09196713630889136
7 9 -0.08391437030434903
7 10 -0.013743231969298293
7 11 -0.06273645300349565
7 12 0.026113268798690227
7 13 -0.001141512345260873
7 14 -0.05190858651250928
7 15 0.0010737554884059923
7 16 -0.06653209141232158
7 17 0.10701023395438189
7 18 0.018238240677691017
7 19 -0.06676261209271113
7 20 -0.11601773575751625
7 21 0.08068239368385846
7 22 -0.09460702499450359
7 23 0.02233951331826755
7 24 -0.12593021494523654
7 25 -0.060465776039655604
7 26 0.04925483895572552
7 27 -0.013379333659744785
7 28 0.027097544971734815
7 29 -0.03497804336047975
7 30 -0.08602897047930165
7 31 -0.16339677864423044
7 32 -0.000024572412175010046
7 33 -0.02443426418113185
7 34 0.029539838701060483
7 35 0.027038488372715042
7 36 -0.08997800871293492
7 37 -0.09082535826207938
7 38 -0.14490166165027182
7 39 0.09220961351683797
8 8 0.0
8 9 -0.0787321097929923
8 10 -0.1951788700011035
8 11 0.058336973186870776
8 12 -0.1842342715071192
8 13 -0.16041237324066498
8 14 -0.09806196101676593
8 15 0.10611768669975033
8 16 -0.03617505973524081
8 17 -0.0462114877481061
8 18 0.07931080298782883
8 19 0.07342252794056071
8 20 0.15186448672875902
8 21 0.22052321161454685
8 22 -0.03368188794116299
8 23 -0.008612002834771282
8 24 0.07737022655369892
8 25 -0.0040597131701186565
8 26 0.0901407305395029
8 27 -0.0664045074416145
8 28 0.031594562816410654
8 29 0.057698052707557554
8 30 0.00551252225647085
8 31 -0.06177852703446287
8 32 -0.03372986460358219
8 33 -0.11108240835234764
8 34 0.05911279367519329
8 35 -0.14231610623672408
8 36 -0.08188372854067186
8 37 0.007561832146816813
8 38 -0.08532664408447077
8 39 -0.07474992868414485
9 9 0.0
9 10 0.0059341882648058985
9 11 0.05064283328015484
9 12 -0.10623325494526734
9 13 0.03239905443975588
9 14 0.05482496623706355
9 15 0.12005734474763026
9 16 -0.012436549497298865
9 17 -0.03175978714239521
9 18 0.13809723289925419
9 19 -0.010067235236262921
9 20 0.04456888019625968
9 21 -0.17033438689588046
9 22 0.018597584376379588
9 23 0.1495112182657778
9 24 -0.08624575934988679
9 25 0.09009402866081057
9 26 0.20045266917059154
9 27 0.11531041748351298
9 28 -0.02522370568368163
9 29 -0.10361615983333068
9 30 -0.015461147990829479
9 31 0.09288876497151607
9 32 0.026299340205348975
9 33 0.15393258781338673
9 34 -0.12924355154665185
9 35 0.008658896163315794
9 36 0.20682081234834607
9 37 -0.14325835572504617
9 38 0.13977937294759374
9 39 0.047791221639467016
10 10 0.0
10 11 0.017000304933668286
10 12 0.06323846656107943
10 13 0.09178707419103985
10 14 0.19700946374678494
10 15 -0.1636721748576398
10 16 0.015986575610828776
10 17 -0.020563600451489285
10 18 -0.04527408311585908
10 19 -0.04867060965681567
10 20 -0.0653727629419511
10 21 -0.027424538088212946
10 22 0.030537434093850964
10 23 -0.08050576424459932
10 24 -0.026473775822104372
10 25 0.04351717590923686
10 26 -0.13689622768206583
10 27 0.08005162286622194
10 28 -0.01548854616674777
10 29 -0.08004872988422809
10 30 -0.10145816394101018
10 31 0.002228803937868118
10 32 0.07697793863718262
10 33 0.09818060364247029
10 34 -0.04919009735582562
10 35 0.053225994955939424
10 36 0.04272840716231628
10 37 -0.010676147901296987
10 38 0.05333981905116547
10 39 0.019373379061847388
11 11 0.0
11 12 0.02680983829505832
11 13 -0.06695275884033061
11 14 -0.06875360020267718
11 15 -0.02333425474132727
11 16 0.04985268072921187
11 17 0.07997002950287285
11 18 -0.0804404804996886
11 19 0.043366495852335
11 20 0.01727882599951929
11 21 -0.06650173064853945
11 22 -0.015204504458770612
11 23 -0.1178035827529654
11 24 0.10504559881837276
11 25 0.08657814513347237
11 26 -0.02786394996117495
11 27 0.0031553982995318947
11 28 0.047539726275534475
11 29 -0.04922745487511372
11 30 -0.001405900021237857
11 31 0.10447198678609233
11 32 0.034516519302691076
11 33 -0.05935704760439085
11 34 -0.026674846185659896
11 35 -0.00968341420954353
11 36 0.09503305276210214
11 37 0.021646578367423595
11 38 0.021071348294621456
11 39 -0.021842776727286975
12 12 0.0
12 13 0.0048771927308085454
12 14 -0.11758847161840971
12 15 -0.0822517911700293
12 16 0.1548726527987708
12 17 0.1715290613277666
12 18 -0.17081182110724688
12 19 -0.13375148699447814
12 20 -0.1925479645525908
12 21 -0.12065264481457585
12 22 0.011226278972131099
12 23 -0.06587442597665515
12 24 0.02054882367039305
12 25 -0.03424747204750264
12 26 -0.04982907666085112
12 27 0.02381897164780427
12 28 0.05591438322082852
12 29 -0.03908453893729917
12 30 0.03171400323724309
12 31 0.14147520008338083
12 32 0.13144039417453102
12 33 0.0485494491402481
12 34 0.08139780803300442
12 35 0.09816187759332227
12 36 -0.02859966512377255
12 37 0.1117624022607192
12 38 -0.022367656722078272
12 39 0.09988250579270194
13 13 0.0
13 14 0.14545602160911944
13 15 -0.06349304359533327
13 16 -0.09348275837999279
13 17 0.04271115804263456
13 18 -0.04000600021579641
13 19 0.032136546241074
13 20 -0.038503427620971656
13 21 -0.08756163321292877
13 22 -0.007482285195684625
13 23 0.04682556448325127
13 24 -0.16815660471046565
13 25 -0.023679706033264865
13 26 -0.10624559468193821
13 27 0.027307045230849442
13 28 -0.08055650193706174
13 29 -0.07324273467769572
13 30 0.0032270290326706164
13 31 -0.12765663677975927
13 32 -0.08969273269233895
13 33 0.06738308662407082
13 34 -0.06584517135014742
13 35 0.008469112430435282
13 36 0.15612502475240947
13 37 -0.000028351042266397766
13 38 0.024636745283386455
13 39 -0.06368668724334885
14 14 0.0
14 15 -0.1027081872775876
14 16 0.0052045041836833094
14 17 -0.019781439939627755
14 18 0.10304112084990517
14 19 -0.05103001531202593
14 20 0.2236592568563327
14 21 0.12624941111181404
14 22 0.2043036134705068
14 23 -0.18556457046626934
14 24 -0.14121495779393198
14 25 0.045014423381467675
14 26 -0.3302529445094854
14 27 0.1553809541619329
14 28 -0.21015064638431916
14 29 -0.17325999061616465
14 30 -0.050082475523433145
14 31 -0.09019216829337892
14 32 0.1968244012390174
14 33 0.2316677909471367
14 34 -0.05718848413726063
14 35 -0.23368552601264744
14 36 0.08689008200568896
14 37 -0.09883692871143496
14 38 0.05398296136138021
14 39 0.03006654497465422
15 15 0.0
15 16 0.0004134345426377808
15 17 -0.06680041565834434
15 18 0.13729667478843055
15 19 0.09013828139798483
15 20 -0.02865221053148715
15 21 0.012052132342054659
15 22 0.03568966153355561
15 23 0.018625258169925916
15 24 -0.0749325720273856
15 25 -0.15785374968702412
15 26 0.2266393168284802
15 27 0.02848655135370934
15 28 -0.11998698320655239
15 29 0.0622655469057559
15 30 0.02940470540127696
15 31 -0.05620336117488413
15 32 -0.01825558928024803
15 33 0.05017506116513121
15 34 -0.0351650112990161
15 35 -0.03206346453180946
15 36 0.13413151496124875
15 37 -0.03635672051200319
15 38 0.1112263251754934
15 39 0.1783416078217677
16 16 0.0
16 17 -0.022605965003892687
16 18 -0.01853159244688364
16 19 -0.06407595931338882
16 20 0.029226217161750508
16 21 -0.011508526037845336
16 22 -0.03228850113727193
16 23 -0.012068733483024181
16 24 0.07276227747573598
16 25 0.037248683072065844
16 26 -0.07014707616189805
16 27 0.1206247421825972
16 28 -0.018128089539342872
16 29 0.05293412918841882
16 30 -0.09932768020245691
16 31 0.12509742688550124
16 32 0.08965012822020316
16 33 0.10706182776531285
16 34 0.00849612734144082
16 35 0.02483962065615756
16 36 -0.03268161888203418
16 37 0.03434879362452607
16 38 0.009625167632626209
16 39 0.03246693568408665
17 17 0.0
17 18 -0.17567958609037998
17 19 -0.10919165657106736
17 20 -0.10314588579399257
17 21 -0.06522003651203268
17 22 0.005807561112953782
17 23 -0.09396795884066529
17 24 -0.01477776809563664
17 25 0.03498398495014693
17 26 -0.07608757338686979
17 27 -0.022907782800540268
17 28 -0.0340677726076281
17 29 -0.1166904669616445
17 30 0.11913359313466154
17 31 0.0051223611044123015
17 32 0.14555657792130552
17 33 -0.05782097217225638
17 34 0.036182234869812716
17 35 -0.07598264924577033
17 36 0.0002564152152407683
17 37 0.06375423339536065
17 38 -0.11981406476347545
17 39 0.12743117285234584
18 18 0.0
18 19 -0.01118788414261967
18 20 0.15998098779324746
18 21 0.06904046206797115
18 22 0.09699110687355288
18 23 0.07698042335553856
18 24 -0.049966535523509756
18 25 -0.046820854958103494
18 26 0.06691081484312843
18 27 0.05030690909341532
18 28 -0.02922766621967577
18 29 0.057555421725708454
18 30 -0.05736339339061085
18 31 0.021188774400534443
18 32 -0.05835854721731374
18 33 0.15068543479866767
18 34 -0.04653715280416461
18 35 -0.03743893834865855
18 36 -0.08501176375192845
18 37 -0.2197548933515007
18 38 0.08690773776067588
18 39 -0.015072291121703977
19 19 0.0
19 20 0.037839413385987855
19 21 -0.054723887507947634
19 22 -0.06741697488252141
19 23 0.105834144596307
19 24 -0.1242641182963617
19 25 0.010173477545127528
19 26 0.12354133140059553
19 27 -0.07877430303891561
19 28 -0.010271660319888949
19 29 -0.03177515302603405
19 30 0.06636811126156225
19 31 -0.11979878967274808
19 32 -0.14573213457742418
19 33 -0.08349468125645927
19 34 -0.03209215515591794
19 35 0.10938792840610903
19 36 0.25865611871749106
19 37 -0.013742661090159609
19 38 -0.05911061196087767
19 39 -0.17272658586771228
20 20 0.0
20 21 0.12042948806643046
20 22 0.0952926388957888
20 23 0.009579053766316764
20 24 0.05503984837694181
20 25 0.08910984607984247
20 26 -0.1573452900981923
20 27 -0.005893790060118252
20 28 -0.007499773562173208
20 29 0.004933101747391953
20 30 0.04729820142900017
20 31 0.013205940513996203
20 32 0.007577479594274236
20 33 0.06245087036179607
20 34 0.002684856608447801
20 35 -0.15852265937159565
20 36 0.010230477161879291
20 37 -0.06287193283001638
20 38 0.017253062797746428
20 39 -0.13669310413272828
21 21 0.0
21 22 0.06465679121315875
21 23 -0.15333576701690768
21 24 0.13849503011956169
21 25 -0.04106047680568071
21 26 -0.11375181044403752
21 27 0.04673459895451602
21 28 -0.07492308290535775
21 29 0.06397145450155979
21 30 -0.0962588074208279
21 31 -0.06787631289353123
21 32 0.07593891901913653
21 33 0.03336072177262163
21 34 0.043781779329925996
21 35 -0.2793112501176773
21 36 -0.19378221475227414
21 37 0.10985269524984206
21 38 0.013942660156424489
21 39 -0.021135796705981404
22 22 0.0
22 23 -0.16208584512644214
22 24 0.033277478964702616
22 25 -0.023905284384090446
22 26 -0.07931814152082287
22 27 0.03062199312784116
22 28 -0.08217093113662496
22 29 -0.05613616839924658
22 30 0.08806414251325881
22 31 0.10665357328007315
22 32 0.16632480899530797
22 33 0.10080016258536768
22 34 0.024408524726400215
22 35 -0.1498107116027849
22 36 -0.057197747041352755
22 37 -0.027355718567525944
22 38 0.07891396224467104
22 39 0.07504893126441416
23 23 0.0
23 24 -0.11812987323754767
23 25 0.06238609999860896
23 26 0.18512749074761473
23 27 -0.060730728306187774
23 28 0.10850105533798374
23 29 0.025207291822157373
23 30 0.025144848991062292
23 31 -0.0639274207138225
23 32 -0.2169230156321525
23 33 0.004370455551704894
23 34 -0.05350744613470697
23 35 0.21719093354518093
23 36 0.16717928684360736
23 37 -0.08876372028925163
23 38 -0.05629419699430989
23 39 -0.1713830475330243
24 24 0.0
24 25 0.06804225107521966
24 26 -0.12508282785916644
24 27 -0.038916789628072754
24 28 0.11206808106004303
24 29 0.16662914240006244
24 30 -0.000466729377726727
24 31 0.19137718956861824
24 32 0.07415696807392028
24 33 -0.07852263907569614
24 34 0.05048597925420032
24 35 -0.10993684125879266
24 36 -0.2579079940460579
24 37 0.17961072930608338
24 38 0.10117281471248989
24 39 0.04192285497569574
25 25 0.0
25 26 -0.030389724088375585
25 27 -0.021863994049643898
25 28 0.06088782630802152
25 29 -0.0940620242606072
25 30 0.06418302730986056
25 31 0.06257590443012143
25 32 0.08460190449950986
25 33 -0.015468104925790368
25 34 -0.025874815011494197
25 35 0.02525741115776626
25 36 0.09610518945758251
25 37 -0.004005441828215434
25 38 -0.08172726679828644
25 39 -0.0894280241301669
26 26 0.0
26 27 -0.01875796621989063
26 28 0.031120455169327065
26 29 -0.04277144315620978
26 30 0.031442909870012595
26 31 0.058946271814849995
26 32 -0.05362824896750361
26 33 -0.06713598731906938
26 34 -0.016565441054687487
26 35 0.16268226444820527
26 36 0.10275466330596286
26 37 -0.09343879471109724
26 38 -0.050603148472311066
26 39 -0.011356589051338213
27 27 0.0
27 28 -0.13615859994737542
27 29 -0.02618536661291217
27 30 -0.16160552531578684
27 31 0.03939424134863741
27 32 0.06837343938627345
27 33 0.18106738654597582
27 34 -0.06725252948373121
27 35 -0.11776562574706513
27 36 -0.006288674309898122
27 37 -0.001957062061147919
27 38 0.10427652688857084
27 39 0.042261445567690986
28 28 0.0
28 29 0.05262403546564516
28 30 0.025370977113265452
28 31 0.06804391603468123
28 32 -0.06259498456371403
28 33 -0.10831265585608758
28 34 0.07075507391953414
28 35 0.19043821340910838
28 36 -0.04668023936330345
28 37 -0.012594440219253747
28 38 -0.023393975190342652
28 39 -0.042084670061065726
29 29 0.0
29 30 -0.0880630031187194
29 31 0.020325363282752328
29 32 -0.1625831045976798
29 33 -0.05622234832732711
29 34 0.015519567976844664
29 35 0.013142622529148811
29 36 -0.23010227223829646
29 37 0.04650530379871317
29 38 0.09539660730016286
29 39 0.01218174084613027
30 30 0.0
30 31 0.03868431351736012
30 32 0.07565373986854722
30 33 -0.10159578489669181
30 34 0.05562338453609983
30 35 0.02113505612555344
30 36 0.12446783653237241
30 37 0.021212693355851048
30 38 -0.10685958136470872
30 39 -0.011866828338119192
31 31 0.0
31 32 0.1356462076029588
31 33 0.0417224823555142
31 34 0.035096033330593156
31 35 -0.006546499973068676
31 36 -0.14899305389672968
31 37 0.015585870045083747
31 38 0.08282771594358378
31 39 0.03490793668393564
32 32 0.0
32 33 0.0792082699364034
32 34 0.05453988037015715
32 35 -0.13755937373168403
32 36 -0.022153309088114165
32 37 0.0316746938589131
32 38 -0.03579084369897943
32 39 0.21650575653640886
33 33 0.0
33 34 -0.06850129270523565
33 35 -0.08972982799965244
33 36 0.07610549874217089
33 37 -0.051171073059405825
33 38 0.13769422245283516
33 39 0.016386284952103217
34 34 0.0
34 35 -0.002215047552043809
34 36 -0.10015435345558281
34 37 0.041074477467995286
34 38 -0.057043230622228124
34 39 0.024803462088697863
35 35 0.0
35 36 0.13261420907681304
35 37 -0.1275657970760406
35 38 -0.08372452253181487
35 39 -0.026082250900115282
36 36 0.0
36 37 0.014615885449929788
36 38 -0.01244245002723875
36 39 -0.12045276288031899
37 37 0.0
37 38 0.05198211462940753
37 39 -0.039885865129743805
38 38 0.0
38 39 0.07130777881143766
39 39 0.0
