0 0 0.0
0 1 0.09032773945433538
0 2 0.04224326863799831
0 3 -0.01232754781784127
0 4 -0.05737683476688528
0 5 0.011941116231127511
0 6 0.1549121943477011
0 7 -0.026993315978744402
0 8 0.040411288652932836
0 9 0.016663897530300138
0 10 -0.12775049897677124
0 11 -0.07489510623509306
0 12 0.10590411707682149
0 13 -0.11753592812404456
0 14 0.15797509933771378
0 15 -0.040331523336163876
0 16 -0.08285464406857149
0 17 0.0567654347916394
0 18 -0.04871340336033936
0 19 0.04754747221170656
0 20 0.16404547593714267
0 21 -0.03209687395409669
0 22 -0.00846923545166971
0 23 -0.07161742120270999
0 24 0.02314433650908782
0 25 0.12871275323400125
0 26 0.11388864050902672
0 27 -0.02902539451575828
0 28 0.04498385629288613
0 29 0.14504702919986615
0 30 0.007614684926816344
0 31 0.093538051338529
0 32 -0.019710658948967598
0 33 0.1404188943382056
0 34 0.0456297295025639
0 35 -0.1346934934577636
0 36 0.09924744124883829
0 37 0.055134430191129714
0 38 0.19861659804081233
0 39 0.040579879187627475
1 1 0.0
1 2 0.1912348727557561
1 3 0.09288158207589331
1 4 -0.031078501051578604
1 5 -0.10692145068699246
1 6 0.18317475626147467
1 7 0.06490559099100317
1 8 0.05633261235727557
1 9 -0.07797367484579602
1 10 0.008888118431626605
1 11 0.12526664189104364
1 12 0.27293460507085937
1 13 0.10333430091205993
1 14 0.16135122647802846
1 15 -0.2562572496573169
1 16 0.008943156780221537
1 17 -0.4244645961616169
1 18 0.14304406656572338
1 19 0.10858499989785844
1 20 -0.0423545519018528
1 21 -0.042340566953127795
1 22 -0.11933271160994093
1 23 -0.16180804319521477
1 24 0.26302884791741377
1 25 -0.24645222884834533
1 26 -0.04697332324871405
1 27 0.003577528182452169
1 28 -0.03174424390793055
1 29 -0.15292027501098251
1 30 0.21467957328345055
1 31 -0.22950583762670815
1 32 -0.03396579517667058
1 33 0.20506837133897063
1 34 -0.1402157276989469
1 35 -0.09900645147718388
1 36 -0.05053445909221447
1 37 0.0850371978112113
1 38 -0.17780119114974585
1 39 0.17560162496173268
2 2 0.0
2 3 -0.11575407249435177
2 4 0.02739375997368897
2 5 0.01238737207875081
2 6 0.02377235831096726
2 7 0.03900918618004756
2 8 0.12434630912077929
2 9 -0.10815170978624075
2 10 0.0012066552679063345
2 11 0.06654178411145276
2 12 -0.046643376588741445
2 13 0.021300817508587214
2 14 -0.09556368764507629
2 15 -0.1424321128018063
2 16 0.1434209536003423
2 17 -0.10689960415991498
2 18 -0.15538268380263404
2 19 0.009386114208055938
2 20 -0.08485515495860753
2 21 -0.053322234363973285
2 22 -0.1363627392044793
2 23 -0.14596655863973118
2 24 0.054652832671321316
2 25 -0.03572257185925528
2 26 -0.17715294387101582
2 27 -0.042702064900364704
2 28 0.022620690051001514
2 29 -0.07366909486477852
2 30 0.012291063431361982
2 31 -0.12871994634084558
2 32 -0.024037637847215097
2 33 -0.02685301789597385
2 34 -0.07822977555264624
2 35 -0.06436590718639178
2 36 -0.1389768303374609
2 37 -0.03936227453802011
2 38 0.05195426120679347
2 39 -0.06040411019149232
3 3 0.0
3 4 -0.20613832105937635
3 5 -0.3697228063167898
3 6 -0.09670754633036541
3 7 -0.07985520169417495
3 8 0.019384426298467806
3 9 0.04238047583655553
3 10 -0.08950096453754859
3 11 0.06785482791342304
3 12 0.08791726156263946
3 13 0.09262964959664594
3 14 0.10135262435856487
3 15 0.14657153460001843
3 16 -0.05179782979257325
3 17 -0.04733037343956803
3 18 -0.08728726541837845
3 19 0.11993740942378098
3 20 -0.004594030850367981
3 21 0.09860770563960439
3 22 -0.22358542784704877
3 23 0.12752015006204187
3 24 -0.14298278458735791
3 25 0.06942378217151987
3 26 0.08542463862390362
3 27 -0.07894470789345293
3 28 0.07775427995544434
3 29 0.12209318339767901
3 30 0.19416111592358554
3 31 0.20276414027347522
3 32 -0.07647495205821445
3 33 0.1422865290280148
3 34 -0.02979293251348794
3 35 0.01450635655005254
3 36 -0.10340567301559042
3 37 0.2549583690530429
3 38 0.11783268108270102
3 39 -0.009771658658846018
4 4 0.0
4 5 0.1064819549543347
4 6 0.1447445429745761
4 7 0.11366027514088455
4 8 -0.04611492438067645
4 9 0.0896438203499372
4 10 0.20242929762481582
4 11 -0.05561223512146237
4 12 -0.03136083217934803
4 13 0.015017739942931315
4 14 -0.016045963561866907
4 15 -0.05747264231260028
4 16 0.01452550954075811
4 17 0.038315550531404674
4 18 0.10310063621604078
4 19 -0.00889298842747626
4 20 0.07380069171046671
4 21 -0.11486281887767166
4 22 0.02395446490212829
4 23 -0.12337500534080108
4 24 0.031300077909760485
4 25 -0.06097368777741371
4 26 -0.013482049920346387
4 27 -0.022244155636646445
4 28 -0.05265545355066048
4 29 -0.04386799084512411
4 30 -0.017085345450569882
4 31 -0.07428585962112115
4 32 0.03021235002783649
4 33 -0.11485016169681514
4 34 0.06317903031584853
4 35 -0.08142676938468799
4 36 0.061998563394155326
4 37 0.06906259250890408
4 38 0.0278047912657976
4 39 0.14934746140677427
5 5 0.0
5 6 0.14424808317444032
5 7 -0.15745586830768837
5 8 -0.03917958414345773
5 9 -0.031220834703294703
5 10 -0.049008139876422656
5 11 0.042034769963263184
5 12 -0.0760593001846406
5 13 -0.10289061362811928
5 14 0.002696224447478532
5 15 -0.006242566208385859
5 16 -0.003628880826694641
5 17 -0.11920918104963418
5 18 0.131368677251179
5 19 -0.043822336876159704
5 20 0.04305955383143399
5 21 -0.031477275047493994
5 22 0.21192412216088408
5 23 0.037502941930200026
5 24 0.11060057001899477
5 25 0.07950701652937006
5 26 -0.1222248881712706
5 27 0.002258642008664865
5 28 0.06911733544582123
5 29 -0.1292184733824539
5 30 -0.1195135862713372
5 31 -0.01513614529685788
5 32 0.015402879234745852
5 33 -0.0080531275948762
5 34 -0.030700723671171947
5 35 -0.012948697882898794
5 36 0.1765586962609873
5 37 -0.16230315209214358
5 38 -0.0729423030866119
5 39 0.0015546844464894597
6 6 0.0
6 7 0.012490371717199923
6 8 -0.14156836108212023
6 9 0.12786154429793264
6 10 0.01622896353637278
6 11 0.030492220478360955
6 12 -0.10522253097925527
6 13 -0.132053361015305
6 14 0.3097792835435188
6 15 0.2265735983185107
6 16 -0.1554564248504161
6 17 -0.2381425756876109
6 18 0.24730611040876638
6 19 0.1196649630936639
6 20 0.3008719959186007
6 21 0.05231177390175562
6 22 0.13783188023771958
6 23 0.07513628701457016
6 24 0.19232175217087782
6 25 -0.1146549010191559
6 26 -0.028082928490063698
6 27 -0.12673351391067195
6 28 -0.1120416073718781
6 29 -0.1415676879404793
6 30 0.01704929126274057
6 31 0.06546333363217464
6 32 -0.1215958379644401
6 33 0.13272268169870333
6 34 0.09851564239425988
6 35 -0.10002305027424892
6 36 -0.05735770367905024
6 37 -0.028906465480749866
6 38 0.08732666815050426
6 39 0.2735814373303744
7 7 0.0
7 8 -0.026398645928909104
7 9 0.16309614881325943
7 10 0.14114254197301238
7 11 -0.07991523680380946
7 12 0.028733941801909614
7 13 0.10664440398705424
7 14 0.034548521628325675
7 15 -0.14249455202233346
7 16 -0.18078804929685607
7 17 0.04175920450795394
7 18 0.07313785987135914
7 19 0.030252056332541355
7 20 -0.14550455574989032
7 21 -0.23285231100117695
7 22 -0.016982275182815428
7 23 -0.26621422682438045
7 24 0.0448526205607564
7 25 -0.010105722376488772
7 26 0.05007577210404156
7 27 0.01880106413774172
7 28 -0.08785940586424214
7 29 0.24290440281731734
7 30 0.12186325296860585
7 31 -0.25775774819176295
7 32 0.16490893111107008
7 33 -0.08505764665043426
7 34 0.0357368531910439
7 35 -0.0431625065524092
7 36 -0.1401609480632529
7 37 0.1357840013152181
7 38 0.045067288798608066
7 39 0.030094040002897136
8 8 0.0
8 9 -0.3000952838237413
8 10 -0.010792836817170498
8 11 -0.10453945825166486
8 12 0.23098396642131344
8 13 0.12026762132333466
8 14 -0.11201822822231775
8 15 0.03661233132492715
8 16 0.10501473543403991
8 17 0.12964966216426188
8 18 0.06413586202807739
8 19 -0.21165958956242129
8 20 0.024707305036096104
8 21 -0.0228438806504629
8 22 -0.13557087888355182
8 23 -0.14057534470499566
8 24 0.12660611779419834
8 25 0.010000842046288238
8 26 -0.12274053899353002
8 27 -0.12472344898323347
8 28 0.26453326774797026
8 29 -0.12645070406412895
8 30 0.10402108366275986
8 31 -0.01629440379451821
8 32 0.1451794254931414
8 33 0.14534752285465408
8 34 -0.08909930080711409
8 35 -0.05863919240908749
8 36 -0.16802476978615916
8 37 -0.14864926019469
8 38 0.025327632710827486
8 39 -0.09822501405290884
9 9 0.0
9 10 0.006981343547305022
9 11 -0.07662850703557897
9 12 0.006266066060126312
9 13 -0.05653010946369651
9 14 0.1205024242507617
9 15 0.019643834604286224
9 16 -0.05439189892954105
9 17 0.08301424541438304
9 18 -0.013389750246761239
9 19 0.07120264485229638
9 20 -0.018523814690874267
9 21 0.037595243508189206
9 22 0.02098119138963609
9 23 0.08052443507037027
9 24 0.05488656114810908
9 25 0.05607259029279908
9 26 0.24956716479028138
9 27 0.059693667037207535
9 28 -0.08170187225114804
9 29 0.12562890560935017
9 30 -0.05815296480960517
9 31 -0.10261778499614509
9 32 -0.049666179880500386
9 33 -0.09680308570924609
9 34 0.08120332457168167
9 35 -0.05345668551662465
9 36 -0.10509036849590336
9 37 0.0836579918985382
9 38 -0.02987000193281584
9 39 0.11566220635167831
10 10 0.0
10 11 0.02503614365538594
10 12 -0.08356686024229054
10 13 0.12347636058791508
10 14 -0.11360183908034786
10 15 0.030148434246243423
10 16 0.032656029284823467
10 17 -0.021793001983779127
10 18 0.15942136501180312
10 19 0.05349258029608465
10 20 0.02388404779311753
10 21 -0.08061768038475012
10 22 0.004617115170771705
10 23 -0.2525497185508628
10 24 -0.05780433414664086
10 25 -0.14573200191738123
10 26 -0.061382310348931504
10 27 -0.035712437246158475
10 28 -0.1889714814119587
10 29 -0.08013080152763179
10 30 -0.023281830273189693
10 31 -0.007060565639051169
10 32 0.09699955933771096
10 33 -0.13991912623683778
10 34 0.16132935667028409
10 35 0.014925633372215127
10 36 -0.08764949657513384
10 37 0.09236914614184363
10 38 -0.014749332559983935
10 39 0.10139786104914124
11 11 0.0
11 12 -0.3085058879437245
11 13 -0.03973044310088333
11 14 -0.06508989365792721
11 15 -0.0003387127912275287
11 16 -0.14184876958758197
11 17 -0.2644793403609126
11 18 -0.019949609529558047
11 19 0.09107585995890893
11 20 -0.025081895366585154
11 21 -0.017436619756099888
11 22 -0.010601113461593422
11 23 -0.0673717839921085
11 24 0.0239181416359322
11 25 -0.026461760832849235
11 26 -0.14461828171259725
11 27 -0.07932942916180989
11 28 -0.14912802571397363
11 29 -0.06700488710939057
11 30 -0.19262491738158966
11 31 0.008318574373443261
11 32 -0.07592464700909486
11 33 0.14262719324253087
11 34 -0.021416128292597238
11 35 -0.05840020478242317
11 36 -0.013197574571298507
11 37 0.1791568355969842
11 38 -0.043231080176156046
11 39 0.10173622500890767
12 12 0.0
12 13 -0.026159442418982125
12 14 0.05915256493787604
12 15 -0.17541557936586064
12 16 0.05240598451844727
12 17 -0.12794181430326285
12 18 0.21603872370384508
12 19 -0.029429807001203418
12 20 -0.09168375782381709
12 21 0.16064079420317973
12 22 -0.2163427068958285
12 23 -0.09106375576318507
12 24 0.10050975540677601
12 25 0.04708801602385813
12 26 0.16399559689506818
12 27 0.00596047869784546
12 28 0.28199995791796717
12 29 -0.04974373945254885
12 30 0.3174342642710276
12 31 -0.21353902951958886
12 32 0.20878953237907769
12 33 0.11762081453833322
12 34 -0.08356959441250453
12 35 0.01826222634253014
12 36 0.029106295687119883
12 37 -0.016579631966639127
12 38 -0.13283430755744224
12 39 -0.02826232667297629
13 13 0.0
13 14 -0.07488853607000508
13 15 0.03497352030722605
13 16 -0.0299272805277458
13 17 0.04438114036234783
13 18 -0.037408779469398946
13 19 0.001639717695197189
13 20 -0.16744561160549676
13 21 -0.14376097453440267
13 22 -0.08528126293201568
13 23 -0.07694001604120701
13 24 0.14030742968957613
13 25 -0.16015073293742474
13 26 -0.1030490051308609
13 27 -0.012374000890197996
13 28 0.12475840922658768
13 29 0.1298341818982219
13 30 0.09360230638965847
13 31 -0.049739847937955925
13 32 -0.15058362481267026
13 33 -0.0331376295613891
13 34 0.08245027470250113
13 35 0.16713725503797505
13 36 -0.2359097877200127
13 37 0.009853605672285092
13 38 -0.02259970080194495
13 39 0.056177723623866485
14 14 0.0
14 15 0.04626653147681521
14 16 -0.10964846644239756
14 17 -0.008367396463429547
14 18 0.07229477829795782
14 19 0.04832957558670368
14 20 0.13177547534321934
14 21 -0.05162899955634983
14 22 0.08440166685520449
14 23 0.11264177878204437
14 24 0.06766642638205916
14 25 0.01899197345868347
14 26 0.13359228447198118
14 27 0.0708490596343849
14 28 0.010772933397686417
14 29 0.05617442894783775
14 30 0.10678682651066462
14 31 0.048171118738599965
14 32 -0.05101789915721698
14 33 0.1393837594819234
14 34 0.025701095730326314
14 35 -0.03799309025438167
14 36 0.08831838404707447
14 37 -0.05929390766737258
14 38 0.024193624268738226
14 39 0.18948894354398785
15 15 0.0
15 16 -0.03203747842744033
15 17 0.0898223809626218
15 18 0.03366925075483515
15 19 0.007383591961305153
15 20 0.09624804361837706
15 21 0.14880265184298305
15 22 0.20695348145859177
15 23 0.21668424718103912
15 24 -0.08439349468849963
15 25 0.019672489895951474
15 26 0.01040419995772496
15 27 -0.14216243745997997
15 28 -0.10945091875884841
15 29 -0.009735443762150194
15 30 -0.03782795171451928
15 31 0.23816579389483725
15 32 -0.12738904744192545
15 33 0.0772469682555684
15 34 0.16605835527130078
15 35 0.004096667621149383
15 36 -0.17584044588386322
15 37 -0.12894612871848016
15 38 0.13573141449623644
15 39 -0.1528068866409938
16 16 0.0
16 17 0.14299842926097034
16 18 -0.1651663053505464
16 19 -0.04982325066419208
16 20 -0.04447475245006267
16 21 0.06075747342757295
16 22 -0.01416264089354972
16 23 0.05974762430490732
16 24 -0.058038433387588476
16 25 -0.052890493193822996
16 26 -0.06551432669358691
16 27 0.06787723833732018
16 28 -0.006140691452818289
16 29 -0.12763620150508928
16 30 -0.012702971816005989
16 31 -0.05006077541483498
16 32 0.028911568957382013
16 33 -0.15273581000547848
16 34 -0.05601705142421064
16 35 -0.025595184370063924
16 36 -0.02688541219587438
16 37 -0.19022695676442689
16 38 -0.06505010096343625
16 39 -0.1606603626546633
17 17 0.0
17 18 -0.26630614243626727
17 19 -0.11281487045544211
17 20 0.04887602485992902
17 21 -0.11859851256646659
17 22 0.08395325790558587
17 23 0.11934848316687093
17 24 -0.09558059737349703
17 25 0.05262516569808978
17 26 0.04737801257660204
17 27 0.15552855499151425
17 28 0.012870672834468013
17 29 0.2592489437309392
17 30 -0.14642508517624958
17 31 0.0667002824075891
17 32 0.08598295224954103
17 33 -0.2209195815601097
17 34 0.1564409110207012
17 35 0.020267879790331587
17 36 0.01372417819823638
17 37 -0.20235854319323376
17 38 0.1082772565586431
17 39 -0.07934024316511461
18 18 0.0
18 19 0.029339001468664933
18 20 0.12520152085168756
18 21 0.07336117458863982
18 22 0.06744555647262851
18 23 -0.12205273871127346
18 24 0.161349813465416
18 25 -0.11184575808482684
18 26 0.03251235035825999
18 27 -0.10516006868539962
18 28 0.0033282503314723657
18 29 -0.21331604087742678
18 30 0.05396483835141798
18 31 -0.02310681326126944
18 32 0.11140663523894101
18 33 0.09776663599074964
18 34 0.05003631835764335
18 35 0.071846206861818
18 36 0.07890396867250084
18 37 0.0856551859554845
18 38 -0.1258258022848913
18 39 0.1579951431270529
19 19 0.0
19 20 0.00023824479157364857
19 21 0.060383435271569606
19 22 -0.058576960662713895
19 23 -0.047272367052478094
19 24 -0.08006624105882032
19 25 -0.059357396318871714
19 26 -0.11382775863000187
19 27 -0.0391827641367433
19 28 -0.14105378186359166
19 29 0.0781964344700453
19 30 -0.017043584392225357
19 31 -0.006706848802029189
19 32 0.023808556501737098
19 33 -0.06407086545925578
19 34 0.16144582402981628
19 35 0.140288174803923
19 36 0.06375340393218301
19 37 0.22426752909363676
19 38 0.0722330620410549
19 39 -0.0167059409519789
20 20 0.0
20 21 0.035501132493359525
20 22 0.035571684208433756
20 23 0.02079648954122034
20 24 0.006110791190259235
20 25 -0.01906720743824947
20 26 0.03875625367704462
20 27 -0.08507744187834665
20 28 -0.009185390384411867
20 29 -0.17230491351751032
20 30 -0.15073871479550843
20 31 0.13790382837192866
20 32 0.07442522403237621
20 33 0.05240142671802769
20 34 0.017662614796543345
20 35 -0.0949428668550569
20 36 0.15143915987358525
20 37 0.04767333891492036
20 38 0.06131908846328167
20 39 0.2254970766709384
21 21 0.0
21 22 -0.03684302876214022
21 23 0.14494925338747117
21 24 -0.029869401455640526
21 25 -0.010593566741971705
21 26 0.06368998660811323
21 27 -0.07473157499725931
21 28 0.0025914245750651914
21 29 -0.16081073556259354
21 30 -0.05314506122369004
21 31 0.03528720201285537
21 32 -0.023408103134118775
21 33 0.009708410900295198
21 34 0.01917423381646994
21 35 0.0934185252982343
21 36 -0.03152054918864637
21 37 -0.02121599047680939
21 38 -0.06391599943528273
21 39 -0.10518891371231087
22 22 0.0
22 23 0.1755697254905486
22 24 0.0064106004628398895
22 25 -0.038745650546049934
22 26 0.0825819438221191
22 27 0.07307420057108986
22 28 -0.23778074598146454
22 29 -0.002938321861213535
22 30 -0.129342522335912
22 31 0.05198913010632367
22 32 -0.08671234708037048
22 33 -0.0431200168182592
22 34 0.03121942160613812
22 35 -0.0881802587465965
22 36 0.13085248263349863
22 37 -0.2227691502533756
22 38 -0.06953555028892305
22 39 -0.11756903960301783
23 23 0.0
23 24 -0.005639527276666812
23 25 0.020707796452445706
23 26 0.07227796935289985
23 27 0.0816037898543899
23 28 0.010889239257549239
23 29 0.0227579282419901
23 30 -0.01683230466655716
23 31 0.1516807035945555
23 32 -0.18699659458619816
23 33 -0.013819962191235474
23 34 -0.05525627585425721
23 35 0.0009054963269878964
23 36 0.022751383808771414
23 37 -0.2062668464947916
23 38 -0.047370388360662236
23 39 -0.06521956542141008
24 24 0.0
24 25 -0.1535283505006176
24 26 -0.05180778678655727
24 27 0.0009719667875825735
24 28 0.12368040407284493
24 29 -0.09060654054228047
24 30 0.014773709682691816
24 31 -0.15786293930055215
24 32 -0.05436403984071729
24 33 0.08503774239164119
24 34 -0.07783058342956851
24 35 -0.045846916362459515
24 36 -0.15170418090803744
24 37 -0.11142828406354313
24 38 -0.17847678584362245
24 39 0.2143321759542208
25 25 0.0
25 26 0.10133920514264541
25 27 -0.016540019806174595
25 28 0.144021249894743
25 29 0.1317695443853204
25 30 0.027940283582821118
25 31 0.08536595890992044
25 32 0.06231684389147353
25 33 0.06934349598588466
25 34 -0.0460565328356732
25 35 -0.07177961354379699
25 36 0.07005006126650967
25 37 0.02000300930815624
25 38 0.14808803398939718
25 39 -0.10613404826253854
26 26 0.0
26 27 0.06778572553133669
26 28 -0.01225358014879898
26 29 0.030072111117987625
26 30 -0.015538080407577013
26 31 0.008666968384126224
26 32 -0.10619790856961102
26 33 0.04872382035112779
26 34 -0.02511175926911704
26 35 -0.06909467218004844
26 36 0.09387489080274085
26 37 0.008008946746528151
26 38 -0.037192743341306705
26 39 0.05536174632366939
27 27 0.0
27 28 -0.01770109104729617
27 29 0.0853842066289368
27 30 -0.00459716831301067
27 31 -0.06450093185957513
27 32 0.004550630093262041
27 33 -0.10385628481694587
27 34 -0.02482780604493464
27 35 0.030403406816479683
27 36 0.09202811461696984
27 37 -0.147247697474867
27 38 -0.11933437378306673
27 39 0.04350102856823061
28 28 0.0
28 29 -0.002299361134705405
28 30 0.1366766141708253
28 31 -0.008406117804463337
28 32 0.04103416773061965
28 33 0.08915857229520482
28 34 -0.12695008251088313
28 35 0.06875941724471576
28 36 -0.03468412856157879
28 37 -0.07149276839563547
28 38 -0.0054214534738896095
28 39 0.09350836178349423
29 29 0.0
29 30 0.10446619921335379
29 31 0.0349606516787236
29 32 -0.02665736753933799
29 33 -0.05731002588763514
29 34 0.10118626802970873
29 35 -0.0011512472340311198
29 36 -0.0298176608193216
29 37 0.09505728011633083
29 38 0.18450999012158997
29 39 -0.07288361443025197
30 30 0.0
30 31 0.014062846991583328
30 32 0.012876121890432487
30 33 0.13389394079872224
30 34 -0.07800847138504215
30 35 -0.05199487404596844
30 36 -0.1103227154426707
30 37 0.012987445783856601
30 38 0.06591831146354431
30 39 -0.034069507352586785
31 31 0.0
31 32 -0.16835797603375685
31 33 0.08071123367838676
31 34 0.07820362338578
31 35 0.02743732725322511
31 36 0.05783970032119443
31 37 0.04421693802559349
31 38 0.213880650324334
31 39 -0.010691998502288746
32 32 0.0
32 33 -0.05693170127581718
32 34 -0.013281762123060915
32 35 -0.024267643582210136
32 36 0.07565389447307898
32 37 0.028083901439443233
32 38 -0.05735691352024069
32 39 -0.03032072587271169
33 33 0.0
33 34 -0.06423579557064134
33 35 -0.10365941055843624
33 36 -0.04358051603872682
33 37 0.027611258764988135
33 38 0.04572843713931577
33 39 0.05530636749682368
34 34 0.0
34 35 0.18019138890419512
34 36 -0.018400943278089735
34 37 0.05139140650723861
34 38 0.11904547215236802
34 39 -0.0012493262881883643
35 35 0.0
35 36 0.044070232331399437
35 37 0.013263697778863142
35 38 -0.03435056854970241
35 39 -0.030219694033752527
36 36 0.0
36 37 0.09957305611065842
36 38 -0.018469347531507557
36 39 0.026194204450452375
37 37 0.0
37 38 0.14796120992786727
37 39 0.08887640808717391
38 38 0.0
38 39 -0.09337278546760645
39 39 0.0
