0 0 0.0
0 1 0.004558867658994157
0 2 -0.046158528182916006
0 3 0.05301979775081582
0 4 0.1625614744384958
0 5 -0.09540264202324632
0 6 0.03527827297386239
0 7 0.11589767706370027
0 8 0.16298389196564247
0 9 0.05828731091170175
0 10 -0.1306373095970044
0 11 0.08687971454507931
0 12 -0.1206965555098477
0 13 0.039529969701759884
0 14 0.15479721339657165
0 15 0.05594039392591018
0 16 -0.08529497378630073
0 17 0.024889538297203022
0 18 -0.06206358840410642
0 19 -0.08441795244440409
0 20 -0.1355156078212301
0 21 0.03585649225905659
0 22 0.07136667529066301
0 23 0.06688203741528657
0 24 -0.15554330655077442
0 25 0.08546937954354356
0 26 -0.09424297257205354
0 27 -0.07201764071608988
0 28 0.021791110690592086
0 29 -0.040864917069349416
0 30 0.08610439568675142
0 31 -0.15191935129930506
0 32 -0.08035427666570508
0 33 0.041607308192523645
0 34 0.1122501318435746
0 35 -0.004446298508930452
0 36 -0.10719013153930815
0 37 0.05249720770652162
0 38 -0.1713821723847101
0 39 -0.09251530834867881
1 1 0.0
1 2 0.05794701048341162
1 3 0.05519087814155375
1 4 -0.0768082577088172
1 5 -0.04736764012439122
1 6 0.08703692807707096
1 7 -0.05582616637577216
1 8 0.021089957199691752
1 9 0.02618281038790975
1 10 -0.16162618413412116
1 11 -0.0549979927752696
1 12 0.0042055990361076516
1 13 -0.07150753611744698
1 14 -0.03108426144560521
1 15 0.09348853627889195
1 16 0.061009645676966165
1 17 -0.04789128654733735
1 18 0.0026180503891164403
1 19 -0.03215513611214092
1 20 0.047463520131765
1 21 0.019809837674780527
1 22 0.06287717676700748
1 23 -0.006235163328380741
1 24 0.018094613800421627
1 25 0.02186461409073214
1 26 -0.02862697584298928
1 27 0.07692730241059478
1 28 -0.00003296541118371077
1 29 0.008600668725626332
1 30 -0.04513281913800545
1 31 0.020919606130200125
1 32 -0.02529128131407645
1 33 -0.05656478335003472
1 34 -0.04986630030363575
1 35 0.10920887527368084
1 36 -0.0373481567182055
1 37 0.018468368267278996
1 38 -0.04344982030707369
1 39 -0.0038697979655742064
2 2 0.0
2 3 0.0019939825373559983
2 4 -0.12412819510486917
2 5 0.062082721451726275
2 6 -0.00677558646071208
2 7 -0.02465713279113676
2 8 -0.08805907068442578
2 9 0.0261424027611802
2 10 -0.04325870378910527
2 11 -0.050037188572517086
2 12 -0.04207278410290123
2 13 -0.11490287450506456
2 14 -0.06884560589182107
2 15 0.03784893577794925
2 16 0.15659620159272875
2 17 0.022513029229383183
2 18 -0.09055974464344396
2 19 0.06299046345325858
2 20 0.07646423652531924
2 21 0.17476421113480445
2 22 0.008159533472655404
2 23 -0.12912935178294238
2 24 -0.08136988286063714
2 25 -0.045984734205899505
2 26 -0.08061375347054525
2 27 -0.06549826619042623
2 28 -0.05285518290651729
2 29 0.10418059815839438
2 30 -0.03750665364513659
2 31 0.04682087759957765
2 32 -0.08097220895615193
2 33 0.07417784819291544
2 34 -0.04889316495634892
2 35 -0.07374633808767204
2 36 0.012825499914602505
2 37 0.12337513059767354
2 38 0.03449518863040229
2 39 -0.008908698090735826
3 3 0.0
3 4 0.015339773837325817
3 5 -0.09878397426589958
3 6 -0.02791754639037869
3 7 0.0003236175682729839
3 8 -0.024589615041185908
3 9 0.021094698836717617
3 10 -0.15413574885238784
3 11 -0.06714492354986325
3 12 0.039282683467014703
3 13 -0.007528431070201655
3 14 0.09908993534739578
3 15 0.07866420136498105
3 16 -0.09762940807049916
3 17 -0.04314915120820688
3 18 -0.1064506638259936
3 19 -0.08498357151733371
3 20 -0.04891952790800526
3 21 -0.004487233315091987
3 22 0.094715183867116
3 23 -0.010068539319545577
3 24 -0.08688519064402225
3 25 -0.04934795831458422
3 26 0.05460129732304729
3 27 0.03133005970689665
3 28 -0.01261088496180035
3 29 0.017660411865559743
3 30 -0.05379652110085764
3 31 0.041308410610011004
3 32 -0.05807316618546793
3 33 -0.04984768701645094
3 34 -0.029929241600171113
3 35 -0.049512216034636215
3 36 -0.17387555031716326
3 37 -0.10042549023108997
3 38 -0.00013422530605371603
3 39 0.02359722835969686
4 4 0.0
4 5 -0.009270369125599594
4 6 0.0027331231937993564
4 7 0.015603204576251856
4 8 0.02450979353108395
4 9 -0.05183766943564544
4 10 0.13157422545890865
4 11 0.015681136460612685
4 12 -0.09469955531777666
4 13 0.1902922537303761
4 14 0.0540835230790284
4 15 -0.028352541516285478
4 16 -0.0607049057544594
4 17 0.002248641947864629
4 18 0.07326361730960622
4 19 -0.050654613223687896
4 20 -0.0914969932700809
4 21 -0.03671330258573558
4 22 0.003697360962988181
4 23 0.03624870310465793
4 24 -0.10858378797608711
4 25 0.05110481618692696
4 26 -0.015376264348643231
4 27 -0.1891026078415266
4 28 -0.07269310976530664
4 29 -0.09972671761911486
4 30 -0.0011661590327359883
4 31 -0.11594396395218314
4 32 0.018751108418711752
4 33 -0.04519300062882993
4 34 0.12647520897147504
4 35 -0.07126253545461626
4 36 0.09418210089231485
4 37 0.023573523608716573
4 38 -0.043631643124848775
4 39 -0.08643549594938929
5 5 0.0
5 6 0.04301741287241978
5 7 0.04600922332892738
5 8 -0.1678291569419224
5 9 -0.019583054525475912
5 10 0.2562048413922039
5 11 -0.002776421397416936
5 12 -0.002773089008580644
5 13 0.06329245291375407
5 14 0.05895583182873128
5 15 -0.041866386286200576
5 16 0.16591181456958706
5 17 -0.0245588354301436
5 18 0.09790155248984665
5 19 0.002322508551373662
5 20 0.13560882073766517
5 21 0.011029474829748856
5 22 -0.057790733171475026
5 23 -0.00830327295018565
5 24 0.10574746381259754
5 25 0.11705899411512193
5 26 0.15119753215902088
5 27 0.1301485845210783
5 28 0.1128035310227408
5 29 0.0055873401158863314
5 30 -0.0023741586821976147
5 31 -0.029812980006515742
5 32 -0.03556417296521809
5 33 0.02621279016218352
5 34 -0.12170696837827724
5 35 -0.09771854618058401
5 36 0.09363760006427593
5 37 0.06959435433953623
5 38 -0.10740962526531787
5 39 -0.08181592959717758
6 6 0.0
6 7 0.04035610833391327
6 8 0.08164231015452997
6 9 0.08127033968673791
6 10 -0.03207625028718987
6 11 -0.050328571428339706
6 12 -0.12869608723407494
6 13 0.11603924769754004
6 14 -0.00909836338301177
6 15 -0.0006710383888275384
6 16 0.25381809613030526
6 17 -0.0699296511935283
6 18 -0.042714377012026995
6 19 0.1063440213323543
6 20 0.08758309678017764
6 21 -0.022153583280191468
6 22 0.006838969228796768
6 23 0.0012637326481193313
6 24 -0.043254706535488
6 25 0.11904669418353
6 26 -0.010962444491223255
6 27 -0.00633712836417707
6 28 0.06841703489457984
6 29 -0.03800197156857124
6 30 0.055637977105933614
6 31 0.01648775510907189
6 32 0.0363367404394378
6 33 0.05604668700810502
6 34 -0.1410210497522411
6 35 0.18750352541794352
6 36 -0.03533801370136404
6 37 0.11488012327203259
6 38 -0.07501207360869017
6 39 0.08458519002339404
7 7 0.0
7 8 -0.0506139382418249
7 9 0.07925843925008749
7 10 0.0652355964860175
7 11 0.0830204534998419
7 12 -0.06362853690457124
7 13 0.013067707464453177
7 14 0.09806075841981937
7 15 -0.03452064992307603
7 16 0.02786974646507816
7 17 0.001109041864718597
7 18 -0.11759864403477407
7 19 0.04899028227635331
7 20 -0.10005196921739927
7 21 -0.0357825661171196
7 22 0.03911171961352492
7 23 0.09835149352698827
7 24 0.021224797275755866
7 25 -0.010916416323913866
7 26 0.044220533735616636
7 27 -0.002259040664390041
7 28 0.07946202374955497
7 29 0.0011669371110203588
7 30 0.06759085696933945
7 31 -0.05665884757478791
7 32 0.017810545557031796
7 33 0.06243498945111882
7 34 -0.018859793106504354
7 35 -0.0017780185921480827
7 36 -0.11911151780723465
7 37 -0.03105492429441048
7 38 -0.004256269104297315
7 39 -0.07253102613121502
8 8 0.0
8 9 -0.12951634848672258
8 10 -0.09777636164930617
8 11 -0.03958022887081776
8 12 0.032493863365232946
8 13 -0.008076684278371566
8 14 0.1714366935346097
8 15 -0.040258190391612755
8 16 -0.14561339502717274
8 17 0.10828953282780149
8 18 0.005079681788079009
8 19 -0.05207659011420196
8 20 0.046649093691685586
8 21 0.054029917243354444
8 22 -0.04154455111557763
8 23 -0.12364934486296057
8 24 -0.16751691395939444
8 25 0.09194212521385081
8 26 -0.10294860352065154
8 27 0.01274848537421241
8 28 -0.04330772519837599
8 29 -0.005570504062519738
8 30 0.10304591284937983
8 31 -0.021312318412385074
8 32 0.055960350690053305
8 33 0.006467779034068521
8 34 0.04817184742506053
8 35 0.10517288231329092
8 36 -0.028716454724048473
8 37 0.07278536856914786
8 38 -0.07973653964569546
8 39 0.21797693943650914
9 9 0.0
9 10 -0.16026768115697096
9 11 0.13078880190401088
9 12 -0.12479944211444509
9 13 0.009442722089960864
9 14 -0.1931762543170074
9 15 0.049833866312342566
9 16 0.10719308002388442
9 17 -0.11012500339083323
9 18 -0.11722915552399078
9 19 0.18166650302545115
9 20 -0.08699728906582806
9 21 -0.041261265661708214
9 22 0.029119282411669556
9 23 0.17303911149728904
9 24 0.11173179718274721
9 25 0.0013832648746863103
9 26 -0.06478738180591163
9 27 0.06412276274452129
9 28 0.08767846880646266
9 29 0.03494468488728433
9 30 -0.020769881541052672
9 31 0.09099406891111894
9 32 -0.094002358273967
9 33 0.09624115340546897
9 34 -0.05675764609580225
9 35 0.03337927926159236
9 36 -0.11878854092827865
9 37 -0.028467524805008425
9 38 0.03767403597623228
9 39 -0.049026599490135624
10 10 0.0
10 11 0.01483728206082233
10 12 -0.024411206255658915
10 13 0.11754320451337164
10 14 0.11252939675885618
10 15 -0.18145953406381796
10 16 0.07648677935778539
10 17 0.09595896274122798
10 18 0.11429063310764645
10 19 0.04371292639808223
10 20 0.023359708952546014
10 21 -0.020322025582168855
10 22 -0.06034775100377372
10 23 -0.03864878542013876
10 24 0.06805426002414738
10 25 -0.002081453534102324
10 26 0.08944241328285703
10 27 -0.1034962059489849
10 28 -0.03440786303355525
10 29 -0.00038770740266257515
10 30 0.012913702153811046
10 31 -0.10084821944985549
10 32 0.13529456338301393
10 33 -0.005324854954477767
10 34 0.004731824702752552
10 35 -0.08118342096680069
10 36 0.16047006644715978
10 37 0.045572281148792484
10 38 0.05128283665748508
10 39 -0.08007960103151672
11 11 0.0
11 12 -0.08607980403740316
11 13 -0.022353070990580846
11 14 -0.09124642208527181
11 15 -0.02788909586124671
11 16 -0.03195904795438261
11 17 -0.0003550620720191355
11 18 0.04911564352764659
11 19 -0.0006257936461963265
11 20 -0.15306519226827378
11 21 0.0036813154842792657
11 22 -0.028408415588904234
11 23 0.14608169512307656
11 24 0.15973249856804617
11 25 0.05241465824509002
11 26 0.03803221302453116
11 27 -0.012598989880279424
11 28 0.05716808019939338
11 29 0.04730163494016157
11 30 0.04455500517370449
11 31 -0.10969868636971045
11 32 -0.06930132077725154
11 33 0.08921328289656232
11 34 0.036211859597336506
11 35 0.06269979030015589
11 36 -0.11676792775124914
11 37 -0.04168192402801444
11 38 -0.016184682869485427
11 39 -0.009637944962173767
12 12 0.0
12 13 -0.0695902226880918
12 14 0.1000570644989327
12 15 0.008457314988480773
12 16 -0.14606947969175926
12 17 0.024268406529768194
12 18 0.04754308211318976
12 19 -0.11451699824507713
12 20 0.07137276094145305
12 21 -0.050151777635597104
12 22 -0.007145444178978405
12 23 -0.048387843976911926
12 24 0.040749305439342486
12 25 -0.0372513593134988
12 26 0.08941386771542026
12 27 0.16755476620092608
12 28 0.03220356488130148
12 29 -0.0008934467787676925
12 30 -0.011239007755402394
12 31 0.050372421918267185
12 32 0.025687105668205312
12 33 -0.07501308484640411
12 34 -0.02277853572491716
12 35 -0.029829164646806555
12 36 -0.007689375697761319
12 37 -0.10032123963448088
12 38 -0.0131150839978386
12 39 0.0491949496398099
13 13 0.0
13 14 0.025066463706376885
13 15 -0.05034442743067098
13 16 0.03623435773022111
13 17 -0.027503560462886767
13 18 0.05014604688440536
13 19 0.021569406299651518
13 20 0.005344389614763611
13 21 -0.07840014785892405
13 22 -0.034998835641360845
13 23 0.018730523480175842
13 24 -0.07244830079157587
13 25 0.06208135422034154
13 26 0.022869124777807143
13 27 -0.08653155449908898
13 28 0.019880049448944455
13 29 -0.07947245929400494
13 30 0.025272575409368787
13 31 -0.015314494551249452
13 32 0.009732445155318277
13 33 0.026543680131788004
13 34 0.0052865020840959604
13 35 -0.05283681420439158
13 36 0.06598808127277542
13 37 0.02336038515906801
13 38 -0.054892147609443956
13 39 -0.005771157822523253
14 14 0.0
14 15 -0.05905680190880015
14 16 -0.1367434262635308
14 17 0.17930803661797629
14 18 -0.0007406391505538713
14 19 -0.21514771824032675
14 20 0.02822401549097469
14 21 -0.02928009757239124
14 22 0.1167282641172511
14 23 -0.12086995639768672
14 24 -0.11958404556300517
14 25 -0.02020733739501753
14 26 0.055497253915324306
14 27 0.13555403937331173
14 28 0.08955068658914053
14 29 0.07209296856807695
14 30 0.10287082138973606
14 31 -0.12136840106476965
14 32 0.015260339397319914
14 33 0.0192709088005878
14 34 -0.04796759873955495
14 35 -0.03987866847899703
14 36 -0.21118463875971782
14 37 -0.03894453768807477
14 38 -0.22615440177810303
14 39 -0.03433898104218229
15 15 0.0
15 16 -0.003437075740864734
15 17 -0.0826233246169649
15 18 -0.009545169385042154
15 19 -0.05855668632169995
15 20 -0.000981904556362221
15 21 0.006285954401571407
15 22 0.04792891845564693
15 23 0.04344443196186013
15 24 0.001069239633080797
15 25 0.025114825492792463
15 26 0.002900711273812745
15 27 0.056162338279780746
15 28 0.009248415278567321
15 29 -0.03449827090599187
15 30 -0.049341367804001765
15 31 0.011555173261463159
15 32 -0.06531192361037907
15 33 -0.06281934792874669
15 34 0.0018395060335612604
15 35 0.017813183654625364
15 36 -0.015518291573957496
15 37 -0.015935020484510978
15 38 -0.0443728034753512
15 39 -0.0509904292609495
16 16 0.0
16 17 -0.0498892053077627
16 18 -0.027744962565830634
16 19 0.1699596500410514
16 20 0.10340248074752197
16 21 0.05193205634417906
16 22 -0.000034729685172162075
16 23 -0.020588838099264643
16 24 0.026340918462594502
16 25 0.03179538154478
16 26 -0.054547730346031074
16 27 -0.06303055154651052
16 28 0.02659204421336019
16 29 0.02796496704922995
16 30 -0.010447057989910677
16 31 0.02738903808049657
16 32 -0.0030489913086564563
16 33 0.08455627951845637
16 34 -0.12449067673028491
16 35 0.07188648407132057
16 36 0.07526532899937038
16 37 0.1620005244123007
16 38 0.0007691517822039182
16 39 -0.05862359384437318
17 17 0.0
17 18 0.034662378552597316
17 19 -0.05364378064525897
17 20 0.009228136237707883
17 21 0.04763950643636872
17 22 0.022335946155595664
17 23 -0.12662608434235179
17 24 -0.0675877946265357
17 25 -0.07674695010718423
17 26 -0.09633011531649475
17 27 -0.04464710667796754
17 28 -0.02374252340986666
17 29 0.10438276960820081
17 30 0.06321374836582563
17 31 -0.06456821883317422
17 32 0.010027086415761053
17 33 0.08264587995554373
17 34 0.03305263645509798
17 35 -0.022620699025982568
17 36 -0.04607105864459262
17 37 0.04078488163485466
17 38 -0.05692174016440991
17 39 -0.0030191958657616778
18 18 0.0
18 19 -0.16428897567647652
18 20 0.061239879039602284
18 21 -0.05366416136775175
18 22 -0.03129625180699836
18 23 0.00722344855430958
18 24 0.14312441249435992
18 25 0.09008882669057658
18 26 0.041150421130766564
18 27 0.0713997585049598
18 28 0.024339917164057655
18 29 -0.02436432155202247
18 30 -0.014019187320038446
18 31 -0.11938489660061025
18 32 -0.014300905624574835
18 33 -0.06169218842291091
18 34 0.03531685330571919
18 35 0.06431841284881382
18 36 0.12455932756791346
18 37 0.010500823619160885
18 38 -0.15585505129096705
18 39 -0.06778739212447146
19 19 0.0
19 20 -0.0008289560791777617
19 21 0.00887704725879005
19 22 -0.0526011039345741
19 23 0.04238487503990438
19 24 0.01566591798986878
19 25 -0.04505979473394802
19 26 -0.11764254779398446
19 27 -0.0822483845685406
19 28 -0.04362348156208369
19 29 0.005229862812828881
19 30 -0.02220834854213541
19 31 0.15598013319238707
19 32 0.07674350498753195
19 33 0.06293046932543603
19 34 -0.03444736869878583
19 35 0.003298219224653576
19 36 0.08782406931471215
19 37 0.06576443216919486
19 38 0.21570448395450548
19 39 0.037447424475356005
20 20 0.0
20 21 0.037734565769377656
20 22 -0.054245740548020185
20 23 -0.14368078190849848
20 24 -0.03916895221357776
20 25 0.05735638438987609
20 26 0.007358635178203382
20 27 0.11038674765194875
20 28 0.027976145673225768
20 29 0.009716255268717423
20 30 -0.00458787412098474
20 31 0.08306558236432778
20 32 -0.0025497989187832906
20 33 0.001482517692843717
20 34 -0.10249507932664788
20 35 -0.017360523725111914
20 36 0.10931419785820469
20 37 0.0942003240863063
20 38 -0.07015989350202245
20 39 0.07687932929513777
21 21 0.0
21 22 -0.0415129583114328
21 23 -0.14627971697269823
21 24 -0.13771837295108727
21 25 0.023949203903468066
21 26 -0.05532214118159007
21 27 -0.12695603206421896
21 28 -0.09327413657721133
21 29 0.07806989445595272
21 30 -0.0031615760257746608
21 31 -0.012079273330001056
21 32 -0.0713653567501004
21 33 0.06567612462612664
21 34 0.010044517059223722
21 35 -0.0679706196517527
21 36 0.011787924783579462
21 37 0.12976056447220072
21 38 0.02164396517694227
21 39 0.09030357320759588
22 22 0.0
22 23 0.032797579244007766
22 24 0.016762800965247956
22 25 -0.0785782842294715
22 26 -0.046253436735874585
22 27 0.042134214384481124
22 28 0.013724831159008386
22 29 0.0393410606618524
22 30 -0.026479911381060796
22 31 -0.0381195549576093
22 32 -0.0052997324842907435
22 33 -0.03423120282878856
22 34 -0.010187866983407784
22 35 0.050966414240058336
22 36 -0.12247852022020342
22 37 -0.047809791977135155
22 38 -0.05088793563532294
22 39 -0.1332926922079364
23 23 0.0
23 24 0.20968586334026415
23 25 0.03558242062378459
23 26 0.06761233064200953
23 27 0.08717873928368457
23 28 0.08557449290174936
23 29 -0.08850267633828528
23 30 -0.01870050920598388
23 31 -0.03300628980168039
23 32 0.017126757127292787
23 33 -0.06294804516813343
23 34 0.02621146097628916
23 35 0.08841319878648755
23 36 -0.033071669844648176
23 37 -0.11834702919940114
23 38 0.023054892209761712
23 39 -0.13200972537296152
24 24 0.0
24 25 0.019363394281255875
24 26 0.11327236994555825
24 27 0.2394262346948844
24 28 0.11459080179361467
24 29 0.016886724474491917
24 30 -0.05236846891070547
24 31 -0.017768456157684902
24 32 0.030343904258471572
24 33 -0.06843376268358244
24 34 -0.06571551906466797
24 35 0.15490039976319908
24 36 -0.031081841516421592
24 37 -0.12939224536838317
24 38 0.015133319252742005
24 39 -0.10395890096564997
25 25 0.0
25 26 0.09662622987219369
25 27 0.07205960185759479
25 28 0.05606136188445954
25 29 -0.07315858919020868
25 30 0.026451009659344472
25 31 -0.051610176565980506
25 32 -0.04149977207863028
25 33 -0.020498698028446363
25 34 -0.03184467859982183
25 35 0.04523479013663495
25 36 0.049952122381728505
25 37 0.06502698521402303
25 38 -0.11874542814188363
25 39 0.07677825699971993
26 26 0.0
26 27 0.12884675832201503
26 28 0.09242001987173584
26 29 -0.057489942938192096
26 30 -0.005390954432426752
26 31 -0.030861951183261144
26 32 0.0005517292768546563
26 33 -0.07085271344676977
26 34 -0.08913320494386937
26 35 -0.015995436689609677
26 36 -0.06534009367507657
26 37 -0.11985023572190312
26 38 -0.01749400465666236
26 39 0.07164453344060524
27 27 0.0
27 28 0.2134424023491183
27 29 0.03457819121974197
27 30 -0.008624236690356907
27 31 0.0759076371347984
27 32 -0.03863999489733531
27 33 -0.05829112653903969
27 34 -0.16226999749063062
27 35 0.08024068226910892
27 36 -0.13834794188403257
27 37 -0.12852153472050087
27 38 -0.15500147213315782
27 39 -0.005900434539034419
28 28 0.0
28 29 0.011688515202059597
28 30 0.06870319795187066
28 31 -0.009680494852179058
28 32 -0.06018044174541015
28 33 0.07084196078200274
28 34 -0.10373136627457044
28 35 0.03686146915015817
28 36 -0.12611882523424553
28 37 -0.0548197018095262
28 38 -0.15288454656582395
28 39 -0.03312981208256101
29 29 0.0
29 30 0.007920708543584457
29 31 0.009431930146874821
29 32 -0.0686629677526153
29 33 0.11299716985935464
29 34 -0.06379604977095682
29 35 -0.005580090937610496
29 36 -0.1547270021380291
29 37 0.012689153972214267
29 38 -0.018591580860872252
29 39 0.03204762904548113
30 30 0.0
30 31 -0.05349063004433977
30 32 -0.0034246811559716385
30 33 0.10141620121427179
30 34 -0.001791717866765728
30 35 0.020454309517946186
30 36 -0.06006127703461368
30 37 0.028058603885086845
30 38 -0.08370956307071566
30 39 0.04405547664507591
31 31 0.0
31 32 0.013389257257469362
31 33 0.0011025498754361734
31 34 -0.0742785783418061
31 35 -0.050190546655994414
31 36 0.027632584894530715
31 37 -0.023208393215545894
31 38 0.13592156833144622
31 39 0.11070009481069887
32 32 0.0
32 33 -0.09882389393202504
32 34 0.025387758344903234
32 35 0.07936264389000859
32 36 0.1044294632598927
32 37 -0.019629806681951054
32 38 0.12732582706718942
32 39 0.004990667813452346
33 33 0.0
33 34 -0.04689696063244987
33 35 -0.04585161010540871
33 36 -0.11731797562961879
33 37 0.07097675058591753
33 38 -0.060757367027084376
33 39 0.05864306205054069
34 34 0.0
34 35 -0.048535960317672135
34 36 0.11505132264503495
34 37 0.006467528295816145
34 38 0.04050116887551186
34 39 -0.0749219368149103
35 35 0.0
35 36 -0.07517012194925358
35 37 -0.012950998791310264
35 38 -0.027389280764317188
35 39 0.03021873339915606
36 36 0.0
36 37 0.13059962131093283
36 38 0.0922365113607431
36 39 -0.06962721935072422
37 37 0.0
37 38 -0.04493294233031867
37 39 0.013765915143087176
38 38 0.0
38 39 0.08340535886069453
39 39 0.0
