0 0 0.0
0 1 -0.01319445593740173
0 2 0.030622893968746196
0 3 0.04636894134592688
0 4 -0.017615902692928502
0 5 -0.008366629867494254
0 6 0.020874739378877745
0 7 0.06364552877623961
0 8 0.018687824015486555
0 9 0.02099466004189433
0 10 -0.05207750160658773
0 11 -0.08274868675124944
0 12 -0.16478050695663943
0 13 0.0033336013550987857
0 14 -0.055300786759598285
0 15 -0.024202991551694447
0 16 0.03276965745444706
0 17 0.009962296603163978
0 18 0.04528123673556232
0 19 0.08753260128553977
0 20 -0.03783803905025491
0 21 -0.0017714110463786295
0 22 -0.0673310306925726
0 23 -0.12506743430492956
0 24 0.006641365416512894
0 25 -0.05292347264575792
0 26 -0.03883583074125961
0 27 -0.0017475907542066492
0 28 0.008035621078589034
0 29 -0.10513278240514234
0 30 0.16397765166347558
0 31 0.05362157171131634
0 32 0.06328967850399139
0 33 -0.0037804187808975487
0 34 -0.013106944647099179
0 35 -0.06777109409226617
0 36 -0.023801282971701025
0 37 0.012060018774256769
0 38 0.04043042458337314
0 39 -0.02447483210222934
1 1 0.0
1 2 0.04556110274347691
1 3 0.022391585536191798
1 4 0.044896910069257875
1 5 -0.0070821828149636185
1 6 0.128329448834613
1 7 0.005963487915088271
1 8 -0.05871558269449846
1 9 0.03900784916841567
1 10 0.02579279691946778
1 11 -0.11943276932188959
1 12 -0.0625643868056121
1 13 -0.05900658983249235
1 14 0.08939699643488966
1 15 0.012492909152772218
1 16 0.17238388062843396
1 17 0.14232891578195792
1 18 -0.023340218436909203
1 19 -0.10604387116302308
1 20 -0.015362629276059404
1 21 -0.07962282237430318
1 22 -0.01471065123483736
1 23 -0.0662318460913376
1 24 0.02574189510898397
1 25 0.006879840170054431
1 26 0.1139114967434323
1 27 -0.18818525557531898
1 28 -0.010568922033528803
1 29 0.10728628290149553
1 30 0.12490418629508741
1 31 0.06630564601746027
1 32 -0.09829520595317075
1 33 0.11143939654396343
1 34 -0.015940197056091118
1 35 0.14226918088759716
1 36 0.017797996704275554
1 37 -0.11449937752675796
1 38 -0.05507106954218628
1 39 0.029980780259292416
2 2 0.0
2 3 0.06144883027273188
2 4 0.0999440456604807
2 5 -0.05247236937122424
2 6 0.050187138135417295
2 7 0.020219802158054988
2 8 -0.08886670911089684
2 9 0.0360704159517458
2 10 -0.05122487063714667
2 11 -0.0000009675204430119023
2 12 0.015441325789661897
2 13 0.04324068742194086
2 14 0.12334841457489856
2 15 0.0203722703370976
2 16 0.03254204092337725
2 17 0.10963273413666166
2 18 0.03835262824510725
2 19 -0.03656344943795136
2 20 0.03284906092488439
2 21 0.0329253911664215
2 22 0.08736935518780586
2 23 -0.056271862218299815
2 24 0.019834305727303932
2 25 0.03733991782975904
2 26 0.09424981488388587
2 27 -0.13232962643142845
2 28 0.06314567656285439
2 29 -0.003754119517858008
2 30 0.10678495056198097
2 31 -0.061114412922635475
2 32 0.027636677466977184
2 33 0.07790579343863054
2 34 0.04445804572223909
2 35 -0.0781212752688663
2 36 0.025984060840032484
2 37 -0.0854783495966415
2 38 0.022002412722230847
2 39 -0.1224869040790243
3 3 0.0
3 4 0.027674626262130065
3 5 -0.010210719318215128
3 6 0.031100002216558127
3 7 0.07718696489421886
3 8 -0.05032427356980346
3 9 -0.020019149963754358
3 10 0.01897201721710182
3 11 -0.06856550265622206
3 12 -0.08382341532795548
3 13 0.053814004781346944
3 14 0.026729098238645232
3 15 0.0010613260836684756
3 16 0.02707882035392109
3 17 -0.0026472981010093152
3 18 0.053755564516022855
3 19 -0.006698521262890768
3 20 0.012769771979161775
3 21 0.08317053220210471
3 22 0.01019907016385302
3 23 -0.0762857583126356
3 24 0.011990024755346542
3 25 -0.014588644828792593
3 26 0.07149411064641456
3 27 -0.07305695697066308
3 28 -0.02990817755589683
3 29 0.010494897572880817
3 30 0.1013246672404233
3 31 -0.026698441573732662
3 32 -0.008592849722421091
3 33 0.035542831056355
3 34 0.038648324691587625
3 35 -0.003407880642763199
3 36 0.014233334672220068
3 37 -0.05225698844677057
3 38 0.024161796228401505
3 39 -0.0164131461464458
4 4 0.0
4 5 -0.02677898684429676
4 6 0.11136527143385619
4 7 0.03256695372163902
4 8 0.09459075315569805
4 9 0.010248070881142882
4 10 0.031239487397887577
4 11 0.06465395847939283
4 12 0.09803065337497005
4 13 0.13305511081362026
4 14 0.18336600890612118
4 15 0.04994466291422777
4 16 0.026567269790011238
4 17 -0.046131502759787536
4 18 0.008077197125672198
4 19 -0.05444679268250816
4 20 0.07015584322731123
4 21 -0.03289700149408051
4 22 0.07356270710829035
4 23 -0.104957520982691
4 24 0.046775206044931725
4 25 -0.011406858592888699
4 26 0.11741616690985597
4 27 -0.14978032584394713
4 28 0.112147659031044
4 29 0.26824028718985976
4 30 0.022466145203513345
4 31 -0.14872009264810643
4 32 -0.01587240452323786
4 33 -0.019980036032434884
4 34 0.0518068108004454
4 35 -0.0813932773227578
4 36 -0.10720611399427149
4 37 0.04632308155962376
4 38 0.11115538154036282
4 39 -0.10140867242401372
5 5 0.0
5 6 -0.02481606144378113
5 7 0.04859126828218231
5 8 0.004846844949186173
5 9 -0.022324426190980778
5 10 0.03252555735702984
5 11 -0.08850405809266687
5 12 -0.04795469915496245
5 13 0.05769523129998203
5 14 -0.028093419830454297
5 15 0.013631781232604317
5 16 0.03800920014465288
5 17 -0.07820683887223429
5 18 -0.008291096838670676
5 19 0.008155637839954082
5 20 0.013040249178529301
5 21 -0.06174642626599205
5 22 -0.04681525148425394
5 23 -0.06112173562494938
5 24 0.021364535367504343
5 25 -0.06256708714845295
5 26 0.03774175101804121
5 27 0.08324855267810038
5 28 -0.03420807843074767
5 29 -0.00008074412628941497
5 30 -0.026662046053790682
5 31 0.0423369916678203
5 32 -0.062323573568353684
5 33 0.016250606350882876
5 34 0.05412781599901899
5 35 0.016020554287806174
5 36 0.005517763017631968
5 37 0.007133989236043125
5 38 0.0467083053345005
5 39 0.02243419004164631
6 6 0.0
6 7 0.037730030909553555
6 8 -0.006582179056054469
6 9 0.07560672475203037
6 10 -0.03569035385164155
6 11 0.02527253339393986
6 12 -0.08793293317980774
6 13 0.007743646194674837
6 14 0.20251553862732136
6 15 -0.034719133279309033
6 16 -0.009088138940488145
6 17 0.16155039291948808
6 18 0.061198373749357694
6 19 -0.1008748227145975
6 20 0.03132126621552732
6 21 -0.10840580498871884
6 22 0.013728817509588315
6 23 -0.10167038836295576
6 24 -0.11393850528603666
6 25 -0.06664107725333496
6 26 -0.0229900065668597
6 27 -0.11988791188518981
6 28 0.028585599130437307
6 29 0.060929902199282314
6 30 0.02966303170409016
6 31 -0.08804790240521951
6 32 -0.015498426058339908
6 33 -0.007268081249219201
6 34 0.049689413890490496
6 35 0.022362692714413206
6 36 0.021507679962344043
6 37 0.02090163943078551
6 38 0.048652542178211175
6 39 -0.12347728550925234
7 7 0.0
7 8 0.03584252181663109
7 9 -0.022995974164090542
7 10 0.089516478672654
7 11 -0.13818775693065172
7 12 -0.14388091014942755
7 13 0.13356897281378616
7 14 -0.011176386285790782
7 15 0.0305072033890952
7 16 0.07275429662628426
7 17 -0.11083261859892454
7 18 0.038648516759881936
7 19 0.044184624828932303
7 20 0.014494156814178288
7 21 0.1336766347711715
7 22 -0.09554647359035953
7 23 -0.17657200766485767
7 24 0.04515645092702962
7 25 -0.13625225600700375
7 26 0.1876700886635528
7 27 -0.0017959371622959294
7 28 -0.09570694965411766
7 29 0.11238950251889099
7 30 0.1127900658889321
7 31 -0.01915258085827828
7 32 -0.057266878175945043
7 33 0.0216463203559433
7 34 0.04489290878371699
7 35 -0.007709982888714498
7 36 0.04391915258110668
7 37 -0.06966053324377944
7 38 0.0366166733238724
7 39 -0.05623033031826783
8 8 0.0
8 9 0.025836521390375816
8 10 -0.005384006897177278
8 11 0.0629240152388506
8 12 0.054345727384059
8 13 0.012609824895526575
8 14 -0.044789366121260894
8 15 -0.0475318887492107
8 16 0.010329608803843577
8 17 -0.16500474494242462
8 18 -0.11328900196808604
8 19 0.07802840641539345
8 20 0.010316859179557852
8 21 -0.02913990006265304
8 22 -0.13444323412114517
8 23 -0.015092804842061807
8 24 0.02589260295290561
8 25 -0.06025316910824319
8 26 -0.01889814392587013
8 27 0.047736207446410765
8 28 0.08653625101435632
8 29 0.2152399893707435
8 30 -0.07910772691318756
8 31 0.007492553560600549
8 32 0.035946349494553435
8 33 -0.1806516019989934
8 34 -0.1407127073811704
8 35 -0.02458622622241999
8 36 -0.06159334349502199
8 37 0.08934987395861331
8 38 -0.04706135853308687
8 39 -0.012194135948130704
9 9 0.0
9 10 -0.0964997306949005
9 11 0.04781399424529638
9 12 0.021242302823364527
9 13 -0.0430040478721898
9 14 0.07006626115691479
9 15 -0.017071315937416457
9 16 0.016275304481673133
9 17 0.11520622612121437
9 18 -0.032522667397119176
9 19 -0.005049570319134462
9 20 0.0017392050824908932
9 21 -0.10128197401995591
9 22 -0.0083189163726843
9 23 -0.013895551378009383
9 24 -0.033020871806216066
9 25 -0.008443575385760922
9 26 -0.02181262040395363
9 27 -0.016642987884982155
9 28 0.07731468030185633
9 29 -0.020316880649012277
9 30 -0.007584789463202894
9 31 0.006031177480579612
9 32 0.04328390666592045
9 33 0.0030880813792518646
9 34 -0.03640314295000324
9 35 -0.04072268926184634
9 36 0.03397918640561824
9 37 -0.015088692061967987
9 38 -0.023564802026395232
9 39 -0.12302463773167933
10 10 0.0
10 11 0.0025596654740718625
10 12 0.05841881758204642
10 13 0.10400827986421901
10 14 -0.023899503498991708
10 15 0.1346677697985067
10 16 -0.09746451180146168
10 17 -0.04021868872898192
10 18 0.07774416913774866
10 19 -0.01568024219442098
10 20 -0.035167552342519906
10 21 0.2916221903850328
10 22 -0.06277624103043486
10 23 0.007803445312618455
10 24 0.050265886807291604
10 25 -0.1852270839021008
10 26 0.15660360793755987
10 27 0.12711246828488815
10 28 -0.2264522328573022
10 29 0.1114564313250552
10 30 0.10054510052203473
10 31 -0.07842202292618594
10 32 -0.20336418227076414
10 33 -0.07311213032239176
10 34 0.12760485644382474
10 35 -0.07251579353528018
10 36 0.024519221544910128
10 37 0.07866361873738689
10 38 -0.012214492218634892
10 39 0.1672011024502364
11 11 0.0
11 12 0.22652763164892434
11 13 -0.09585267063817718
11 14 0.03537790023992289
11 15 0.03774005505236537
11 16 -0.17795754118167767
11 17 0.09886245884744047
11 18 -0.0068172843873342435
11 19 0.002743633514507036
11 20 -0.03172516968615062
11 21 0.0679090599309376
11 22 0.08589074839734415
11 23 0.19061868435552437
11 24 -0.06965512587672765
11 25 0.05899573249305151
11 26 -0.1181681302640482
11 27 0.02467439431278443
11 28 0.0306218762469481
11 29 0.02326179888709428
11 30 -0.13516650534970548
11 31 -0.13251687305853022
11 32 0.09642641485702366
11 33 -0.07915361057281835
11 34 -0.07016079302376164
11 35 -0.07552098719251157
11 36 -0.02407627736689624
11 37 0.1030975235219039
11 38 -0.045353075263387624
11 39 -0.06810863270065924
12 12 0.0
12 13 -0.023201264770010856
12 14 0.06660120451903935
12 15 0.05750034129473012
12 16 -0.09448347780874908
12 17 0.03630632116743432
12 18 -0.08628767853115075
12 19 -0.03845688041116173
12 20 0.02509518756498814
12 21 0.025275006038252324
12 22 0.09012466589725784
12 23 0.19435989937022277
12 24 0.030964107952392773
12 25 0.07124218484256285
12 26 0.013857800257813321
12 27 0.04086344518163691
12 28 0.08801883745412349
12 29 0.10286407434420061
12 30 -0.15653154516014384
12 31 -0.0848751024083406
12 32 -0.002982928798936132
12 33 -0.06557976942354567
12 34 -0.03181376100152413
12 35 -0.09809730543915987
12 36 -0.007912405570563396
12 37 0.04902299083797891
12 38 -0.07072372338872944
12 39 -0.024102154497845515
13 13 0.0
13 14 0.10564293999866495
13 15 0.017101390802831705
13 16 0.011829834102650618
13 17 -0.11454507410087197
13 18 0.033444686287084927
13 19 -0.026169788620348994
13 20 0.09298771277390293
13 21 0.01587811328818107
13 22 -0.0132339363354028
13 23 -0.14986759746610165
13 24 0.047515873735843296
13 25 -0.11389187146105803
13 26 0.14751229759320167
13 27 0.03318658407324779
13 28 0.016549765401072634
13 29 0.1013445409646567
13 30 0.037430731954763416
13 31 -0.0660531183858627
13 32 -0.10054131422162013
13 33 -0.038723881090745454
13 34 0.14829490594972192
13 35 -0.10894871163461343
13 36 0.007889698100781937
13 37 0.014635264085425084
13 38 0.10299647032019699
13 39 -0.038091142162628745
14 14 0.0
14 15 -0.06089534955750429
14 16 -0.028231231139037787
14 17 0.17745653185473406
14 18 0.017690991532010307
14 19 -0.18082895667865606
14 20 0.13709688532761866
14 21 -0.17926433099185132
14 22 0.08585708041600618
14 23 -0.07251709315384379
14 24 -0.07484673277995064
14 25 -0.03693520434993559
14 26 0.025932658766043715
14 27 -0.10907157709864376
14 28 0.17248849623614876
14 29 0.06974618148742498
14 30 -0.014713451190474899
14 31 -0.11675584031716554
14 32 -0.07559408842217887
14 33 -0.06339650235485533
14 34 0.1372803989039451
14 35 -0.10647397611847884
14 36 0.050155451335538746
14 37 0.022003636960591197
14 38 0.047593733138301765
14 39 -0.13908449567041506
15 15 0.0
15 16 0.00021863342351837673
15 17 0.003287826359730541
15 18 0.04681377237554811
15 19 0.043055962901338084
15 20 -0.06773966532849618
15 21 0.15226323793948107
15 22 0.029822152039118116
15 23 -0.0006951851036029971
15 24 0.061650141982043535
15 25 -0.038699934603648345
15 26 0.13487282248808868
15 27 0.033667359204376184
15 28 -0.1418508649864092
15 29 0.03568641453243334
15 30 0.0509628615087097
15 31 -0.049240663438874975
15 32 -0.030136459208843842
15 33 0.12325124272948425
15 34 0.04252106137152566
15 35 -0.023685829003479257
15 36 -0.010067103225353738
15 37 -0.027257955409804573
15 38 0.039631469233203064
15 39 -0.024055664823052512
16 16 0.0
16 17 -0.06124791326210978
16 18 -0.06660893911761948
16 19 0.011782701418727611
16 20 0.004980261766773386
16 21 -0.08431024711001092
16 22 -0.045644853683301706
16 23 -0.1219590419590159
16 24 0.09318863566987977
16 25 0.028427848549741258
16 26 0.14558406761344594
16 27 -0.11682550769977351
16 28 0.0333032216836378
16 29 0.09664553869519443
16 30 0.07513775771971774
16 31 0.10694341758192687
16 32 -0.014524671556326012
16 33 0.12773142571979695
16 34 -0.0530384742450712
16 35 0.10733661248125737
16 36 -0.007365387921626471
16 37 -0.14717845454467468
16 38 -0.005406431046362538
16 39 -0.031872161354714296
17 17 0.0
17 18 0.05661588866522782
17 19 -0.10372859921891098
17 20 -0.02150156363057693
17 21 -0.0836700467459141
17 22 0.08647606148187448
17 23 0.05182374683912934
17 24 -0.10737066618484706
17 25 0.010610242774376711
17 26 -0.07807840355765891
17 27 -0.062365341138593766
17 28 0.03673846546395575
17 29 -0.18860438353015962
17 30 0.07424454729118021
17 31 -0.029309989311475347
17 32 0.007954993623288985
17 33 0.05644319352617431
17 34 0.05074886201308406
17 35 -0.06981368510011993
17 36 0.09471051670459424
17 37 -0.019616689074633077
17 38 -0.04482625731793925
17 39 -0.10794769580732104
18 18 0.0
18 19 -0.011089132533293935
18 20 -0.02412367712688521
18 21 0.1019740980675187
18 22 0.04994439458485295
18 23 -0.04362268818964552
18 24 -0.03898558969981362
18 25 -0.03827178366798527
18 26 -0.002544970812566196
18 27 -0.010876521897711463
18 28 -0.10700518324085813
18 29 -0.08631585559755738
18 30 0.09078209538975757
18 31 -0.06993139264085119
18 32 -0.01224377447443603
18 33 0.052401867306029595
18 34 0.1034610426186443
18 35 -0.024014480653799672
18 36 0.0001961158073115825
18 37 0.020521980322916515
18 38 0.0788101881935958
18 39 0.006310182886682764
19 19 0.0
19 20 -0.07412762342365614
19 21 0.10449664632360522
19 22 -0.07069544228285168
19 23 -0.012913029494007477
19 24 0.051766006810631836
19 25 -0.019332579337188086
19 26 0.004982567510046063
19 27 0.08051013344430444
19 28 -0.05943503660420048
19 29 -0.03173308219091241
19 30 0.03871775886571428
19 31 0.04485724996527848
19 32 0.08376484355408718
19 33 0.015224058835184942
19 34 -0.08494942755178542
19 35 -0.02781957209724637
19 36 -0.029180523775780697
19 37 -0.0011358757767420944
19 38 -0.004493388807070467
19 39 -0.011433499472562357
20 20 0.0
20 21 -0.1054180102113041
20 22 0.02118221792336141
20 23 -0.04213803277457319
20 24 -0.010931112024900266
20 25 -0.005474164868766346
20 26 0.016484334923015827
20 27 -0.024788983694252132
20 28 0.11515534517740522
20 29 0.05263790619056931
20 30 -0.04949724825688722
20 31 -0.028599307571376232
20 32 -0.0418615361998246
20 33 -0.06564412421353524
20 34 0.06110543168674489
20 35 -0.0422106185673235
20 36 0.017495197693059475
20 37 0.0077793116002793
20 38 0.024765532379206066
20 39 -0.034409464128169115
21 21 0.0
21 22 -0.00937254849861004
21 23 0.0735042905963685
21 24 0.07520784186293808
21 25 -0.03769164849480793
21 26 0.2026794150265121
21 27 -0.013479591312727756
21 28 -0.2919369819219551
21 29 0.10309318062538228
21 30 0.15715441694959287
21 31 -0.11870560022080756
21 32 -0.0035737577625353074
21 33 0.039549623447057695
21 34 -0.039186447846019073
21 35 -0.004511993415158741
21 36 0.03755238484002531
21 37 -0.07930295578755663
21 38 -0.08790575680174499
21 39 0.07351329855228377
22 22 0.0
22 23 0.07278748767520664
22 24 -0.021453435672770242
22 25 0.1267325560429331
22 26 -0.024568221076791734
22 27 -0.10028287033071517
22 28 0.03605229610120902
22 29 -0.04839201303844331
22 30 -0.0388669464900387
22 31 -0.08558634092947184
22 32 0.04035478466359409
22 33 0.09259005529019279
22 34 0.055954633737894624
22 35 0.0004618333535512628
22 36 -0.02590766864391241
22 37 -0.020347142109721467
22 38 0.05130184241475684
22 39 -0.038015672779600995
23 23 0.0
23 24 -0.03554143017725958
23 25 0.13215883874399487
23 26 -0.1325808407035229
23 27 0.038395933557885946
23 28 -0.011394112153902881
23 29 -0.05420354701682019
23 30 -0.14787584550387978
23 31 -0.014215576720016363
23 32 0.05093480368314025
23 33 -0.04379674128086557
23 34 -0.0948303463938886
23 35 0.04419463720421389
23 36 0.0005630426612930234
23 37 0.03805037019599709
23 38 -0.11820937741740042
23 39 0.09371908058944599
24 24 0.0
24 25 0.00560149630558319
24 26 0.14139585092378223
24 27 -0.008906474084667706
24 28 -0.015458616168998126
24 29 0.08516777807489832
24 30 0.06112879157290042
24 31 0.03862686608711832
24 32 -0.02461630143434316
24 33 0.054547133695391305
24 34 -0.018371646702275406
24 35 -0.011256515743670526
24 36 -0.027315667267836335
24 37 -0.06186325363526783
24 38 -0.004123324810971834
24 39 0.026525300779453354
25 25 0.0
25 26 -0.08478380757607364
25 27 -0.14323579500692823
25 28 0.08380062724721098
25 29 -0.03377497145880484
25 30 -0.07315449989963464
25 31 0.01733893744567514
25 32 0.11553542044848572
25 33 0.08000643123345932
25 34 -0.10095284673052045
25 35 0.10879064611912345
25 36 -0.05366382108577258
25 37 -0.06588596947600786
25 38 -0.0382063502598678
25 39 0.02190432880602238
26 26 0.0
26 27 -0.07067511458418164
26 28 -0.10327165190466966
26 29 0.22531085778094256
26 30 0.125651158831885
26 31 -0.041959804599612446
26 32 -0.11245635640669882
26 33 0.1355339499145717
26 34 0.05427080648465125
26 35 -0.008005698250287071
26 36 0.05908514003150929
26 37 -0.17259600316914553
26 38 0.0009034733741614942
26 39 -0.08375246562601846
27 27 0.0
27 28 -0.07296596318311106
27 29 -0.14431343579647407
27 30 -0.08852642526481737
27 31 0.048829063695365355
27 32 -0.05705720157473718
27 33 -0.10299745748348069
27 34 0.06507049703045073
27 35 -0.1267064412363061
27 36 0.04011888859313005
27 37 0.13101952509194034
27 38 0.014821730561343246
27 39 0.05446877012537425
28 28 0.0
28 29 0.0175055290645044
28 30 -0.0814932111506455
28 31 0.022226808225441937
28 32 0.06421743455430316
28 33 -0.11357383015255018
28 34 -0.037992090433382454
28 35 -0.09195402485142133
28 36 -0.02938450715471875
28 37 0.03414479024596154
28 38 -0.003302829630998729
28 39 -0.09556768700642954
29 29 0.0
29 30 -0.04431104118228278
29 31 -0.09921446856546406
29 32 -0.06900744692284003
29 33 -0.06106769411429508
29 34 -0.07968724386413366
29 35 0.07949111616532077
29 36 -0.05771896364701806
29 37 -0.03299082962276176
29 38 -0.031758949405115214
29 39 -0.02485175347025257
30 30 0.0
30 31 0.023078035777415747
30 32 -0.02725281016913575
30 33 0.07450312738697296
30 34 0.04406736335258231
30 35 -0.062255370091815164
30 36 0.012393919645408112
30 37 -0.0727190143916497
30 38 0.013350140908347966
30 39 0.01165027920726443
31 31 0.0
31 32 -0.0010166434794821196
31 33 0.023297360740914045
31 34 -0.06356383000899314
31 35 0.06394539516878536
31 36 0.00730753862127788
31 37 -0.040721400417104335
31 38 -0.048779950246478423
31 39 0.07780088105610841
32 32 0.0
32 33 0.028092045777975704
32 34 -0.12786783729320428
32 35 0.008150164081069545
32 36 -0.04325697027469052
32 37 -0.014575866760386963
32 38 -0.010304111371715021
32 39 -0.08964698026020594
33 33 0.0
33 34 0.024372464508372764
33 35 0.11153798994392536
33 36 0.0077246895872340295
33 37 -0.17155219363240926
33 38 0.058272639273923746
33 39 -0.07753087810787263
34 34 0.0
34 35 -0.10260839468973657
34 36 0.03119739378654755
34 37 0.045106436139012905
34 38 0.12970553201421992
34 39 -0.000532300606111111
35 35 0.0
35 36 -0.026881477110106695
35 37 -0.09606391259527788
35 38 -0.04431274400835518
35 39 0.09794828081042826
36 36 0.0
36 37 -0.06908573457845918
36 38 -0.06305408492363093
36 39 -0.06035450865661218
37 37 0.0
37 38 0.054651023544374254
37 39 0.07799308033681347
38 38 0.0
38 39 -0.042448858624197526
39 39 0.0
