0 0 0.0
0 1 -0.030601038482416614
0 2 0.04627304341148095
0 3 -0.12574219021763977
0 4 -0.0970209208347933
0 5 -0.0890463140651284
0 6 -0.08687637765010511
0 7 0.08779365838367031
0 8 -0.008967234797272277
0 9 0.07378200540519518
0 10 -0.021318589285996004
0 11 -0.1909735475867998
0 12 0.052847687394937205
0 13 -0.09437487561856826
0 14 0.054471130215089245
0 15 0.043990033635325734
0 16 0.039351831356425296
0 17 0.008663050823078751
0 18 -0.0469157492591812
0 19 -0.03674041536187149
0 20 0.022934568770788522
0 21 0.07330328911036654
0 22 -0.044180331634593666
0 23 -0.12153288447069674
0 24 -0.008870468649689689
0 25 0.12015130203714149
0 26 -0.0889122258363127
0 27 0.010382310745040351
0 28 -0.0020698661226772486
0 29 0.03928252064209654
0 30 0.07550541573578283
0 31 0.04312445493739119
0 32 -0.0654837140068171
0 33 0.07043482139182926
0 34 0.023004746237061516
0 35 -0.003274047226298998
0 36 -0.05923862509063112
0 37 0.040446214423711005
0 38 0.02642870463666927
0 39 -0.023274442225878753
1 1 0.0
1 2 -0.1286161694256359
1 3 -0.06264481460946184
1 4 0.05016950348291781
1 5 0.07701784160564337
1 6 0.0272508829284005
1 7 0.029663085942874985
1 8 0.0891433153387275
1 9 -0.05595525956602476
1 10 -0.07410393843181806
1 11 0.04709115605682161
1 12 -0.15578173524417582
1 13 -0.18310690986065292
1 14 -0.014724894381065631
1 15 -0.003137675476040143
1 16 0.16142561004108663
1 17 0.1119757251772874
1 18 0.06744518677806993
1 19 -0.07301954450469564
1 20 -0.08828693759321461
1 21 -0.09833778957050775
1 22 0.03761145328401665
1 23 0.04844445110485223
1 24 0.01128628275822432
1 25 0.022779064410533643
1 26 0.05856384592652564
1 27 0.1285928450267388
1 28 0.07924782221573543
1 29 -0.04502212525151905
1 30 -0.004018005828370236
1 31 -0.016466020879997205
1 32 0.0015662162070314459
1 33 -0.01964549391466609
1 34 0.0358297898668246
1 35 0.008519051471365004
1 36 -0.08064158118978983
1 37 -0.07440001213317658
1 38 0.08729456874413274
1 39 0.024948948686904077
2 2 0.0
2 3 0.03429512001994074
2 4 -0.006167412478134821
2 5 -0.1664366016275413
2 6 -0.06436430313538925
2 7 -0.05214635387716804
2 8 -0.022564765640352806
2 9 0.007543005836891612
2 10 0.041064042739204255
2 11 -0.015512467680734684
2 12 0.07461990406530139
2 13 0.12162119145355525
2 14 0.08720466275692189
2 15 -0.10891571280232722
2 16 -0.20703429334828294
2 17 -0.0928644660257237
2 18 -0.13267744193317144
2 19 0.022588654489121042
2 20 0.08002917021514275
2 21 0.07250645436885782
2 22 -0.028962061839658264
2 23 -0.06384345890562254
2 24 0.06449135527313533
2 25 -0.03780687601000597
2 26 -0.09788920538159518
2 27 -0.04950627725497045
2 28 -0.082531551936666
2 29 0.00977654825860071
2 30 -0.05373103008987647
2 31 0.09126359181345575
2 32 0.04044384689775836
2 33 0.04693979321017441
2 34 0.0103351137036822
2 35 -0.05705814798533143
2 36 -0.031326680552354616
2 37 0.047624737257351904
2 38 -0.11626560697691776
2 39 -0.017710677093624644
3 3 0.0
3 4 0.10666174859098414
3 5 -0.07609899542105221
3 6 0.039622911869949595
3 7 -0.16514320739089391
3 8 -0.07786648824300633
3 9 0.17156441960765145
3 10 0.1511348274015361
3 11 0.15698733704746792
3 12 -0.010785883548922548
3 13 0.2444686414265193
3 14 -0.07274271160557863
3 15 0.041907397806986
3 16 0.014744491642145113
3 17 0.09226151441873323
3 18 -0.06805351105539445
3 19 0.0051643405932566685
3 20 -0.10795844997195805
3 21 0.006976256440099302
3 22 -0.040083420814393825
3 23 0.08687138007377619
3 24 -0.047212193269858226
3 25 -0.13499216837046837
3 26 0.09206256087109092
3 27 -0.06932820987629398
3 28 -0.05688818684693172
3 29 -0.03982722453452012
3 30 -0.08392910206556972
3 31 0.08809792493732257
3 32 0.08916742679361996
3 33 -0.0004590484331767258
3 34 0.09099763808921649
3 35 0.041307080031201204
3 36 -0.04029229805389352
3 37 -0.02956818199997573
3 38 -0.0288173225418998
3 39 0.05637440597334975
4 4 0.0
4 5 -0.1970583734539141
4 6 0.0920532198241374
4 7 -0.060353714533589085
4 8 0.10110258566879633
4 9 -0.08726625469267496
4 10 0.061448081107309094
4 11 0.03568632708038028
4 12 -0.24702234185652788
4 13 0.03320653592108097
4 14 -0.1809051084058525
4 15 -0.037278533177243625
4 16 -0.07502397753950064
4 17 -0.03432189490762412
4 18 0.00047257347135269115
4 19 -0.05044001945915651
4 20 -0.13714289712898461
4 21 0.020782994157003958
4 22 0.006544958978504293
4 23 0.10862317747132952
4 24 0.0030604156011412352
4 25 -0.13459352407193856
4 26 0.1092050240938488
4 27 0.009344404294189914
4 28 -0.08430210735166728
4 29 -0.054925846324966054
4 30 0.04941888139998551
4 31 0.027638135620957786
4 32 -0.12278859486144891
4 33 0.011989361516197498
4 34 0.15531123911762962
4 35 0.07169851066007532
4 36 -0.11730396926676971
4 37 -0.14098467820697377
4 38 0.03467564641605636
4 39 0.062058934367040165
5 5 0.0
5 6 0.2522870416396975
5 7 0.025513026170209212
5 8 -0.11400008604866581
5 9 -0.016464358226281846
5 10 -0.06089725767223435
5 11 0.19210268591909488
5 12 0.09293030312762188
5 13 0.028456034388821837
5 14 0.03416250754587384
5 15 0.13628609142235723
5 16 0.14905594799524885
5 17 0.08876202012455162
5 18 0.2882598054011075
5 19 0.10263070693728457
5 20 -0.015326752297761054
5 21 -0.21275998200978466
5 22 0.07203359054000605
5 23 0.053788813482117934
5 24 -0.14908219364217817
5 25 0.13082004607350867
5 26 0.04557366567781106
5 27 0.15755217218279605
5 28 0.028886373934132382
5 29 -0.010502261661762094
5 30 -0.16118069531809207
5 31 -0.12157422137729852
5 32 0.07182908558314396
5 33 -0.18135983964036503
5 34 -0.16801324463575035
5 35 0.03039311252010212
5 36 0.06685063859132415
5 37 0.09241299168822295
5 38 -0.09277875668541241
5 39 -0.09515974839696868
6 6 0.0
6 7 0.0050152156616402755
6 8 -0.08218147549024828
6 9 0.004973837180155717
6 10 0.023001555233166555
6 11 0.20262726796215533
6 12 -0.039676913875732
6 13 0.10139926616624302
6 14 -0.032431790011694904
6 15 0.0946256156087337
6 16 -0.05080515694185089
6 17 0.015032723760543204
6 18 0.13393449883177527
6 19 0.0960182109835083
6 20 -0.13938533224082092
6 21 -0.15436778126009126
6 22 0.04746071517657235
6 23 0.07335305368003804
6 24 -0.1054005905432061
6 25 0.07326725094751133
6 26 0.04509506244488722
6 27 0.16686810915246553
6 28 -0.1319367201123997
6 29 -0.05712519030831277
6 30 -0.15048736155516207
6 31 -0.11207745456706293
6 32 -0.06556321605577589
6 33 -0.11594883117090678
6 34 0.019105917783892794
6 35 -0.03393203980205754
6 36 0.010424814101784792
6 37 0.0006919875205456295
6 38 -0.056949942040776344
6 39 -0.08178305217137008
7 7 0.0
7 8 0.045892668901435715
7 9 0.014571606401876363
7 10 -0.025934427646912894
7 11 -0.08785789980195803
7 12 0.055376652597989205
7 13 -0.18914861148070358
7 14 0.09799096541380617
7 15 -0.009585837042768972
7 16 0.048335175239413705
7 17 0.041664936727525644
7 18 -0.00040328443964317447
7 19 -0.017117770054221642
7 20 -0.0089970446947081
7 21 -0.04912396785162161
7 22 -0.004486111970875834
7 23 -0.12291851233779247
7 24 -0.008609034658924018
7 25 0.0635469271171528
7 26 -0.18201135096241627
7 27 0.06888143721267234
7 28 -0.038105435898704944
7 29 0.06353255821055784
7 30 -0.04978467894125092
7 31 -0.15891048434072566
7 32 -0.026909758629757384
7 33 0.030565031713340452
7 34 0.04130242067262133
7 35 -0.10429979487575672
7 36 0.062196133299490565
7 37 0.04295667367451844
7 38 0.13519327405381756
7 39 -0.11747288050647713
8 8 0.0
8 9 -0.093023083388965
8 10 -0.023795055557283798
8 11 -0.11179476750277413
8 12 -0.1230198668764336
8 13 -0.12048900255589576
8 14 -0.02123470158543835
8 15 -0.0962225127258205
8 16 0.026822436740766592
8 17 -0.041966758376678015
8 18 -0.00666443972943101
8 19 -0.1280449091802221
8 20 -0.007022384017960773
8 21 0.03606940995031212
8 22 0.04152594001350333
8 23 0.03632988245680816
8 24 0.00841506056545188
8 25 -0.11186633252976312
8 26 -0.06190947473358582
8 27 0.02644160809485519
8 28 0.04261485929784631
8 29 0.04945689673862561
8 30 -0.019511566767756446
8 31 0.03097908668709956
8 32 0.03404347263736555
8 33 0.07518793397120496
8 34 0.0746312939846728
8 35 0.07386759827925908
8 36 0.02708034968477684
8 37 -0.09242705183554176
8 38 0.09376606268939996
8 39 0.03247435612646074
9 9 0.0
9 10 0.06114317468029131
9 11 0.03363956633852776
9 12 0.14127388229275217
9 13 0.05556999433014407
9 14 0.012248025355474593
9 15 0.13831363610071673
9 16 0.03660229419381754
9 17 0.10047945817813256
9 18 -0.13357191013584588
9 19 -0.04593165772671044
9 20 -0.05017236381689864
9 21 0.001350396889528236
9 22 0.011387957768642588
9 23 -0.027788193038366955
9 24 0.054890819469997465
9 25 0.0036235056772864066
9 26 -0.06587170067652628
9 27 -0.014828290763741795
9 28 -0.043538663085951335
9 29 0.07601465191109788
9 30 -0.10178128828683161
9 31 0.05294899417109246
9 32 0.1040230545812677
9 33 -0.00876161604211419
9 34 0.043972116387972146
9 35 -0.1185968020147616
9 36 0.07952002485898345
9 37 -0.005577859247106187
9 38 0.07113203727925162
9 39 -0.02131502600328599
10 10 0.0
10 11 -0.0006991385075557691
10 12 0.0748262193649909
10 13 0.15781312571009937
10 14 -0.04603111921395789
10 15 0.04839568483863406
10 16 -0.010254344986807601
10 17 0.025370869878726453
10 18 -0.03615979153477588
10 19 -0.0017493275248671157
10 20 0.040831792323649516
10 21 0.051485177003441254
10 22 0.01052640348653467
10 23 0.0008657501910644914
10 24 -0.02018217198866126
10 25 -0.1182347844652544
10 26 0.020133754904366537
10 27 -0.005369630238692772
10 28 -0.03745151320889621
10 29 -0.05846164205465197
10 30 -0.006537321369287717
10 31 0.03753190056424511
10 32 0.025202833346900776
10 33 0.028502632974762177
10 34 0.05072447456631678
10 35 0.08977989423298961
10 36 0.006923112211040279
10 37 0.03906958488315372
10 38 -0.05208480705133454
10 39 0.061424767133732364
11 11 0.0
11 12 -0.01259517648886228
11 13 0.08755487486737608
11 14 0.02288466528156894
11 15 0.0016808537126570089
11 16 -0.047571000173492965
11 17 0.12412343477094097
11 18 0.010243165271407177
11 19 0.09833004379040254
11 20 -0.09915818446020633
11 21 -0.20043314900598191
11 22 0.03347131592405526
11 23 0.08058467454274124
11 24 0.05578329934363052
11 25 0.013098805783424334
11 26 0.09049876489200531
11 27 0.12119598498742228
11 28 -0.07474602471138578
11 29 -0.09226587112379499
11 30 -0.15758552031395964
11 31 -0.03855012759703096
11 32 0.06841844681776067
11 33 -0.14591200935738363
11 34 -0.013840752031397216
11 35 -0.15421212875717455
11 36 -0.08403778940965664
11 37 0.028195664586332235
11 38 -0.08279304373002302
11 39 -0.025922241566604904
12 12 0.0
12 13 0.11926143998792726
12 14 0.10734038334933871
12 15 0.06372184606175127
12 16 -0.05646039918250134
12 17 -0.0011466788446875033
12 18 -0.09403467020571574
12 19 0.07536372096722559
12 20 0.16214932641576615
12 21 0.027597278002990305
12 22 0.021759064271199564
12 23 -0.08434579924918915
12 24 0.022541874603833976
12 25 0.006296220602402526
12 26 -0.12160803248375648
12 27 -0.02504459685814831
12 28 -0.02798126652949139
12 29 0.05037998437363297
12 30 -0.059461348766579894
12 31 -0.026455541990711956
12 32 0.11337892975149286
12 33 0.0016984074621667748
12 34 -0.0842776945921119
12 35 -0.06212214593359104
12 36 0.16817412434745388
12 37 0.185202494873342
12 38 -0.0585766710938017
12 39 -0.012773348123149847
13 13 0.0
13 14 -0.05983810967801363
13 15 0.05131452804042175
13 16 -0.15921744416422556
13 17 -0.1010043107435041
13 18 0.01733144092009638
13 19 0.07976937664461889
13 20 0.0706763809464323
13 21 0.06873088603301787
13 22 0.007241549414086321
13 23 0.056757620405447
13 24 -0.06242745326229088
13 25 -0.11821367412817729
13 26 0.05998158281472462
13 27 -0.09711298664146253
13 28 -0.08099585746137616
13 29 -0.034300985782612724
13 30 -0.07980227259202764
13 31 0.09022488158575508
13 32 0.061729249262399775
13 33 -0.04003435529817299
13 34 -0.050205433403328004
13 35 0.1059715278404022
13 36 0.06829970714059139
13 37 0.03705451038015816
13 38 -0.20835865060930153
13 39 0.02403866891216478
14 14 0.0
14 15 -0.10980658077514804
14 16 -0.05849882881615047
14 17 -0.0023273773687810867
14 18 -0.09916005700924571
14 19 0.03484181667290436
14 20 0.06980449504424108
14 21 -0.04853964051826696
14 22 -0.01592855419138642
14 23 -0.13849627058203304
14 24 0.0492489609187666
14 25 0.1080826250735252
14 26 -0.17903238695469922
14 27 0.07966727613043262
14 28 0.013923342298438428
14 29 -0.03548025999948516
14 30 -0.14862032177122472
14 31 -0.06466683891957055
14 32 0.09281487072456636
14 33 0.05110917487535892
14 34 -0.035871402216771806
14 35 -0.17377242649521382
14 36 0.07787129050709884
14 37 0.06333453717269143
14 38 -0.02065481461163726
14 39 -0.10909031182934174
15 15 0.0
15 16 0.1286286885189854
15 17 0.07364673064555344
15 18 0.07954210472848419
15 19 -0.007711601046290736
15 20 -0.013405174982495252
15 21 -0.0028459612673147816
15 22 0.032512360569326715
15 23 0.013730051929912685
15 24 -0.020808264698962624
15 25 0.04029262046010251
15 26 0.10096049683432891
15 27 -0.0030985845306142606
15 28 0.031592779105541646
15 29 -0.01568420145394888
15 30 0.04777451885378839
15 31 0.006380894646346362
15 32 -0.025642117198681376
15 33 -0.0737853865521939
15 34 -0.043956072976779656
15 35 0.04705980577891099
15 36 0.0405472173633515
15 37 -0.020979151948639002
15 38 0.006440155147308826
15 39 0.017421998526839295
16 16 0.0
16 17 0.2213897374441113
16 18 0.14426043421774049
16 19 -0.07845177900345564
16 20 -0.042079252919288684
16 21 -0.0529205751387548
16 22 -0.0028211795270899017
16 23 0.007414095055084653
16 24 -0.07858908113582977
16 25 0.03646488699093056
16 26 0.1166911523603309
16 27 0.06525546478031741
16 28 0.16634401045678565
16 29 -0.053942058411194885
16 30 0.10088916335910836
16 31 -0.0016434494178606568
16 32 0.01234252836759268
16 33 -0.009035363089060963
16 34 -0.0072900593813552865
16 35 0.1463666416829783
16 36 -0.09906249285477714
16 37 -0.00483745870141339
16 38 0.09572290138052074
16 39 0.06923807816960548
17 17 0.0
17 18 0.003965010414355877
17 19 -0.013905268581574034
17 20 -0.0821943173928772
17 21 -0.12579065727365255
17 22 -0.008099063755891058
17 23 -0.01003236833342378
17 24 0.01651223781198751
17 25 0.03251490696523247
17 26 0.0732019534341846
17 27 0.1374053891340054
17 28 0.025993324742932693
17 29 -0.08246595219175532
17 30 0.012143469196107952
17 31 0.002842404487300916
17 32 0.03132743889375792
17 33 -0.03927779935227041
17 34 0.05764361421086546
17 35 -0.023258349036204384
17 36 -0.19756277410026896
17 37 0.07260427472774036
17 38 0.04441482413930722
17 39 0.05361627695033285
18 18 0.0
18 19 0.016064996035821174
18 20 -0.008501837420647005
18 21 -0.069267368069426
18 22 0.011254324032552002
18 23 0.040098323131502626
18 24 -0.15995063358043893
18 25 0.03404625853681818
18 26 0.10234695012124276
18 27 0.007717655718109566
18 28 0.053737586011913564
18 29 -0.009220808609970649
18 30 -0.0005740512789229347
18 31 -0.03133286068191869
18 32 -0.03858030658826611
18 33 -0.12058383087913935
18 34 -0.12013906254708454
18 35 0.1852149379323666
18 36 -0.06280262144868784
18 37 -0.02853168208940584
18 38 -0.09486592904385314
18 39 -0.06352481267789664
19 19 0.0
19 20 -0.02890607671067775
19 21 -0.05175903322131635
19 22 -0.06293736173716265
19 23 0.005304519408759239
19 24 -0.0991921717221026
19 25 0.12501038949591176
19 26 0.048309980167153
19 27 0.02288750726225823
19 28 -0.08734838048233716
19 29 -0.05505832436821356
19 30 0.05982759786421432
19 31 -0.1273259740152821
19 32 -0.1190924739471954
19 33 -0.02245878938596676
19 34 -0.02345263843047957
19 35 -0.03375166341008036
19 36 -0.032341821361121334
19 37 0.1600400836522228
19 38 -0.06353462345302044
19 39 -0.009904024945981148
20 20 0.0
20 21 0.10524947172147212
20 22 0.040993386939935865
20 23 -0.10421891126566477
20 24 0.1259672810599874
20 25 -0.0795035405568976
20 26 -0.03521551889824377
20 27 -0.10630221122883039
20 28 0.12166888581010797
20 29 -0.03915973549187855
20 30 0.030001257249834025
20 31 0.07416894985773106
20 32 0.111118267072602
20 33 0.0013860765797601526
20 34 -0.16136360671428912
20 35 0.03787786788223183
20 36 0.1043665127582339
20 37 0.020703456273002387
20 38 -0.13468334012779185
20 39 0.012378188060900751
21 21 0.0
21 22 -0.02447018734348631
21 23 -0.03024408763394158
21 24 0.02070988986022989
21 25 -0.07560002332386183
21 26 -0.004521363116530496
21 27 -0.16326325478698436
21 28 0.0464679467750342
21 29 0.02888866799050771
21 30 0.1228939146851387
21 31 0.08681463406740969
21 32 -0.023618379556273085
21 33 0.09173441144628561
21 34 -0.006419225510847696
21 35 0.09921981009218206
21 36 0.07411973373178707
21 37 -0.045093830290320984
21 38 -0.00595655133586297
21 39 0.05734709904014348
22 22 0.0
22 23 0.03948940490423326
22 24 0.060798678602346425
22 25 -0.07490743737127464
22 26 -0.01490781152471445
22 27 0.05528925498383026
22 28 0.027238230588947077
22 29 0.010115536425128484
22 30 -0.09108771126740547
22 31 0.03010363843633234
22 32 0.09160051090079571
22 33 -0.03676369378112235
22 34 -0.022958695751884268
22 35 -0.00043123232545099323
22 36 0.09397953294207871
22 37 -0.05120635353282198
22 38 -0.00520178392980923
22 39 0.011761404279091364
23 23 0.0
23 24 -0.07966435914663242
23 25 -0.073429891481662
23 26 0.10679876019713297
23 27 0.030657205241041673
23 28 -0.026919840908863724
23 29 0.03079046709705007
23 30 -0.0003780259465115214
23 31 0.017391206069626818
23 32 -0.007132657639292168
23 33 -0.02202230383742465
23 34 0.05127521266425241
23 35 0.09831219100157945
23 36 0.010355590346908992
23 37 -0.022255253786402463
23 38 0.029733562945908853
23 39 0.09289014002558847
24 24 0.0
24 25 -0.06998787578774866
24 26 -0.013861031650316491
24 27 -0.05696721940721093
24 28 0.07875841962034151
24 29 -0.04235772067451725
24 30 -0.018592275616384678
24 31 0.1002411719439715
24 32 0.11329187582371984
24 33 -0.04479307584984473
24 34 -0.061289711801487304
24 35 -0.2043076654061285
24 36 0.01637076084362587
24 37 -0.12075777724620444
24 38 -0.015408760978548323
24 39 -0.004387178278122402
25 25 0.0
25 26 0.00617685533379214
25 27 0.0766311941651798
25 28 -0.016139870507369307
25 29 -0.03701900580263005
25 30 0.06825409122635168
25 31 -0.12468228301446882
25 32 -0.15142415408571963
25 33 -0.015608339020903828
25 34 -0.036993980214489845
25 35 -0.11486247635075583
25 36 -0.06107121357728077
25 37 0.08012990883861523
25 38 0.019410978503655495
25 39 -0.0819460314673107
26 26 0.0
26 27 -0.024636179936871703
26 28 0.08422174144108316
26 29 -0.15686772973238614
26 30 0.21292563158841768
26 31 0.0427408742773633
26 32 -0.11715480508106632
26 33 -0.06826922173932226
26 34 -0.03637884832055229
26 35 0.1362159138781869
26 36 -0.157830381253985
26 37 -0.029914582714241127
26 38 -0.06567228321582005
26 39 0.14209265544202979
27 27 0.0
27 28 -0.06011402311731902
27 29 -0.08912560891130109
27 30 -0.10880299059789653
27 31 -0.0680040286006838
27 32 -0.011139102894266733
27 33 0.0012189324232486842
27 34 0.1034031447615621
27 35 -0.026223812261092005
27 36 -0.09238273696100259
27 37 0.09129889238103137
27 38 0.020545174038709223
27 39 0.021651613627278327
28 28 0.0
28 29 -0.0705350616920241
28 30 0.08611451344257003
28 31 0.05638498126314671
28 32 0.06946517091578316
28 33 0.002202072641176848
28 34 -0.11404724791665695
28 35 0.06846665741079741
28 36 0.04665440716590062
28 37 -0.09258764344627995
28 38 0.0016338639420797629
28 39 0.04880160228639694
29 29 0.0
29 30 -0.0943200411437158
29 31 0.011962147184486367
29 32 0.06910778214438931
29 33 0.003398404069634529
29 34 0.011874454235115628
29 35 -0.02873619965005734
29 36 0.12330752817425109
29 37 -0.014115677040961052
29 38 0.0995085444132814
29 39 -0.07253176485648158
30 30 0.0
30 31 -0.010953388677423551
30 32 -0.245087460269311
30 33 0.060772117432475514
30 34 0.0016932696524978742
30 35 0.13983785792997516
30 36 -0.1557684578894452
30 37 0.05750503075162768
30 38 0.035597360834039866
30 39 0.16459989219386348
31 31 0.0
31 32 0.12062736132102977
31 33 -0.006550767935211763
31 34 -0.02111864895689953
31 35 0.08669435608827467
31 36 -0.10033632992449741
31 37 -0.08279062364872673
31 38 -0.10757531889054588
31 39 0.07360945499278697
32 32 0.0
32 33 -0.03578240032530634
32 34 -0.07194247852750398
32 35 -0.0476649509307541
32 36 0.13263054417557574
32 37 -0.05079239684941522
32 38 -0.044990994201142574
32 39 -0.03398759124533683
33 33 0.0
33 34 0.10061264420816399
33 35 0.047972753403293066
33 36 0.03634440419866215
33 37 0.03108228868767458
33 38 0.08140330696802191
33 39 0.05910561126575988
34 34 0.0
34 35 0.006905688964918388
34 36 -0.07871159566599667
34 37 0.020846098931868253
34 38 0.12891694835606715
34 39 0.06277445934729542
35 35 0.0
35 36 -0.06950531812632307
35 37 0.02902831232576119
35 38 -0.06980366954041953
35 39 0.14387298403703228
36 36 0.0
36 37 -0.0861149082172403
36 38 0.09938368447287635
36 39 -0.07624829111240729
37 37 0.0
37 38 -0.04993273991959732
37 39 0.051761046048445815
38 38 0.0
38 39 0.01008020627363174
39 39 0.0
