0 0 0.0
0 1 0.05425534487184267
0 2 0.1915809907492758
0 3 0.23587428020738951
0 4 -0.09531910098012772
0 5 0.0189398258894999
0 6 0.008314940285318987
0 7 -0.11259488146671062
0 8 0.05914989478478326
0 9 0.2657168735388001
0 10 -0.14704485347880825
0 11 0.053243538692010275
0 12 -0.202650491874669
0 13 0.3625988746404962
0 14 -0.05921072807086754
0 15 -0.12272421000408418
0 16 0.10382965703267158
0 17 0.07216611863184116
0 18 0.0828663741793094
0 19 0.09193381807859227
0 20 0.06951607500048823
0 21 -0.06822446151153852
0 22 -0.13874347100717593
0 23 0.20864764983625114
0 24 0.07213877702908919
0 25 0.0972753877406777
0 26 0.11413011552230705
0 27 -0.08047388673577695
0 28 0.16204657108762952
0 29 -0.09589949038695914
0 30 0.06362115037966612
0 31 -0.01616606676383957
0 32 0.12062408565785002
0 33 -0.010948742962590772
0 34 -0.04466592487125441
0 35 0.17410506932243158
0 36 0.007110316338219369
0 37 0.1765223858701887
0 38 -0.07272858453137894
0 39 0.2713192813837184
1 1 0.0
1 2 0.20636877667657103
1 3 0.1175737236453567
1 4 -0.0773631416433722
1 5 0.020364305817714635
1 6 0.06993444804551477
1 7 -0.022364873805713874
1 8 0.055264657948566845
1 9 0.06797822392610978
1 10 -0.11435148115726465
1 11 0.09566060099440934
1 12 -0.022134848593332482
1 13 0.042195201781007594
1 14 -0.20989082194947498
1 15 0.0477025640793948
1 16 -0.17513229853285128
1 17 -0.02959771557066574
1 18 -0.13717630604001183
1 19 -0.0285773320449418
1 20 -0.04393250579689941
1 21 0.1570517029472583
1 22 0.1951237642716012
1 23 -0.11865979715028904
1 24 -0.06909579589742475
1 25 0.08075868773043592
1 26 -0.11312234208720481
1 27 0.1587226373553811
1 28 0.2106003174158559
1 29 -0.024587695312239297
1 30 0.022227389360880423
1 31 0.20545651013165406
1 32 -0.02987303949250213
1 33 0.06878986155139168
1 34 -0.07887008155056763
1 35 0.08027667224463958
1 36 0.10156086682184888
1 37 -0.22010379283734355
1 38 -0.0440998647683978
1 39 -0.1127883233856325
2 2 0.0
2 3 0.1718562155357118
2 4 -0.09929955401551824
2 5 0.029777193008403334
2 6 0.06123747946052641
2 7 0.09677096360766264
2 8 0.019215924086691864
2 9 -0.06965660485157968
2 10 -0.15594975994736052
2 11 0.0967179756505758
2 12 0.019502851530285876
2 13 -0.0807168787210137
2 14 -0.25363199142035253
2 15 -0.09808907991558727
2 16 -0.10548953780813312
2 17 -0.10214055730315437
2 18 0.049055983134104496
2 19 -0.11202644428599269
2 20 -0.12295076137274144
2 21 -0.07974042575246147
2 22 0.012720195670178246
2 23 0.05098957855326599
2 24 -0.2561638392022882
2 25 0.09473938838025621
2 26 -0.2184607387260554
2 27 0.12246905828426217
2 28 0.11732410551087047
2 29 -0.04777649886642788
2 30 0.08462091314200104
2 31 -0.05639962469872155
2 32 -0.0353348223890262
2 33 -0.0618669477248376
2 34 -0.05108929067597286
2 35 0.03363198314114263
2 36 -0.09377461022644729
2 37 0.034052115075387177
2 38 0.18039675971035354
2 39 -0.08575895018655103
3 3 0.0
3 4 0.035844719849305214
3 5 -0.006353296348578022
3 6 0.10160406261711621
3 7 0.07033042464268022
3 8 -0.07958182176547245
3 9 0.13402767783258382
3 10 -0.06797903739038105
3 11 0.1134239907412933
3 12 -0.15235631464459148
3 13 0.2575030548700388
3 14 -0.045769348495416584
3 15 0.010476736014097427
3 16 -0.05023119356884239
3 17 0.181260636789505
3 18 -0.016211180543687632
3 19 0.05499169149589852
3 20 0.007980108201610183
3 21 0.03774137563083636
3 22 -0.02069332023451841
3 23 0.11187037029209317
3 24 0.04087584346027241
3 25 0.10374314120153331
3 26 -0.068219966191418
3 27 -0.022141161447390163
3 28 0.21926314648995254
3 29 0.00687145569341617
3 30 0.06795796359947012
3 31 -0.022062541100824257
3 32 0.09998267517198707
3 33 -0.16778156409085318
3 34 0.04184607255820592
3 35 0.011680018725675418
3 36 0.018488322801818093
3 37 0.020873819557895718
3 38 -0.012822640420503675
3 39 0.11389376972719045
4 4 0.0
4 5 0.02654941853731138
4 6 -0.08570867044327748
4 7 0.00832427352410935
4 8 0.01402076407255319
4 9 -0.23511987547635566
4 10 0.053946341908433296
4 11 0.05185701188419878
4 12 0.08716021303534134
4 13 0.004991349532451158
4 14 0.1393137029196407
4 15 0.07540247664295706
4 16 -0.024732556527349715
4 17 0.1397763227828695
4 18 -0.09318595307677696
4 19 -0.12017759914111611
4 20 0.031651487747883525
4 21 -0.08227521180056376
4 22 0.09326566182030006
4 23 0.07429845668136001
4 24 -0.054551077079813604
4 25 -0.10693932488754547
4 26 -0.16575654285523253
4 27 -0.0009167913839158111
4 28 -0.07179094252899723
4 29 0.03459856869532944
4 30 0.023708096664085493
4 31 -0.15970544733568492
4 32 0.0013477269087670812
4 33 -0.09245926768313464
4 34 -0.17977526029876797
4 35 -0.040482679663299666
4 36 0.06332688417170698
4 37 -0.164703499964373
4 38 -0.001366827824070372
4 39 0.08480124983964123
5 5 0.0
5 6 -0.0773307408301562
5 7 -0.04108654080962204
5 8 0.15586324262080437
5 9 -0.12437406606062576
5 10 -0.13802656595556795
5 11 -0.061440698801530066
5 12 0.09284321580748547
5 13 0.052461429766596325
5 14 -0.070948492908346
5 15 0.03746769808791971
5 16 0.09971970881472594
5 17 -0.10512728044927747
5 18 -0.061969245546040705
5 19 0.0006447508178892058
5 20 0.11098538357571594
5 21 -0.04463369499642063
5 22 -0.09283835208690885
5 23 -0.03582842786588149
5 24 0.0734838137327644
5 25 0.17466767266786096
5 26 -0.0024290798927066254
5 27 0.2657926094461123
5 28 0.019477784166268993
5 29 -0.06844710837052727
5 30 -0.10017768874955864
5 31 -0.04650272968782847
5 32 -0.11071974282782315
5 33 -0.010677241254318548
5 34 -0.13236640299779004
5 35 -0.03299168836685139
5 36 0.054626639409154756
5 37 -0.09845457596843228
5 38 -0.17233441081186734
5 39 -0.18491886167603094
6 6 0.0
6 7 0.01259917596260685
6 8 -0.05618787459781244
6 9 0.0636653569183043
6 10 0.03193761979284186
6 11 0.0036286638374876806
6 12 -0.01981466424920115
6 13 -0.023072277134056053
6 14 -0.08732393136913191
6 15 -0.06765490616384418
6 16 -0.06241469631898576
6 17 0.1404069705968567
6 18 -0.07571708187533913
6 19 0.009942279150040683
6 20 -0.03242049641523354
6 21 0.16176097211561835
6 22 -0.00327333011469765
6 23 0.005934905825144698
6 24 0.04229814525112011
6 25 0.12352140514416335
6 26 -0.0349356094570965
6 27 0.004471301561973623
6 28 0.08314880349251871
6 29 0.2722602928355077
6 30 0.09188763536600061
6 31 0.025770853493798644
6 32 0.017755117069949908
6 33 -0.005371079877304933
6 34 0.0829422233835337
6 35 -0.10647507462411843
6 36 -0.12205582274138756
6 37 -0.12235174807168596
6 38 0.010620089650876834
6 39 0.04839279976041838
7 7 0.0
7 8 -0.109330395143554
7 9 -0.11944016238668893
7 10 -0.007167936034471398
7 11 -0.07908679868217501
7 12 -0.08470652878835502
7 13 -0.17643291179788578
7 14 -0.0069489335137326415
7 15 0.03704394401607155
7 16 -0.058718198838358195
7 17 0.05729433628613464
7 18 0.06334652805105268
7 19 -0.08518820001956766
7 20 -0.1370227255629824
7 21 -0.019988538366111756
7 22 0.07184999582976659
7 23 -0.020011180947455482
7 24 -0.01056721408575267
7 25 -0.095415027782774
7 26 -0.12242299713015876
7 27 -0.08091002327997418
7 28 0.005402855657688471
7 29 0.04447840339184099
7 30 -0.10285033864859919
7 31 -0.11462065996626616
7 32 0.08836127050127018
7 33 -0.001866846034474625
7 34 0.04088193126364107
7 35 -0.17397960086231898
7 36 0.02841417212905569
7 37 -0.04663720415493164
7 38 0.08131558125860319
7 39 -0.18002510997124174
8 8 0.0
8 9 -0.02794835266932604
8 10 -0.05037687665356734
8 11 0.07625999535956182
8 12 0.04156286228627874
8 13 0.015313405433697292
8 14 -0.05513838496897784
8 15 0.12653665389343022
8 16 0.16742288893748775
8 17 -0.22798654723459366
8 18 -0.11892916790258612
8 19 0.05516714246483687
8 20 0.13618358519104096
8 21 -0.16583563811685298
8 22 -0.16546971193873178
8 23 -0.02886856623641939
8 24 0.03404662781468791
8 25 -0.03699044108514346
8 26 -0.10806372181312504
8 27 0.14427893038458972
8 28 -0.12129739037363138
8 29 -0.257421174989238
8 30 0.07353401523754541
8 31 -0.17092440314666568
8 32 -0.0326943772949416
8 33 0.1063172127461055
8 34 -0.10801841266087384
8 35 -0.07512488149065154
8 36 -0.008264408799669377
8 37 -0.1343521996218217
8 38 0.06469101119796093
8 39 0.004648215145397082
9 9 0.0
9 10 -0.0711192057751254
9 11 0.15122202394364406
9 12 -0.06026028784949974
9 13 0.5767893141306721
9 14 -0.0673922422504298
9 15 -0.017472205365627935
9 16 0.1764996666834544
9 17 -0.023136083713446942
9 18 0.049981190245565334
9 19 0.18389268806399567
9 20 0.17447340596231636
9 21 -0.031061158115064724
9 22 -0.18182473081625494
9 23 0.07361203455658985
9 24 0.24626291348444823
9 25 0.11054759439332977
9 26 0.27128654915364225
9 27 -0.23295523606948604
9 28 0.012925317815656348
9 29 -0.06415154482513964
9 30 0.12864513814316605
9 31 0.10238447148404747
9 32 0.2583077492555955
9 33 -0.07733720370084828
9 34 0.025209714750557322
9 35 0.08214921997238475
9 36 -0.17384066334135095
9 37 0.15399506735112348
9 38 0.010827555320602936
9 39 0.10919966807306827
10 10 0.0
10 11 -0.0037090690764590983
10 12 0.053710734645061944
10 13 -0.21743962723558968
10 14 0.1468558535599144
10 15 0.082301082018474
10 16 -0.12816974574868426
10 17 0.14878792899924836
10 18 -0.005373124512698169
10 19 0.0066809945964221296
10 20 -0.12151075673404754
10 21 0.043343167522372425
10 22 0.024657401488908392
10 23 -0.051331649946894785
10 24 -0.005688748891623807
10 25 -0.13611489450249517
10 26 0.12318557188414925
10 27 -0.040648441266175096
10 28 -0.03840941790895622
10 29 0.07989867220810024
10 30 -0.007221131915433275
10 31 -0.018822310274949246
10 32 -0.13101831771343705
10 33 -0.05565846931552408
10 34 0.16791185802035144
10 35 -0.11773986470784088
10 36 -0.026206147681210285
10 37 -0.04472382791569636
10 38 0.005617283056317213
10 39 0.07240429508611314
11 11 0.0
11 12 -0.015538755443897809
11 13 0.2705567830737073
11 14 -0.06087300003065151
11 15 0.09410193910542586
11 16 -0.004928979570231418
11 17 0.041264521025141325
11 18 -0.028039775606621343
11 19 0.04333489989805411
11 20 0.12904719047708235
11 21 -0.050552143240835554
11 22 -0.1179653872840591
11 23 -0.004287554885575436
11 24 -0.007908917009059536
11 25 0.031157474503560247
11 26 -0.11805180849774329
11 27 0.02200290868325346
11 28 0.035938595362099715
11 29 -0.13126012271516468
11 30 0.12096547457362279
11 31 -0.10121820797128689
11 32 0.07179642480337209
11 33 -0.06775657102788908
11 34 -0.007342500197479543
11 35 -0.04224707343089388
11 36 -0.13960969619932156
11 37 0.07337943922013353
11 38 0.11647777981746635
11 39 0.08856042248070037
12 12 0.0
12 13 -0.054337706119491104
12 14 -0.0016871442273153057
12 15 0.011586799334789021
12 16 -0.06261876200381505
12 17 -0.12548415221237216
12 18 -0.06348689514972441
12 19 -0.10467201412721168
12 20 -0.03732719175338412
12 21 0.040368568270666844
12 22 -0.010096066545119724
12 23 -0.19696244646762476
12 24 -0.018242727315991938
12 25 0.06358047135408258
12 26 -0.02854482498911154
12 27 0.060431818762989045
12 28 -0.1172086594143428
12 29 -0.002607252823487627
12 30 0.013067976667203527
12 31 0.06999963346224726
12 32 -0.029294372108897015
12 33 -0.0673454836482735
12 34 -0.03832709208372309
12 35 -0.023901458506840948
12 36 -0.0014917574073254644
12 37 -0.1925233156423874
12 38 0.016467368732090305
12 39 -0.12067290205252357
13 13 0.0
13 14 0.031347120087346005
13 15 0.09775897309353468
13 16 0.18769004216808263
13 17 -0.0014326663676841101
13 18 0.005749104621906398
13 19 0.16394737307280546
13 20 0.3166185813121664
13 21 -0.1123051227765405
13 22 -0.14854853401695148
13 23 0.06768443190929234
13 24 0.3601778056524244
13 25 0.050501427764779894
13 26 0.10684382276810711
13 27 -0.16138462560708625
13 28 0.055199120706166574
13 29 -0.0956961932852903
13 30 0.0844280860473549
13 31 -0.07256074925338833
13 32 0.24595789643500213
13 33 -0.13301737815968923
13 34 -0.12933620894995843
13 35 0.051450162180409785
13 36 -0.11742412236924663
13 37 0.1812422528325983
13 38 -0.03752519433419861
13 39 0.20449242231003203
14 14 0.0
14 15 0.041346637216500184
14 16 0.049035897072787625
14 17 0.08525114752447727
14 18 0.033262019809895085
14 19 0.07295412495635961
14 20 0.01352625635692021
14 21 -0.005230394831145945
14 22 0.07493419392383198
14 23 0.08740148221821019
14 24 0.11858718336801344
14 25 -0.1496165443071955
14 26 0.06282347944768678
14 27 -0.09801808697801277
14 28 -0.13656974786434434
14 29 0.014785408537368844
14 30 -0.074454199001971
14 31 -0.07851596182020934
14 32 0.025768914683479766
14 33 -0.08431393949285841
14 34 0.08655712485315373
14 35 -0.045688331663307255
14 36 0.14137171998506365
14 37 0.06492766453179384
14 38 -0.027216104113557005
14 39 0.12562823711262486
15 15 0.0
15 16 -0.04970807532214482
15 17 -0.08912502648047656
15 18 -0.022299706843247613
15 19 0.02476338851731491
15 20 0.12773560197501652
15 21 -0.12156979083665569
15 22 0.08966755348914643
15 23 -0.01113737758804095
15 24 0.03898072265340687
15 25 -0.2169030669896904
15 26 -0.14634115307344056
15 27 -0.019888286911325808
15 28 0.038009021325289695
15 29 -0.11819748467227002
15 30 -0.040204263750011376
15 31 -0.14063384607004029
15 32 -0.20567807726709608
15 33 -0.04766254220318266
15 34 -0.029384254755790477
15 35 -0.057046988465001135
15 36 0.016549062608162697
15 37 -0.04863487015096886
15 38 0.10949033614062897
15 39 -0.023415422347879734
16 16 0.0
16 17 -0.030236411784735996
16 18 -0.09124445554211012
16 19 0.027232464273222557
16 20 0.124918758961949
16 21 -0.24330234954009544
16 22 -0.17304838237465586
16 23 0.29606461214646673
16 24 0.14143147809625084
16 25 -0.011309967843925652
16 26 0.2059394504515141
16 27 0.03445180532384192
16 28 -0.16870965770670843
16 29 -0.1124547539688014
16 30 0.157937960281796
16 31 -0.2229917371634102
16 32 -0.00048175724182427103
16 33 0.020834629574248587
16 34 -0.15601761300712216
16 35 -0.05119754148059737
16 36 -0.10551968730312963
16 37 0.1982062364164827
16 38 0.08633736134569842
16 39 0.04050669216247612
17 17 0.0
17 18 -0.01901446030717167
17 19 -0.023131121509267088
17 20 -0.08964018458074363
17 21 0.23596466721998482
17 22 0.028244137031744675
17 23 0.15781461925785728
17 24 -0.02005266532645479
17 25 0.11252103254985253
17 26 0.08874874769283686
17 27 -0.07977994286029887
17 28 0.22934617482683536
17 29 0.20013159542541947
17 30 0.05199735191297089
17 31 -0.0059527975048415975
17 32 0.0037566233166327553
17 33 -0.10175561603597869
17 34 0.09549745636276001
17 35 -0.012692975670493073
17 36 -0.001624293148669021
17 37 -0.029186304299549215
17 38 -0.08739914577230516
17 39 0.23682765420589907
18 18 0.0
18 19 0.07880177176808927
18 20 0.019275219036792905
18 21 -0.015214945828502347
18 22 -0.06986848479437165
18 23 0.07199138666463593
18 24 -0.0009945934519179633
18 25 0.012137734856767765
18 26 0.02959187001318616
18 27 -0.16508093906843885
18 28 -0.011174059484552232
18 29 -0.04162167020760332
18 30 -0.14517931184245322
18 31 0.041662342113339544
18 32 0.010638324293123442
18 33 0.0013727125950879048
18 34 0.05278815075078931
18 35 0.04059479105115796
18 36 0.005429059916154444
18 37 0.19621355298810328
18 38 0.008999737885843045
18 39 0.023366514193821998
19 19 0.0
19 20 0.16031415110632433
19 21 0.06639788061625393
19 22 0.00041943412289127956
19 23 0.11854871150719719
19 24 0.04382926259612102
19 25 0.12548433943104292
19 26 0.06714130917856646
19 27 -0.019503281544405022
19 28 -0.09785876180651047
19 29 -0.03005426909888027
19 30 -0.0602494184021975
19 31 -0.04689026676034559
19 32 -0.003804683094172778
19 33 -0.07097757681161185
19 34 0.1563473245910629
19 35 -0.06578739055616573
19 36 -0.04929556625888878
19 37 0.13337136498063445
19 38 -0.04102246679189951
19 39 0.06340030309460291
20 20 0.0
20 21 -0.07474334498003969
20 22 -0.12351028197817242
20 23 0.09735350671743288
20 24 0.10763811957329568
20 25 0.05389494127487846
20 26 -0.038086576546922754
20 27 0.009146311750491926
20 28 -0.030715263596117946
20 29 -0.07158327668176513
20 30 0.01798745824893573
20 31 -0.05834494665111325
20 32 -0.00663208169553605
20 33 -0.03833350302336354
20 34 -0.07140085193681055
20 35 0.05683698887177134
20 36 -0.09053447489235544
20 37 0.06914415251544274
20 38 -0.02369836171526012
20 39 0.08455359043746116
21 21 0.0
21 22 0.07021700299197943
21 23 -0.15869134859104805
21 24 -0.0278561634270545
21 25 0.25845929303267784
21 26 0.016491680124751225
21 27 0.02693149535733532
21 28 0.1789081029818644
21 29 0.17846568230107301
21 30 -0.04941521089366473
21 31 0.3150145445864875
21 32 0.04212310321461857
21 33 -0.02144046034396648
21 34 0.15880799936268303
21 35 0.05161501258400203
21 36 0.0935599269459316
21 37 -0.21423843052344407
21 38 -0.18075061738296655
21 39 0.035619444383644214
22 22 0.0
22 23 0.11259757334635681
22 24 -0.15511941795599005
22 25 -0.21996369900948065
22 26 -0.16662578061259906
22 27 -0.02842746690261681
22 28 0.014552207065405578
22 29 0.18644922924172244
22 30 -0.13313780615819723
22 31 -0.09361136269878959
22 32 -0.10676121710714896
22 33 -0.05430078785013366
22 34 0.10615856390018912
22 35 0.07114390994808188
22 36 0.2509692466197395
22 37 -0.06922576888211596
22 38 0.02989099204023595
22 39 -0.0525322066552016
23 23 0.0
23 24 -0.04271387820149685
23 25 -0.02053090290486655
23 26 0.026779250239951657
23 27 -0.07509375987292304
23 28 -0.0187884387564701
23 29 0.026501447050547966
23 30 0.04740806321551305
23 31 -0.2630579150906811
23 32 -0.1309377773400622
23 33 -0.13899166702239768
23 34 0.014828384560921481
23 35 0.08850285209152689
23 36 0.08254351951737768
23 37 0.29031132565806256
23 38 0.11524787154093041
23 39 0.20957623125457184
24 24 0.0
24 25 -0.010046646743489401
24 26 0.15851801429135098
24 27 -0.05711590859514255
24 28 -0.10169591333186448
24 29 0.046151089051578456
24 30 -0.0729506699189116
24 31 0.0017209610292526407
24 32 0.18399177103231001
24 33 0.03149697463980812
24 34 -0.04695857039926378
24 35 -0.1827881864318734
24 36 0.03800119149998255
24 37 -0.005376423889672144
24 38 -0.11684563118237157
24 39 -0.0226589231892339
25 25 0.0
25 26 0.0773759448043686
25 27 0.14985101641562054
25 28 0.11314835883684693
25 29 0.03910032596671902
25 30 0.03262291471343741
25 31 0.23887665314181783
25 32 0.072161350040875
25 33 -0.07178472960156894
25 34 0.028493998624594636
25 35 0.04506979732318994
25 36 -0.0520051679394762
25 37 -0.07463519665115462
25 38 -0.1748007930119342
25 39 -0.037904557930669054
26 26 0.0
26 27 -0.03088629780162606
26 28 -0.011987201858069394
26 29 0.03424046441869359
26 30 0.04732449072516221
26 31 0.2060923184981493
26 32 -0.07453794383285524
26 33 0.05713685358162709
26 34 -0.056399316080584884
26 35 0.03664998830604769
26 36 -0.12607618462046682
26 37 0.17017178086966747
26 38 -0.15196041052474332
26 39 0.044154768506637736
27 27 0.0
27 28 0.018502082113536867
27 29 -0.016679280661607194
27 30 0.02338491868247914
27 31 0.05353257741610098
27 32 -0.20222714402118958
27 33 0.04330870031000695
27 34 -0.10487988380188056
27 35 -0.06792541970323411
27 36 0.00048360294730303844
27 37 -0.10215356619303098
27 38 -0.09356192516521404
27 39 -0.1802063815203318
28 28 0.0
28 29 0.014253777955399807
28 30 0.05301097595374933
28 31 0.2048114103397288
28 32 -0.1338385790069209
28 33 -0.042219422535699214
28 34 0.00470066308510377
28 35 0.22373276455403426
28 36 0.033503539870712876
28 37 -0.05366628758835903
28 38 -0.09199866132775007
28 39 0.13467624299088193
29 29 0.0
29 30 -0.02973978786852354
29 31 0.016542060376605446
29 32 -0.04082574883742983
29 33 0.014390495640523877
29 34 0.04456476417119283
29 35 -0.1245641665123326
29 36 -0.1126647917735339
29 37 -0.09038449215319488
29 38 -0.08264550416103175
29 39 -0.007957330866323786
30 30 0.0
30 31 0.0073722336198924
30 32 -0.02847322443101017
30 33 -0.03438493378008796
30 34 -0.07845760974217326
30 35 0.055560764136107166
30 36 -0.19874919445083153
30 37 0.010381814256607762
30 38 0.12786455645379097
30 39 0.14792731813427148
31 31 0.0
31 32 -0.04656867868653475
31 33 0.06806163651319112
31 34 -0.05654514028557443
31 35 0.2474389796762743
31 36 0.0642772954723054
31 37 -0.1167804261875857
31 38 -0.21610170509179039
31 39 -0.039296394985756336
32 32 0.0
32 33 -0.05373444190515555
32 34 0.1752889724770801
32 35 -0.022454078473884
32 36 0.11907140100612734
32 37 -0.07591485747867967
32 38 -0.06714314034552751
32 39 0.009891556921043368
33 33 0.0
33 34 -0.16932608613903216
33 35 -0.06676570294956957
33 36 -0.07679697637903857
33 37 -0.0312031257014887
33 38 -0.031211938094936185
33 39 -0.07840682677517227
34 34 0.0
34 35 0.02012923920364473
34 36 0.14648619823248815
34 37 0.034216573028708994
34 38 -0.007447380114824509
34 39 0.07433396757587821
35 35 0.0
35 36 0.16402170872499822
35 37 0.07722517764553491
35 38 -0.08004153581783585
35 39 0.2023423577489992
36 36 0.0
36 37 -0.10894433894858166
36 38 -0.1279232221619643
36 39 0.0007864078169497635
37 37 0.0
37 38 0.10765373169761312
37 39 0.11719294731962918
38 38 0.0
38 39 0.015366961117620861
39 39 0.0
