0 0 0.0
0 1 0.03922976748164338
0 2 -0.053082416293130485
0 3 0.09102843073582736
0 4 0.055421330550126234
0 5 0.005964079049681676
0 6 -0.0929049163632836
0 7 -0.03430593303482089
0 8 0.02316167606731321
0 9 0.14543012744316633
0 10 0.03647729314497396
0 11 0.08480821879307607
0 12 0.015528802265704758
0 13 -0.05427319881632399
0 14 -0.068772246138773
0 15 0.10311424110951281
0 16 0.0511937782223406
0 17 -0.0177761648007993
0 18 0.05239490624608241
0 19 0.005655265385431689
0 20 0.0778226756579048
0 21 -0.07669774074097399
0 22 -0.04135693177359916
0 23 -0.050095528090077834
0 24 0.06476143562831589
0 25 -0.03304214806762023
0 26 0.06733900490934756
0 27 0.17834745991957385
0 28 0.028265075696780217
0 29 0.07667619822150684
0 30 -0.043308640441607114
0 31 -0.03413469720856614
0 32 0.057061175527805354
0 33 -0.04111069618530011
0 34 0.044941031700475184
0 35 -0.04580784482511297
0 36 -0.00649033372407135
0 37 -0.06593131188926539
0 38 0.09074955908939439
0 39 -0.01856914158366208
1 1 0.0
1 2 -0.04057086717254183
1 3 -0.02369127352351206
1 4 0.017714753072148592
1 5 -0.011103547102151381
1 6 -0.018433549398095946
1 7 -0.0292072690464868
1 8 0.047382505413334504
1 9 -0.07601558347089446
1 10 0.022511112373391335
1 11 0.0035618079868550063
1 12 -0.004924447163566392
1 13 -0.0635964215750125
1 14 -0.04723394592195086
1 15 -0.0211365103879294
1 16 0.00018119544727486226
1 17 -0.01429541873815654
1 18 0.017951353916638844
1 19 -0.008867937576294881
1 20 0.0920321292854771
1 21 -0.017901802988241563
1 22 0.07780310047901964
1 23 -0.06949662291050845
1 24 0.06472809626682016
1 25 -0.018091736591503493
1 26 0.03054369505970244
1 27 0.03981821264125612
1 28 0.06338064247689804
1 29 0.04839125502376481
1 30 -0.04569771582650084
1 31 0.03558179780684645
1 32 0.037550861482287944
1 33 0.01867073192828157
1 34 -0.011919220503329019
1 35 -0.06944902599947214
1 36 -0.03656539954443975
1 37 0.0040905133960856795
1 38 0.027346252834786672
1 39 0.0014201244789002212
2 2 0.0
2 3 -0.04303781858649533
2 4 -0.02429546100995464
2 5 -0.007973353717262096
2 6 0.010181309828647367
2 7 -0.01750741281702358
2 8 -0.04356047642391747
2 9 0.08813690227904236
2 10 -0.09750949359095473
2 11 0.04408612105036576
2 12 0.011630996189632785
2 13 -0.04918734894259661
2 14 -0.015996036012334226
2 15 -0.05585194267755198
2 16 0.03199969238592075
2 17 -0.052396739504253165
2 18 -0.047670760743666094
2 19 0.032955191015096294
2 20 -0.16524177743120486
2 21 0.07556997129418322
2 22 0.017230335597761243
2 23 0.08636607190289407
2 24 -0.028091085720936985
2 25 0.08244134190803507
2 26 0.054379614889449944
2 27 -0.08706053687803053
2 28 -0.10204154906602476
2 29 -0.007841699327004641
2 30 0.03154767297465622
2 31 -0.021099475228329095
2 32 -0.051640015664211926
2 33 0.060014913723478266
2 34 -0.05713550508643271
2 35 0.04399546572773626
2 36 -0.04652327804629526
2 37 0.0514944821129659
2 38 0.04369064339036464
2 39 0.014654832583255981
3 3 0.0
3 4 0.07148791486103565
3 5 -0.010859658348348407
3 6 -0.011826280125464285
3 7 0.0018659705400803507
3 8 -0.039376495533815295
3 9 0.04723319167459612
3 10 0.02262680732937785
3 11 0.06339104053825842
3 12 0.08674683733341493
3 13 -0.014136123408232193
3 14 -0.11980504777716436
3 15 0.16165819860265374
3 16 0.010430930336272903
3 17 0.047076206482625546
3 18 0.06145919022043885
3 19 0.007342386904472373
3 20 -0.0015605573837249248
3 21 -0.17546493511823724
3 22 -0.019677538185984833
3 23 0.07766017947238196
3 24 -0.02421956818021622
3 25 -0.02194715707595233
3 26 -0.1036189792838966
3 27 0.03704073262436586
3 28 0.005670327293718538
3 29 0.05476210054762616
3 30 0.009968984019109194
3 31 -0.035276393344504775
3 32 -0.025684933459560015
3 33 -0.04729463900179024
3 34 0.09184389682418159
3 35 -0.09238753016250942
3 36 0.12471008334340201
3 37 -0.014663592332253653
3 38 -0.0025720007620261844
3 39 0.04027037852383494
4 4 0.0
4 5 -0.011834624615742962
4 6 0.02470657188433298
4 7 -0.015017652780692087
4 8 -0.038136235476340964
4 9 -0.12739123243898617
4 10 -0.03301260503208037
4 11 0.19522273757628827
4 12 0.09175593148183037
4 13 0.137895079130209
4 14 -0.20161051303860306
4 15 -0.0188088520537747
4 16 0.07210527568199783
4 17 0.12827217301996213
4 18 -0.030520542369600924
4 19 -0.09955172695935603
4 20 0.016991728893807786
4 21 -0.01367151975014853
4 22 0.11446612636774045
4 23 0.1049960693752412
4 24 0.009459372038155823
4 25 0.054943119094460056
4 26 -0.005633885652409925
4 27 0.022953941001853207
4 28 -0.02841897261328178
4 29 0.0015773206124622934
4 30 -0.10097937305923776
4 31 0.09486657542442116
4 32 0.03924024915028716
4 33 0.07754150691873392
4 34 0.007293787343764771
4 35 -0.07193118390199446
4 36 0.10096129071628475
4 37 0.06940302806943059
4 38 -0.029466227408750118
4 39 0.005289733393557777
5 5 0.0
5 6 -0.03803872588986089
5 7 0.02242406108629571
5 8 -0.05074075156627693
5 9 0.04429256300664748
5 10 0.0743571527781891
5 11 -0.04325443049997969
5 12 0.0050954904770035584
5 13 -0.02867437413737835
5 14 0.04370839659823807
5 15 0.004559504361128951
5 16 -0.024448676355574107
5 17 -0.07469144514647245
5 18 -0.0881758387556112
5 19 -0.014279045967216391
5 20 -0.007469966369884585
5 21 0.14980996912625047
5 22 -0.05736316917289795
5 23 -0.018817815220939435
5 24 -0.018609247266000113
5 25 -0.002087948465432485
5 26 0.021300173503843646
5 27 0.015616753710340265
5 28 0.018227034262425824
5 29 -0.036513642231417606
5 30 0.01077883151687508
5 31 0.09996041337135092
5 32 0.01569606022563693
5 33 0.038242711453952465
5 34 -0.009878209431783679
5 35 -0.03553208938047505
5 36 -0.07489876381560344
5 37 -0.06049287287239856
5 38 0.06385798345234746
5 39 -0.043549086137287134
6 6 0.0
6 7 -0.012372834875639034
6 8 0.00731514753255479
6 9 -0.1010154054289969
6 10 -0.024489247054010337
6 11 0.021397218709965728
6 12 -0.009533780875480064
6 13 0.08472374673899781
6 14 -0.018284162363298707
6 15 -0.039813677404576496
6 16 -0.0480117857369754
6 17 0.06125108523234677
6 18 -0.01548719846582472
6 19 -0.02625837984035395
6 20 -0.03923346530399204
6 21 -0.03674396014686943
6 22 0.04918495456442394
6 23 0.04573721748984278
6 24 -0.020920942701831778
6 25 0.034096463371503086
6 26 -0.05037345563955764
6 27 -0.07970752469496908
6 28 -0.055418488863587155
6 29 -0.018277348866478506
6 30 -0.016406451528496672
6 31 -0.0019786463747368532
6 32 0.0021945275338209327
6 33 0.00929910517811048
6 34 -0.01953854473714111
6 35 0.0401017931248554
6 36 0.04450174552575886
6 37 0.06969749170805435
6 38 -0.06910934297454016
6 39 0.04785934149471339
7 7 0.0
7 8 -0.04529025641136543
7 9 -0.07052907902548625
7 10 0.042654243461270454
7 11 -0.16126742267797656
7 12 0.015761909117880224
7 13 -0.02608745808884579
7 14 0.09746170860960719
7 15 0.01831743903074104
7 16 0.13276913089640865
7 17 -0.006154144145853924
7 18 -0.021741584384592165
7 19 0.03525519366498742
7 20 0.08581383877430741
7 21 -0.04675364600141972
7 22 -0.039874694185536054
7 23 -0.012242870092670808
7 24 -0.06209834953521036
7 25 -0.05344733116371986
7 26 0.007805571349506317
7 27 0.04117782573780717
7 28 0.09796907420039738
7 29 0.02383683030687366
7 30 0.05227287957430722
7 31 0.017329651805609702
7 32 -0.09955788216928323
7 33 -0.05537989950844831
7 34 0.008337945967980874
7 35 0.019201361255646324
7 36 0.10892483490675023
7 37 -0.03858870763297725
7 38 -0.0415114196716814
7 39 -0.09329182101703357
8 8 0.0
8 9 -0.03325936316454546
8 10 0.01002762243626142
8 11 0.0032544732389567345
8 12 -0.06436220313562849
8 13 0.01475890795713856
8 14 0.018252530152999442
8 15 -0.023685236551773816
8 16 -0.04455648014238793
8 17 0.01870386989148655
8 18 0.04157375178662013
8 19 -0.004545662868600827
8 20 0.06998711094139196
8 21 -0.0670797098337129
8 22 0.02755314097868214
8 23 -0.08238824973318253
8 24 0.059563285138007085
8 25 -0.0172588508733767
8 26 0.027227260003946523
8 27 0.04346314397800604
8 28 0.003957296769414279
8 29 0.03203688215184281
8 30 -0.04321490661424651
8 31 -0.046423938199504
8 32 0.060550009425699144
8 33 -0.036389480701131696
8 34 -0.015066083468804095
8 35 0.04302384649571639
8 36 -0.025142425588235578
8 37 0.014718881107926834
8 38 -0.014180308533412924
8 39 0.027489824820757836
9 9 0.0
9 10 -0.08035731354968992
9 11 0.10070353842042463
9 12 0.008685010301986896
9 13 -0.06789094345346913
9 14 0.041334901186929396
9 15 0.09876833382257247
9 16 -0.03449714079934466
9 17 -0.09885942303741362
9 18 0.08551607156438765
9 19 0.06524261445682268
9 20 -0.186931778947058
9 21 0.14407540549056153
9 22 -0.20595767222841577
9 23 0.035954899466525185
9 24 -0.002962375482680914
9 25 0.0002020216894306981
9 26 0.026301623937407998
9 27 0.020678137858695145
9 28 -0.08378512311882129
9 29 -0.08566540269720273
9 30 0.09726016834677755
9 31 -0.13786349689117888
9 32 0.00453166010310585
9 33 -0.008769944949496632
9 34 0.0693265997028433
9 35 0.02260696680361083
9 36 -0.15242221327452715
9 37 -0.11576959039261248
9 38 0.12313061272330758
9 39 0.001970218439081492
10 10 0.0
10 11 -0.13371468945213275
10 12 -0.07399773212796627
10 13 -0.02668246397731349
10 14 0.08022509764598738
10 15 0.049555114859086646
10 16 -0.04574585210604347
10 17 -0.06800463274027554
10 18 -0.14653004125273045
10 19 -0.017278187618604002
10 20 0.14013523446150883
10 21 -0.07680466465048509
10 22 -0.032571655328083406
10 23 -0.11763805162655357
10 24 0.008866145964176782
10 25 -0.02330972599646381
10 26 0.060723611403633346
10 27 0.1486443870032486
10 28 0.022504942010439326
10 29 0.11111592479420866
10 30 -0.06663291046518945
10 31 0.1036406643279513
10 32 0.06691973326368028
10 33 -0.0652713508796958
10 34 -0.05076083772867892
10 35 0.03931675437525022
10 36 0.013971217956572066
10 37 -0.0376225309018561
10 38 0.054686102247632776
10 39 -0.02581640580081524
11 11 0.0
11 12 0.06712115251640063
11 13 0.12745901047491412
11 14 -0.23625692800727655
11 15 -0.011406959987676133
11 16 -0.07753682861263074
11 17 0.0993644791318935
11 18 0.05522222517758033
11 19 -0.08214901199588868
11 20 -0.15572485936173933
11 21 0.0658710053528607
11 22 0.06940902098981963
11 23 0.13255822740829654
11 24 0.0512503473103179
11 25 0.09583208967153958
11 26 -0.03342669607630906
11 27 -0.061179842329377454
11 28 -0.14899886598787426
11 29 -0.0691243354419015
11 30 -0.07626712101477746
11 31 -0.018913132548556873
11 32 0.10049716527438961
11 33 0.10868470540598303
11 34 0.028899300049587073
11 35 -0.05720620630255531
11 36 -0.052294815806859775
11 37 0.07251490346897424
11 38 0.02023637518858249
11 39 0.10530586500026466
12 12 0.0
12 13 -0.034886088112461494
12 14 -0.12237446548644362
12 15 0.054419960416226966
12 16 0.06163551383098289
12 17 0.0394286306502416
12 18 0.08560093740914615
12 19 0.0030588351349679897
12 20 -0.03898517323874977
12 21 0.020423592879990137
12 22 0.027708099647396435
12 23 0.10456744713722536
12 24 -0.028921889555381934
12 25 -0.017630148158992047
12 26 -0.10319272629442007
12 27 -0.07238949656547922
12 28 0.06498469595407459
12 29 -0.046684284756726514
12 30 0.052409441937183165
12 31 0.011140401327712195
12 32 -0.07467139239702547
12 33 0.05117341116135384
12 34 0.08634961606066988
12 35 -0.16029633416181288
12 36 0.05233504798189659
12 37 -0.01379153017961623
12 38 -0.017828807239042465
12 39 -0.0048491547825605386
13 13 0.0
13 14 0.004368418825357589
13 15 -0.06166138842168821
13 16 -0.07628124225490358
13 17 0.16891121267857998
13 18 -0.015053336843219283
13 19 -0.10794242622247985
13 20 -0.03356418220620828
13 21 0.040016627494319265
13 22 -0.02436852298997606
13 23 0.059670618823909914
13 24 -0.02664485918396719
13 25 0.037003347281904755
13 26 -0.05277271614499537
13 27 -0.03399356188527266
13 28 -0.1106007774596703
13 29 -0.1226031394219752
13 30 -0.06154292325313325
13 31 -0.004413142691570204
13 32 0.08631093378571067
13 33 0.0012082853415093075
13 34 0.005057462218326104
13 35 0.1322602110285708
13 36 0.058558562627319635
13 37 0.05245784319331783
13 38 -0.12767156190245485
13 39 0.03254500973651047
14 14 0.0
14 15 -0.039741896151218495
14 16 0.008445176976516955
14 17 -0.07585036032485823
14 18 -0.052515782737729125
14 19 0.04884107687378979
14 20 0.062116119026757476
14 21 0.06616414769460113
14 22 -0.14778576696567539
14 23 -0.12482657860127788
14 24 -0.04048322983520815
14 25 -0.06005613655991502
14 26 0.07062285995260427
14 27 0.051641950315408636
14 28 0.041170054295609694
14 29 -0.03228663338824757
14 30 0.06431449556690698
14 31 -0.031017238336796333
14 32 -0.025952939771148133
14 33 -0.09269186831982154
14 34 -0.040433498441379286
14 35 0.17113968906459168
14 36 -0.03995503999106677
14 37 -0.08001641981309149
14 38 -0.019148634922817202
14 39 -0.08995382687551849
15 15 0.0
15 16 0.007006301691028799
15 17 0.0009626576222414515
15 18 0.07619603997143501
15 19 0.03819710855219172
15 20 0.029144106684345784
15 21 -0.1602723641075416
15 22 -0.07315539510000513
15 23 0.018769976897650552
15 24 -0.019148321735379385
15 25 -0.058138899618913366
15 26 -0.08447358021838952
15 27 0.06711884108692812
15 28 0.04272504171464882
15 29 0.05481254748652868
15 30 0.03977866239844073
15 31 -0.0595477013349069
15 32 -0.03160526017135531
15 33 -0.08114309101720749
15 34 0.09684528063010042
15 35 -0.07363919507862354
15 36 0.08780549258608077
15 37 -0.06173030455970093
15 38 0.015516010422025234
15 39 0.014809605714440455
16 16 0.0
16 17 0.008179893187023668
16 18 0.029335088608187055
16 19 0.05336700094599197
16 20 0.09096440353441829
16 21 -0.08565316674336046
16 22 0.017425951642402692
16 23 0.01762877256228886
16 24 -0.030084669097755486
16 25 -0.0378953492104368
16 26 0.08147197447501857
16 27 0.08870185978184282
16 28 0.1122455596990046
16 29 0.07223084624664998
16 30 0.0368793078639719
16 31 -0.0200787605659346
16 32 -0.13116600390298544
16 33 -0.034291836732610936
16 34 0.006913291320255768
16 35 -0.009816843029549516
16 36 0.13701560192418955
16 37 -0.017936357468746635
16 38 -0.011835075512596854
16 39 -0.1194945531977785
17 17 0.0
17 18 0.09669267843036952
17 19 -0.05115860914231192
17 20 0.02104360541631415
17 21 -0.08726969940015114
17 22 0.039757649409430974
17 23 0.06703871842362046
17 24 -0.0103686711840105
17 25 -0.01155280330709743
17 26 -0.10070632237311297
17 27 -0.039442423144085484
17 28 -0.001075757468867468
17 29 -0.054453678845320555
17 30 -0.020544493364377005
17 31 -0.04829496730471689
17 32 0.004380707020514392
17 33 -0.014553803378399755
17 34 0.06076978627664222
17 35 0.00003824739798852228
17 36 0.12062258388067375
17 37 0.04705112589112258
17 38 -0.12820108845458963
17 39 0.03191010852179952
18 18 0.0
18 19 0.04338919256335423
18 20 0.02382915836323558
18 21 -0.056635579576592675
18 22 -0.026885453249051266
18 23 0.023301928799382664
18 24 0.01983928195725777
18 25 -0.1086593584335875
18 26 -0.1597364875956503
18 27 -0.06548186446010579
18 28 0.1323836224993702
18 29 -0.09591079930463298
18 30 0.10087113122188598
18 31 -0.16815957166585224
18 32 -0.06508048385210347
18 33 -0.03707962991938346
18 34 0.1678948597787195
18 35 -0.1291994680041056
18 36 0.03661961867796574
18 37 -0.05783829903267977
18 38 -0.09246905395338305
18 39 0.01416107755703828
19 19 0.0
19 20 -0.00303059899756613
19 21 -0.05603689756891428
19 22 -0.033621168407104766
19 23 -0.012831967224606212
19 24 -0.014357742234465117
19 25 -0.02990323631506357
19 26 0.007022142013598099
19 27 0.005680088336252805
19 28 0.03852092853925144
19 29 0.036717420297447526
19 30 0.06215527799620864
19 31 -0.0647360045248587
19 32 -0.07037649679881944
19 33 -0.04281667796308451
19 34 0.014047722017461971
19 35 0.00022983888713652283
19 36 0.013242586769944864
19 37 -0.027535408108804293
19 38 0.01630698648994654
19 39 -0.019753504166645793
20 20 0.0
20 21 -0.15927396252254097
20 22 0.02900317649105159
20 23 -0.17149306638092837
20 24 0.05263784583470142
20 25 -0.11466051914682356
20 26 0.0447926176615495
20 27 0.18818867279702714
20 28 0.1904121956401469
20 29 0.10987989989834472
20 30 -0.05398761046813512
20 31 0.039150659248901806
20 32 0.019826946918555473
20 33 -0.09907747467636796
20 34 0.012942562066257884
20 35 -0.026162673125278472
20 36 0.09181232140860048
20 37 -0.05465825725355196
20 38 -0.03117713456368699
20 39 -0.08270778069877742
21 21 0.0
21 22 -0.07355509388712475
21 23 0.01924254220725217
21 24 -0.007806963209539335
21 25 0.03399391602990874
21 26 0.021039584534757582
21 27 -0.15871533776062524
21 28 -0.0024199046486647557
21 29 -0.2762692771592962
21 30 0.05880526015200009
21 31 0.13849579504595616
21 32 0.04166431079895928
21 33 0.19941704669068505
21 34 -0.01339740662815495
21 35 -0.06840933932961105
21 36 -0.2978056855997654
21 37 -0.0815125138994421
21 38 0.06852227822374404
21 39 -0.06438898996475871
22 22 0.0
22 23 0.02362013797529503
22 24 0.04598098297057989
22 25 0.05467741204066399
22 26 0.014610111514265367
22 27 -0.043458319545263434
22 28 -0.005756719508767561
22 29 0.07745563907459035
22 30 -0.08195856185360012
22 31 0.06440438254905467
22 32 0.013333554333707786
22 33 0.06857528796964932
22 34 -0.05654245612680796
22 35 -0.06799287625849146
22 36 0.032912544367115784
22 37 0.11342746884736306
22 38 -0.012486012859121685
22 39 0.048256807252319234
23 23 0.0
23 24 -0.06571666751235929
23 25 0.06262631917717058
23 26 -0.09662741414394407
23 27 -0.13598665507383478
23 28 -0.08321625780899924
23 29 -0.06472699269509812
23 30 0.03919729307672473
23 31 -0.016418297643500217
23 32 -0.06567662902162956
23 33 0.06357658585404555
23 34 0.03906692053168935
23 35 -0.0470670813357585
23 36 0.06724562838995654
23 37 0.05714443589612025
23 38 -0.039042697178485054
23 39 0.04592974043590617
24 24 0.0
24 25 -0.0004849994820213542
24 26 0.048896865179145835
24 27 0.052874805545880546
24 28 0.007592480594389925
24 29 0.035591458548675174
24 30 -0.05588280612476976
24 31 0.0014342734906363304
24 32 0.06999733103609318
24 33 0.011061543944764872
24 34 -0.016313728228450668
24 35 -0.02052938438766973
24 36 -0.06259372411307401
24 37 0.0048600102855647235
24 38 0.03928823174063385
24 39 0.019672689369289578
25 25 0.0
25 26 0.05883901639267055
25 27 -0.038174135982022545
25 28 -0.1425408620688987
25 29 0.022253327379873324
25 30 -0.056215818195051614
25 31 0.038234247378413556
25 32 0.038494242523479626
25 33 0.060271230358322214
25 34 -0.08119275378199345
25 35 0.06071908302974925
25 36 -0.032274236245994035
25 37 0.08239932520099402
25 38 0.0389700585169541
25 39 0.049333024203770934
26 26 0.0
26 27 0.1582242422573413
26 28 -0.06450339344487388
26 29 0.12050021972135674
26 30 -0.08707665583488085
26 31 0.04598396848525538
26 32 0.055840138906628686
26 33 -0.003200778826627883
26 34 -0.1434697030008544
26 35 0.14437304908035148
26 36 -0.06765417300366335
26 37 0.017886242948725865
26 38 0.11432907191288695
26 39 -0.05842437196329779
27 27 0.0
27 28 0.034448748253283555
27 29 0.16302228481183792
27 30 -0.08697434649243886
27 31 0.008498411057198379
27 32 0.06564840663959415
27 33 -0.1074303965331164
27 34 -0.03606716282487477
27 35 0.08002934133337165
27 36 0.050505654346438965
27 37 -0.05222743609522358
27 38 0.07680675994595006
27 39 -0.06518597948766766
28 28 0.0
28 29 -0.018890319100440284
28 30 0.0736000601079126
28 31 0.014822564009631145
28 32 -0.08423897772539161
28 33 -0.03145717795588767
28 34 0.09749259838484131
28 35 -0.16208705426910067
28 36 0.04077450249862777
28 37 -0.1041805118511117
28 38 -0.04037864071298587
28 39 -0.09927018962772496
29 29 0.0
29 30 -0.08488016939864196
29 31 0.007571801491949741
29 32 0.006797415294411041
29 33 -0.08021113424597799
29 34 -0.08152504110966466
29 35 0.04957283215136201
29 36 0.09887481289267179
29 37 0.05233048962226174
29 38 0.06897943032365195
29 39 0.010566817879420437
30 30 0.0
30 31 -0.06657178065783864
30 32 -0.10837221381341892
30 33 -0.01300710743442999
30 34 0.07674799098737493
30 35 -0.05072479534138441
30 36 0.0013258742919501226
30 37 -0.06403820134117039
30 38 -0.031591349906939334
30 39 -0.03376976992758462
31 31 0.0
31 32 0.046031202778176426
31 33 0.09100427781402691
31 34 -0.06659470529405002
31 35 -0.06506899553208431
31 36 -0.050728992290805096
31 37 0.008656399450990272
31 38 0.05515430947154217
31 39 -0.03231727580709033
32 32 0.0
32 33 0.019537223852634057
32 34 -0.04579562397990547
32 35 0.04816887737380672
32 36 -0.09509237013335434
32 37 0.01666869674026536
32 38 0.045154912552807534
32 39 0.05038429179223096
33 33 0.0
33 34 -0.02223420462793917
33 35 -0.08802896354617616
33 36 -0.10417393529546123
33 37 0.030147877459318007
33 38 0.03607102528812918
33 39 0.01571902450118413
34 34 0.0
34 35 -0.12127392039712426
34 36 0.042931845307315156
34 37 -0.06920442125300111
34 38 -0.05342743577505753
34 39 -0.0020399756792513573
35 35 0.0
35 36 0.023112506715210143
35 37 0.05366939588011085
35 38 -0.02085682733028437
35 39 -0.0029881252622988796
36 36 0.0
36 37 0.04595546672557224
36 38 -0.11543202908209818
36 39 -0.012405616822161788
37 37 0.0
37 38 -0.02826084441035843
37 39 0.06533395723956495
38 38 0.0
38 39 -0.006634403612734392
39 39 0.0
