0 0 0.0
0 1 0.05309424242082069
0 2 -0.029674523931754203
0 3 -0.014135391817403798
0 4 0.023912498750063675
0 5 0.03259981416420358
0 6 0.19629231225293026
0 7 0.20039674629764828
0 8 -0.0364049818897441
0 9 -0.1826544059375285
0 10 0.05726220839513189
0 11 -0.1034351864112294
0 12 -0.06181381243881214
0 13 -0.06929683854419713
0 14 -0.10676466700997148
0 15 -0.1026987271652033
0 16 0.04278653327686409
0 17 0.08235153097894113
0 18 -0.05908778250709188
0 19 -0.05028948423842401
0 20 -0.016110725796010493
0 21 0.06263545461986546
0 22 -0.3348745127234407
0 23 0.00098527659984301
0 24 0.026440003003756922
0 25 -0.0049611997871374085
0 26 0.15078446514050595
0 27 -0.10397152268311241
0 28 -0.035023592658974485
0 29 -0.04642533186690649
0 30 -0.061335727278791066
0 31 0.13963903670981734
0 32 -0.15158861035217847
0 33 -0.0013835722856402892
0 34 -0.09234349842694961
0 35 -0.18528758565568726
0 36 -0.04042928429506749
0 37 0.11606343251874818
0 38 -0.11299624995250453
0 39 -0.1464704831903481
1 1 0.0
1 2 -0.08936475723185179
1 3 -0.09124483664862298
1 4 -0.12646081125422814
1 5 0.1546270645306609
1 6 -0.2060406944533444
1 7 0.3342952446764489
1 8 0.24834065092583257
1 9 0.0028820274983923783
1 10 -0.363180919885001
1 11 0.014693720278208039
1 12 0.07732558780720479
1 13 0.08607172078121225
1 14 -0.05220857516509279
1 15 0.004388965744619774
1 16 0.12352753629861109
1 17 -0.0021635641342640836
1 18 0.05090285253378283
1 19 0.0753901645991927
1 20 -0.009758085092011612
1 21 0.05711303101594654
1 22 -0.11282711418111997
1 23 0.08316932969772861
1 24 0.10552541651479944
1 25 -0.0010262717709715635
1 26 -0.04328553332763028
1 27 0.11328611212358033
1 28 0.025839477469576322
1 29 0.17347595447377498
1 30 -0.13782836092069506
1 31 -0.11761221159050331
1 32 -0.1963133334538004
1 33 0.012514632942687778
1 34 -0.07154173626018338
1 35 -0.07297959859713027
1 36 -0.043779506539259314
1 37 -0.1411175397110235
1 38 -0.10543201875121093
1 39 0.019713515846490195
2 2 0.0
2 3 -0.1761441723179102
2 4 -0.019501297473699584
2 5 -0.0028325245288928864
2 6 0.2071947187902247
2 7 -0.08271936264960751
2 8 -0.054071305165863295
2 9 0.021243018991887335
2 10 0.10230151792339082
2 11 0.09123819556935263
2 12 -0.055871506713189335
2 13 0.056283132221783085
2 14 0.06793940814786568
2 15 0.03672264713697852
2 16 -0.05608109086039298
2 17 0.1435896630931905
2 18 0.06656595246336931
2 19 -0.11012982528804331
2 20 0.04220073861131257
2 21 -0.1826088691777101
2 22 0.02367047440713648
2 23 0.06761206239171344
2 24 0.011011688142506833
2 25 -0.06163113490811841
2 26 0.17616156630200333
2 27 -0.03387240535689289
2 28 0.1233832056289296
2 29 -0.048746345035273794
2 30 0.017086524669284456
2 31 -0.08498972711977057
2 32 -0.041707563130093425
2 33 -0.11087726329096852
2 34 -0.11628777855033327
2 35 -0.08670104758139435
2 36 -0.108026041593364
2 37 0.01915958068860009
2 38 0.15404162665735383
2 39 -0.058305316555557804
3 3 0.0
3 4 -0.1074796716068381
3 5 0.09050399369061854
3 6 -0.005011766908406124
3 7 -0.29925944849394787
3 8 -0.044287933031605844
3 9 0.4899731253944841
3 10 0.12286684761051085
3 11 -0.0673027979880133
3 12 0.023501426929583836
3 13 -0.09432684862301724
3 14 -0.2062813490949374
3 15 -0.049437058479012294
3 16 -0.036840786260412824
3 17 -0.08547693310298642
3 18 -0.12757410176135214
3 19 -0.03256640709302121
3 20 0.07096177729651407
3 21 0.2109490477322638
3 22 -0.053101739958366034
3 23 -0.14364408884919036
3 24 0.10415628728592297
3 25 0.08455987028747994
3 26 0.042259486545139634
3 27 0.007793449272616252
3 28 -0.05003355986789981
3 29 -0.09325330841973403
3 30 -0.08005239735300762
3 31 -0.006455464966352997
3 32 0.057490115799760474
3 33 0.10265598750074603
3 34 -0.05146958592486628
3 35 0.18047396470537197
3 36 0.13650946788174326
3 37 0.13799914143514005
3 38 -0.16997656279177226
3 39 0.11371598668668881
4 4 0.0
4 5 -0.2311797495756424
4 6 -0.035246313439186466
4 7 -0.014066957641416572
4 8 0.15153915851768374
4 9 -0.17966425481726744
4 10 -0.06079288659082288
4 11 0.0275017618742613
4 12 -0.03347210055126545
4 13 -0.014411157400817895
4 14 0.25148362155784765
4 15 -0.03949750537801419
4 16 0.04357807987469308
4 17 0.12012189045697201
4 18 0.049487739968811964
4 19 -0.05003492765259658
4 20 -0.06536199122537331
4 21 -0.13710610110203703
4 22 -0.04898797494539307
4 23 -0.09642036626264995
4 24 -0.037081302252576956
4 25 -0.07105279862362299
4 26 -0.18996289181868578
4 27 0.04139645300282034
4 28 -0.09778282839037832
4 29 -0.07156317461658138
4 30 -0.1675761397970096
4 31 0.17835609571079353
4 32 -0.005575909543279739
4 33 0.035896846783114125
4 34 0.034809478025528105
4 35 0.001736695140505233
4 36 -0.13194018859782383
4 37 0.08869203533355158
4 38 0.12247141279254645
4 39 0.06360610341234017
5 5 0.0
5 6 0.048186083851305
5 7 0.09819994769988467
5 8 -0.030435674497776854
5 9 0.09446846346733091
5 10 0.07450291422614186
5 11 -0.05227694694822108
5 12 -0.04424244570712522
5 13 0.025794679332155547
5 14 -0.315839606475681
5 15 0.07189870539245599
5 16 -0.03314239480358914
5 17 -0.02216710525587354
5 18 -0.0515115917816716
5 19 0.16175593174527456
5 20 0.13298559358543513
5 21 0.06914027076616167
5 22 -0.056365557161685634
5 23 0.008202199812909785
5 24 0.02481508281770694
5 25 0.10563360601962332
5 26 0.2135656135937794
5 27 -0.010420413765389405
5 28 0.10552423766725894
5 29 0.07212948887660621
5 30 0.022452031955784046
5 31 -0.10434184237415885
5 32 -0.059769417417408044
5 33 -0.004178786564943684
5 34 -0.025664685854497937
5 35 0.04640830790694062
5 36 -0.039156564186375496
5 37 -0.11062653583541196
5 38 -0.09743566413204746
5 39 -0.09751657812631233
6 6 0.0
6 7 -0.2114520156220277
6 8 -0.22022590966345051
6 9 0.10919035983514191
6 10 0.24334506539271392
6 11 -0.0962947184275833
6 12 -0.08757542843987087
6 13 0.052652962114072985
6 14 -0.07130536792631662
6 15 0.01322473850869576
6 16 -0.1838493435661439
6 17 0.05751264200093846
6 18 0.12152422733310883
6 19 -0.1889324695028976
6 20 -0.011890048263033522
6 21 -0.0995212515587551
6 22 -0.03660066203533346
6 23 -0.170229576893936
6 24 0.0934870535687172
6 25 0.12441791104888542
6 26 0.13087885237029218
6 27 -0.09378367408912339
6 28 0.16100928419915703
6 29 -0.1063483553693465
6 30 0.1091493199760019
6 31 -0.07049908177039224
6 32 0.15505803556548314
6 33 -0.22860557375616283
6 34 -0.16464969515855182
6 35 -0.030216772683369253
6 36 0.014757421393386715
6 37 -0.002877094690584664
6 38 0.23351566752635305
6 39 -0.05083702627842731
7 7 0.0
7 8 0.4081823344222423
7 9 -0.26836310378035816
7 10 -0.32953706113677006
7 11 -0.18561612987403614
7 12 -0.14703064627425821
7 13 0.05036502346523103
7 14 0.08093243290022939
7 15 -0.09255058373960842
7 16 0.0711851268810108
7 17 0.14539918467569896
7 18 0.006404144007931501
7 19 0.11489043524566127
7 20 -0.027378181634295194
7 21 0.10879523953206245
7 22 -0.004500704282917245
7 23 0.1610831200538624
7 24 -0.20664675890066922
7 25 -0.061335403264386114
7 26 -0.11184634850004979
7 27 0.22076757856005874
7 28 -0.22470087609385062
7 29 0.08987134733616395
7 30 0.11651431601649824
7 31 0.2180882297859738
7 32 -0.31343779386885445
7 33 0.011403118282253561
7 34 0.11119615152275439
7 35 -0.021283806955147044
7 36 -0.006644104745909085
7 37 -0.0820495756690967
7 38 -0.018595531404156068
7 39 -0.17076354665193377
8 8 0.0
8 9 0.1919614515249138
8 10 -0.2426308466354082
8 11 -0.08280023290232483
8 12 -0.17919922268857585
8 13 0.09871670799160545
8 14 0.030256406848549112
8 15 0.020591616490839477
8 16 -0.01620668261045121
8 17 0.10632459818986462
8 18 0.04358819957582405
8 19 -0.054388941866131635
8 20 0.06352693860184408
8 21 -0.09847219005325195
8 22 0.03165042187167645
8 23 -0.04499808884937086
8 24 -0.17512584501560866
8 25 0.056144764422992266
8 26 0.05561905304615252
8 27 0.21635069514063426
8 28 -0.4151750817640738
8 29 -0.06258716089983954
8 30 -0.14142558709573325
8 31 0.1394566324298935
8 32 -0.06322638780298431
8 33 0.035087992792732656
8 34 0.04243151530674312
8 35 0.013576745952208796
8 36 -0.08654041755115394
8 37 0.04716806486546197
8 38 -0.08266033751545529
8 39 0.007307455049198941
9 9 0.0
9 10 0.05812538877857358
9 11 -0.12048309697426529
9 12 -0.026971260656441398
9 13 -0.09714166185730201
9 14 -0.08657090001258397
9 15 0.15873200508503288
9 16 -0.03722315382590534
9 17 -0.11659351166240635
9 18 -0.12212660997950828
9 19 0.20946998757870236
9 20 0.13273447971439062
9 21 0.15233939284526943
9 22 0.3083870803837899
9 23 -0.2912837762722039
9 24 0.2315355310816488
9 25 0.1511865469214615
9 26 0.04699421000960141
9 27 0.2783889738013711
9 28 0.06918711453774957
9 29 0.07271136930140258
9 30 0.02500448920856224
9 31 -0.07237669145437406
9 32 -0.010604280437203104
9 33 0.2002723815616389
9 34 -0.270945031973705
9 35 0.25325612729083463
9 36 0.31721242971210273
9 37 -0.04609639997223193
9 38 0.07643956376815171
9 39 0.250715648682588
10 10 0.0
10 11 0.08866212411022459
10 12 -0.15207155370347297
10 13 -0.004681742670798806
10 14 -0.24496606749674127
10 15 0.08442935485222866
10 16 -0.05501600291683412
10 17 -0.04661631638216788
10 18 -0.15360036595554893
10 19 -0.0016168288883596515
10 20 -0.011703395502917982
10 21 0.07050900476608543
10 22 0.08413302904849584
10 23 -0.14692069826494766
10 24 0.11144649938337681
10 25 0.03880669737943514
10 26 0.38558687053355156
10 27 -0.16784802403075805
10 28 0.038103713718501096
10 29 -0.1174485288576828
10 30 0.017044999366002272
10 31 0.052380036462162605
10 32 0.16629593839222087
10 33 -0.06962503232370151
10 34 0.05330136212132628
10 35 0.01890363522347977
10 36 -0.11333364505134316
10 37 -0.019772839842687625
10 38 0.01859831027028365
10 39 -0.14092815705070677
11 11 0.0
11 12 0.08328693194080977
11 13 0.027072887948122876
11 14 0.03910641225814978
11 15 -0.024208904143837855
11 16 0.04941396207636846
11 17 -0.04717141328515405
11 18 -0.13340235380936188
11 19 -0.04927630798671538
11 20 0.0732581397907246
11 21 -0.11531855523978499
11 22 -0.050045352225827046
11 23 0.016758614850046108
11 24 0.07649800542840483
11 25 -0.11544671035093197
11 26 0.12788701585902115
11 27 -0.09974033747911815
11 28 0.10135958255955993
11 29 0.06629135716785947
11 30 -0.05932202256240508
11 31 -0.05318597398748853
11 32 -0.03182866365724155
11 33 -0.050511088639896805
11 34 -0.10512961769865721
11 35 -0.007824708690164649
11 36 -0.18727451118101743
11 37 -0.037804385196298605
11 38 -0.0037392350696939997
11 39 0.05640653146605139
12 12 0.0
12 13 0.005174642139047361
12 14 -0.004769598424085114
12 15 0.03858065990036242
12 16 0.03491225616680878
12 17 -0.09824213598205944
12 18 -0.01211826339212967
12 19 0.023303209222838187
12 20 0.03794285501067224
12 21 0.04908643198576991
12 22 -0.16002477092195605
12 23 -0.01004707526778943
12 24 0.10527301201463261
12 25 -0.12247426845218698
12 26 0.022407271691524094
12 27 -0.017996782198748486
12 28 0.1400397904590478
12 29 0.06719261054525758
12 30 0.041944389494661796
12 31 -0.2272621809647415
12 32 -0.14461227095790338
12 33 -0.03375537629637791
12 34 -0.1455210096654143
12 35 -0.029557492736311374
12 36 0.03487406167913944
12 37 0.08668820599492968
12 38 0.15539648429843825
12 39 0.053766884507973955
13 13 0.0
13 14 -0.0025334074829281477
13 15 0.029629168627446016
13 16 0.03466962805397092
13 17 0.02418132952299481
13 18 0.13679574123369095
13 19 -0.23871266253112075
13 20 0.05334577255176096
13 21 -0.13858171470313033
13 22 0.05190027807152463
13 23 -0.060488431646799665
13 24 -0.02396916517696006
13 25 -0.06769830073440675
13 26 0.02675451893987394
13 27 0.018029408215674912
13 28 0.030662824680903526
13 29 -0.08130717492620321
13 30 -0.08358383766927971
13 31 -0.12401981489082328
13 32 0.06364203941146417
13 33 -0.020803581578453988
13 34 0.1289233674595566
13 35 -0.04481653995727223
13 36 -0.07941280473344517
13 37 -0.07576110012860329
13 38 0.1915414212818767
13 39 -0.10616872373972615
14 14 0.0
14 15 0.0021729823996631437
14 16 0.09071947893418328
14 17 0.19618814682120372
14 18 0.11077831258632129
14 19 -0.054901350354247744
14 20 -0.02470682062788901
14 21 -0.16380966102958003
14 22 0.15770316076460836
14 23 0.02674651194399661
14 24 -0.06982334954184542
14 25 -0.15028548059555133
14 26 -0.4230563305311315
14 27 0.11524792365059036
14 28 -0.019289276930375993
14 29 -0.019303398229641416
14 30 0.025055030933404165
14 31 0.12021943015073241
14 32 -0.04040990852849285
14 33 0.08392038459022116
14 34 0.032783184390209746
14 35 0.03153496037044051
14 36 0.007605160738031897
14 37 -0.06815971028282053
14 38 0.15448508054423588
14 39 0.07940140395295006
15 15 0.0
15 16 -0.019560472578337186
15 17 0.05334269405783505
15 18 0.06184338390827541
15 19 0.16284399920451212
15 20 -0.011932228815228646
15 21 0.0359269702569065
15 22 0.23707683334920654
15 23 -0.10716083112058142
15 24 0.00244929780333769
15 25 0.07955086404707548
15 26 -0.016983992110416492
15 27 0.02660128696918566
15 28 0.09159512552571615
15 29 -0.02331115027387583
15 30 0.04535073649597956
15 31 -0.11251298703614601
15 32 0.0053048002156945075
15 33 0.11133110647036777
15 34 0.07471181581126334
15 35 -0.06102212805666487
15 36 0.018911587266939794
15 37 -0.302455884904782
15 38 0.10074522147946674
15 39 -0.08163902551108557
16 16 0.0
16 17 -0.0004052983276345994
16 18 -0.07522636308515677
16 19 0.15804662664652233
16 20 0.11009993196025245
16 21 -0.06719551702654485
16 22 0.03643597816423793
16 23 0.04768494054789193
16 24 0.04576606477493498
16 25 -0.12542900677483354
16 26 -0.06433593511329753
16 27 0.07283157856970338
16 28 -0.0026560564518732987
16 29 0.034096189324307635
16 30 -0.15989508581926565
16 31 0.0035708687041669422
16 32 -0.033924015961543735
16 33 0.20553887699341905
16 34 0.09166738173256178
16 35 -0.055259768231262385
16 36 -0.001615844527269932
16 37 -0.10354176944244142
16 38 -0.09827408290316128
16 39 -0.07559720006369189
17 17 0.0
17 18 0.18262808253923082
17 19 -0.13905733997861974
17 20 -0.06970957328770297
17 21 0.027664066043820316
17 22 -0.060608119673265556
17 23 0.05302226956564828
17 24 -0.012772393806086014
17 25 -0.10666682908948058
17 26 -0.07193771162014423
17 27 0.010831714228926516
17 28 -0.11131954481049777
17 29 -0.20183435488108814
17 30 -0.06831222073945903
17 31 0.10243824710105112
17 32 -0.12868316428649018
17 33 -0.0486519504745787
17 34 0.08848076528822066
17 35 0.0036271587150791817
17 36 -0.19179860109530095
17 37 0.05633045265058369
17 38 0.04500666400767416
17 39 -0.169475522319873
18 18 0.0
18 19 -0.20563316267730508
18 20 -0.2187205524306078
18 21 -0.04355539009873921
18 22 0.04485402426637634
18 23 0.012649465260381954
18 24 0.010804629525902174
18 25 0.03059327059645639
18 26 -0.10061703878310173
18 27 -0.08809552796275694
18 28 0.02573848080773426
18 29 -0.04035253981143615
18 30 0.00461414168403802
18 31 -0.14135738683633883
18 32 0.12136464956447268
18 33 -0.03311051001922607
18 34 0.14252363269813015
18 35 -0.09363013882912055
18 36 -0.032467143518500045
18 37 0.05762229940710321
18 38 0.18399045579880252
18 39 -0.12454275530756662
19 19 0.0
19 20 0.08871646295015223
19 21 0.17079690107702983
19 22 0.20892358184448684
19 23 0.04492956717863955
19 24 0.06927376868544169
19 25 0.06543172353813387
19 26 0.015509707340046988
19 27 0.11412249257542464
19 28 -0.0076713320062561765
19 29 0.3141528838771362
19 30 0.14764975903105668
19 31 0.046873866667833705
19 32 0.04522386356952617
19 33 0.05400066632776181
19 34 -0.05521756642327813
19 35 0.15508719423667078
19 36 0.11675219386526661
19 37 -0.17592395109682715
19 38 -0.13234422910044435
19 39 0.04827820400078417
20 20 0.0
20 21 -0.2457316423125131
20 22 -0.030621563638974066
20 23 0.013441849390169746
20 24 -0.13301278262857985
20 25 -0.06265662939075214
20 26 0.037395668514324326
20 27 0.07825386414534996
20 28 0.02914539114052465
20 29 -0.019551446286772686
20 30 -0.021237549401643123
20 31 -0.048444750639209236
20 32 0.012031667454072806
20 33 0.08732934591263586
20 34 -0.07612891988016768
20 35 0.06764402501958798
20 36 0.03941746548962925
20 37 -0.07989531445099211
20 38 -0.09090155518928658
20 39 0.036832873402742425
21 21 0.0
21 22 0.01399610093411413
21 23 -0.02651479278636738
21 24 0.1422546989333197
21 25 0.027154263710711928
21 26 0.0498836738535307
21 27 0.00653503326984346
21 28 -0.14481442406090217
21 29 0.023243419058040077
21 30 0.11169123879621619
21 31 0.07066236786894906
21 32 -0.07082077854904832
21 33 -0.13563235975633328
21 34 0.036330127151536454
21 35 0.15801454379028876
21 36 0.05256746334586536
21 37 0.08829177260534435
21 38 -0.058987451546124246
21 39 -0.03583082819064241
22 22 0.0
22 23 -0.10025251746645576
22 24 -0.04830596395721646
22 25 0.07514091198320141
22 26 -0.20010609522368092
22 27 0.16357053860525664
22 28 -0.0074463030741655865
22 29 0.06954266262372377
22 30 0.15390628367334222
22 31 -0.017370643490126687
22 32 0.19422972609655914
22 33 0.14085242989780145
22 34 0.2010643945255084
22 35 0.10708892378943288
22 36 0.17002597035597006
22 37 -0.35793960946984704
22 38 0.101120056881396
22 39 -0.020641114866151722
23 23 0.0
23 24 -0.15561044306476607
23 25 -0.04350723126654167
23 26 0.016225236017699762
23 27 -0.09056064235219795
23 28 -0.06790789353632284
23 29 -0.0025560050731934696
23 30 0.07361786672025347
23 31 -0.05723048874151312
23 32 0.019383652336405422
23 33 -0.06751056797338428
23 34 0.028609850668273096
23 35 -0.07120587813709787
23 36 0.0012655027110675815
23 37 0.0636622825232036
23 38 -0.22868071944592216
23 39 -0.06417201727855426
24 24 0.0
24 25 -0.0311462662369395
24 26 0.14181119254494204
24 27 -0.007914910735543176
24 28 0.1633562300307778
24 29 0.10889165615691099
24 30 -0.08460893841250786
24 31 -0.042837412659090746
24 32 -0.07234607755767919
24 33 -0.03590034396885523
24 34 -0.1452721537650022
24 35 0.039790151866272785
24 36 -0.06568688152205804
24 37 0.04861749623506113
24 38 0.1304830301663862
24 39 0.05559496819496264
25 25 0.0
25 26 -0.0001890380282411167
25 27 -0.020990968893500956
25 28 0.013595851817409063
25 29 0.03345429523366687
25 30 0.05254979506391331
25 31 -0.03588352470044996
25 32 0.1246807592117272
25 33 0.0139286723720771
25 34 -0.024257907936858857
25 35 -0.0143318766199577
25 36 0.1078087688427766
25 37 -0.10982203329844657
25 38 -0.11697173975710473
25 39 0.04451412748912074
26 26 0.0
26 27 -0.26628899409073215
26 28 0.03766666309078786
26 29 0.0664642842996793
26 30 0.051577122188433557
26 31 -0.14750923634109375
26 32 -0.00458016065798965
26 33 -0.15660068756486284
26 34 -0.17972449561805698
26 35 -0.09236285050747516
26 36 -0.21311140122650754
26 37 0.1857444310201944
26 38 -0.01626820732126865
26 39 -0.20221923028497826
27 27 0.0
27 28 -0.08036690336597445
27 29 -0.048998434023597284
27 30 -0.09755888444809832
27 31 0.14077199548482022
27 32 -0.17406058542985428
27 33 0.0861221710076917
27 34 0.03916855847626164
27 35 0.10319420289938167
27 36 0.1458415187347602
27 37 -0.09477168929457969
27 38 0.09108322126125531
27 39 0.13738247093778702
28 28 0.0
28 29 0.17135558014217334
28 30 0.044287934601963466
28 31 -0.20558807658423844
28 32 -0.10967938285676444
28 33 0.13210405718963786
28 34 -0.1900637644774791
28 35 -0.09853233747724019
28 36 0.02109668856576214
28 37 -0.15875148350699214
28 38 0.1989589632005718
28 39 0.050303196400868444
29 29 0.0
29 30 0.15894424327437356
29 31 -0.07243133939007076
29 32 -0.041592421797374476
29 33 0.049931593600231604
29 34 -0.1748702209404324
29 35 0.02270050520988757
29 36 0.03308361576506116
29 37 -0.08222251532966741
29 38 0.018257100226146968
29 39 0.08207924824261931
30 30 0.0
30 31 -0.047357730204168405
30 32 0.08061181446715096
30 33 -0.14370284760754004
30 34 -0.10022278352773242
30 35 0.12138538993237871
30 36 0.1323441146811433
30 37 -0.04986494051100298
30 38 0.10900402381136268
30 39 -0.023866761633496453
31 31 0.0
31 32 -0.11483397919425527
31 33 0.02431130765696298
31 34 0.08526806792193355
31 35 0.09215181222435538
31 36 -0.02807662605018043
31 37 0.09575259146310708
31 38 -0.06594812250986075
31 39 0.06784493837308665
32 32 0.0
32 33 -0.18133567169971954
32 34 0.15241745776001286
32 35 0.12132166283636596
32 36 0.06735182243345214
32 37 -0.014402334486601368
32 38 -0.05170630804222611
32 39 0.012309843519712716
33 33 0.0
33 34 0.11541681952006581
33 35 -0.16533237705756496
33 36 0.14268873117476663
33 37 -0.19551383334296882
33 38 -0.13513209736696213
33 39 -0.057413679179876255
34 34 0.0
34 35 -0.039665074936221914
34 36 0.0010823369211739764
34 37 -0.09079238468452391
34 38 -0.08156649688491019
34 39 -0.1996362417744607
35 35 0.0
35 36 0.02260006301967398
35 37 0.05936601814246941
35 38 0.08179110137085774
35 39 0.16032578255502156
36 36 0.0
36 37 -0.04984820614881748
36 38 -0.0381401500590251
36 39 0.12341577899940578
37 37 0.0
37 38 0.044438984506648634
37 39 0.08026329467385389
38 38 0.0
38 39 0.04367971718369547
39 39 0.0
