0 0 0.0
0 1 0.03716185795602521
0 2 0.0268425322701501
0 3 0.1419715281573909
0 4 -0.1854558939719567
0 5 0.11748454959274612
0 6 0.16057855901203583
0 7 -0.11894205547677969
0 8 0.18399280092044584
0 9 0.05448110824246281
0 10 0.06758512636990105
0 11 0.05138542582759755
0 12 -0.14417300672918887
0 13 0.054952071752087196
0 14 -0.03346562494750835
0 15 0.1521576226666261
0 16 -0.05859596796766612
0 17 0.09531523815170015
0 18 -0.20380602277964263
0 19 -0.0376559562879535
0 20 -0.242889190785246
0 21 0.17431548814821102
0 22 -0.030900560681784057
0 23 0.045282602477884897
0 24 -0.2615693096757701
0 25 0.02700292365343406
0 26 0.0766058453126987
0 27 -0.27255418727528047
0 28 -0.0030545153061825527
0 29 -0.02259661261005276
0 30 -0.003670528090390153
0 31 0.1429398358680186
0 32 0.08125002547380789
0 33 0.19513907333743458
0 34 0.19224098196170727
0 35 0.05258020481009805
0 36 -0.06343680882017115
0 37 -0.02624324625665745
0 38 0.04800057943653939
0 39 0.14553525166298767
1 1 0.0
1 2 0.020058537875454734
1 3 0.08387900763133409
1 4 0.007449040114596989
1 5 0.04988395327947914
1 6 -0.040116236509831135
1 7 -0.05244075110629089
1 8 0.02790636634250816
1 9 -0.05896414387229626
1 10 -0.0798520932655414
1 11 -0.0026543222640727513
1 12 0.011409762429736977
1 13 0.2594505897353842
1 14 0.175677451653401
1 15 -0.3468493909223321
1 16 -0.010507478536846936
1 17 -0.08054242652137461
1 18 -0.023858350909531235
1 19 -0.021337375597167405
1 20 -0.03467362151839039
1 21 0.025311480954067805
1 22 -0.14456416261616487
1 23 -0.0029411857629947774
1 24 -0.24300113017279962
1 25 0.056177755778765825
1 26 0.07144401903758178
1 27 0.039137646912193305
1 28 0.13007404739148515
1 29 -0.04363233968563414
1 30 0.06096548777809337
1 31 -0.13810887170797886
1 32 -0.04288434615630104
1 33 -0.09137245873600397
1 34 -0.06857962323552672
1 35 -0.08012463326131522
1 36 0.13048750475637785
1 37 0.029506511207946347
1 38 0.06513418487038561
1 39 0.10366606521286699
2 2 0.0
2 3 0.06581951051041234
2 4 -0.0832997286004373
2 5 -0.039388509932092655
2 6 0.14569242901121876
2 7 0.12563041488497856
2 8 -0.12417017252293923
2 9 -0.05528931008317961
2 10 0.00694622837627888
2 11 0.020919759374583964
2 12 0.0790800248608998
2 13 0.05033820227322562
2 14 -0.12366244972516613
2 15 0.054061299320250035
2 16 0.0049724879478580866
2 17 -0.023898320213516913
2 18 0.12412584138557656
2 19 0.14292951275416294
2 20 0.012427198795928917
2 21 -0.040975355766539726
2 22 -0.1258393387778355
2 23 0.02454522509724231
2 24 0.08983979147475944
2 25 0.00602846907820545
2 26 -0.010406797783707893
2 27 0.009890734609137678
2 28 -0.12183643676273728
2 29 -0.038766131518337806
2 30 -0.10817881875059783
2 31 0.0668549158049371
2 32 0.06223088877175259
2 33 -0.002025962004076487
2 34 -0.06800753596126731
2 35 0.018183648439005697
2 36 0.042915676251524836
2 37 -0.0038696864641646787
2 38 -0.045344787322370184
2 39 0.12241966016051822
3 3 0.0
3 4 0.020873257912254927
3 5 0.04154468252838139
3 6 -0.0364626718461745
3 7 0.1281500932326167
3 8 -0.020742952849499407
3 9 0.0014091736779737658
3 10 0.016412282503698604
3 11 0.08837504145244424
3 12 -0.10140825327547225
3 13 0.035704722479584124
3 14 -0.199072295565948
3 15 -0.09660871558972785
3 16 -0.10689983937889122
3 17 0.07144175268870843
3 18 0.09026614616334948
3 19 0.08242474164577034
3 20 -0.18976634301279285
3 21 -0.04465598263069441
3 22 0.03690717867489057
3 23 -0.11104925782596628
3 24 -0.2660747630037392
3 25 -0.02881722590275084
3 26 0.0892732504476774
3 27 -0.042840188422147596
3 28 -0.07631123873925674
3 29 0.004834363422610164
3 30 0.1389622654080611
3 31 0.0531746616560107
3 32 0.05005189535849229
3 33 0.030420992303874256
3 34 0.032025125349778034
3 35 -0.11368994033494892
3 36 -0.02091581664193079
3 37 -0.09368790954357961
3 38 -0.1661010601330485
3 39 0.07909708957936978
4 4 0.0
4 5 -0.00044218580398873236
4 6 -0.13388598383630249
4 7 0.041382213838419585
4 8 -0.07184949856793756
4 9 0.03282131670456491
4 10 -0.0546786903017881
4 11 -0.08213841340070094
4 12 -0.10250281566632743
4 13 0.010820722360882088
4 14 0.15021870299592346
4 15 -0.027433591424243155
4 16 0.009889931594107415
4 17 0.020195144685371962
4 18 0.0044287476931709506
4 19 0.06480008379179485
4 20 0.08318239890171772
4 21 -0.12774005470297117
4 22 -0.08293347023366796
4 23 -0.05651678682864397
4 24 -0.007145751915418701
4 25 -0.03204394755266023
4 26 -0.08220121681360427
4 27 0.0563162771699632
4 28 0.060216648027284936
4 29 0.13749295362084973
4 30 0.020045910870484625
4 31 -0.060728890370608433
4 32 -0.1097461120200938
4 33 -0.05682203634753045
4 34 -0.01028965423966827
4 35 -0.08184980482433026
4 36 0.08462930909430529
4 37 -0.09669220727905654
4 38 -0.19084995538356028
4 39 -0.04771278447336388
5 5 0.0
5 6 0.022659096160877797
5 7 -0.04118780871542617
5 8 0.04244434813130779
5 9 0.07040980714532216
5 10 -0.06980641567117055
5 11 -0.043624704275418466
5 12 -0.06106301946579003
5 13 0.0324855038819933
5 14 -0.007015911369853719
5 15 -0.009796740531794577
5 16 0.05085890736191685
5 17 0.07312641601096118
5 18 -0.0863803572546514
5 19 -0.040887292245546034
5 20 -0.1310196493110383
5 21 0.08916954320872146
5 22 0.01843667070180382
5 23 -0.05131659601707733
5 24 -0.12373665602615849
5 25 -0.06303861099881074
5 26 0.007177359989090611
5 27 -0.05689483150772946
5 28 0.06133121616768985
5 29 -0.011044780349250046
5 30 0.032019498266130396
5 31 -0.0021953515490761833
5 32 0.047879149329426704
5 33 0.1130035391272135
5 34 0.06952242309337683
5 35 -0.06693709472916068
5 36 -0.07137218555886968
5 37 -0.04355067867015698
5 38 -0.010101276731231606
5 39 0.0803984180816854
6 6 0.0
6 7 -0.051695628819826575
6 8 0.1409188662647626
6 9 -0.02842264102628681
6 10 -0.07401545349077386
6 11 -0.1650748532841536
6 12 0.1116710094107481
6 13 0.008019275149856519
6 14 -0.1554499438452077
6 15 -0.025996601548284804
6 16 0.13941380923705549
6 17 -0.04536997018281395
6 18 -0.05094413460263129
6 19 0.14222395024489173
6 20 -0.0484560808666047
6 21 0.021177920449575626
6 22 -0.0026178729283696106
6 23 0.2124127081435297
6 24 0.2113079167737486
6 25 -0.07197227156404602
6 26 -0.06768222112819568
6 27 -0.03470068212222568
6 28 -0.06780695317701985
6 29 -0.1660334845057999
6 30 -0.1065172772139612
6 31 -0.046941499479464174
6 32 -0.014654722612274917
6 33 -0.00522376945670771
6 34 0.08103308521339811
6 35 0.11332265322199578
6 36 -0.09156419443641609
6 37 0.025085549215986234
6 38 0.0023396435874327203
6 39 -0.11210092132876948
7 7 0.0
7 8 -0.3236667065139709
7 9 -0.12348571071978331
7 10 0.011276820308382656
7 11 0.02388318914711355
7 12 0.1501690421393862
7 13 0.017131446044620965
7 14 0.0795381049578735
7 15 0.09575347058066686
7 16 -0.006355420828561023
7 17 0.23468301158127325
7 18 0.21814068576737453
7 19 0.12469557086347434
7 20 0.02759853672358527
7 21 -0.1957813560798821
7 22 -0.16958901823912276
7 23 -0.16191803840115399
7 24 -0.054831365872559955
7 25 -0.0036474048295636365
7 26 0.04429846625118727
7 27 -0.026107732136558436
7 28 0.0413734317028275
7 29 -0.13079384037503253
7 30 0.015536524712775751
7 31 -0.07604026105532985
7 32 -0.026043580757410145
7 33 -0.06347956925945197
7 34 -0.12496007806921575
7 35 -0.032815434350962264
7 36 0.03207906671852763
7 37 -0.28746720169915074
7 38 0.024750505934718232
7 39 0.21499562726365795
8 8 0.0
8 9 -0.030770449589950705
8 10 -0.07346697198916445
8 11 -0.0049130114991041505
8 12 -0.13621675079765763
8 13 0.07250735630058922
8 14 -0.1470633042676475
8 15 -0.08238667330073968
8 16 0.044177226489385525
8 17 -0.13731603961050695
8 18 -0.20304185523178409
8 19 0.03838554174988554
8 20 -0.07427935956532328
8 21 0.08287705088198251
8 22 0.10040053369887755
8 23 0.14122858476997843
8 24 -0.1419001761420477
8 25 0.08058831262557334
8 26 -0.05048355408733015
8 27 -0.04899314234954032
8 28 -0.0077630380518353605
8 29 -0.05568824122978881
8 30 -0.11322831524119656
8 31 -0.02087980851067709
8 32 0.05920364429007191
8 33 0.16870621113666315
8 34 0.08802670461243725
8 35 0.049213390876518284
8 36 -0.09723756118216499
8 37 0.060681011780374904
8 38 -0.07806220204169793
8 39 -0.2048826784269145
9 9 0.0
9 10 0.059623531077624525
9 11 -0.04607656370910632
9 12 -0.10510393639565807
9 13 -0.07269035006117913
9 14 -0.16280290230501845
9 15 -0.0774177095002396
9 16 -0.04606741118722459
9 17 0.055630509007519646
9 18 -0.1232440567400698
9 19 0.0532861211906185
9 20 -0.08494712054941808
9 21 0.1500721693074639
9 22 0.26679496992801816
9 23 -0.061748546873947915
9 24 -0.03790333097689105
9 25 -0.08389439328875459
9 26 -0.04109994800378242
9 27 -0.13252559504026698
9 28 0.0761497162368859
9 29 0.02453378784442139
9 30 0.07632050312391435
9 31 0.1830009772010732
9 32 0.037781075350699696
9 33 -0.17562156117087024
9 34 0.046538186790765115
9 35 -0.04219260598830359
9 36 -0.0014927044389509195
9 37 0.02532606697488108
9 38 -0.12685809921397437
9 39 -0.07228825245415274
10 10 0.0
10 11 0.17135287167527122
10 12 0.14664787318439682
10 13 -0.048381876685691244
10 14 0.019338522847120572
10 15 -0.04049947554387849
10 16 -0.09422276304490192
10 17 0.08283876185822248
10 18 -0.05578184052076142
10 19 0.10284125008545011
10 20 0.15024595881860367
10 21 -0.09992974177252013
10 22 0.011062145180079036
10 23 0.04229774790722211
10 24 -0.15547679079644544
10 25 -0.0034633076134403203
10 26 0.0558205477416304
10 27 -0.11367191343046552
10 28 0.10687683668980208
10 29 0.16400352825334896
10 30 -0.07487818778615121
10 31 0.1281009359924499
10 32 0.09831507475143321
10 33 0.03874606143656603
10 34 -0.019048807436724827
10 35 0.10124855512998979
10 36 0.13021482701631334
10 37 0.18436471188537357
10 38 0.1201488313563032
10 39 -0.12079067119624502
11 11 0.0
11 12 -0.0511126557057512
11 13 -0.06475746915997475
11 14 -0.08964701930330467
11 15 0.03227499482490579
11 16 -0.10870008503914066
11 17 0.04771625831402689
11 18 -0.1237613055590429
11 19 -0.031082795888889774
11 20 0.07839153129764558
11 21 0.04448459071652268
11 22 -0.05932799287966688
11 23 0.020016019531373212
11 24 -0.13176515866908758
11 25 0.0598686111364411
11 26 0.17694335851604578
11 27 -0.043562674595565704
11 28 0.0185439108091321
11 29 0.11810304081823644
11 30 -0.08042319804936446
11 31 0.1581708651791194
11 32 0.03228988557248903
11 33 0.0899194888553677
11 34 -0.05452903123748244
11 35 -0.00022526946939179833
11 36 -0.015809759730602658
11 37 -0.015775213684131286
11 38 -0.04478097343292474
11 39 0.08838725282337709
12 12 0.0
12 13 0.030320954467818333
12 14 0.07076721439353963
12 15 -0.1567284008578141
12 16 0.20809192776103935
12 17 -0.02540702686040474
12 18 0.09405531570539472
12 19 0.11232594516640204
12 20 0.08090749743244906
12 21 -0.13946922991780558
12 22 -0.1078618346357854
12 23 0.12735742641602246
12 24 0.19765722940231814
12 25 -0.05197159111469566
12 26 -0.013366140085933745
12 27 0.061885245700144045
12 28 0.028035765553614783
12 29 -0.12738009324206528
12 30 -0.10902930034803163
12 31 -0.09654013325239005
12 32 -0.02523192614159056
12 33 -0.014399117926050137
12 34 -0.07182733171358818
12 35 0.05917779158702381
12 36 0.0865826387784416
12 37 0.06403087705373252
12 38 0.18140393249294628
12 39 -0.09280698957881765
13 13 0.0
13 14 0.13933421343712818
13 15 -0.12185746366589367
13 16 -0.005743995735259398
13 17 -0.02220576269773821
13 18 -0.14427802748835764
13 19 0.025138675514798953
13 20 0.04535975956430523
13 21 -0.004458353470723607
13 22 -0.1838424958454286
13 23 -0.03947484796400313
13 24 -0.030116581994249648
13 25 0.039360456375786494
13 26 -0.10086654588892026
13 27 -0.02234879875273138
13 28 0.01854139905556191
13 29 -0.1947364591954444
13 30 -0.03342422831690697
13 31 -0.1298447486055389
13 32 0.05843062005243772
13 33 -0.018846025549250432
13 34 0.06171963608381557
13 35 -0.017576702112369242
13 36 0.1629789455601522
13 37 0.04980617957126886
13 38 -0.06275910174940975
13 39 0.12617016448772683
14 14 0.0
14 15 0.03245691249927392
14 16 0.09944717643916132
14 17 0.05142909665006753
14 18 -0.08249801790466499
14 19 -0.14165844145078152
14 20 0.1145687560088056
14 21 -0.04566081277693127
14 22 -0.3737719833759022
14 23 -0.02951215969155619
14 24 -0.019832803369739763
14 25 0.05871089143790694
14 26 -0.09936790941378779
14 27 -0.0033083090018881526
14 28 0.1167674699215675
14 29 0.21003290841179673
14 30 -0.13080056008321744
14 31 -0.169930791282565
14 32 -0.13645269430154375
14 33 -0.002142350257080458
14 34 -0.03229819951593592
14 35 0.07330724733185058
14 36 0.14543520535071472
14 37 -0.02350288785649284
14 38 0.1889034434031674
14 39 0.192113788732458
15 15 0.0
15 16 0.0031811866943283326
15 17 0.10271476570657201
15 18 0.0008199619244830296
15 19 -0.11487052957670012
15 20 0.014253481199287602
15 21 0.04881908773415828
15 22 -0.1664461819884138
15 23 -0.06613628937256853
15 24 0.1662819695197702
15 25 -0.009134507781947626
15 26 -0.05306715582354567
15 27 -0.12195712866294459
15 28 0.028804842432122037
15 29 -0.03914602317363071
15 30 -0.008851555730660394
15 31 0.07099579084603977
15 32 -0.04325820760137481
15 33 0.22375664518236754
15 34 0.1638260372089622
15 35 0.11993028061159702
15 36 -0.03636284628453487
15 37 -0.1571247756855599
15 38 0.015261865902878275
15 39 0.19997642498092635
16 16 0.0
16 17 -0.08931720853489819
16 18 -0.04626767055197997
16 19 0.10826172035761986
16 20 -0.06549036206005451
16 21 -0.03616816753234238
16 22 -0.21951780087714745
16 23 0.14956576226665091
16 24 0.20802311418148087
16 25 -0.11070619109917165
16 26 -0.1071321859363713
16 27 0.025422445576144353
16 28 0.0822398322043272
16 29 -0.05322501516381876
16 30 -0.17594815182147308
16 31 -0.10008626264397805
16 32 -0.16144521487964414
16 33 0.16221266487287878
16 34 0.04182526152075684
16 35 0.02429943665475597
16 36 -0.01846505111487117
16 37 -0.09682255947661347
16 38 -0.051908391766881
16 39 -0.08465719051619577
17 17 0.0
17 18 -0.04074010959878828
17 19 0.006113921972899164
17 20 -0.022332158319610627
17 21 -0.009427547465536557
17 22 -0.01670242187079814
17 23 -0.11642385518321471
17 24 -0.19261979130290965
17 25 -0.03642554320110129
17 26 0.06479212551371971
17 27 -0.1472550575923733
17 28 0.10414524724692845
17 29 -0.012216802622454968
17 30 0.013875366230108396
17 31 0.04432673956490525
17 32 0.06816014641050504
17 33 0.03557075683894991
17 34 0.00607825356191679
17 35 -0.035587967800202444
17 36 -0.053458151338427094
17 37 -0.16403369470418083
17 38 0.05132483630767831
17 39 0.16420375101775272
18 18 0.0
18 19 0.04186047010093136
18 20 -0.1118127828469299
18 21 -0.19722544271143008
18 22 0.12900230086937173
18 23 -0.15803155860604617
18 24 -0.13579908313648156
18 25 0.05911708840161404
18 26 0.039792182733314474
18 27 0.1229290418558689
18 28 -0.08964597752373317
18 29 -0.007794825363842815
18 30 0.1785466184191043
18 31 -0.05284875649682867
18 32 0.018601233561269925
18 33 -0.07743255166802085
18 34 -0.19968452988115995
18 35 -0.0803977920880191
18 36 -0.009992445163916067
18 37 -0.06953256222880236
18 38 0.19402226399753902
18 39 -0.0392276700393183
19 19 0.0
19 20 0.015273641414977824
19 21 -0.20246643198952102
19 22 -0.04492055157711715
19 23 0.08904606471233532
19 24 -0.07960400418580578
19 25 0.010768286154098182
19 26 -0.057873492790002014
19 27 -0.028608584371627343
19 28 0.06281006942168324
19 29 -0.056679091283810414
19 30 -0.16513577503245958
19 31 -0.020978721849920924
19 32 0.00008386809186245193
19 33 0.03785991408923849
19 34 -0.07826418797695024
19 35 0.035660427910511425
19 36 0.08818726131546965
19 37 -0.1240561377919357
19 38 -0.1471158845312655
19 39 -0.16328017256561758
20 20 0.0
20 21 -0.07940610666732248
20 22 -0.12048323361037676
20 23 0.0545894879395495
20 24 0.26324972025116977
20 25 -0.009950584228697367
20 26 -0.07278510364341706
20 27 0.08553570724198592
20 28 0.07303790893636128
20 29 0.05820472894772144
20 30 -0.10374995475727204
20 31 -0.06287174219673701
20 32 -0.053604613805519084
20 33 -0.18250740569212376
20 34 -0.05923961697313762
20 35 0.12364371403820063
20 36 0.10980833184326537
20 37 0.1563090437194913
20 38 -0.042777381388166
20 39 -0.07817787704396692
21 21 0.0
21 22 0.09317690818996487
21 23 -0.017234967653907828
21 24 0.06005777831829714
21 25 -0.04147210366118494
21 26 0.017801564003442204
21 27 -0.06587307877473132
21 28 -0.037206870931558084
21 29 0.00931840449409576
21 30 0.04511377567775429
21 31 0.1042152255671249
21 32 0.0351801541622896
21 33 -0.03338446760020871
21 34 0.10172104391429533
21 35 0.002960281938255121
21 36 -0.12411648136964985
21 37 0.09239825447844874
21 38 -0.01287145917111065
21 39 0.1202604149345814
22 22 0.0
22 23 -0.1027947148242675
22 24 -0.12400782261581422
22 25 -0.004121845571357585
22 26 0.03600498818660458
22 27 0.04664322549177698
22 28 -0.07970162547607781
22 29 -0.006491354210150233
22 30 0.21281380604356906
22 31 0.08104455421474435
22 32 0.1861349056146656
22 33 -0.12831361457185217
22 34 -0.0387902559104948
22 35 -0.03881760020985539
22 36 -0.15117731053730044
22 37 0.1529003856695452
22 38 0.06352183861694762
22 39 -0.2138433280378497
23 23 0.0
23 24 0.23839212949345154
23 25 -0.012298074447705925
23 26 0.022312469320901113
23 27 0.004902137335713326
23 28 -0.029305175481169544
23 29 -0.05001169130633602
23 30 -0.2352651855009809
23 31 0.026759153125534958
23 32 -0.09082329576893639
23 33 0.07540324194534256
23 34 0.056771031745120604
23 35 0.07372463816648332
23 36 0.01188510199804203
23 37 0.028630560041074386
23 38 0.04646188101816987
23 39 -0.1983825895124833
24 24 0.0
24 25 -0.18491834688740375
24 26 -0.18759744446535256
24 27 0.20727518597297573
24 28 -0.21293495817818947
24 29 -0.15493748388994918
24 30 -0.06950233197721083
24 31 -0.06629091427322177
24 32 -0.21225703996361767
24 33 -0.23249143728707797
24 34 0.14882650128235986
24 35 0.1452262158467702
24 36 0.02879587944720193
24 37 0.17816682038864545
24 38 -0.1612267100913461
24 39 -0.08185619490027299
25 25 0.0
25 26 0.055771040205948766
25 27 -0.017660390015667198
25 28 -0.0348986288412685
25 29 -0.0027320445288081417
25 30 -0.04203472417859045
25 31 0.01871407642284777
25 32 0.03959653124426809
25 33 0.030309373638381883
25 34 -0.09916355907924368
25 35 0.004799437619557874
25 36 0.05530224671195266
25 37 -0.05378341547809995
25 38 0.07860332714547555
25 39 0.027776026352226462
26 26 0.0
26 27 -0.04336067059968299
26 28 0.020915114547358404
26 29 0.012268208817763769
26 30 0.0829585887544835
26 31 0.10853238678377553
26 32 0.0004580240953336084
26 33 0.041513561092721876
26 34 -0.055028128715869394
26 35 -0.08281984757997804
26 36 -0.035335637810233814
26 37 -0.08002053510420487
26 38 0.10898603599486845
26 39 0.0672045336075306
27 27 0.0
27 28 -0.08498815012776531
27 29 0.04608829069742552
27 30 0.022300822504520545
27 31 -0.16705081090738438
27 32 -0.01688079280977238
27 33 -0.03199578078388124
27 34 -0.08794963122651897
27 35 0.007486659919734136
27 36 0.007495357105512218
27 37 0.10660241139116555
27 38 -0.012396972293303086
27 39 -0.07144276151810541
28 28 0.0
28 29 -0.013012813657654118
28 30 -0.001675988364864252
28 31 -0.0904579531535308
28 32 -0.0592268793895895
28 33 0.05651402362339826
28 34 -0.016092802180280717
28 35 0.030151669679224936
28 36 0.06195408712818099
28 37 -0.08918466462392063
28 38 0.07731881371966906
28 39 -0.02826705588571816
29 29 0.0
29 30 -0.06166640488682087
29 31 0.10250538557901001
29 32 -0.01921354957629992
29 33 0.03954219835690277
29 34 -0.08394847435907007
29 35 0.026280836474661912
29 36 -0.037671566604897906
29 37 0.12007703493793395
29 38 -0.043800602428169876
29 39 -0.018619180714818058
30 30 0.0
30 31 -0.012850670004964659
30 32 -0.034189651109176586
30 33 -0.19550812938259066
30 34 0.054950922277552036
30 35 -0.10214314392008758
30 36 0.0023013713715685476
30 37 0.05298362170516323
30 38 0.0006040533559932507
30 39 0.044996102742444456
31 31 0.0
31 32 0.04341563075945326
31 33 -0.010019005580330146
31 34 0.02483106658280927
31 35 -0.06461896974156858
31 36 -0.03896398972143823
31 37 -0.000350232579137233
31 38 -0.05680020711464617
31 39 0.02594091821679182
32 32 0.0
32 33 0.12563386918252
32 34 -0.027276274363713264
32 35 -0.01643851995600256
32 36 -0.043662320535323415
32 37 0.11018352419982305
32 38 0.10691841355796097
32 39 0.03799052540511347
33 33 0.0
33 34 0.07856716412819784
33 35 -0.0072558798642885156
33 36 -0.050261241071661286
33 37 -0.11571286143889503
33 38 0.08419279677053393
33 39 0.049930714829787934
34 34 0.0
34 35 0.020495277518362547
34 36 -0.0026765953633215342
34 37 0.04960661273609108
34 38 -0.08857744256598338
34 39 0.013185598520972999
35 35 0.0
35 36 0.015568155081387623
35 37 0.10317543576452551
35 38 0.047734804480587444
35 39 -0.058094515364609856
36 36 0.0
36 37 0.04766134596845891
36 38 -0.013176305816276773
36 39 -0.0031577283168820794
37 37 0.0
37 38 0.07159435516499034
37 39 -0.1444068682588506
38 38 0.0
38 39 0.015514286457688103
39 39 0.0
