0 0 0.0
0 1 -0.13580745647878165
0 2 0.138778715226466
0 3 -0.04170301725213907
0 4 -0.005378710611446804
0 5 0.11908665018152367
0 6 -0.00994479547917244
0 7 -0.08834811450628638
0 8 0.03340246950889855
0 9 0.0985948976819399
0 10 -0.008687816726720836
0 11 0.03814293533826983
0 12 0.001111162009166573
0 13 -0.07870324205519043
0 14 0.0626841091620563
0 15 0.08911374701513544
0 16 -0.04401556358949178
0 17 -0.16153719106093575
0 18 -0.12646444719355857
0 19 -0.055957762270266144
0 20 -0.09806680760980216
0 21 -0.18586538246629294
0 22 -0.05375350050837437
0 23 -0.11133099471024015
0 24 -0.11552776379521883
0 25 -0.05131049111228793
0 26 -0.027479513269961425
0 27 0.07174629510985267
0 28 0.06554624868271
0 29 -0.11873178601840681
0 30 -0.03078338767020613
0 31 0.005848492794469793
0 32 -0.13442469674409127
0 33 0.10544595654811584
0 34 -0.09960444396456258
0 35 0.03477288327467513
0 36 -0.12601212210537022
0 37 0.09510364283565957
0 38 -0.08338692610251179
0 39 0.09032744921006572
1 1 0.0
1 2 -0.3271402157966218
1 3 -0.04351754748803336
1 4 0.01674478982899237
1 5 -0.12788288556153765
1 6 -0.04790252457640361
1 7 -0.03562524426841335
1 8 0.001880084616792961
1 9 -0.15531700589442662
1 10 0.0923784490843397
1 11 -0.12065897297462717
1 12 0.028841957317317025
1 13 -0.008729410712971638
1 14 -0.05457697523777092
1 15 -0.17400304265795302
1 16 0.10318547757397892
1 17 -0.058525571248944974
1 18 -0.10897512488936945
1 19 0.030561967073330865
1 20 -0.03128006115275237
1 21 -0.15897984971898407
1 22 0.06909280211171415
1 23 0.14759821820267108
1 24 0.1891813286580886
1 25 -0.12274095872566945
1 26 0.04455122134237108
1 27 -0.00009475108478314797
1 28 -0.015146072156268042
1 29 0.24083028664273468
1 30 0.0586141179077654
1 31 0.04323240054654979
1 32 0.1260205954636959
1 33 -0.05944146064936549
1 34 0.022560961793637393
1 35 -0.01261101063359813
1 36 -0.17290305365093048
1 37 -0.04982275733548828
1 38 0.13187120840686367
1 39 -0.07282721569654504
2 2 0.0
2 3 0.133579705529645
2 4 0.017355108506173535
2 5 0.27750971938425717
2 6 -0.024084224043855424
2 7 0.1178740091093073
2 8 0.08399134074933659
2 9 -0.2351214553314777
2 10 -0.19803446884829207
2 11 0.07898477739778362
2 12 0.19778899235917374
2 13 -0.12042565456144538
2 14 -0.26014552833026394
2 15 0.05779678486423233
2 16 -0.12329027013241552
2 17 -0.0718035157393481
2 18 0.22497846702000257
2 19 0.035375966138577845
2 20 -0.022005858522878237
2 21 0.15867576298899305
2 22 0.03927382778913878
2 23 -0.19365156400857314
2 24 -0.16828867006535872
2 25 0.23203161936419087
2 26 -0.031404349366154376
2 27 0.13749917886813806
2 28 -0.23063171875574726
2 29 -0.25678207904265704
2 30 -0.31028684571218745
2 31 -0.14983163370599822
2 32 0.010156809477406468
2 33 0.03998509173740276
2 34 -0.14421775260959196
2 35 -0.005023601489746929
2 36 0.15750173521894867
2 37 0.0608116572188207
2 38 -0.17768459622915908
2 39 0.15659243989854477
3 3 0.0
3 4 0.08650473316598586
3 5 -0.12709315494747073
3 6 -0.054314609229824354
3 7 0.2023922420867673
3 8 0.10155616879146752
3 9 0.0454386759835002
3 10 -0.03369028340723704
3 11 -0.045958035596368046
3 12 0.02636702324264913
3 13 -0.006512621894715895
3 14 -0.018391546563326665
3 15 0.08983648451247878
3 16 -0.11243050282505831
3 17 0.012539401158974145
3 18 0.10641859999324843
3 19 0.011464994978239528
3 20 0.01240453944802537
3 21 0.06502497927779351
3 22 0.09470268042366739
3 23 0.04396100542966778
3 24 -0.1899514674511659
3 25 0.1262928151727369
3 26 -0.04358380114825759
3 27 0.03517858774204097
3 28 -0.05892184973393696
3 29 0.0203261490819109
3 30 -0.21712895681980243
3 31 0.041885081613176105
3 32 -0.018712760872991844
3 33 0.037207469251208755
3 34 -0.005571020185258103
3 35 0.10563576678977897
3 36 0.12377688219098877
3 37 -0.07660174284172991
3 38 0.04657965190029908
3 39 0.20407307339099945
4 4 0.0
4 5 -0.06316933597171424
4 6 -0.04611365834912012
4 7 0.1055425674861246
4 8 -0.01279225444805745
4 9 -0.03962141263803108
4 10 -0.012042103526822836
4 11 -0.20012253926848445
4 12 0.08141303305398102
4 13 0.0724390970007682
4 14 -0.15580077930439862
4 15 -0.03683001340679881
4 16 0.0498484728001458
4 17 0.010241654671114684
4 18 0.11829550728082558
4 19 -0.05015655096205436
4 20 -0.08175709308706576
4 21 0.03709523469352834
4 22 0.09416471904364442
4 23 -0.1354775186872048
4 24 0.047363853362409204
4 25 0.22269300474142542
4 26 -0.08450573793373471
4 27 0.07440286367076163
4 28 -0.07780431608698869
4 29 -0.17274734772457237
4 30 -0.1871191828588625
4 31 0.08619827126154622
4 32 -0.19066032552112105
4 33 -0.14331934215126035
4 34 -0.18089830974248428
4 35 0.10470089845676192
4 36 0.0013893623641966376
4 37 -0.015369025566577049
4 38 -0.07109938407991943
4 39 -0.19666604166776624
5 5 0.0
5 6 0.07841356224083629
5 7 -0.013192494800666917
5 8 -0.08613722444752328
5 9 -0.20154853828215438
5 10 -0.07556286525997159
5 11 0.10272887605660633
5 12 -0.009029953197736187
5 13 0.027211632062934983
5 14 -0.13290700093275337
5 15 -0.01564444105834086
5 16 0.07580555220704158
5 17 -0.06533893199862872
5 18 -0.02021385589723065
5 19 -0.0035113213524949546
5 20 0.02411606716128961
5 21 0.07537442626141268
5 22 0.040740350969867986
5 23 -0.18570635553825202
5 24 0.048420236154755825
5 25 -0.018847625184702396
5 26 0.10845799546405754
5 27 -0.030066943031192422
5 28 0.03746378885755982
5 29 0.022723176176606408
5 30 -0.04282205488035935
5 31 0.05439289733228225
5 32 -0.18854259015476618
5 33 0.005192399076442744
5 34 -0.10783110909811303
5 35 -0.3251029604859047
5 36 0.04966554577950426
5 37 -0.009909827325171719
5 38 -0.12554234757220503
5 39 -0.19736938955741062
6 6 0.0
6 7 -0.10453866880937812
6 8 0.04027649745919891
6 9 0.055655260863015275
6 10 0.057303948149600735
6 11 0.07993695340778827
6 12 0.013970312403019363
6 13 -0.02572437386238795
6 14 -0.014671714330893823
6 15 0.0709991400509323
6 16 -0.03786594250810314
6 17 0.11051877036020463
6 18 -0.008106071869549833
6 19 0.015361767693097775
6 20 -0.03796360540283604
6 21 0.19128663752209815
6 22 0.005518605055139519
6 23 0.024503421684066464
6 24 0.07080577061232265
6 25 0.04480937160282075
6 26 0.07523997691590688
6 27 -0.07757762833691657
6 28 0.014918097447634365
6 29 -0.09025904067679495
6 30 0.09671589881614351
6 31 0.05304317969641033
6 32 -0.04299438127198979
6 33 -0.06534078659979979
6 34 0.21531006108364079
6 35 0.09397718183340827
6 36 0.05573499372330011
6 37 -0.15683115275353027
6 38 0.00108218635397774
6 39 -0.1303589999761934
7 7 0.0
7 8 -0.07087402522854301
7 9 -0.04644463831501945
7 10 -0.04249349907194625
7 11 -0.16299366930567707
7 12 -0.06128118280682069
7 13 0.13113048322875906
7 14 -0.0869262876011997
7 15 0.007004583652911764
7 16 0.07374792776414898
7 17 0.08425802045782109
7 18 0.045935462831341825
7 19 0.019914214896062953
7 20 0.057088631178580304
7 21 0.14322672003292025
7 22 0.10908452066833899
7 23 -0.031208484753525778
7 24 -0.13903140536746836
7 25 -0.00835551162328593
7 26 -0.03329891751250122
7 27 -0.039355126032218565
7 28 -0.05800558316014613
7 29 0.10164336250626849
7 30 -0.1457483840957724
7 31 0.0747848185724141
7 32 -0.015938270402819997
7 33 -0.03558301863575182
7 34 -0.09458249090559472
7 35 -0.036491741827528075
7 36 0.12709857711290257
7 37 -0.03409460792475763
7 38 -0.02211999339199739
7 39 0.01830258923979784
8 8 0.0
8 9 0.054807606383540805
8 10 0.013627277584542071
8 11 0.09094501561675616
8 12 0.1842933225215458
8 13 -0.017272103378645855
8 14 0.000980543746313508
8 15 0.10080623751658095
8 16 -0.12085247970923821
8 17 0.0027358620554730926
8 18 0.04447812048684404
8 19 0.024673372523030306
8 20 -0.012608386495524032
8 21 -0.09742418059145336
8 22 -0.11824149108894517
8 23 0.14660785573800286
8 24 -0.018891783580638786
8 25 0.11520242517347987
8 26 -0.1329529384429879
8 27 0.03690076795020591
8 28 -0.0046838998293006725
8 29 0.004914735267813201
8 30 -0.040179016838584394
8 31 -0.031201986277987002
8 32 0.046500462123307836
8 33 0.1316412924409352
8 34 0.10011743086996527
8 35 0.15234651766580518
8 36 -0.009702907884837011
8 37 0.004480794520220578
8 38 0.08754537874915706
8 39 0.151322964596048
9 9 0.0
9 10 0.07866959734334382
9 11 0.07394178911429432
9 12 -0.15873531129809385
9 13 0.1387380054196604
9 14 0.2640289704921556
9 15 0.2247321625333955
9 16 -0.19574469412126466
9 17 0.13274354344684872
9 18 -0.033521220239464834
9 19 -0.15636278156457248
9 20 0.06000292921126392
9 21 -0.010472602065877135
9 22 -0.13717221890072778
9 23 -0.031196104095867573
9 24 -0.22984528356374545
9 25 -0.12254344056127972
9 26 -0.04741748203316202
9 27 0.04745697587902274
9 28 0.05553909119302088
9 29 -0.07446181263895157
9 30 0.21060217827820754
9 31 0.03402001847087431
9 32 -0.21580356668923714
9 33 0.0839167128198304
9 34 0.19076790414371844
9 35 0.25727454412439615
9 36 -0.03976823337063903
9 37 -0.14948607418893822
9 38 0.17108262323685125
9 39 0.17424373436533774
10 10 0.0
10 11 -0.06696412952281627
10 12 0.04802598488821922
10 13 0.0791498919826087
10 14 0.05692606166154618
10 15 -0.020266868418664534
10 16 0.11239973010959334
10 17 -0.008729681345819914
10 18 -0.10026375085047157
10 19 -0.01771053696089212
10 20 -0.06668403752811349
10 21 0.015677232140071183
10 22 -0.14712938217811847
10 23 0.10483505362448875
10 24 0.03767461589294375
10 25 -0.10053412702950973
10 26 -0.01018000607274434
10 27 -0.04795316227036597
10 28 0.16221328677104532
10 29 0.0316759177576799
10 30 0.10986339819760305
10 31 0.06780086810858275
10 32 -0.01943426774670908
10 33 -0.009899509960076342
10 34 0.09819631222142318
10 35 0.12721141429530342
10 36 -0.024543225418213695
10 37 -0.14032334239115057
10 38 -0.03221874096952844
10 39 0.03496477787561987
11 11 0.0
11 12 -0.05497052694585989
11 13 -0.005136027612133184
11 14 0.10761809257617723
11 15 0.19472932917875146
11 16 -0.13284885439774627
11 17 -0.0020569962467309097
11 18 0.043920488856001715
11 19 -0.0035550762348315742
11 20 0.04428513749914844
11 21 -0.034283720764104735
11 22 -0.13038925873567192
11 23 0.03541967897580595
11 24 0.030763557155890714
11 25 0.07774832513274231
11 26 0.06961692802622596
11 27 0.02366433130328253
11 28 0.05733390440314664
11 29 -0.07670198742454908
11 30 0.03309720686926552
11 31 -0.14440884110645094
11 32 -0.06796421140238922
11 33 0.15869775507159006
11 34 0.13308998493840798
11 35 -0.033734263545301305
11 36 0.025238893723512023
11 37 0.051750939016913064
11 38 0.06288364230188755
11 39 0.03423059582406496
12 12 0.0
12 13 -0.07409265100068058
12 14 -0.18996986936813476
12 15 -0.08669297560921918
12 16 0.012896216102164109
12 17 -0.02311278991270401
12 18 0.07733046995520813
12 19 0.09551448126664305
12 20 -0.008392754077578559
12 21 -0.023991741329322556
12 22 -0.14953873578589588
12 23 0.06597730936880944
12 24 0.035970860174577034
12 25 0.13142823771021914
12 26 -0.1763051549442381
12 27 -0.021310893438668415
12 28 -0.06426320590681343
12 29 -0.02504800859806893
12 30 -0.08366932644514669
12 31 -0.04615358747787796
12 32 0.13723173757018636
12 33 0.0142111642168067
12 34 -0.03459703235163257
12 35 0.07871156451813424
12 36 -0.0025184481650178795
12 37 -0.007865729074216222
12 38 -0.05515881489408819
12 39 0.05401947336454386
13 13 0.0
13 14 0.05493307115454245
13 15 0.10829701505935714
13 16 -0.0006087445319117185
13 17 0.11703507002009401
13 18 0.031175357391552826
13 19 -0.10077340651732336
13 20 0.06901076036222223
13 21 0.10093191480332878
13 22 -0.16210511007767464
13 23 -0.023544742853095695
13 24 0.025952483015415296
13 25 -0.07370594324435713
13 26 -0.04556870666537829
13 27 -0.026838883849866546
13 28 0.025546367716355163
13 29 0.08134415915545244
13 30 0.17952261922481696
13 31 0.07579399503146939
13 32 -0.19490381343189062
13 33 0.03620437108883863
13 34 0.10080114539089494
13 35 -0.01199783321515123
13 36 0.0633390039278145
13 37 -0.05871648975429063
13 38 0.07467426341498438
13 39 -0.09031101475761669
14 14 0.0
14 15 0.1314273424287964
14 16 -0.03167120997527552
14 17 -0.008844238842128958
14 18 -0.102498188616133
14 19 -0.04708318759727203
14 20 0.02468301584377467
14 21 -0.1093412134010265
14 22 -0.04325802568310457
14 23 0.09501191825006727
14 24 -0.0876336910127116
14 25 -0.08768953244545616
14 26 0.026590691430292145
14 27 0.070597090230664
14 28 0.1560846649485847
14 29 0.06205479922081882
14 30 0.18028225567641376
14 31 0.030530360058087718
14 32 -0.019686162958499655
14 33 0.1626090527062209
14 34 0.1402722623571277
14 35 -0.002430882288957834
14 36 -0.022956227092420706
14 37 0.07692556257231602
14 38 0.06156122990015578
14 39 0.15042191250154385
15 15 0.0
15 16 -0.1600901888597934
15 17 0.014784463468828526
15 18 0.00015121128344917787
15 19 -0.005598845630981009
15 20 0.008912430368341363
15 21 -0.003191673405455239
15 22 -0.14481760924245118
15 23 0.009745213036444659
15 24 -0.12854788067998163
15 25 0.058376441554372126
15 26 -0.025590275970076203
15 27 0.006730990219964135
15 28 0.022344676371120066
15 29 -0.1539155684496447
15 30 0.020509634091076773
15 31 -0.07343294296111255
15 32 -0.15350479651579427
15 33 0.1629394219023147
15 34 0.18143813162186312
15 35 0.1654887182135435
15 36 0.07656154570351129
15 37 0.040503840502468774
15 38 0.04304475193768668
15 39 0.014970174160934612
16 16 0.0
16 17 0.0405775758125669
16 18 -0.15792213424124754
16 19 0.14295770348173673
16 20 0.04470830180152415
16 21 -0.015666265927653963
16 22 -0.05391078037469693
16 23 0.05598297578318736
16 24 0.10481708383587521
16 25 -0.06014061234438846
16 26 0.016988289240215997
16 27 -0.07322520876924007
16 28 0.15349189073533553
16 29 0.18589686604280872
16 30 -0.025248171961122567
16 31 0.018467903127075035
16 32 0.08940851164317219
16 33 0.014810119182468665
16 34 -0.13785774374116722
16 35 -0.20182377692369552
16 36 -0.11776186270663669
16 37 0.03207672637900664
16 38 -0.1361768012888534
16 39 -0.16068703643146934
17 17 0.0
17 18 0.07221282759857925
17 19 0.04784328099253477
17 20 0.1369080899041844
17 21 0.24548992322591862
17 22 -0.03176928551683185
17 23 0.03126389710128476
17 24 0.014280894483111903
17 25 0.0502985952296565
17 26 -0.01022445700167044
17 27 -0.09290750829605468
17 28 -0.07005414940248159
17 29 0.057379171008397345
17 30 0.09991767129236379
17 31 0.004002917908379091
17 32 0.044824119354131234
17 33 -0.04112732313373854
17 34 0.13917959075429492
17 35 0.018669541223900247
17 36 0.04102448218550394
17 37 -0.11527360071875106
17 38 0.08304033519462448
17 39 -0.08524315309024591
18 18 0.0
18 19 -0.05469548030723002
18 20 0.03188044030870508
18 21 0.19838419919905131
18 22 0.07955428561914923
18 23 -0.05118548238753756
18 24 -0.0016512235716551592
18 25 0.22989620223857585
18 26 -0.024427099287260216
18 27 0.08938697807846599
18 28 -0.13955132569101156
18 29 -0.15394288489835353
18 30 -0.11400309735722995
18 31 -0.04032498855497957
18 32 -0.024738453211985287
18 33 -0.08912549221147241
18 34 0.005837781534880859
18 35 0.04436586711454937
18 36 0.2287350942147909
18 37 -0.05682893255405582
18 38 0.007771913057800733
18 39 0.03098308122976482
19 19 0.0
19 20 0.1301131387579682
19 21 0.005382080225281167
19 22 -0.07694721666129956
19 23 0.054065946476951156
19 24 -0.023183129395589405
19 25 0.04640134479105358
19 26 -0.023192672562530957
19 27 -0.06938675073826678
19 28 -0.09715289297395797
19 29 0.10619727230039402
19 30 -0.025204605318506122
19 31 -0.11297221824666884
19 32 0.21064720143189003
19 33 0.09444519882924571
19 34 0.03923306072346012
19 35 -0.09923893208902175
19 36 -0.06954492952086717
19 37 0.0687917499116315
19 38 -0.028114627597461177
19 39 -0.06836379741530477
20 20 0.0
20 21 0.04907927984528274
20 22 -0.07561763163590154
20 23 -0.03254922456779605
20 24 -0.09395428661160199
20 25 -0.01858396745625003
20 26 -0.016585898211731648
20 27 -0.02182202623425961
20 28 -0.13203838536881723
20 29 0.19384072404545563
20 30 0.07980294620819478
20 31 -0.07757469736327681
20 32 0.0739691349810683
20 33 0.10901956869342182
20 34 0.05145503617654799
20 35 -0.20404257010962817
20 36 -0.02520323996535102
20 37 -0.0008291938425570849
20 38 0.09321487044223362
20 39 -0.02928243633973917
21 21 0.0
21 22 0.10577332051199176
21 23 -0.0879448032160061
21 24 -0.01424709460952107
21 25 0.11734401678310151
21 26 0.11632817217024108
21 27 -0.05853705042741345
21 28 -0.1358318537700297
21 29 -0.12565502600982084
21 30 0.027878520689243385
21 31 0.05296279750043089
21 32 -0.019944167190629056
21 33 -0.19564769274214563
21 34 0.1793696371399703
21 35 0.04344522518418895
21 36 0.26665715306687987
21 37 -0.25836832618007655
21 38 -0.06254343463728401
21 39 -0.10537731401307886
22 22 0.0
22 23 -0.07007869042943206
22 24 -0.0015266264978137391
22 25 0.04401552686388367
22 26 0.16844186876835943
22 27 0.15345778222143894
22 28 -0.12993331016804782
22 29 0.039622186096450504
22 30 -0.14029752436846438
22 31 0.1792976708176215
22 32 -0.0020816293971622516
22 33 -0.19672273836819243
22 34 -0.06465963072336456
22 35 -0.09821755485923357
22 36 0.10837507918970377
22 37 -0.06651928095709995
22 38 0.023711734485606397
22 39 -0.043728972946840625
23 23 0.0
23 24 0.0964241376454191
23 25 -0.005335113323985335
23 26 -0.09136504186525556
23 27 -0.09098212578247597
23 28 0.2007923631066081
23 29 0.15329196097343442
23 30 0.025266300564880502
23 31 0.03076850696509706
23 32 0.18496158964425133
23 33 0.07159287670839098
23 34 0.12208050810381235
23 35 0.08968756884710052
23 36 0.06592000081415125
23 37 0.023570527084798586
23 38 0.06247182919141738
23 39 0.09781036501582666
24 24 0.0
24 25 0.04533715628354988
24 26 0.04737095722360002
24 27 -0.07739643710518676
24 28 0.10599083044075697
24 29 0.007591085739269502
24 30 0.052091323661473544
24 31 0.0159237713917986
24 32 0.024041984780950643
24 33 -0.11806845151377279
24 34 -0.008651304886742027
24 35 -0.05264814074652372
24 36 -0.03530452378337551
24 37 0.026195147902991472
24 38 -0.005538164814908103
24 39 -0.24178295222111693
25 25 0.0
25 26 -0.04084402742650871
25 27 0.06848431282286994
25 28 -0.06999897141769802
25 29 -0.20546272417086758
25 30 -0.2296519888743878
25 31 -0.06435648258811012
25 32 -0.020092143875684094
25 33 -0.010581329759549288
25 34 -0.034714012646292806
25 35 0.05341185353271953
25 36 0.13048297344363677
25 37 0.03923081201045716
25 38 -0.06152922386521451
25 39 -0.036581584033888496
26 26 0.0
26 27 0.10845360944009023
26 28 -0.08366184647653413
26 29 -0.0015751897193340039
26 30 0.026370988518598964
26 31 -0.02663827940452017
26 32 -0.052968164259799264
26 33 -0.05291313130881946
26 34 0.08574014912376851
26 35 -0.07574002736798523
26 36 -0.07992616531728378
26 37 -0.1258722510466339
26 38 0.03215299562717982
26 39 -0.04145254330525336
27 27 0.0
27 28 -0.2267489417879712
27 29 -0.06546534951084768
27 30 -0.027605591141926084
27 31 -0.07949674033562251
27 32 -0.025261770815393957
27 33 0.07605224513482842
27 34 0.047013870376653326
27 35 0.06411059460194428
27 36 -0.11503592034030255
27 37 -0.018579083092384013
27 38 0.07148951352031492
27 39 0.16936435261507554
28 28 0.0
28 29 0.04591784652491082
28 30 -0.031283114665688935
28 31 0.17386128764982028
28 32 -0.14784581209957565
28 33 0.023868957343514175
28 34 -0.12705638497752386
28 35 -0.054342402388877185
28 36 0.14436108594698213
28 37 0.0484335239034277
28 38 -0.13108822643793444
28 39 -0.003300950769514952
29 29 0.0
29 30 0.09926507363435855
29 31 0.11670838254603591
29 32 0.14188270118505153
29 33 0.12040097806974
29 34 -0.004081355336177096
29 35 -0.3297619565048211
29 36 -0.12381340415201932
29 37 -0.02223466280530522
29 38 0.15892267326269022
29 39 0.03330384219311798
30 30 0.0
30 31 0.018888796441806608
30 32 0.04542645838851627
30 33 0.02566927437973408
30 34 0.27658571352812095
30 35 0.010351082091184422
30 36 -0.09013247601082533
30 37 -0.0471444737117296
30 38 0.11509800231930037
30 39 -0.07024665307290269
31 31 0.0
31 32 -0.14025105666723323
31 33 -0.11924374198865748
31 34 -0.03669342341581551
31 35 -0.06288130635021177
31 36 0.14051514592904452
31 37 -0.10482582954020776
31 38 -0.02040117495055347
31 39 -0.06331774077694007
32 32 0.0
32 33 0.03300489411216355
32 34 0.07374668122309246
32 35 -0.0011198038809461276
32 36 -0.06421481360349611
32 37 0.11581270049381502
32 38 0.01335650306485027
32 39 0.12307236225720289
33 33 0.0
33 34 0.05669746819656886
33 35 -0.06752258892355505
33 36 -0.1289567037319173
33 37 0.13445414738554537
33 38 0.059598652381812646
33 39 0.15891521075046347
34 34 0.0
34 35 0.2027948780668901
34 36 0.04281465036888406
34 37 -0.1702526209482084
34 38 0.15897854036274853
34 39 0.010307595968994953
35 35 0.0
35 36 0.006738043344419517
35 37 -0.1228958041846098
35 38 0.04493837298600209
35 39 0.16642925511159007
36 36 0.0
36 37 -0.049226487861136856
36 38 -0.11307889858932277
36 39 -0.04029527463701475
37 37 0.0
37 38 -0.07917934499965154
37 39 -0.026510252010506476
38 38 0.0
38 39 0.0667259399836175
39 39 0.0
