0 0 0.0
0 1 -0.030600266550255023
0 2 -0.156521421514131
0 3 0.03479803284977114
0 4 0.004880825165517694
0 5 0.040214560505972115
0 6 -0.00434892223465006
0 7 -0.1649901783956943
0 8 -0.038197667716767664
0 9 -0.11998363516079906
0 10 -0.11018120591588947
0 11 0.03730894003993386
0 12 0.111219417226128
0 13 -0.07786909689811358
0 14 -0.07076896354907955
0 15 0.08699550821387356
0 16 -0.035257664588380484
0 17 0.034550570888091506
0 18 0.18169327220908718
0 19 -0.023486858758203853
0 20 -0.1316075595159228
0 21 0.02961134614479737
0 22 0.3085431030136477
0 23 -0.037684589825263765
0 24 0.059205041056363074
0 25 -0.05226329582078566
0 26 0.07684481386650945
0 27 0.011446037315502535
0 28 -0.01969196289112468
0 29 0.20782607592223035
0 30 0.20284813606294277
0 31 -0.13229355078848778
0 32 -0.2063579562461038
0 33 0.011127713673333723
0 34 0.16303441524169973
0 35 -0.08282311257817138
0 36 -0.07283375614171447
0 37 0.07971872683329655
0 38 0.19577479067387546
0 39 0.12144488159724427
1 1 0.0
1 2 0.0689673039449338
1 3 -0.09742965870625855
1 4 -0.060613718233645066
1 5 -0.0025253326078736654
1 6 -0.039265583938210745
1 7 -0.0522358325067252
1 8 -0.053864268911996624
1 9 0.07490818782939088
1 10 0.15886840397803348
1 11 0.012054102424422699
1 12 0.015331545270714914
1 13 0.09079298594127758
1 14 -0.20575376011667887
1 15 -0.014708764403045688
1 16 0.11507930217029154
1 17 -0.03024358465115883
1 18 -0.11070873780809168
1 19 0.0032129449236086407
1 20 0.08651775176910376
1 21 0.044026745183131745
1 22 -0.024213956825603747
1 23 -0.013960766807945285
1 24 0.09676551943072488
1 25 -0.015560931359113938
1 26 0.017935515456343268
1 27 0.06109478802857178
1 28 -0.0681231173093106
1 29 -0.060234961781308397
1 30 0.031445719894594534
1 31 0.141560024173986
1 32 -0.012065132095789573
1 33 0.010372914938442198
1 34 -0.0773322862332505
1 35 0.028398544502468676
1 36 -0.020170736146274633
1 37 0.056241286778869456
1 38 -0.04010157258829618
1 39 0.034063919293961416
2 2 0.0
2 3 -0.14098209592946628
2 4 0.061431608941681135
2 5 -0.04629102436584842
2 6 -0.0840257889928878
2 7 0.09411016431242838
2 8 -0.07547694556134253
2 9 0.12701610113697068
2 10 0.105592944110804
2 11 -0.024525301550008868
2 12 -0.018333899543762067
2 13 0.017269260230841365
2 14 -0.07617007014552765
2 15 0.00010133671175655938
2 16 0.09791864037124018
2 17 -0.012341104085812845
2 18 -0.013783568177783248
2 19 0.07158532905962844
2 20 -0.009866365498968263
2 21 -0.03968904044853621
2 22 -0.11587731047220307
2 23 0.13389862885805554
2 24 0.05548845415464308
2 25 0.17191015218306258
2 26 -0.034690992377938816
2 27 0.018026281098144623
2 28 0.10601040407574491
2 29 -0.006461367793350869
2 30 0.06995305729098623
2 31 0.17907808109852724
2 32 -0.00024908338013974595
2 33 0.10896470658557127
2 34 -0.05063501234754257
2 35 -0.09724560973016819
2 36 0.10548390720490394
2 37 -0.017205796696624708
2 38 -0.13885369432986686
2 39 -0.08146826887171603
3 3 0.0
3 4 -0.19451422227943702
3 5 -0.020742714106496116
3 6 -0.08175156107352098
3 7 -0.07668995764437539
3 8 0.11378065995697895
3 9 -0.13253487387658205
3 10 0.08605721352249712
3 11 0.19018628429314016
3 12 -0.06696167579306996
3 13 -0.08820663578383622
3 14 0.01614770739934342
3 15 -0.030175024126991117
3 16 -0.23409851778928456
3 17 0.011726479517914898
3 18 0.08038864612438062
3 19 -0.16131400180411412
3 20 -0.1832093406561474
3 21 -0.09061038387209157
3 22 0.010227735323682282
3 23 -0.04261846455131359
3 24 -0.011397425681151745
3 25 -0.04917544979701674
3 26 -0.2250621494683953
3 27 -0.152748431315167
3 28 -0.021817653475758893
3 29 -0.1014957307411175
3 30 -0.014715425585878609
3 31 -0.04198003952770265
3 32 0.006115290195989395
3 33 -0.11556409456372993
3 34 -0.007443576520936188
3 35 0.020096614388597427
3 36 0.006457755854963007
3 37 0.08043932891051118
3 38 0.08607214136659766
3 39 0.16080413296811052
4 4 0.0
4 5 -0.011921718988202741
4 6 -0.0035021992524076526
4 7 0.08236388662307279
4 8 -0.09006797299809526
4 9 0.08502705406024572
4 10 -0.0503464645864285
4 11 -0.08894300479192048
4 12 -0.005302896302599591
4 13 -0.08282187559437795
4 14 0.09490709341780695
4 15 0.13177157644957144
4 16 0.05599884525583777
4 17 0.10450953675713429
4 18 0.03667816648382248
4 19 0.08888203569884026
4 20 -0.04291577995811237
4 21 -0.07230945251027995
4 22 0.012154056183149997
4 23 0.04374109094391872
4 24 -0.02999173182014637
4 25 -0.07387628944943213
4 26 0.11868245053403281
4 27 0.15503684058650505
4 28 0.15738684862374264
4 29 0.15384065303414268
4 30 0.009403130852589302
4 31 0.07175027830437936
4 32 -0.0032171284914927966
4 33 0.06460876572451148
4 34 0.02738391305370705
4 35 -0.0690252297792419
4 36 0.051270969381905264
4 37 -0.12693503073865398
4 38 0.039031931857853565
4 39 -0.15766551768192932
5 5 0.0
5 6 -0.053811431890229966
5 7 -0.10009718806328875
5 8 0.010207103917227784
5 9 0.053644795994827646
5 10 0.03470222252085729
5 11 0.022648859127888683
5 12 0.09822492041727962
5 13 -0.04188864009286862
5 14 0.040900952015305504
5 15 -0.07424429534348591
5 16 -0.10507224089757754
5 17 -0.0794772999202438
5 18 0.07432748496504196
5 19 -0.0447275479067831
5 20 -0.06289209492527517
5 21 -0.08256447828839283
5 22 0.06766749962224468
5 23 0.1016333618677844
5 24 -0.07771656915569157
5 25 -0.039032851172526944
5 26 -0.009809815303972931
5 27 0.004759883475375184
5 28 0.01942340720182949
5 29 0.012632933335381347
5 30 -0.11246880487390414
5 31 -0.13191803228137694
5 32 0.00602828193794674
5 33 -0.04601830390890455
5 34 0.13138079471041536
5 35 0.029715506034315352
5 36 -0.043199444100592614
5 37 -0.04253429511310094
5 38 -0.010558234145006794
5 39 -0.03989763623015387
6 6 0.0
6 7 0.045425053535389316
6 8 0.030722596117997075
6 9 -0.05939422000438023
6 10 -0.14462688043581154
6 11 -0.099257311853491
6 12 0.004484540847587431
6 13 0.04877157364566763
6 14 0.09830025941342495
6 15 -0.014953040566764364
6 16 0.04467634890836681
6 17 -0.0015829041382795354
6 18 -0.05644453957632559
6 19 0.045000243682879144
6 20 0.1417622992501054
6 21 0.11985752889232795
6 22 0.0005801059290067006
6 23 -0.10343109621988049
6 24 -0.025381553481409597
6 25 -0.016736876844075595
6 26 0.08743832495331802
6 27 -0.0018259979232609178
6 28 -0.09075180531282677
6 29 -0.008098090038031525
6 30 -0.042561404331662826
6 31 -0.1175508466371999
6 32 0.025296666995759064
6 33 -0.036971396662809845
6 34 0.00913175461058462
6 35 0.06868494763472385
6 36 -0.06124631312394785
6 37 -0.03696125119504889
6 38 0.005446512871088924
6 39 0.00009181242044725144
7 7 0.0
7 8 -0.04282454471370454
7 9 0.03977629796154648
7 10 0.008675532766479813
7 11 -0.018739584094487
7 12 -0.06414049872205829
7 13 0.04353832264978284
7 14 0.03730632338591472
7 15 0.04557120952343546
7 16 0.10852308764462495
7 17 0.08345240156968911
7 18 0.07882907677012349
7 19 0.07720884327552804
7 20 0.18735311332023508
7 21 0.023788635334798445
7 22 -0.09176925898289862
7 23 -0.1603481781479268
7 24 0.02697669095130497
7 25 0.1110560207172433
7 26 0.04173737521082846
7 27 0.08743617085141148
7 28 0.05275830381932324
7 29 -0.10983577058310871
7 30 0.021131214441225486
7 31 0.01971253905445907
7 32 0.09322235839061477
7 33 -0.014504611290314828
7 34 -0.06916363936904224
7 35 0.02029772886766728
7 36 0.035989591468017994
7 37 -0.13516671930834157
7 38 -0.08780791122797177
7 39 -0.08479160024569829
8 8 0.0
8 9 -0.10969155859512578
8 10 -0.08817162473835947
8 11 0.005535431463146744
8 12 -0.008140737250729474
8 13 0.05984726068301958
8 14 0.15132153632492482
8 15 -0.06330880018139726
8 16 -0.05962827024798771
8 17 -0.005085214728644795
8 18 -0.02404616717889602
8 19 -0.05466453136964365
8 20 -0.006245730194659911
8 21 0.06680274585413505
8 22 -0.09976078667981508
8 23 0.0051028022614554676
8 24 -0.14658814896156602
8 25 0.015187107584642067
8 26 -0.037544289636470975
8 27 -0.12387763895932986
8 28 -0.10279977001719934
8 29 -0.12128152812524531
8 30 -0.05671618376328482
8 31 -0.07481465114065713
8 32 -0.0236644372577076
8 33 0.03522369309824345
8 34 -0.0435587192133914
8 35 0.02262523550629705
8 36 0.05508713211791424
8 37 0.010384227792014155
8 38 0.016689275975879193
8 39 0.03730020930444802
9 9 0.0
9 10 0.12410060877736233
9 11 0.06621650993383586
9 12 -0.004882496948619462
9 13 0.026752063765768153
9 14 -0.16859126315989337
9 15 0.024897563224173153
9 16 0.13104874575462575
9 17 -0.06438905680431906
9 18 -0.011755472267089387
9 19 0.10093362576726717
9 20 -0.013557125095192996
9 21 -0.08289031575636899
9 22 -0.031596124486522145
9 23 0.03240767390679739
9 24 0.07326400984233992
9 25 0.0038720001686802915
9 26 0.09926415907663415
9 27 0.1410733143387861
9 28 0.06072228837195376
9 29 -0.048942929795282204
9 30 0.030983037698413828
9 31 0.12205303969989387
9 32 0.05400127633633456
9 33 0.03552859516334632
9 34 -0.04975997296105532
9 35 0.08532692537572081
9 36 -0.02437487519685647
9 37 -0.06803499537723799
9 38 -0.09056563143508682
9 39 -0.10600417921196188
10 10 0.0
10 11 0.12351110234706966
10 12 -0.15680332438152803
10 13 -0.04529921826997571
10 14 -0.21204545279648074
10 15 0.027304992886817953
10 16 0.0006119607478995247
10 17 0.048382941436740406
10 18 -0.08465132358079282
10 19 -0.07123751925175462
10 20 -0.03047284850742963
10 21 -0.15695644424173996
10 22 -0.002463102032134122
10 23 -0.0051026494508767135
10 24 0.15716509995620626
10 25 -0.06419355407024699
10 26 -0.05222146672724204
10 27 0.00635299205140815
10 28 -0.0004861206331891599
10 29 -0.13332654995771823
10 30 -0.015210874783212416
10 31 0.23419264024624703
10 32 0.025536442475265715
10 33 -0.1078477927948152
10 34 0.015587997776907137
10 35 0.02068896805722694
10 36 -0.060747545554052464
10 37 -0.012637807034616349
10 38 0.02813510928441646
10 39 0.044725669303590836
11 11 0.0
11 12 -0.10686416067815725
11 13 -0.0019780378484046115
11 14 -0.19701498077049703
11 15 0.0242479175071285
11 16 -0.05277637248050983
11 17 -0.0018678953022916184
11 18 0.03619154091250902
11 19 -0.08763738968006342
11 20 -0.0994162607693112
11 21 -0.09428151440444273
11 22 0.08331032329718042
11 23 -0.02605871119312287
11 24 0.02862013868702475
11 25 -0.018615639144980385
11 26 -0.08213605013345551
11 27 -0.018574816366517113
11 28 -0.007973188560509742
11 29 -0.10950988786183388
11 30 0.07089871882401821
11 31 0.09197966003822568
11 32 0.004609411331916562
11 33 0.04514166268437121
11 34 -0.08857025493346267
11 35 0.03122488045652814
11 36 -0.06235258655565381
11 37 0.12028823416024836
11 38 0.026312134456879983
11 39 0.07013736537906015
12 12 0.0
12 13 0.0427965961360499
12 14 0.049765444633252665
12 15 -0.05604757576064574
12 16 0.05065388212429424
12 17 -0.08851672741187398
12 18 0.18371744232162548
12 19 0.08293108526603649
12 20 0.025539239742103703
12 21 0.10345310435637922
12 22 -0.022864321256838096
12 23 -0.003613905976885069
12 24 -0.011084522789345148
12 25 0.06707058558848404
12 26 0.040753437157171314
12 27 0.10253691111516787
12 28 0.01836265359494465
12 29 0.08162225839486292
12 30 0.05005781069941678
12 31 -0.179587565075399
12 32 -0.0674635106992794
12 33 -0.035396962648710666
12 34 0.06872558209186873
12 35 0.0036871464065358094
12 36 0.10469982446413635
12 37 -0.09761640407113228
12 38 -0.061420113353861994
12 39 -0.019464198291358502
13 13 0.0
13 14 -0.05900403998579614
13 15 -0.052027852610513146
13 16 0.18843591442494761
13 17 -0.049704155159768615
13 18 -0.03223770993025917
13 19 0.054830517586529806
13 20 0.172229264106671
13 21 0.13998889379302287
13 22 -0.14397749148348793
13 23 -0.11170061113230445
13 24 -0.021537219663518334
13 25 0.08033233463088973
13 26 0.11280064667184689
13 27 0.006138791562939518
13 28 -0.1346175419190566
13 29 -0.17529998815295264
13 30 0.03764604223562353
13 31 0.006580312289117003
13 32 0.00961133692757891
13 33 0.05599196133987877
13 34 -0.14297206064457504
13 35 0.0941503099574552
13 36 0.06021185432662225
13 37 -0.003756281970914059
13 38 -0.06662649423155088
13 39 0.0024299198655506043
14 14 0.0
14 15 -0.04051846058353668
14 16 -0.12200531608413856
14 17 0.056118140988556164
14 18 0.050728140664174005
14 19 0.01323106533934892
14 20 -0.019880071340620743
14 21 0.040576825450124414
14 22 -0.13981805900952132
14 23 0.05682943452561455
14 24 -0.23314663595641968
14 25 0.0049995385238023595
14 26 0.018257288193877307
14 27 -0.10699776593023065
14 28 0.009166828825336626
14 29 0.021449859250275725
14 30 -0.16163734258509588
14 31 -0.2176872602606353
14 32 -0.011285355085484646
14 33 -0.036293935790709206
14 34 0.12733688554682546
14 35 -0.03659698923829501
14 36 0.11944422525526635
14 37 -0.19389976235761214
14 38 0.03829445587674318
14 39 -0.08567772910111215
15 15 0.0
15 16 0.03404759239461354
15 17 0.12015644563362052
15 18 0.023174563286600093
15 19 0.02027102654287357
15 20 -0.03456063411552154
15 21 -0.018591585216469315
15 22 0.08344676241047375
15 23 -0.05265089098211321
15 24 0.03670737122221953
15 25 -0.07625458209868886
15 26 0.04643980708907744
15 27 0.10814861493558807
15 28 0.04768877668948276
15 29 0.05662458480499068
15 30 0.09940270789834593
15 31 0.1013664983066562
15 32 -0.058645609570897386
15 33 0.04793436450251899
15 34 -0.02185862170388427
15 35 -0.04504406400705355
15 36 -0.016823437149089446
15 37 -0.025329596167954948
15 38 0.08425096193477369
15 39 -0.013091827691159918
16 16 0.0
16 17 -0.026830061160794737
16 18 0.03237012941394436
16 19 0.17510229218750273
16 20 0.1713416402652788
16 21 0.08623482164773169
16 22 -0.13542071446692136
16 23 -0.15345762870322469
16 24 0.10297197812144884
16 25 0.0971127675946315
16 26 0.3023910820944456
16 27 0.08780848270684691
16 28 -0.052541322174792085
16 29 -0.07374609051346952
16 30 0.13770942099044803
16 31 0.0662331994194629
16 32 0.0022029621905611642
16 33 0.03131615022442672
16 34 -0.08616294606255605
16 35 0.08477957871185116
16 36 0.09707602939295706
16 37 -0.09492886773351229
16 38 -0.029750836053793757
16 39 -0.06708797924441048
17 17 0.0
17 18 -0.008038856400809872
17 19 -0.029817445607824018
17 20 0.014206629096181932
17 21 0.0247290924394211
17 22 0.04259799318408965
17 23 -0.06759916825654362
17 24 -0.02575522891844898
17 25 -0.07542781963485774
17 26 -0.029134667271109704
17 27 0.073499202976827
17 28 0.005567531433253014
17 29 -0.016791059204143175
17 30 0.04951777618998769
17 31 0.09494091339621688
17 32 -0.07062074901521416
17 33 0.04291266662831118
17 34 -0.03312359146459706
17 35 -0.06877473176951904
17 36 -0.006212350912221696
17 37 -0.04783991064205674
17 38 0.08478595574433442
17 39 0.008567165090047365
18 18 0.0
18 19 0.0665139610478507
18 20 -0.07245874492215756
18 21 -0.04634645367382458
18 22 0.044987198671491035
18 23 -0.08129361525542081
18 24 0.02436860531740172
18 25 0.13878215007033692
18 26 0.08393000638755857
18 27 0.036858983460213254
18 28 0.1082797927895485
18 29 0.05636906930362852
18 30 0.15123143919813595
18 31 -0.19081972868423655
18 32 -0.06646859537916497
18 33 -0.05731832565029783
18 34 0.13470871197693057
18 35 -0.033253357357888015
18 36 0.12481683612675024
18 37 -0.1384049438666079
18 38 0.0287900214999652
18 39 -0.01963703934732148
19 19 0.0
19 20 0.06419983215640859
19 21 0.04528209282783228
19 22 -0.06941910107191997
19 23 -0.046201728971988446
19 24 0.04661120395736794
19 25 0.0781111307234209
19 26 0.17198389098745365
19 27 0.07736980909566678
19 28 0.024934149807443746
19 29 0.02543667071595565
19 30 0.07285195000836704
19 31 -0.026831278033274675
19 32 -0.003057567870578425
19 33 0.005022313278984598
19 34 0.01365528630786727
19 35 0.03471897441243003
19 36 0.06392658195029069
19 37 -0.12059282312446036
19 38 -0.04395784040310504
19 39 -0.08096668594957623
20 20 0.0
20 21 0.19738704380410985
20 22 -0.08445571493911812
20 23 -0.23584489521715674
20 24 0.02891946784424227
20 25 0.03393514233468592
20 26 0.09114024364728354
20 27 0.10803719603049171
20 28 -0.13747546129241836
20 29 -0.16097433898141217
20 30 -0.045923157629716375
20 31 -0.04860063027259665
20 32 0.08420106251853972
20 33 -0.05831845811506183
20 34 -0.10204931561500936
20 35 0.12093468974082684
20 36 -0.05138287337443981
20 37 -0.07890369166430304
20 38 -0.09837691448881922
20 39 -0.013863546754693628
21 21 0.0
21 22 -0.028156060900317685
21 23 -0.11927302257146988
21 24 -0.04967916333514215
21 25 0.05501457260864442
21 26 0.0027712030155004523
21 27 0.06279618590234502
21 28 -0.18180069379979236
21 29 -0.11086347184112962
21 30 0.08295662270610206
21 31 -0.06543925379274022
21 32 -0.11127632284046748
21 33 0.0754451445287672
21 34 -0.09520221119687362
21 35 0.02915116878061974
21 36 -0.011746696960845434
21 37 -0.019043017965657247
21 38 -0.05109174992181877
21 39 0.06710231676579884
22 22 0.0
22 23 -0.001629641244626691
22 24 0.08385945083173918
22 25 -0.10302934831415278
22 26 -0.05419819775865836
22 27 0.058814146481389884
22 28 0.01099437609364999
22 29 0.1753552324602609
22 30 0.09466114131060158
22 31 -0.057492456117266375
22 32 -0.10146527380185985
22 33 -0.0034991784582220965
22 34 0.13734206550960404
22 35 -0.05731277851043689
22 36 -0.23394017056142818
22 37 0.11955940712185638
22 38 0.115018059854155
22 39 0.09690662558420834
23 23 0.0
23 24 -0.08615383484871346
23 25 0.04690302022568855
23 26 -0.1547090048240691
23 27 -0.10746905748453991
23 28 0.12720350595142363
23 29 0.15301577254585874
23 30 -0.06260840946263527
23 31 0.08025151329869766
23 32 -0.036859941413888
23 33 0.13706280926186337
23 34 0.06090783679903137
23 35 -0.15737039412280449
23 36 0.05020034358041172
23 37 0.10318874454522817
23 38 -0.060414787471788446
23 39 -0.055342768178613964
24 24 0.0
24 25 0.019448464885896154
24 26 0.05460294025071244
24 27 0.04795882651929251
24 28 0.034923696385033585
24 29 0.06827719765751547
24 30 0.10357114797762434
24 31 0.07232964721491005
24 32 0.024672294441654086
24 33 -0.11323416094250786
24 34 0.04599032668704497
24 35 0.018006897621627112
24 36 -0.06031900333915209
24 37 0.027278344119406384
24 38 0.008415738258514032
24 39 0.049877170417159084
25 25 0.0
25 26 -0.00537836307348997
25 27 -0.10283963452197029
25 28 0.021313457384354553
25 29 -0.055412194945540484
25 30 0.12716899257692954
25 31 -0.046801100242867794
25 32 -0.03739866268822547
25 33 0.07913147744921632
25 34 0.007494421147802741
25 35 -0.06857161078244894
25 36 0.12692653739605922
25 37 -0.013525980734071633
25 38 -0.13814715527671134
25 39 -0.0102995650880935
26 26 0.0
26 27 0.028940397287094917
26 28 -0.048973906514339124
26 29 0.014917682114822525
26 30 0.06220205788289015
26 31 -0.08396976507938773
26 32 0.005706877362711372
26 33 -0.057220086021914106
26 34 0.07950562361535796
26 35 0.12451695624573038
26 36 0.04977637407984713
26 37 -0.16179773187828134
26 38 0.10458266995829887
26 39 -0.09471192062463804
27 27 0.0
27 28 0.055004140823341
27 29 0.023553144776438537
27 30 0.05927330960152196
27 31 0.0733294932417901
27 32 -0.008718746381205596
27 33 0.02227547599831029
27 34 -0.08556675000820829
27 35 0.033522224474627674
27 36 -0.03739255428785208
27 37 -0.10399433308378334
27 38 -0.04600252637198599
27 39 -0.07178193030625192
28 28 0.0
28 29 0.19731717457325834
28 30 -0.013288411925049575
28 31 0.05235519648540342
28 32 0.07211225059164143
28 33 0.001435355458193448
28 34 0.052333200562568696
28 35 -0.10919855084378971
28 36 0.0830087551064692
28 37 -0.0198602125115585
28 38 -0.03393601423067873
28 39 -0.11257091691201579
29 29 0.0
29 30 0.011262743065393557
29 31 -0.04838688912058156
29 32 -0.01317407350622742
29 33 -0.01849193387903222
29 34 0.17034491683359648
29 35 -0.14349791309219823
29 36 -0.005740163204115647
29 37 0.06276510419514479
29 38 0.0682215753463422
29 39 -0.04597362591983473
30 30 0.0
30 31 0.07056658351078302
30 32 -0.18802680478866152
30 33 0.12569304620218869
30 34 -0.029536425392571074
30 35 -0.0763901124400269
30 36 0.04187751588449102
30 37 0.023068482512237927
30 38 0.036279337636162576
30 39 0.07043915579087803
31 31 0.0
31 32 -0.00642425682039359
31 33 0.15147172864045377
31 34 -0.200540876768661
31 35 -0.07802312495716301
31 36 0.02341308868889206
31 37 0.10501284549303451
31 38 -0.023789751545070664
31 39 -0.013782934054539966
32 32 0.0
32 33 -0.11787592432133258
32 34 -0.046929250620581564
32 35 0.09889722719692169
32 36 -0.014625742196797367
32 37 0.0024128191144973518
32 38 -0.07723893232163802
32 39 -0.0814380272489845
33 33 0.0
33 34 -0.15708308553590627
33 35 -0.11463462522013086
33 36 0.05097299598271741
33 37 0.10637621720717123
33 38 -0.05196689779801768
33 39 -0.027744280928538083
34 34 0.0
34 35 -0.036952428891133184
34 36 -0.046335243239355846
34 37 -0.09616497349186225
34 38 0.0948084481303381
34 39 0.0020966575372736327
35 35 0.0
35 36 -0.06608976153264112
35 37 -0.06532785609320539
35 38 -0.008725832819478056
35 39 -0.0030622021256438347
36 36 0.0
36 37 -0.08796434885596187
36 38 -0.03670896247392398
36 39 -0.07431056817330708
37 37 0.0
37 38 0.00035238790542831204
37 39 0.10777565917633174
38 38 0.0
38 39 0.0583592372779943
39 39 0.0
