0 0 0.0
0 1 0.00549229836915707
0 2 0.09786790859940282
0 3 -0.06102187739028771
0 4 0.09553997932482007
0 5 -0.020127409852883096
0 6 0.07071506199387924
0 7 -0.03150794695769779
0 8 -0.006953577059990871
0 9 0.06569244337714981
0 10 0.053194614550231
0 11 0.03274433816127685
0 12 0.04906409278795602
0 13 -0.02018886485072493
0 14 0.03075969071881997
0 15 -0.054740006404338945
0 16 -0.13067577826556348
0 17 -0.07763645129698635
0 18 0.09494082135539036
0 19 -0.11245947916121952
0 20 -0.0032694152830808503
0 21 0.0290527478048954
0 22 0.05304296678484445
0 23 -0.0982663470484676
0 24 -0.013122938293829201
0 25 0.04851782603429388
0 26 -0.07822114605600113
0 27 0.039254846002312015
0 28 -0.09460803073079549
0 29 0.014248558490105446
0 30 -0.06086789007511199
0 31 -0.03530822217889905
0 32 0.04489145364736399
0 33 -0.05822805802683103
0 34 -0.031787264740312446
0 35 -0.016997740541689992
0 36 -0.019589411220683133
0 37 -0.02203746804602067
0 38 -0.023501575930372054
0 39 0.023526955644784794
1 1 0.0
1 2 0.05685212353813107
1 3 0.23757747770596574
1 4 0.04852642137872098
1 5 0.0007561211170632132
1 6 -0.1126783836831691
1 7 -0.03544676959794317
1 8 0.11988294326931404
1 9 -0.09406460135258803
1 10 0.01674510172442152
1 11 -0.34396667100472017
1 12 -0.14140053217797832
1 13 -0.13382630724606465
1 14 -0.09648880276228212
1 15 -0.12158895903516047
1 16 -0.021823426809747533
1 17 -0.024337756480421947
1 18 0.07117119570218221
1 19 -0.1274655469756813
1 20 -0.09329347376321216
1 21 -0.0623091826371146
1 22 -0.0626339401784184
1 23 0.21000938357078044
1 24 -0.09350833493684449
1 25 0.07080616485485522
1 26 -0.15324215559901572
1 27 -0.002118565572978604
1 28 0.13293561011215294
1 29 0.13834543807411284
1 30 -0.11517302413060275
1 31 0.021365656673483967
1 32 -0.09216450206595032
1 33 0.09372832844241297
1 34 0.08179751166578657
1 35 0.017949877095390532
1 36 -0.13533103874000707
1 37 0.13674436054461198
1 38 0.06685715372789028
1 39 0.2186188186103888
2 2 0.0
2 3 0.05194215943931622
2 4 -0.11688325748957835
2 5 -0.11712164812153092
2 6 -0.11766836382788375
2 7 0.01863737929636077
2 8 0.06445991876563968
2 9 0.02444192642487201
2 10 -0.029530435526623135
2 11 0.251856377013786
2 12 0.036040544314810394
2 13 -0.001394756337616307
2 14 0.08317867942695999
2 15 -0.03258537457868499
2 16 0.08962197855940204
2 17 0.012777908519771359
2 18 -0.07172543376362904
2 19 -0.17256367451857363
2 20 -0.04340124911846978
2 21 0.14265453374313272
2 22 -0.012042987238858695
2 23 -0.018419700497099133
2 24 0.020429059177524155
2 25 -0.023877864387023228
2 26 -0.014353922092745764
2 27 0.09270311943326617
2 28 -0.05694480857193338
2 29 0.1558913409971327
2 30 -0.17516470192852782
2 31 0.20495320685054214
2 32 -0.08099313414502421
2 33 -0.09565948571718796
2 34 0.05209705584031708
2 35 0.11371677264230488
2 36 -0.1622634315098538
2 37 0.10220421430083138
2 38 0.09376399182332076
2 39 0.2074955343709605
3 3 0.0
3 4 0.06738110962972385
3 5 0.032442864533256156
3 6 0.07498324903139572
3 7 -0.04971668000359726
3 8 0.0712711615814283
3 9 0.0032725664245361495
3 10 -0.24545447565100104
3 11 -0.18884006966957428
3 12 -0.18175031496912175
3 13 -0.08563528755094138
3 14 -0.03373324995943868
3 15 -0.005870859157165964
3 16 0.035154412255315244
3 17 0.030799913106021905
3 18 -0.018451892220258767
3 19 0.15028703392856954
3 20 -0.14268845448723358
3 21 -0.30285733423098316
3 22 -0.1282191314628622
3 23 0.06577387450406913
3 24 0.08346467951185188
3 25 -0.029159476787539523
3 26 -0.22123253432292414
3 27 -0.06334146771247737
3 28 -0.12435439565481658
3 29 0.09000748615785427
3 30 -0.18925306751226617
3 31 0.15817318015771537
3 32 -0.42555507628924677
3 33 0.23751303746949093
3 34 0.21291604510767104
3 35 0.15368950111929053
3 36 0.0721371089861889
3 37 -0.013537813187090195
3 38 0.14356259864158638
3 39 0.20621444294210187
4 4 0.0
4 5 -0.0812280517790975
4 6 -0.050622918623962274
4 7 0.05010639160334477
4 8 0.08116365337912836
4 9 0.09977047157439997
4 10 0.12839842790148398
4 11 0.031224080978130214
4 12 -0.11429417773824924
4 13 -0.11656519940989903
4 14 0.021236579610999527
4 15 0.03662829883069277
4 16 -0.09388320797246716
4 17 -0.011005808884463338
4 18 0.050493078922061375
4 19 0.06254786711739177
4 20 0.06539612640041761
4 21 -0.18478550466727467
4 22 -0.13742990266497593
4 23 -0.10131060752904053
4 24 0.07220951911231734
4 25 0.01903280504974382
4 26 -0.06842273034033335
4 27 -0.08162642825101109
4 28 -0.12501059177036855
4 29 -0.15112010793024394
4 30 -0.1315257068946129
4 31 0.09273093082070752
4 32 0.10133207272042521
4 33 -0.0715424735136435
4 34 -0.08527303361355476
4 35 -0.11338610480769343
4 36 0.05492776616537881
4 37 -0.0722560608566077
4 38 0.040155371420357765
4 39 0.040192287094755405
5 5 0.0
5 6 0.08724542924574831
5 7 -0.05408923456216301
5 8 -0.006029332105145146
5 9 0.29536563345246636
5 10 0.229337565320671
5 11 -0.24963241025725963
5 12 -0.04838974045981785
5 13 0.33479397692312146
5 14 0.0220533867486819
5 15 -0.03996650825000538
5 16 -0.02180510136903874
5 17 -0.11951986334845008
5 18 0.15142506316328944
5 19 -0.11396763921211958
5 20 -0.1357211811812551
5 21 -0.10314452927218372
5 22 0.20632495275040688
5 23 0.0719044896628244
5 24 -0.12680916826195365
5 25 0.017364035479350864
5 26 -0.12446458738322637
5 27 0.043722400872181925
5 28 -0.14129501100871936
5 29 -0.006687274546521361
5 30 0.0858504484408554
5 31 -0.22840924425766485
5 32 -0.016876774979918952
5 33 0.02595825688280835
5 34 0.0396520443557815
5 35 -0.05463573737304293
5 36 -0.21683783887442246
5 37 0.00567142937714471
5 38 0.021112282589653468
5 39 -0.013530098621860196
6 6 0.0
6 7 -0.1320363777780009
6 8 0.029714549896710886
6 9 -0.04770669567867352
6 10 -0.001782391645411409
6 11 -0.16837222146172642
6 12 0.006433973096813535
6 13 0.017035319387057372
6 14 -0.05536778382049658
6 15 -0.09814266300186465
6 16 -0.07148694620128013
6 17 0.03698252328755314
6 18 0.0723447461439607
6 19 -0.06814687971512995
6 20 0.03192932204687615
6 21 0.01646459216337552
6 22 0.12042421676670796
6 23 -0.03758507707820406
6 24 0.029428630609027184
6 25 -0.11188646377214935
6 26 -0.12189499498361855
6 27 -0.01448109283691874
6 28 -0.08113583990333327
6 29 0.04779965091897334
6 30 0.03749621057377815
6 31 -0.1159068920679948
6 32 -0.1571520284714601
6 33 0.10565725860046407
6 34 0.03905519602542073
6 35 0.15191624559106337
6 36 0.14935735162904573
6 37 -0.014795727591415583
6 38 -0.057965009569702165
6 39 -0.16802150920518627
7 7 0.0
7 8 0.11757637046420118
7 9 -0.13364153100642504
7 10 -0.001364528392951727
7 11 0.22975949485249053
7 12 -0.010801644837732199
7 13 0.12522316142945686
7 14 -0.006756233547831819
7 15 0.06274446716740911
7 16 0.0030187374607042656
7 17 0.09347446776332738
7 18 0.03268714721407369
7 19 0.04012755172257855
7 20 0.07798198911668783
7 21 -0.10250825758480495
7 22 0.009755938443491438
7 23 -0.02373467275561729
7 24 0.03937741499403119
7 25 0.003098490111913527
7 26 -0.061247531023671586
7 27 -0.052059382905689
7 28 -0.045325213083877755
7 29 0.05294868771593669
7 30 -0.03153738898959878
7 31 0.03384206612618471
7 32 0.09829602272828897
7 33 -0.025206043898265362
7 34 -0.0834734356312186
7 35 -0.034460951464751595
7 36 -0.00902120524307827
7 37 0.051558192288169755
7 38 0.057654113902958784
7 39 0.0721857867056778
8 8 0.0
8 9 -0.0679965887245774
8 10 0.003802471964932802
8 11 0.09688228425408832
8 12 0.02514554356922748
8 13 0.014650469039108684
8 14 -0.08438471774227664
8 15 0.09757245002993517
8 16 0.01789075928365909
8 17 0.07786941187147459
8 18 -0.0085162032751484
8 19 -0.12940508839027626
8 20 0.01529616337462816
8 21 -0.14800394744325376
8 22 -0.03986413956284347
8 23 0.05212657233429161
8 24 -0.02095012242891934
8 25 -0.02379738154018755
8 26 -0.273562964432226
8 27 -0.05747580969464833
8 28 -0.03416482824556809
8 29 0.0455045040241079
8 30 -0.13027971156695678
8 31 0.08439513281714918
8 32 0.009649418726031377
8 33 0.09780244517295335
8 34 -0.12199683746376659
8 35 0.003087533189365921
8 36 -0.11919818561736158
8 37 0.16561235397469828
8 38 -0.054614566563001496
8 39 0.1414945847288737
9 9 0.0
9 10 0.16482448174779857
9 11 -0.1625555241722199
9 12 0.01970956790718562
9 13 0.1017478995941056
9 14 0.0651906257366502
9 15 -0.06785550293057899
9 16 0.03354933859360555
9 17 -0.2059569748941911
9 18 0.005312678951857911
9 19 -0.06975379453931588
9 20 -0.11304693368154954
9 21 -0.0029446081111905885
9 22 0.003825863437095082
9 23 -0.05211110598473503
9 24 -0.06687470720498354
9 25 -0.014314379409055967
9 26 0.01632901130414761
9 27 0.11012612246559864
9 28 -0.20567346904868017
9 29 -0.12851017923177893
9 30 -0.05153358918212605
9 31 -0.01130354704547276
9 32 0.08014118691257872
9 33 -0.02810682738538552
9 34 0.011676153540181883
9 35 -0.18964375714665255
9 36 -0.07690374237389874
9 37 -0.07470057924444166
9 38 0.05173225449977821
9 39 0.03627184842429895
10 10 0.0
10 11 -0.16133434096252017
10 12 0.05030358962345227
10 13 0.17499482337281233
10 14 0.079913022354918
10 15 -0.0543241313687986
10 16 -0.08896071497608957
10 17 0.1452688969346003
10 18 -0.01957235896569725
10 19 -0.1958531759613022
10 20 0.11692144059011096
10 21 -0.21148221506289594
10 22 0.02854936289984175
10 23 -0.1323440616314481
10 24 0.017275519759536694
10 25 -0.05378555925334959
10 26 0.05743500306713443
10 27 0.08060815028697702
10 28 -0.026511660241713114
10 29 -0.09380903838440954
10 30 -0.04620770370632493
10 31 -0.025666066861650773
10 32 0.23556326199268818
10 33 0.00767282864715504
10 34 -0.06549095681068638
10 35 -0.24890886958632277
10 36 -0.09618776779719278
10 37 -0.09043826367954537
10 38 -0.006234163617421138
10 39 0.0035218231766670923
11 11 0.0
11 12 0.15580569004997286
11 13 0.17579234424132312
11 14 0.1262790370315362
11 15 0.2735899895810214
11 16 -0.02723026436018039
11 17 0.03803320242403187
11 18 -0.05969438063054723
11 19 0.07284831385512855
11 20 0.1440163104667087
11 21 0.00575163556269572
11 22 0.04217385178523074
11 23 -0.04683088953825108
11 24 0.1483590513371444
11 25 -0.009025465464491162
11 26 -0.03570238024450308
11 27 -0.12791228276536468
11 28 -0.0377579004953491
11 29 -0.00042325265674598815
11 30 0.10348028386126351
11 31 0.13725469407795238
11 32 0.13705489797295045
11 33 -0.22470324831615468
11 34 -0.060560839486698215
11 35 0.014445626364400882
11 36 -0.05626678338332049
11 37 -0.07363034168860925
11 38 -0.13613969020466996
11 39 0.03269219859702313
12 12 0.0
12 13 -0.012790400720140163
12 14 0.05029356228860826
12 15 0.12944376675442756
12 16 -0.16508286397289332
12 17 -0.03949165275326807
12 18 -0.01495409902861472
12 19 -0.10777063280284989
12 20 0.10926685348862208
12 21 -0.054438249816821105
12 22 0.09970563698042817
12 23 -0.15790399474413522
12 24 0.15335693179639254
12 25 -0.1065474161207816
12 26 -0.04669465425384212
12 27 0.03093054639746264
12 28 0.05962649841860458
12 29 0.17987053501137554
12 30 0.12290906204822856
12 31 -0.14452404053473383
12 32 0.09887341454768361
12 33 0.20221071659241557
12 34 -0.13709520069873624
12 35 -0.11497578944560816
12 36 0.0571092904783667
12 37 -0.1436079200383837
12 38 -0.21133226823003182
12 39 -0.017629714058400785
13 13 0.0
13 14 0.021745242968247754
13 15 0.0344775978582517
13 16 0.00690595827871496
13 17 0.053024998180149566
13 18 0.022038407107022782
13 19 -0.03232339950205972
13 20 0.05895363083547963
13 21 -0.11757890918990348
13 22 0.24133908464745132
13 23 0.1043603453929925
13 24 -0.1532627893214515
13 25 -0.1303420863526098
13 26 -0.23330380788176278
13 27 0.06388703500119941
13 28 -0.15097488578016693
13 29 0.07757804954728151
13 30 -0.02026848337595965
13 31 0.030291045911980778
13 32 0.008677641790372509
13 33 -0.016061341484742673
13 34 0.10714730174521787
13 35 -0.15685491934725365
13 36 -0.051157863459493046
13 37 -0.010024713472278407
13 38 0.05405207256308932
13 39 0.07560113356434471
14 14 0.0
14 15 0.05608991838363754
14 16 -0.0323267378297852
14 17 0.07404651026627575
14 18 0.1350475331169297
14 19 -0.18052691056897577
14 20 -0.07826764284732178
14 21 -0.07373491938363441
14 22 0.07762216821651907
14 23 -0.008204818424864105
14 24 0.06851404085375852
14 25 0.09144120646741608
14 26 0.06997011308748217
14 27 0.028618976317110894
14 28 0.10473262457724926
14 29 -0.07001950246770852
14 30 0.06866877757027144
14 31 0.021116726445362246
14 32 0.23451260551867764
14 33 -0.22110981364232743
14 34 -0.03638315703402006
14 35 0.05180237080611193
14 36 -0.07269159458984462
14 37 -0.0947917313128891
14 38 -0.027255750101175667
14 39 -0.020212802354698432
15 15 0.0
15 16 -0.013390048646822025
15 17 0.09391439469642762
15 18 -0.0429426805474377
15 19 0.15562521388157424
15 20 0.1372493844242186
15 21 -0.1147686110169555
15 22 -0.08061781883548942
15 23 -0.06482863281062279
15 24 0.007407807583545323
15 25 0.017735219909510463
15 26 -0.09644184009819248
15 27 -0.01323493783686607
15 28 0.09296392529125429
15 29 0.004492127520968612
15 30 -0.10878026864932984
15 31 0.11328171121633476
15 32 -0.08179740642172559
15 33 -0.09355166114272975
15 34 -0.12249025160454885
15 35 0.09308690124544561
15 36 -0.08623443205543077
15 37 0.034279316792240735
15 38 -0.05065081851883073
15 39 -0.0430234198043143
16 16 0.0
16 17 0.029603642893386063
16 18 -0.10709694572377508
16 19 0.04408029896658209
16 20 0.02192192233490592
16 21 0.1665477715221784
16 22 -0.05920104995300869
16 23 0.1589037196730489
16 24 -0.11415329092583446
16 25 -0.011370037798004815
16 26 0.09675594450285525
16 27 -0.0281381726758979
16 28 -0.004534287422762703
16 29 -0.0292897461949298
16 30 -0.08615860806284133
16 31 0.07789544615784441
16 32 -0.06325250275329604
16 33 -0.030248761643344745
16 34 -0.03976372583936169
16 35 0.018454256104557403
16 36 -0.0060156055992578675
16 37 0.11452623095778221
16 38 0.16451334890014055
16 39 0.06931611557245199
17 17 0.0
17 18 -0.06692226975608304
17 19 -0.060601100784587004
17 20 0.08170904119967186
17 21 -0.22244822772452033
17 22 -0.05833962021885878
17 23 -0.06654456817877932
17 24 0.03459861871141041
17 25 -0.0409579594746809
17 26 -0.0017647820495578226
17 27 0.014791757777475888
17 28 0.11468321584008193
17 29 -0.020264063847816205
17 30 -0.1361953116348597
17 31 0.17964595179970724
17 32 0.043199983344806944
17 33 0.03621974310378308
17 34 -0.02621519206992861
17 35 0.04973777037458151
17 36 0.04606509414440451
17 37 0.018809409212823557
17 38 0.035877802226805935
17 39 0.026977259506654527
18 18 0.0
18 19 -0.29383802707689155
18 20 -0.19745320302509523
18 21 -0.058910117773350756
18 22 0.25811538577958687
18 23 -0.01702154037740538
18 24 -0.12290248120321075
18 25 0.12050577063615253
18 26 -0.03901512765784336
18 27 -0.02951289363105425
18 28 0.12295485627692371
18 29 0.07901907924267827
18 30 0.11104604289331547
18 31 -0.21654801470247068
18 32 0.07502159824108387
18 33 -0.18183088421213484
18 34 0.016443267487701935
18 35 0.2523320670128725
18 36 -0.14342918577470995
18 37 0.060943957824569274
18 38 0.11732729489995306
18 39 0.12878897658319974
19 19 0.0
19 20 0.19801401807306668
19 21 0.09385582947840762
19 22 -0.16722064468633763
19 23 -0.061057988225993454
19 24 0.12856150926531812
19 25 -0.12529935553924315
19 26 0.04023636250514282
19 27 -0.07591802053542202
19 28 -0.1740816680623955
19 29 -0.05776161574421498
19 30 -0.03046148883520316
19 31 0.1014422218064783
19 32 -0.36703808968495283
19 33 0.06084359549183928
19 34 0.014913541138375045
19 35 -0.06455024983694953
19 36 0.26322461235233857
19 37 -0.06663995460111974
19 38 0.029679743311887986
19 39 -0.1757418815262389
20 20 0.0
20 21 0.017761644155245133
20 22 -0.09270984690606618
20 23 -0.019877697612487026
20 24 0.13803283270709668
20 25 -0.13095799781421058
20 26 0.027361194847727026
20 27 -0.029044494299024715
20 28 -0.016757449986139657
20 29 0.07732875390001671
20 30 -0.048537496689852015
20 31 0.027432247547099407
20 32 -0.011446320514958952
20 33 -0.02313808423489333
20 34 -0.12783638751302306
20 35 -0.12402423686726105
20 36 0.13613939603240266
20 37 -0.04774262291231858
20 38 -0.03329880613767714
20 39 -0.1728209850212215
21 21 0.0
21 22 0.053343523883874
21 23 0.14918740511845777
21 24 -0.07781228003222454
21 25 0.0024721463704494135
21 26 0.1453238671583133
21 27 0.03232804001163429
21 28 -0.0031299238755398196
21 29 0.04388725872294126
21 30 0.09908679135954908
21 31 -0.07941921921829244
21 32 -0.03376601441542931
21 33 -0.19972873818641196
21 34 -0.045753518163351846
21 35 0.08423346761599379
21 36 0.047197564765954145
21 37 0.10342759213836965
21 38 0.011030075115911264
21 39 -0.187582046170169
22 22 0.0
22 23 0.03662318796496979
22 24 -0.03844414262110976
22 25 -0.012487281136884056
22 26 -0.04438845334691943
22 27 0.004845694636816429
22 28 0.07262602199963353
22 29 0.046872366737982514
22 30 0.2799222239815039
22 31 -0.2149661345919076
22 32 -0.005199566060301882
22 33 -0.12861992448548515
22 34 0.0005695470191226844
22 35 0.05614690762959142
22 36 -0.06913571809090135
22 37 0.016756078378229233
22 38 -0.07468431630218371
22 39 0.03669238988649199
23 23 0.0
23 24 -0.07472448176761437
23 25 0.05399298952303892
23 26 -0.1264587798010579
23 27 -0.06299576907884599
23 28 0.09040106914710339
23 29 0.05834663672005016
23 30 0.08593265500313597
23 31 -0.026071897977283286
23 32 0.10333749188996047
23 33 -0.08864482575971422
23 34 0.026190417381251378
23 35 -0.022757564711268503
23 36 -0.06788247111756299
23 37 0.06513565500250774
23 38 -0.040465860220632796
23 39 -0.0384003682188382
24 24 0.0
24 25 -0.06481125296198074
24 26 0.10389819855882801
24 27 -0.05556930721159514
24 28 0.01605808009549716
24 29 -0.011637485486958182
24 30 0.21586896577774417
24 31 -0.021669409901871873
24 32 0.05531506689058106
24 33 -0.009793524189801436
24 34 -0.05301977767367126
24 35 -0.06830888152904611
24 36 0.13264009414448874
24 37 -0.16970299130971792
24 38 -0.18294536363978242
24 39 -0.15274147072058233
25 25 0.0
25 26 0.04975512649383742
25 27 -0.013581219237199562
25 28 0.09198034969754103
25 29 -0.08523518522715146
25 30 0.04626779662911259
25 31 -0.10166381485152301
25 32 0.19743417023121887
25 33 -0.11825112711404136
25 34 -0.06848881876621037
25 35 0.03581402531452728
25 36 -0.1673866734392853
25 37 0.02223029520018264
25 38 -0.043638971091771527
25 39 0.0029412655354802532
26 26 0.0
26 27 0.032443645157658796
26 28 0.2089682504943399
26 29 -0.12984836497377605
26 30 0.24927090933879895
26 31 -0.09839088299311316
26 32 0.10789983180479697
26 33 -0.14033834376695392
26 34 0.023173781364148858
26 35 0.008081266980937146
26 36 0.019662366176759795
26 37 -0.08555906670365523
26 38 0.02027210020854945
26 39 -0.10242041856224042
27 27 0.0
27 28 0.03557123292047898
27 29 0.03364651517338916
27 30 -0.07335749479818253
27 31 0.06427490052915517
27 32 0.013910160443236253
27 33 -0.0029940760629803545
27 34 0.05365420286985079
27 35 -0.03435322912066228
27 36 -0.025978374941264055
27 37 0.028573327805515157
27 38 0.024590813858388287
27 39 0.01869443996772739
28 28 0.0
28 29 0.02065437861687473
28 30 0.24739501481358928
28 31 -0.05794386556033517
28 32 0.10754084610129891
28 33 -0.155014448499933
28 34 0.005923968619854195
28 35 0.13441328828688243
28 36 -0.11350277780708802
28 37 0.05494664274619175
28 38 -0.12000081764923902
28 39 0.01470787238730677
29 29 0.0
29 30 -0.07626219133337149
29 31 -0.047928785681719197
29 32 -0.15488981392894463
29 33 0.1338158314665982
29 34 0.10305609327036853
29 35 0.1315455457981282
29 36 -0.003890673921449716
29 37 0.06472556271803627
29 38 0.10894655315824915
29 39 0.09312227532107206
30 30 0.0
30 31 -0.3452795243324722
30 32 0.15149136309189198
30 33 -0.12760491337719737
30 34 0.012645800737620987
30 35 -0.05724281051797577
30 36 -0.024262577414176135
30 37 -0.12956323142124146
30 38 -0.3098819097088325
30 39 -0.1398262155393685
31 31 0.0
31 32 -0.09312849015994573
31 33 -0.016421333216161703
31 34 0.06563169585336347
31 35 -0.00006605263331866812
31 36 0.0752394377491639
31 37 0.04911977768590075
31 38 0.11476628680897823
31 39 0.11560727702820024
32 32 0.0
32 33 -0.19304528826167805
32 34 -0.19449535078840852
32 35 -0.25563692246132924
32 36 -0.09423648568536191
32 37 -0.12713096078990818
32 38 -0.17126369029365723
32 39 -0.13850662718687873
33 33 0.0
33 34 0.14919188014578513
33 35 -0.148772882434861
33 36 0.14256572149826222
33 37 -0.06104202917768344
33 38 0.01550826370586011
33 39 0.16142661180809792
34 34 0.0
34 35 0.06172761019879132
34 36 0.03322984383924301
34 37 -0.06265624295942601
34 38 0.11468701419727172
34 39 0.1565276462466682
35 35 0.0
35 36 -0.08013572959556033
35 37 0.1580691208617486
35 38 0.14795859964471822
35 39 -0.006194629686974569
36 36 0.0
36 37 -0.1371542594510497
36 38 0.02516928984772207
36 39 -0.1355493927865759
37 37 0.0
37 38 0.0952608013433241
37 39 0.09630142949111904
38 38 0.0
38 39 0.18265529071227918
39 39 0.0
