0 0 0.0
0 1 -0.07044241196100323
0 2 0.13249916469049275
0 3 -0.08676704382061902
0 4 -0.09096458348647635
0 5 -0.047173507289167915
0 6 -0.03175773795996065
0 7 0.05754744726601928
0 8 0.028909111772919667
0 9 0.0026740147959524573
0 10 0.06229896202592329
0 11 -0.018925059252246617
0 12 -0.13331162554481107
0 13 -0.012451501851925555
0 14 -0.18824732932481192
0 15 0.003008520491140643
0 16 0.04918061255075189
0 17 -0.008644011992574158
0 18 0.07886132940446142
0 19 0.1297477510848082
0 20 0.024796764217335128
0 21 -0.04682218076504156
0 22 -0.09849701073341498
0 23 -0.07524560426261905
0 24 0.0009416101428350157
0 25 0.026079706573848133
0 26 -0.08289622417246806
0 27 -0.05456761682300186
0 28 0.0193333063500419
0 29 0.05655878930282854
0 30 0.05170226110503297
0 31 0.03743142538522994
0 32 -0.07436205624180044
0 33 0.037526588126352386
0 34 -0.01881816569876548
0 35 -0.02209958188174512
0 36 0.022104232975592643
0 37 0.125392334168713
0 38 -0.19911772891103952
0 39 -0.10901360068393218
1 1 0.0
1 2 0.007267507050661344
1 3 0.0005561833500272019
1 4 0.10580711510485188
1 5 -0.05819144875292211
1 6 0.09370015751858542
1 7 0.10568767384169679
1 8 -0.007493910945257089
1 9 0.022631351344869315
1 10 -0.17188863809912905
1 11 -0.05712477577131368
1 12 0.03125656922956251
1 13 0.07556360345835306
1 14 0.1187546151720978
1 15 -0.12722319694689954
1 16 -0.0004245636191755685
1 17 0.06410402757408676
1 18 -0.017657883157958486
1 19 0.07515794563924376
1 20 -0.008209257406933622
1 21 0.06194123311593661
1 22 0.04952998914131836
1 23 0.005673421770802988
1 24 -0.08912175302712462
1 25 -0.07898605926609839
1 26 -0.05901604741264914
1 27 -0.10886448004731211
1 28 0.08926896068501401
1 29 0.2238252633292413
1 30 -0.014851264213516244
1 31 0.09159295411176319
1 32 0.0019959548146650076
1 33 -0.15330971391092785
1 34 -0.16885210949736273
1 35 0.20028574149646783
1 36 -0.1199965113490937
1 37 -0.05311810601238354
1 38 0.07334899062043629
1 39 0.0647043623078436
2 2 0.0
2 3 -0.04656154090925832
2 4 -0.056357668043431564
2 5 -0.09880479422416502
2 6 -0.013856935416733121
2 7 0.0034643174178100146
2 8 0.07780998819070517
2 9 0.08347495562320342
2 10 0.00449294730325591
2 11 -0.022473768863041
2 12 -0.04212301277413709
2 13 -0.1329604187273449
2 14 -0.08942634246960102
2 15 0.1194291562926832
2 16 0.011863128266756739
2 17 -0.008105680984975779
2 18 -0.029199972455762235
2 19 -0.0026954618537059264
2 20 -0.07697923127031461
2 21 -0.10611428613106968
2 22 -0.025812088487470592
2 23 -0.09560257253593016
2 24 0.01898549109857321
2 25 0.08361374989010181
2 26 0.013008311576230567
2 27 0.1652085682550208
2 28 -0.04016082954863531
2 29 -0.0494730548795139
2 30 0.008741915397949733
2 31 0.04817356204607104
2 32 -0.13047369882931145
2 33 0.04132172218801572
2 34 0.05898318608190266
2 35 0.1486498143546237
2 36 -0.04519197772700548
2 37 -0.02305727051897102
2 38 -0.026927355697355815
2 39 -0.2408386918885362
3 3 0.0
3 4 0.037360303123910026
3 5 -0.050034562221391375
3 6 0.00966828317777742
3 7 0.10510279689672612
3 8 -0.09332470160506828
3 9 -0.048450457011922965
3 10 -0.06737543793039612
3 11 -0.059801537950432394
3 12 0.029154715943940923
3 13 0.008756587117520077
3 14 0.019654262730744814
3 15 0.015419044187580073
3 16 0.0227850273567635
3 17 -0.06769887448053134
3 18 -0.02458678899661406
3 19 -0.00026550304853716533
3 20 0.09267683708658868
3 21 0.030679911006409107
3 22 0.09660420647959603
3 23 0.04264819504021156
3 24 -0.05112274861571943
3 25 -0.004893532421120003
3 26 0.03097275515585694
3 27 -0.019050057486039773
3 28 -0.0027471590803452217
3 29 -0.08747410494404717
3 30 0.059886745459393584
3 31 0.0008179845913551586
3 32 0.006969856129851709
3 33 -0.07623359578428757
3 34 0.037057240954130384
3 35 0.034791307572105266
3 36 0.021369299274616387
3 37 -0.05066829205901913
3 38 -0.04897611527918836
3 39 -0.029694324719610636
4 4 0.0
4 5 -0.04884928102582678
4 6 0.08053378483002918
4 7 -0.019739160531901157
4 8 -0.013462122904822113
4 9 -0.11482979691237778
4 10 -0.12405433239899484
4 11 -0.07589045505395878
4 12 -0.13980963908061678
4 13 0.06964412371249942
4 14 0.031380294306640896
4 15 -0.03574425689789863
4 16 0.035232017276581616
4 17 0.18221530858949203
4 18 -0.06804881669309788
4 19 -0.02971334178406026
4 20 -0.055626551464018514
4 21 -0.010021432433168675
4 22 0.13915272301047035
4 23 0.03454568057857174
4 24 -0.008269451710294405
4 25 -0.049674447092659425
4 26 -0.12077903450255076
4 27 0.1396409437960995
4 28 -0.039545748323630135
4 29 -0.025662301391585336
4 30 -0.03976659549825298
4 31 0.01885494948821781
4 32 -0.19029036211093073
4 33 -0.028469382532518257
4 34 -0.023462269739792013
4 35 0.04631022549788334
4 36 0.008434705692388682
4 37 0.02609556095711717
4 38 0.0264905842948605
4 39 0.038668912837512386
5 5 0.0
5 6 -0.13896774412433455
5 7 0.0070450448990585736
5 8 0.02047132953831251
5 9 0.06786336535987912
5 10 0.11713591478844117
5 11 0.07201406210232843
5 12 -0.013775822421844611
5 13 0.014437866118784023
5 14 0.17093206060810034
5 15 -0.06011543167352419
5 16 0.01641381519661113
5 17 -0.09617486034103695
5 18 0.2724770181904915
5 19 0.059266321779791596
5 20 0.025371820065735823
5 21 0.10316366241275148
5 22 -0.11970320123030238
5 23 0.10405871816984957
5 24 0.045915783958053076
5 25 0.01977222427144793
5 26 -0.12375361641582958
5 27 -0.09438925726741605
5 28 0.07407475690474327
5 29 0.12260531297870769
5 30 0.051239523706517145
5 31 -0.1320446218959
5 32 0.14802531186657922
5 33 0.05576449472687132
5 34 0.05059922363885326
5 35 -0.2056525815543512
5 36 -0.12539537788562402
5 37 -0.007619189321551907
5 38 -0.10572426466390503
5 39 0.033477060335276705
6 6 0.0
6 7 0.039386019110025726
6 8 0.03812867139472233
6 9 -0.031686325333184565
6 10 -0.0776213307417025
6 11 -0.007777609580031042
6 12 0.022300764346925003
6 13 0.050403305789860006
6 14 -0.008351374752865588
6 15 -0.04827906706879122
6 16 -0.000017001430555054664
6 17 0.06399043516049771
6 18 -0.07562015437252569
6 19 -0.06395067789318488
6 20 0.028534195771763877
6 21 -0.07751006179580228
6 22 -0.0023180397605628237
6 23 0.005297392883142123
6 24 0.026906547412728698
6 25 -0.002670866537231248
6 26 0.004555813480994463
6 27 0.056981071216485726
6 28 -0.019859483028097653
6 29 0.11455998353339229
6 30 -0.0821221967238896
6 31 -0.01792941401459208
6 32 -0.12981781356744262
6 33 -0.026211441604366965
6 34 -0.080525140812928
6 35 0.07780610223803185
6 36 -0.0724500706315277
6 37 -0.04748574001526066
6 38 0.0566997702426421
6 39 0.016104848044860155
7 7 0.0
7 8 -0.04649687941209252
7 9 0.012660092933011605
7 10 0.07696468012949312
7 11 -0.01600196354271686
7 12 -0.03111111133956342
7 13 0.11270538847237026
7 14 -0.021241791401917343
7 15 -0.06763657939940723
7 16 0.14616341211129835
7 17 -0.0927924257335507
7 18 0.09185174883593862
7 19 0.03743433255789477
7 20 0.10281960737555706
7 21 0.022323061722584227
7 22 -0.05356067446974098
7 23 0.013972963919053593
7 24 0.07076163974626909
7 25 -0.00948395191839001
7 26 -0.12516851871110862
7 27 -0.11286521499936608
7 28 0.1333874703708216
7 29 0.21043322587134683
7 30 0.0728050224471413
7 31 0.006145206890452164
7 32 -0.0462939907673466
7 33 -0.09776316157951268
7 34 -0.09007215227224838
7 35 0.0635770611825846
7 36 -0.1893243407322688
7 37 -0.1077941938232744
7 38 -0.16483957143170994
7 39 -0.07016855744563372
8 8 0.0
8 9 -0.01643003139150814
8 10 0.09108899079342984
8 11 0.1269950080322298
8 12 -0.022979578552979434
8 13 -0.10101475067952215
8 14 -0.009171263826101995
8 15 -0.018417416687021324
8 16 -0.05189355346539173
8 17 0.14553257558153146
8 18 0.13617303324394714
8 19 -0.02621211086602112
8 20 0.022042611013200614
8 21 -0.052680719151388014
8 22 -0.15243372340216155
8 23 -0.12682783301127892
8 24 0.1790108226308384
8 25 0.13284439276943766
8 26 -0.21545589441873148
8 27 0.06666795509132543
8 28 -0.13328975749863936
8 29 0.04148509738113898
8 30 -0.08953536625918876
8 31 -0.16457534067644553
8 32 0.027490407084609196
8 33 0.08767683351908181
8 34 -0.05246836564484647
8 35 -0.11276118766762824
8 36 -0.12655782744635974
8 37 -0.016486354157132132
8 38 0.05652623469460928
8 39 -0.06081959706826547
9 9 0.0
9 10 0.10995932826385717
9 11 0.03832649951416058
9 12 0.21709142988978156
9 13 -0.057551336462114674
9 14 -0.01908770230826752
9 15 -0.0293655560268904
9 16 -0.017950730318013336
9 17 -0.10886505180246764
9 18 -0.02024089522391866
9 19 -0.09635793956899005
9 20 -0.07120203629437839
9 21 -0.0474066819476843
9 22 -0.14416485998714043
9 23 -0.02136805179857599
9 24 0.052408010319320165
9 25 0.02728774981956279
9 26 0.06483869140079433
9 27 -0.005623296336013028
9 28 0.04950375279162109
9 29 0.02387156311582028
9 30 -0.06215805160495278
9 31 0.05321916635990316
9 32 0.12179445805447683
9 33 -0.07101993340422205
9 34 0.050258398825595726
9 35 0.11067066723552979
9 36 -0.016066646695873488
9 37 -0.06329137888113613
9 38 0.09098987387385099
9 39 0.023471750266605754
10 10 0.0
10 11 0.06344309270942056
10 12 -0.06276167386181505
10 13 0.10027680003582728
10 14 -0.08576385575703832
10 15 0.03149441833427854
10 16 0.12370249421998465
10 17 -0.03293403554490949
10 18 0.18113731992149312
10 19 -0.2105696411081134
10 20 -0.12838562763543587
10 21 0.03134724561459115
10 22 -0.2541499157275139
10 23 -0.11888980617445802
10 24 0.32030561305518324
10 25 0.06261898565391455
10 26 -0.06543419648403243
10 27 0.08730232141583943
10 28 0.09146257697916109
10 29 -0.004432586204224467
10 30 0.05883005857147292
10 31 0.00749685918036565
10 32 -0.0473015101768613
10 33 0.10837372882524221
10 34 0.009168639397329554
10 35 -0.12684389823144396
10 36 -0.18893554319048345
10 37 -0.1103342992628888
10 38 0.15166100417543185
10 39 0.02727235719113203
11 11 0.0
11 12 0.09800213954879898
11 13 -0.07336791108527495
11 14 0.010282154273131611
11 15 0.009362873422333457
11 16 -0.010209020257553502
11 17 0.021328507153039224
11 18 -0.019086996162011767
11 19 -0.03274505461718951
11 20 -0.008482360317956558
11 21 -0.05315648163182045
11 22 -0.08007341032592093
11 23 -0.030474900522823097
11 24 0.13846465733922364
11 25 0.08010166956747886
11 26 -0.13830063743996576
11 27 -0.030527580967541296
11 28 -0.013880286769332539
11 29 0.02390159154572576
11 30 -0.1015020753192446
11 31 -0.1126964266841175
11 32 0.17259314460038916
11 33 0.05713470506588329
11 34 0.031178483970643926
11 35 -0.10911029795725058
11 36 0.02675538649129249
11 37 -0.035909330729112496
11 38 -0.027225844024032907
11 39 0.06351692593411716
12 12 0.0
12 13 -0.16001773633363287
12 14 0.058821932299430536
12 15 -0.06974561846472163
12 16 -0.13421451201221907
12 17 -0.155333194478216
12 18 -0.14987194949577493
12 19 -0.11466198528430074
12 20 0.09290744103761521
12 21 -0.0494272441411482
12 22 -0.04967518060157437
12 23 -0.008582356275223722
12 24 -0.05545569282956638
12 25 -0.024840714596412187
12 26 0.2280361249856336
12 27 -0.04238383062919062
12 28 -0.07117073177483778
12 29 -0.00688595844256918
12 30 -0.14722924100404497
12 31 0.03612447855956288
12 32 0.33204548057309563
12 33 -0.041263195154534825
12 34 0.02244642895711236
12 35 0.09639576099752203
12 36 0.06572907935985464
12 37 -0.07560198728723541
12 38 0.1322126025741614
12 39 0.09230308641835591
13 13 0.0
13 14 0.030304878876702218
13 15 -0.07312068766767424
13 16 0.10790816095151412
13 17 0.02593898539911012
13 18 0.06852903991553837
13 19 -0.020475333809806952
13 20 -0.04844424385857666
13 21 0.05413617041814363
13 22 -0.022573397101959276
13 23 0.0812045590192909
13 24 0.04089682732704896
13 25 -0.06760019667463787
13 26 -0.031992229288549334
13 27 -0.07992652169017068
13 28 0.17144349278079213
13 29 0.1755371285908824
13 30 0.06980751866038772
13 31 0.04131019649402803
13 32 -0.1869742454209797
13 33 -0.06252675841459078
13 34 -0.1019572710396937
13 35 -0.002945969703219315
13 36 -0.12144363174329083
13 37 -0.04312153174086711
13 38 0.03563518441249311
13 39 0.12405116896855092
14 14 0.0
14 15 -0.06194321606043977
14 16 -0.062490259340233265
14 17 -0.04465652049695564
14 18 0.14074654079226592
14 19 0.04028454228795177
14 20 0.06025915422973005
14 21 0.09226641036857713
14 22 0.03960614753156612
14 23 0.10947670237811029
14 24 -0.12086043119472707
14 25 -0.03364121199017087
14 26 0.06662521959052137
14 27 -0.03931854509300917
14 28 0.0810770564884356
14 29 0.1655503614222578
14 30 0.06333023422377328
14 31 -0.0009348125444573752
14 32 0.04672607779036707
14 33 0.09727400632455423
14 34 -0.029367069245756394
14 35 -0.07780053183854342
14 36 -0.13926258252569976
14 37 -0.0668959771563253
14 38 0.07684655812802356
14 39 0.1475408724058941
15 15 0.0
15 16 0.04043239383352122
15 17 -0.09952242733487898
15 18 -0.15032838178871055
15 19 -0.047354295981868466
15 20 -0.09413995290135377
15 21 0.010468989525462585
15 22 0.08760510991790382
15 23 -0.05744831702375767
15 24 0.026732456533511174
15 25 0.06979895101930886
15 26 0.08003613975083915
15 27 0.1882245892095253
15 28 0.006034676621956663
15 29 -0.19904993968293264
15 30 0.03350532377435285
15 31 -0.010044622533705201
15 32 -0.026088929673150317
15 33 0.0945416098462096
15 34 0.16346537091790833
15 35 0.041616338434967905
15 36 0.09087609674322325
15 37 -0.03136121270419848
15 38 -0.021758782934653248
15 39 -0.1439818153237735
16 16 0.0
16 17 -0.029072668329414214
16 18 -0.008912649768695527
16 19 -0.027519903592082572
16 20 -0.05672388403240904
16 21 0.015057268191670563
16 22 -0.0012696849629972979
16 23 0.0007579137337713146
16 24 0.10751236608799856
16 25 -0.006176793002077719
16 26 -0.09496156671539482
16 27 0.03442744189536281
16 28 0.10950904989475199
16 29 0.057812894450211816
16 30 0.04436632776379819
16 31 0.011434737737105126
16 32 -0.11354716040520334
16 33 -0.017374635347613486
16 34 -0.0002894451073962113
16 35 0.03156916472546425
16 36 -0.07659289494242795
16 37 -0.05759926828512435
16 38 -0.09189357702874774
16 39 -0.06050015014729032
17 17 0.0
17 18 0.017001267288379675
17 19 -0.02248769020745443
17 20 -0.09946690279913914
17 21 -0.10834206635116087
17 22 0.035695705183363347
17 23 -0.01990485052654795
17 24 0.10066514651459549
17 25 -0.020420899589320994
17 26 -0.22884974244533343
17 27 0.005078589662797296
17 28 -0.15364761462438775
17 29 -0.04746787894349532
17 30 -0.10059738077542715
17 31 -0.021733244056026828
17 32 -0.1600128523856371
17 33 -0.056562457418501924
17 34 -0.13387286298867004
17 35 -0.05291016154101467
17 36 0.024317282527733942
17 37 0.06625719460422733
17 38 0.11575520670168571
17 39 0.06567654030054702
18 18 0.0
18 19 0.13084808327619102
18 20 0.13697155061447253
18 21 0.08031261169944169
18 22 -0.22289482305190095
18 23 0.034274248834019805
18 24 0.03286683239356443
18 25 0.06521157451274887
18 26 -0.1874978197726462
18 27 -0.16612591407369087
18 28 0.04823107876068699
18 29 0.20839686390254702
18 30 0.1617199419875892
18 31 -0.09948457412525094
18 32 -0.04540140742292092
18 33 0.07124472854986363
18 34 -0.08637007594181245
18 35 -0.2575297331261267
18 36 -0.26698474946241124
18 37 0.025866069695791007
18 38 -0.06722519481634558
18 39 0.036293013552348236
19 19 0.0
19 20 0.12169556980531067
19 21 0.10355947594793335
19 22 0.05864430653259419
19 23 0.025942549901549365
19 24 -0.2023102652012613
19 25 -0.012334000809984418
19 26 -0.12362932224655958
19 27 -0.24577745691261027
19 28 0.05647220964244698
19 29 0.07385755271724317
19 30 0.11988956610670712
19 31 0.00494525518926232
19 32 0.11653553656980423
19 33 -0.03201213531465754
19 34 -0.030012315298930402
19 35 -0.06582008072937853
19 36 0.08512883554869276
19 37 0.1526355404898157
19 38 -0.2506856614538869
19 39 0.009176625467361626
20 20 0.0
20 21 0.024368394478949732
20 22 -0.010732525248482531
20 23 0.03593777006899805
20 24 -0.11831755306365843
20 25 -0.014561873779481798
20 26 0.04267212413916221
20 27 -0.11534499820333086
20 28 -0.07459791679022114
20 29 0.1261713414742814
20 30 0.03911334018128434
20 31 -0.07685475170039721
20 32 0.087955713694607
20 33 0.045999170266516495
20 34 -0.0689015870820867
20 35 -0.09990913327331483
20 36 -0.07989217950678847
20 37 0.0296963343099216
20 38 -0.1674252194083098
20 39 -0.053085293205368325
21 21 0.0
21 22 0.047409549747544286
21 23 -0.02951449784316474
21 24 -0.08357045514839215
21 25 -0.04799568465556522
21 26 0.008831359021194694
21 27 -0.10201012508567626
21 28 0.10100523495916218
21 29 -0.0020442587976248774
21 30 0.12936837963577963
21 31 0.038281798020499296
21 32 0.16153920515669354
21 33 -0.002934595882623007
21 34 -0.012606039466596292
21 35 -0.027705209556973077
21 36 -0.013833252537682358
21 37 0.015302964880270446
21 38 0.00033874490103542025
21 39 0.05158297866901509
22 22 0.0
22 23 0.0498582113362125
22 24 -0.18081722993720434
22 25 -0.11919066509271606
22 26 0.12156069013392759
22 27 0.0590978305773569
22 28 -0.05074820767672317
22 29 -0.15703756924096304
22 30 0.028065600735172485
22 31 0.0939386664022769
22 32 -0.022472400654088318
22 33 -0.008297622757283372
22 34 0.021780793102377405
22 35 0.09480518974897358
22 36 0.15994654640245592
22 37 0.03776336362483054
22 38 -0.0430100993466323
22 39 -0.04935160793274267
23 23 0.0
23 24 -0.08365355070618016
23 25 -0.050751860482129506
23 26 0.055047999685228576
23 27 -0.07779130992455864
23 28 0.04960827776866845
23 29 0.09235704519968638
23 30 0.014767921768527032
23 31 -0.030192700110129107
23 32 -0.0778965108929566
23 33 -0.043247327861787956
23 34 0.0011481218743297802
23 35 -0.0387315832754919
23 36 -0.01360602018156049
23 37 -0.009727708960626875
23 38 -0.060655054069713984
23 39 0.060582164910081525
24 24 0.0
24 25 0.11404265373346141
24 26 -0.2345368878747255
24 27 0.10741495107845464
24 28 -0.019435424623899772
24 29 -0.0005714894146202738
24 30 -0.1050869842104726
24 31 -0.14802024384080106
24 32 -0.057810170994345364
24 33 -0.009061318955803758
24 34 -0.002584553875625184
24 35 -0.06177177802472171
24 36 -0.13513729789774442
24 37 -0.12742917048087565
24 38 0.07564703169306512
24 39 -0.05204146732436886
25 25 0.0
25 26 -0.1608848476442417
25 27 0.0421475536529302
25 28 0.010641064379318813
25 29 -0.06374436644298359
25 30 -0.011740214525363866
25 31 -0.12776302945213386
25 32 0.020886334216291307
25 33 0.01667811466315922
25 34 0.11994947558749422
25 35 -0.06270392654390798
25 36 0.014914919767950504
25 37 -0.024377966049470047
25 38 -0.02990050041624217
25 39 -0.012684893331451421
26 26 0.0
26 27 0.14488895194904217
26 28 -0.04186036633389635
26 29 -0.041942579770805524
26 30 0.03019486422255967
26 31 0.18302272960549662
26 32 -0.04575788921443571
26 33 0.12191821434861812
26 34 0.007893826849242922
26 35 0.14858247236463643
26 36 -0.0006903713819223486
26 37 -0.04392511012364064
26 38 0.18703412349856263
26 39 -0.06952214629765721
27 27 0.0
27 28 -0.11666283636524688
27 29 -0.13805807509274562
27 30 -0.0727753339698288
27 31 0.006184824483613579
27 32 -0.27101481870531763
27 33 0.2221336648209155
27 34 0.12408532446285676
27 35 0.08594715085031067
27 36 -0.07922924993582217
27 37 -0.08060728685855659
27 38 0.1254206011380712
27 39 -0.2000417395767208
28 28 0.0
28 29 0.16973373004546738
28 30 0.12461409846241886
28 31 0.09145775655587071
28 32 -0.01045320292222163
28 33 -0.027007688986367146
28 34 0.03539239132329753
28 35 0.03405804132668912
28 36 -0.04056269530884364
28 37 -0.05226069515538595
28 38 -0.045885779448869485
28 39 0.17662296901196725
29 29 0.0
29 30 0.003318610595904788
29 31 -0.02391004182994195
29 32 -0.12165148396507428
29 33 0.04385343263918472
29 34 -0.2368608677218938
29 35 -0.007970433698087805
29 36 -0.37056112798842655
29 37 -0.08199363669535113
29 38 -0.08192354270566446
29 39 0.05352927917246168
30 30 0.0
30 31 0.07878438383030688
30 32 -0.047059697275973665
30 33 0.04598819036223674
30 34 0.020585357849733595
30 35 -0.052395759312040636
30 36 -0.04149077258148493
30 37 0.024373661211163057
30 38 -0.0747700879701661
30 39 0.004037001717331102
31 31 0.0
31 32 -0.04382524866061997
31 33 0.004041328385183958
31 34 -0.029639981829895995
31 35 0.149942843142243
31 36 0.06909319933152822
31 37 0.03487410108782267
31 38 0.09198245747429186
31 39 0.0949153563056597
32 32 0.0
32 33 -0.08006608044165547
32 34 0.0694053103722431
32 35 -0.06478852542836105
32 36 0.2214415305290922
32 37 0.04136170568771358
32 38 -0.04022412925216015
32 39 0.13801114401578643
33 33 0.0
33 34 0.051411486098623435
33 35 -0.1757096292196973
33 36 -0.09020776790698518
33 37 0.017407507956213805
33 38 -0.015140769841749432
33 39 -0.021126735974011563
34 34 0.0
34 35 -0.025084711682263883
34 36 0.19094829533393293
34 37 0.01736801795955864
34 38 -0.06313803327927874
34 39 0.0006863695730612315
35 35 0.0
35 36 0.007627105871880204
35 37 -0.08030104279848714
35 38 0.09344726386030697
35 39 -0.12203889437804545
36 36 0.0
36 37 0.1810047602082581
36 38 -0.06363147155467108
36 39 0.1467923588523763
37 37 0.0
37 38 -0.10891773309816502
37 39 0.04975723755351319
38 38 0.0
38 39 0.1542227364057101
39 39 0.0
