0 0 0.0
0 1 0.034878779905474645
0 2 0.037137159544097555
0 3 0.18574791925671527
0 4 0.1250907676987444
0 5 -0.05977343812416809
0 6 0.05036409746479067
0 7 0.18259963186084802
0 8 -0.08772225963855969
0 9 0.04697552377560112
0 10 0.17717270245867564
0 11 -0.023386330851694566
0 12 -0.05240842294462591
0 13 -0.07093219100195378
0 14 0.07801626218985908
0 15 -0.03640752946079847
0 16 0.03642563558579603
0 17 -0.01846515241049455
0 18 0.05646542629013214
0 19 -0.08066616686094032
0 20 0.034857782941010565
0 21 0.04127957482484855
0 22 0.04620062104454913
0 23 -0.07639243563906023
0 24 0.030120787038792663
0 25 -0.0007943294590495771
0 26 -0.07494672147075092
0 27 0.010966391187745459
0 28 0.0003644471350782071
0 29 0.009932858940048552
0 30 0.0824906830956855
0 31 0.03871106998283659
0 32 0.049971849047229316
0 33 0.09683180221308242
0 34 -0.05919149518120269
0 35 0.042298425224117565
0 36 0.03991940955961295
0 37 -0.11671219731056959
0 38 -0.16443855580237346
0 39 0.0036353353168014383
1 1 0.0
1 2 0.002275849550387091
1 3 0.04018198579094506
1 4 0.08834558880748891
1 5 0.007831351384015493
1 6 -0.22961532598835604
1 7 0.05837787397899247
1 8 0.008148883516172524
1 9 -0.17271945934784746
1 10 -0.1639126965353419
1 11 -0.1636260972329428
1 12 0.07725627424031853
1 13 -0.045080122357329895
1 14 0.20778265963603343
1 15 0.11593777829692098
1 16 -0.0017748187763886414
1 17 -0.10274250522073747
1 18 -0.07214786486582603
1 19 -0.07758065624604357
1 20 -0.12505706205741168
1 21 -0.039435258802086634
1 22 0.06266641430893584
1 23 0.08190005039758472
1 24 -0.24328545803562932
1 25 0.030307579068563944
1 26 -0.044617689959225895
1 27 0.06249046038853906
1 28 -0.03792454703118178
1 29 0.13717801422831616
1 30 -0.03376291908619252
1 31 0.031622470367382034
1 32 -0.09585042490084117
1 33 0.07720733952457803
1 34 -0.04760058454914552
1 35 -0.0037576230063828425
1 36 0.03310413028041431
1 37 0.04333136225305354
1 38 -0.10865381597242599
1 39 0.11619732097296157
2 2 0.0
2 3 0.007776619559676753
2 4 0.04520270690727141
2 5 0.07224895585315586
2 6 0.09749987142179738
2 7 0.09503912465876574
2 8 0.04229567464922047
2 9 0.08141991052373089
2 10 -0.03775362754487001
2 11 -0.003188821991961159
2 12 -0.09450914199807364
2 13 -0.07945099212231625
2 14 -0.014898982091236898
2 15 -0.06822447127658651
2 16 -0.03206493333299586
2 17 0.042708808061520435
2 18 0.026581247804569032
2 19 0.007888979068332365
2 20 0.06610473279218862
2 21 0.18752356682063107
2 22 0.06654640766549863
2 23 -0.010885281091016186
2 24 0.09403832505630591
2 25 0.12494006312104884
2 26 -0.011575005625250458
2 27 0.051530887419563534
2 28 -0.023563103974567522
2 29 0.07378630890431966
2 30 0.09766068037096894
2 31 -0.1001036110843655
2 32 -0.02745478556733557
2 33 -0.12800856154935658
2 34 0.024780749524633716
2 35 -0.09268653102546301
2 36 -0.02939501065099631
2 37 0.08008052376290206
2 38 0.020456121796543422
2 39 -0.149975875411046
3 3 0.0
3 4 0.13571485592041208
3 5 -0.000562584210343181
3 6 -0.11862085307243661
3 7 0.04073227622510819
3 8 0.09041709094402593
3 9 0.08527283434356374
3 10 0.1714276019696137
3 11 0.017302134163967035
3 12 -0.1414017902953803
3 13 -0.14611146266611566
3 14 0.12161575983869903
3 15 0.17076391395475343
3 16 -0.027679467064727785
3 17 -0.06415505093530068
3 18 0.09027899204020515
3 19 0.026683978677721855
3 20 -0.08150548237091503
3 21 -0.0150030578476886
3 22 -0.015372793940416043
3 23 -0.055992439215187574
3 24 0.004795340409506927
3 25 -0.14841036693499804
3 26 -0.08269716852498818
3 27 -0.08535913642204249
3 28 -0.11022464113016017
3 29 -0.038010007193342396
3 30 -0.08642511586793403
3 31 -0.029555115031349256
3 32 0.05653706366957455
3 33 0.018543158892802364
3 34 0.02908529944901377
3 35 0.08405412367239468
3 36 -0.10930319699069524
3 37 -0.13044383188351455
3 38 -0.16108359123820937
3 39 0.07652735852219734
4 4 0.0
4 5 -0.046440041928287316
4 6 -0.17018978544280344
4 7 0.06803263077221165
4 8 -0.08558499480138072
4 9 -0.08531185868344639
4 10 -0.018463864176757737
4 11 0.012141778539523862
4 12 -0.08361345053770385
4 13 0.07257894184862755
4 14 -0.03847290062565942
4 15 0.06030744070945323
4 16 0.16186925143988634
4 17 0.05069226581080285
4 18 0.04180681202352216
4 19 0.049418222768006496
4 20 -0.05108646670287777
4 21 0.04782622850037241
4 22 -0.044383913904755615
4 23 0.07976470704918309
4 24 0.017329376273782147
4 25 0.19070473305531183
4 26 -0.06233947103380054
4 27 -0.07277704967948355
4 28 -0.02443351969204824
4 29 0.12587522662830647
4 30 -0.23125563987746384
4 31 -0.1665380399591893
4 32 0.0915442324608308
4 33 -0.05870365920327375
4 34 -0.07525438080794458
4 35 -0.14875335455116886
4 36 -0.02294539178425216
4 37 0.027868197600264343
4 38 -0.1459846962439467
4 39 -0.10651833315639977
5 5 0.0
5 6 0.05727946172082525
5 7 0.05046884895748743
5 8 0.030025194506951382
5 9 -0.07077591931563994
5 10 -0.025952009513649583
5 11 0.05889808550339681
5 12 -0.02922764949098867
5 13 -0.22990731826896554
5 14 0.1273620178441405
5 15 0.0489973318520638
5 16 -0.030257938703282215
5 17 0.04885597770166332
5 18 0.11253653638847314
5 19 -0.018534879594895533
5 20 0.19464049934317734
5 21 0.23460323601199645
5 22 -0.04583001407920174
5 23 0.02819564312936808
5 24 0.14800777699722006
5 25 0.0066869132312106574
5 26 0.028500958066507893
5 27 -0.02166972708226561
5 28 -0.14414533441617067
5 29 -0.064105066624664
5 30 -0.011422839735295596
5 31 0.002724044122230296
5 32 -0.05539765958869729
5 33 -0.19611013845641517
5 34 0.027872686366807627
5 35 0.10298707432182459
5 36 -0.012042357278268028
5 37 -0.02332870851484663
5 38 0.02216640134749797
5 39 -0.08135539795385248
6 6 0.0
6 7 0.02497308428802005
6 8 0.08499707210840624
6 9 0.25757851556763406
6 10 0.1919516866456998
6 11 0.21756131026671666
6 12 0.05844546936704167
6 13 -0.10536418746475865
6 14 -0.22862037247141181
6 15 -0.13804694783494195
6 16 -0.2656167974057903
6 17 -0.06936558663476391
6 18 0.16512178427528837
6 19 0.05083525526675701
6 20 0.2482533864291337
6 21 0.04387619390484458
6 22 0.13264845233306435
6 23 -0.06131167904662645
6 24 0.30162702739397274
6 25 0.13907473017227417
6 26 0.1059325306348895
6 27 0.0974957320355376
6 28 0.11162389180941515
6 29 0.0009511688326472717
6 30 0.14184552992093186
6 31 -0.06099388061736712
6 32 -0.07678932767794162
6 33 -0.02938791443214343
6 34 -0.09684085927640543
6 35 0.10646382052617953
6 36 0.0728388988107104
6 37 0.050701705085023696
6 38 0.0211593639110226
6 39 -0.12609562523891443
7 7 0.0
7 8 0.02462488079672912
7 9 0.0477747770134242
7 10 0.09511810556403569
7 11 -0.24522959432251548
7 12 0.03223668270572453
7 13 0.034382528843321526
7 14 0.00333835366032365
7 15 0.09932349389643683
7 16 -0.04356337630032535
7 17 -0.13137839175368332
7 18 0.0746228507336583
7 19 -0.15072235138567508
7 20 -0.05066242699480718
7 21 0.28954827280567313
7 22 0.2126702372599591
7 23 0.02808619799389662
7 24 0.1082398966357602
7 25 0.03998669323939732
7 26 0.09759357362555166
7 27 0.014492545475636989
7 28 -0.06775461339726024
7 29 0.07189652807304628
7 30 0.030673756634570847
7 31 0.05321348045097696
7 32 -0.0997231747073933
7 33 -0.21295365474372288
7 34 0.03599953915752202
7 35 -0.015487225742699348
7 36 0.04483576813821655
7 37 -0.03463540746732887
7 38 -0.16646933255843552
7 39 -0.1381531344789345
8 8 0.0
8 9 0.12268751740442793
8 10 0.050471739201919184
8 11 0.07327658680320118
8 12 0.04376305967347986
8 13 -0.08012305697237725
8 14 0.059990911642395894
8 15 0.14963630435972627
8 16 -0.22772239098231206
8 17 -0.0009973356959930596
8 18 0.011615768243716448
8 19 0.039264819372125614
8 20 -0.07825580171252522
8 21 0.10246596601140548
8 22 0.0744640568156285
8 23 -0.03157900694328072
8 24 -0.054051417917255665
8 25 -0.18454464121845532
8 26 -0.014797178166379802
8 27 0.07071406716167469
8 28 -0.1483987754761962
8 29 -0.026592714724793454
8 30 0.005345817144224675
8 31 0.06679199612531364
8 32 -0.16296785603036595
8 33 0.0947220592002802
8 34 0.02461413110918893
8 35 0.09935975695197424
8 36 0.0175468553114889
8 37 0.11513639283295671
8 38 -0.05888468950433449
8 39 -0.0862349672102368
9 9 0.0
9 10 0.10496026866208819
9 11 0.17530129392490335
9 12 -0.04600681178792044
9 13 -0.01049091216525643
9 14 -0.14237740881012445
9 15 -0.07752815244364497
9 16 -0.11968132973885466
9 17 -0.10780290131365255
9 18 0.002118673363311377
9 19 0.23440017131697943
9 20 0.1928148838845131
9 21 -0.02118197288782376
9 22 0.09871054847242541
9 23 -0.11632586953646898
9 24 0.1975653622012126
9 25 -0.010599983813808793
9 26 -0.03777192595388729
9 27 0.01563311697795814
9 28 0.016416753510577725
9 29 -0.038591919275390726
9 30 0.15361708110945937
9 31 -0.010158787734106244
9 32 0.10475579564918713
9 33 0.02363451534694156
9 34 0.03247258313034444
9 35 0.01003383042543232
9 36 -0.028161062438918603
9 37 0.00656470397817376
9 38 -0.07590900022174604
9 39 -0.20491830459645746
10 10 0.0
10 11 0.0729871632419684
10 12 0.021723610095143
10 13 -0.05371071380414642
10 14 -0.13349011173587008
10 15 0.21364331164002986
10 16 -0.1264041483204011
10 17 -0.2579874486888939
10 18 0.17745780561410243
10 19 0.004348432040458759
10 20 -0.07113648733436469
10 21 -0.07834207475874555
10 22 0.0407007196544412
10 23 0.001677414197548072
10 24 0.13613088100782444
10 25 -0.18582739492498648
10 26 -0.0045829089247778525
10 27 -0.13658908608113815
10 28 -0.09375365966353429
10 29 -0.07790571854538245
10 30 -0.04627934422921238
10 31 -0.003644733399030728
10 32 0.09751663280487918
10 33 0.07120822000680672
10 34 0.020940863458213773
10 35 0.01842521814362653
10 36 0.12515344477651885
10 37 -0.2582416794844568
10 38 -0.006808147092546566
10 39 -0.00011721022648879077
11 11 0.0
11 12 -0.0819851742497745
11 13 -0.03509905283513735
11 14 -0.04938512178789454
11 15 -0.07249253431227473
11 16 -0.039696565073667194
11 17 0.011758545256510489
11 18 0.10190561230235588
11 19 0.18532137650515082
11 20 0.226536476999128
11 21 -0.06488210863236339
11 22 -0.12303206665753152
11 23 0.02125917813435666
11 24 0.0944535054279199
11 25 -0.03619922244949632
11 26 -0.08259049204836202
11 27 -0.010783219553360266
11 28 -0.010202713470979667
11 29 -0.07514448884414246
11 30 -0.07268232171694602
11 31 -0.09960635660477105
11 32 0.08190401125752067
11 33 0.04593043978946181
11 34 -0.08753304611407516
11 35 0.06003936199013691
11 36 -0.03824779438758735
11 37 0.05047017369161065
11 38 -0.03605175443452831
11 39 -0.00934778422603646
12 12 0.0
12 13 0.059260052511411754
12 14 0.0189538795527936
12 15 0.06573643881384121
12 16 -0.18559225277578917
12 17 -0.06341890006762334
12 18 -0.03684774743340486
12 19 -0.06886695366587621
12 20 0.0627885246605643
12 21 -0.10319597316155031
12 22 0.16903871120837455
12 23 -0.05191821984136781
12 24 0.05878908750181362
12 25 -0.001820491268915764
12 26 0.11700150765980284
12 27 0.055412819953713534
12 28 0.13511076921072476
12 29 -0.032141155543612084
12 30 0.0398795521312059
12 31 0.08424498220086209
12 32 -0.06431094021604764
12 33 0.09269218855635517
12 34 -0.20119891409118523
12 35 0.0028615675609976322
12 36 0.1502531583820885
12 37 -0.11076740180885906
12 38 0.04794301893865704
12 39 -0.27509333021771953
13 13 0.0
13 14 -0.1440425703757304
13 15 -0.018722473173991443
13 16 0.061398224686775325
13 17 -0.03850900483983413
13 18 -0.13359616078378153
13 19 -0.04749529554548186
13 20 -0.11530944541438326
13 21 -0.17379367659108108
13 22 0.00474990879688725
13 23 0.05149976147410694
13 24 -0.1395022416429303
13 25 -0.22477588030816972
13 26 -0.017680464662908738
13 27 -0.18512167704929589
13 28 0.16749008796950568
13 29 -0.0775114012433028
13 30 -0.11850357966826656
13 31 0.03176122052712432
13 32 -0.03122199450681597
13 33 -0.001426595886903144
13 34 -0.028269437814323266
13 35 -0.16265724658213113
13 36 -0.04387289083187746
13 37 -0.0508735044927636
13 38 -0.003137243220011574
13 39 -0.04688124093625855
14 14 0.0
14 15 0.1318636229959297
14 16 0.0957999623191633
14 17 0.11033925061547958
14 18 -0.033626259104470695
14 19 -0.06721576935645807
14 20 0.05942772286616834
14 21 0.13264475301908052
14 22 -0.02307027501714746
14 23 -0.040349597942706386
14 24 -0.12226083194593887
14 25 -0.04120010513623482
14 26 -0.14255369071412247
14 27 0.1671478251976855
14 28 -0.12357611482134905
14 29 -0.009588027696194708
14 30 0.0011611704911593222
14 31 0.040335671010515536
14 32 0.03984138201400364
14 33 0.031235441338143044
14 34 -0.059032309484707765
14 35 0.027632197050435153
14 36 -0.032220388508808914
14 37 -0.014802457985335605
14 38 -0.10137458868098566
14 39 0.10435142098229308
15 15 0.0
15 16 -0.1159724449169506
15 17 -0.24723781357462782
15 18 0.08021285224743577
15 19 -0.02109898685724652
15 20 -0.08516295409978185
15 21 0.10584739571918247
15 22 0.029355410052630752
15 23 0.094181263730306
15 24 -0.14953166947003566
15 25 -0.009117463812459214
15 26 -0.056768542109583264
15 27 -0.041562017640896565
15 28 -0.2726607695406934
15 29 0.04652935637552191
15 30 -0.13421929604628988
15 31 0.06221563417479249
15 32 0.007741763834218625
15 33 0.10242372200715591
15 34 0.21074938971215557
15 35 -0.14021009902125647
15 36 0.09582923369472643
15 37 -0.1212819641235953
15 38 -0.19226969244555045
15 39 0.2419347584317253
16 16 0.0
16 17 0.14501086399928548
16 18 -0.08190175555408055
16 19 0.04556335717451974
16 20 -0.020239785839567353
16 21 -0.017431677790614608
16 22 -0.13150813367714864
16 23 0.00738820384158085
16 24 -0.04049264049699814
16 25 0.14678489433963743
16 26 -0.07172576095866627
16 27 -0.018969368291795054
16 28 0.010839061010339825
16 29 0.04614486104136856
16 30 -0.056104628430703476
16 31 -0.0291057762970997
16 32 0.2619999702972063
16 33 -0.085676684529765
16 34 0.0582419986888519
16 35 -0.10669256236974387
16 36 -0.10732362370241391
16 37 -0.03730312964470774
16 38 0.045752686305191165
16 39 0.18065187231510094
17 17 0.0
17 18 -0.05726945534725312
17 19 -0.04339849738809143
17 20 0.10717131754481024
17 21 0.20725922457466886
17 22 -0.16313325236181758
17 23 -0.13799584685048444
17 24 0.05413796478306219
17 25 0.13886679750533867
17 26 0.055200056820162914
17 27 0.18174394286361129
17 28 -0.015278413577833069
17 29 -0.08182631622952921
17 30 0.04432213787452665
17 31 -0.06354772940726272
17 32 -0.022860524230157393
17 33 -0.04796718387071
17 34 0.033288461527032374
17 35 0.02164401852167718
17 36 -0.019173434559760456
17 37 0.08970488589844497
17 38 0.08409379824044645
17 39 -0.10804010521039939
18 18 0.0
18 19 -0.004265860378756647
18 20 0.09132133491051002
18 21 0.11445737045515463
18 22 -0.007568093558113366
18 23 0.10478221881185897
18 24 0.17053053101444632
18 25 0.07878406174990467
18 26 0.07994595801058256
18 27 0.03183603198069216
18 28 -0.08153339718233979
18 29 0.052649950523373124
18 30 -0.09010074063270769
18 31 -0.09321855099089091
18 32 -0.019701493978824945
18 33 -0.10965711756139025
18 34 -0.1085270356884224
18 35 0.06930775191144038
18 36 0.05062247591794592
18 37 0.05337430831485694
18 38 -0.07571998422709392
18 39 0.103405711511294
19 19 0.0
19 20 0.19398687801642028
19 21 -0.06938379933623522
19 22 -0.04037091846403182
19 23 -0.01771177790849487
19 24 0.13660783262919218
19 25 0.09581265317358996
19 26 -0.07420681493807608
19 27 0.06954467061769379
19 28 -0.10497341606421098
19 29 0.04043095371140606
19 30 0.040752997824154175
19 31 -0.05076930144323323
19 32 0.2200480089394638
19 33 0.07138290635968578
19 34 0.00824454473951882
19 35 -0.03522145398337381
19 36 0.04820706340565466
19 37 0.11415545981675534
19 38 -0.08342735433928392
19 39 -0.05578394949318305
20 20 0.0
20 21 0.22382179283195133
20 22 -0.023436189569267372
20 23 -0.1107948251278972
20 24 0.3323766809092622
20 25 0.3368066610616634
20 26 -0.0057827144192141595
20 27 0.1747888454129573
20 28 -0.12489633405879988
20 29 -0.06666331897107826
20 30 0.13526314909987153
20 31 -0.10437833829424092
20 32 0.2133295453893167
20 33 -0.11110161639029528
20 34 -0.037923310846989314
20 35 -0.03344212940775949
20 36 0.04188600864018845
20 37 0.048831919181630386
20 38 -0.21669125293021657
20 39 -0.175073074023065
21 21 0.0
21 22 -0.06872948733883645
21 23 0.010233537685602784
21 24 0.14676618985837317
21 25 0.23391771262791186
21 26 -0.045222396959836375
21 27 0.15887479446261563
21 28 -0.4292925532735997
21 29 -0.004867607942652012
21 30 0.1057167755106192
21 31 -0.06041658443447774
21 32 -0.031698345593430835
21 33 -0.20105769401342025
21 34 0.17995895324449304
21 35 -0.10114586549870845
21 36 0.051118113697308384
21 37 0.23397787143773505
21 38 -0.15541602491412487
21 39 -0.3006305558270738
22 22 0.0
22 23 -0.08467599698410203
22 24 0.13813489221481529
22 25 0.06471215012031148
22 26 0.0791239245403086
22 27 0.0530331001769014
22 28 0.2067847937316007
22 29 0.13094330967567586
22 30 0.09894780253057003
22 31 0.07233687149593612
22 32 -0.044867109137453925
22 33 -0.06406143385456828
22 34 -0.1750127599708261
22 35 -0.010870125541429418
22 36 -0.020427455769311424
22 37 -0.015557079973832846
22 38 -0.02901180636266746
22 39 -0.02603550056411965
23 23 0.0
23 24 -0.1215330799915488
23 25 -0.07524057183028444
23 26 -0.0013354836188534105
23 27 -0.07522787193464411
23 28 -0.07239440935370053
23 29 0.08629147170187976
23 30 -0.1530660579255352
23 31 -0.046560358266897466
23 32 -0.0887958819276611
23 33 -0.037116270735442644
23 34 -0.058040820256944584
23 35 -0.041423902157204005
23 36 0.05266170479110773
23 37 0.12594235963106132
23 38 0.0009848990676325276
23 39 0.11279090763776559
24 24 0.0
24 25 0.2569187355403616
24 26 0.10336703241385166
24 27 0.09671872667662977
24 28 0.07376345737034477
24 29 0.007227214582293029
24 30 0.08877742161571192
24 31 -0.12143058758281836
24 32 0.1663969984792206
24 33 -0.23911745424460276
24 34 -0.16973771917640995
24 35 -0.000053218133373959356
24 36 0.017442941867614515
24 37 -0.005123862628105924
24 38 0.021249081111972705
24 39 -0.29599232684572996
25 25 0.0
25 26 0.20829228586920573
25 27 0.3843944527266521
25 28 -0.020004977607970292
25 29 0.32514507709324014
25 30 0.09766826556896124
25 31 -0.2734861103116799
25 32 0.2654718305639531
25 33 -0.18681243382207385
25 34 0.16712613648307795
25 35 -0.11924791959556995
25 36 0.029179862476998726
25 37 0.06909180864015943
25 38 -0.07879282525171173
25 39 0.16743590928009894
26 26 0.0
26 27 0.05110943595170453
26 28 0.10899049254967311
26 29 0.05560030350725535
26 30 -0.005029701203516765
26 31 -0.009404123465694459
26 32 -0.09445037005610936
26 33 -0.1247016483407786
26 34 0.019150427199431035
26 35 0.10360925368891616
26 36 0.04604736714363101
26 37 -0.06512558607097395
26 38 0.0659179573223819
26 39 0.13211688127353963
27 27 0.0
27 28 -0.05345274310164542
27 29 0.1482349946243033
27 30 0.12674490349367457
27 31 -0.09372474332345904
27 32 0.011772130538258565
27 33 0.04170998355043993
27 34 -0.0430849510117023
27 35 0.04800999108777397
27 36 0.1400871879677136
27 37 0.17776752083493896
27 38 -0.0725909564106984
27 39 0.06908482345331915
28 28 0.0
28 29 0.05283053183176749
28 30 -0.011008475643084404
28 31 -0.029319530672367245
28 32 -0.07840383930863308
28 33 -0.05926703522770922
28 34 -0.3040382390390544
28 35 0.019695650897686448
28 36 -0.1379282742351795
28 37 -0.17846888407878223
28 38 0.30232422790720337
28 39 -0.007186132030089272
29 29 0.0
29 30 0.007552330629381677
29 31 -0.059855943008946366
29 32 0.01722302996597586
29 33 -0.02847841201313111
29 34 -0.07643535660918237
29 35 -0.05516555146680717
29 36 0.030705943970759413
29 37 0.16059909291485094
29 38 -0.03100160804780308
29 39 0.21693054299013145
30 30 0.0
30 31 0.116163545914201
30 32 0.03718213178461242
30 33 0.09074984499956437
30 34 0.0756840682118891
30 35 -0.012241748248847484
30 36 0.06812404376908113
30 37 0.04191205655160931
30 38 0.06403537535871877
30 39 -0.16999441123560807
31 31 0.0
31 32 -0.06631184253837874
31 33 0.17120787265365764
31 34 0.011786389085589655
31 35 0.11058229712156797
31 36 0.021908528591790856
31 37 0.006361998496370062
31 38 -0.03566941954518442
31 39 0.09094576563050663
32 32 0.0
32 33 -0.03184744303650826
32 34 0.05970377450205899
32 35 -0.15092169480587642
32 36 -0.05268008275749122
32 37 -0.12032505859762366
32 38 -0.04416080422577469
32 39 0.030240276283977352
33 33 0.0
33 34 0.017056752454817064
33 35 0.06976364752389792
33 36 0.17112931754981744
33 37 0.01838493305572978
33 38 -0.040121871318487067
33 39 0.041951272694130556
34 34 0.0
34 35 -0.057139940643057864
34 36 -0.012427064855184269
34 37 -0.13390804559847597
34 38 -0.03377184689393126
34 39 0.14231699221121755
35 35 0.0
35 36 -0.004791573856229261
35 37 0.014934554114021864
35 38 -0.042705889861064654
35 39 0.1847407588359102
36 36 0.0
36 37 0.04793764819568407
36 38 -0.03280865722404773
36 39 -0.11105267682682243
37 37 0.0
37 38 -0.1479667492855245
37 39 0.026380955985819955
38 38 0.0
38 39 -0.23425445513790208
39 39 0.0
