0 0 0.0
0 1 0.03176915310192593
0 2 -0.10071213500141105
0 3 -0.00008735613111471348
0 4 0.10302276585775953
0 5 0.08932130046731694
0 6 -0.04903719937326496
0 7 0.016926077054606643
0 8 0.25366611947687767
0 9 -0.049220505751528226
0 10 0.07957899752900573
0 11 0.06784390190667208
0 12 0.12513888300524928
0 13 -0.0009535137158668567
0 14 -0.0647513276593065
0 15 0.09331856647566572
0 16 0.05983291583595703
0 17 0.1040312080699721
0 18 0.026616651192824768
0 19 -0.010127574715122694
0 20 -0.04523332767264486
0 21 -0.018353094630919695
0 22 -0.057801281239559264
0 23 -0.08503848121184326
0 24 0.23955973909373302
0 25 -0.08677795176911665
0 26 -0.19970930848093463
0 27 -0.08763299455434766
0 28 0.13038444131287522
0 29 -0.1455657070089189
0 30 0.04791072559114504
0 31 -0.13340330430448982
0 32 0.039487030156490105
0 33 -0.15530138154627043
0 34 -0.04129468525827975
0 35 0.09496754499412266
0 36 0.20035854935753344
0 37 -0.09188820838315913
0 38 -0.008627015498748803
0 39 0.023940328228234144
1 1 0.0
1 2 0.05164809710918149
1 3 0.03620274252163971
1 4 -0.01122247740258137
1 5 0.04153137164973549
1 6 0.00844483490646856
1 7 0.07938573268719826
1 8 0.03493937482148701
1 9 0.1299944067353544
1 10 -0.21979301492970987
1 11 0.036007044439286755
1 12 0.023331409142583068
1 13 -0.15449088452616108
1 14 0.08415030498163732
1 15 0.008383047968496161
1 16 -0.1677911617384131
1 17 0.05623342759468618
1 18 0.09426304225476763
1 19 -0.08871587801755451
1 20 0.1248231717977996
1 21 -0.033344012523431575
1 22 -0.04362004174756446
1 23 0.05566542321665509
1 24 -0.08711064771293354
1 25 -0.09430131392116528
1 26 0.05498130277983028
1 27 -0.0769537733133227
1 28 0.04989705831537577
1 29 0.10035882071853379
1 30 0.11114714390148125
1 31 -0.009726110032147222
1 32 -0.12520568573117993
1 33 -0.009186906584752706
1 34 0.1506872700738044
1 35 -0.010562803933902819
1 36 0.02835592601732841
1 37 -0.16076979891267076
1 38 -0.004896225170316482
1 39 -0.02069201781660333
2 2 0.0
2 3 -0.1377283901110456
2 4 0.19270622344021143
2 5 -0.026422883965026324
2 6 -0.032346627947408155
2 7 -0.06943482080570774
2 8 0.01003189170186801
2 9 0.013468666686420725
2 10 -0.0015615165552881726
2 11 0.10463452757412998
2 12 -0.0844625819864938
2 13 -0.10441962135225646
2 14 0.09340551134204354
2 15 0.1622510377100806
2 16 0.08269941349120452
2 17 -0.13451956957562267
2 18 0.017656375286784223
2 19 -0.029371994104786324
2 20 0.0009640163569389907
2 21 -0.06280656280047023
2 22 0.25260534355031267
2 23 0.1118100149014819
2 24 -0.1107179835807179
2 25 -0.14550317983150232
2 26 0.04797187969086657
2 27 0.07284501784961614
2 28 0.0803020491865177
2 29 0.045884889347139066
2 30 -0.04775516500912633
2 31 0.10618432505215206
2 32 -0.08892980145229662
2 33 0.034792576145208406
2 34 0.10071726077382155
2 35 -0.059644069099255695
2 36 -0.08890486106456684
2 37 0.08050254525463187
2 38 0.1137545337710563
2 39 0.18466221851222728
3 3 0.0
3 4 0.022608244624804274
3 5 0.030731345869444447
3 6 0.30507816462095877
3 7 0.17593164968724842
3 8 -0.008717445725780393
3 9 0.06758262116600364
3 10 -0.22003184036338325
3 11 -0.19873471415988614
3 12 0.003114330372833061
3 13 0.1545157947614804
3 14 -0.2370357198634033
3 15 -0.17204917280642348
3 16 -0.30203921494616937
3 17 0.0021121928382910127
3 18 0.021222694905474775
3 19 0.15111229491985048
3 20 0.02603166152214929
3 21 0.1474657774335838
3 22 -0.19745141577169517
3 23 -0.20606105762574792
3 24 -0.05374957457187265
3 25 -0.03128791348268742
3 26 0.07854693864887653
3 27 -0.03328363327954488
3 28 -0.06203654037667453
3 29 0.012393902411407727
3 30 -0.11438771247725503
3 31 0.012484269967559735
3 32 0.23763696371387075
3 33 -0.22291771743475772
3 34 0.025347340038398242
3 35 0.0786364074486026
3 36 0.03698321809386022
3 37 -0.039698587207234085
3 38 -0.1563377465017712
3 39 -0.11995916276231111
4 4 0.0
4 5 0.0213084042196698
4 6 0.1486811599937778
4 7 -0.047110405148872284
4 8 0.1594194424698557
4 9 0.08480065933548549
4 10 0.1300363937972912
4 11 -0.0437929711994761
4 12 0.18092580171635503
4 13 0.05935339593092294
4 14 0.0805637040861251
4 15 0.03519419037234036
4 16 0.11602589413923874
4 17 -0.08735864248455652
4 18 0.22271868406012058
4 19 -0.07941601758300908
4 20 -0.19330140569074114
4 21 0.05263572127256476
4 22 0.11377543689509514
4 23 0.04035445299452187
4 24 -0.08602758051506235
4 25 -0.04007513064378855
4 26 -0.021207064835291486
4 27 -0.04686814528619011
4 28 -0.011133251868401872
4 29 0.2006775462511324
4 30 -0.01159920493116175
4 31 0.11256412461500812
4 32 0.1170673443967953
4 33 -0.03609976942250163
4 34 0.11820731099676443
4 35 -0.06031813986524246
4 36 -0.06948977010685646
4 37 0.08425592260445083
4 38 0.04754961980138734
4 39 -0.054244898741106606
5 5 0.0
5 6 -0.12332346803984418
5 7 0.03788976137505644
5 8 0.017624131833399777
5 9 -0.03997852175261735
5 10 -0.031144207671318425
5 11 0.07298396968970815
5 12 0.03316783891136974
5 13 0.07500196900676655
5 14 0.008594806429729552
5 15 -0.07097380170306282
5 16 -0.10880593814675799
5 17 -0.08417552425528871
5 18 0.05477628203851168
5 19 0.14737382513307912
5 20 0.03431938354173316
5 21 -0.03683526558182921
5 22 -0.04114237925756588
5 23 -0.08267908037073497
5 24 -0.00685545194574286
5 25 -0.08504137709738493
5 26 0.012464967321520627
5 27 -0.002486417430605475
5 28 0.02756283345409924
5 29 0.02322177780524396
5 30 0.13601829901220655
5 31 0.014300332166845283
5 32 -0.06230803614701143
5 33 0.00014548645337498592
5 34 0.024337768260744692
5 35 0.039403245938183784
5 36 -0.057591344605376314
5 37 -0.01066467906495205
5 38 -0.12296548757816794
5 39 -0.01608962346889
6 6 0.0
6 7 0.025932630394728852
6 8 0.041112003924106036
6 9 0.030264153148630214
6 10 -0.11825340922268449
6 11 -0.17669310115725806
6 12 0.11418941364856898
6 13 -0.00026660833858810817
6 14 -0.1348547361484184
6 15 -0.14114863487242277
6 16 -0.08769601809865384
6 17 -0.04439914672969851
6 18 0.046219525764524025
6 19 -0.040087212757762745
6 20 -0.015989305890807604
6 21 0.1258956529529515
6 22 -0.04450683052516807
6 23 -0.0026335022693951067
6 24 -0.10654749757987084
6 25 0.09859886271258314
6 26 0.01355664194595386
6 27 0.022483762562480854
6 28 -0.023705250531039238
6 29 0.11051570086702527
6 30 -0.16537365933462647
6 31 0.019405603443351575
6 32 0.2854045108868611
6 33 -0.1791342682688904
6 34 -0.015289386777234376
6 35 0.025409116045237556
6 36 0.08656390877356843
6 37 -0.11000483200638926
6 38 0.022348428769528587
6 39 -0.08724675715438397
7 7 0.0
7 8 -0.03957861218825133
7 9 0.18029209648860853
7 10 -0.21729801309094138
7 11 0.09571165761433462
7 12 0.021334852856175725
7 13 -0.09823100822178606
7 14 -0.15677365389804915
7 15 0.027925824328958498
7 16 -0.26657487943594654
7 17 0.15511536408629084
7 18 -0.10008017112413865
7 19 0.10923842344651905
7 20 -0.027251550605132367
7 21 -0.055356496871796036
7 22 0.06400382990382113
7 23 -0.19146786050092965
7 24 0.026972127857088107
7 25 -0.21926270277830656
7 26 0.09579993256201592
7 27 -0.06803896987635902
7 28 -0.10832023314353442
7 29 -0.02863817012857555
7 30 -0.06710231620248944
7 31 -0.06161675146249923
7 32 0.0142978976221021
7 33 -0.16193545468928802
7 34 0.07530173005039642
7 35 0.10213314359378378
7 36 -0.09724972651095419
7 37 -0.023906528090199032
7 38 -0.1414473692845648
7 39 0.006292647584748001
8 8 0.0
8 9 -0.11719173854705238
8 10 0.0518791224404607
8 11 0.03644406697299616
8 12 0.14204334109224792
8 13 -0.011816310949325143
8 14 -0.23567247507402528
8 15 -0.003265118352360158
8 16 0.20917107432907875
8 17 -0.15264427080267848
8 18 0.13377669473390472
8 19 -0.03728822810880496
8 20 -0.047714269985503883
8 21 0.10442766896512931
8 22 -0.08865350889353482
8 23 0.0698911368033053
8 24 0.13334772857520663
8 25 -0.05807801641170016
8 26 -0.13078881882000962
8 27 0.16560464272096695
8 28 0.09814406407306217
8 29 0.11071715787641725
8 30 -0.021089929099890246
8 31 -0.0925432083637223
8 32 0.05765806885277082
8 33 -0.17802635920247328
8 34 -0.09935897427938022
8 35 0.10210871367458615
8 36 0.15647689246201016
8 37 0.06655081927970553
8 38 -0.055211174229017154
8 39 -0.05088408897878183
9 9 0.0
9 10 -0.12055032099776844
9 11 0.00047977473318612675
9 12 -0.025100074274150796
9 13 -0.0717777190140354
9 14 0.09907847003938468
9 15 0.0997539498466675
9 16 -0.11991312225744848
9 17 0.1459460280078183
9 18 0.013095996590545386
9 19 -0.06457558225677174
9 20 -0.14252071722944046
9 21 -0.0775160181286938
9 22 0.08282797381232107
9 23 -0.04100049840488381
9 24 -0.12184795247654794
9 25 -0.015870286675709937
9 26 0.08759759839938866
9 27 -0.16146480839044022
9 28 -0.13600646687189316
9 29 0.01758320995097973
9 30 -0.05854680215745032
9 31 -0.03743878802062391
9 32 -0.0688848480391697
9 33 0.03650138487235108
9 34 0.10010139822183754
9 35 -0.060737706549930826
9 36 -0.07500305835761413
9 37 -0.019529388887154466
9 38 -0.019880824235899347
9 39 -0.011540480245265682
10 10 0.0
10 11 -0.008362888051257188
10 12 0.0636273462002814
10 13 0.1053342323271225
10 14 0.15827783243214577
10 15 0.07167865246807595
10 16 0.4119000557451626
10 17 -0.0950668833984875
10 18 0.1092735645529106
10 19 -0.20057485993023572
10 20 0.019710103635182098
10 21 0.16630141779862764
10 22 -0.1479227954399442
10 23 0.1920237651106513
10 24 0.15694048018661189
10 25 -0.04097647777023297
10 26 -0.11643110636198414
10 27 -0.2072000214625001
10 28 -0.013620951717560692
10 29 -0.05986565138704155
10 30 -0.11319167338849953
10 31 0.01426314324179831
10 32 0.08190938641495511
10 33 0.20262728245001488
10 34 -0.05737453922900755
10 35 -0.12077465805066148
10 36 0.1103006610756982
10 37 0.1553133587325247
10 38 -0.03556647231010476
10 39 -0.18720704417882206
11 11 0.0
11 12 0.06233025577664747
11 13 -0.13484286686827995
11 14 -0.023083341579213507
11 15 0.10617311131234226
11 16 0.03106557642447768
11 17 0.0074352974941547575
11 18 -0.015716603469116405
11 19 0.0022848735484970128
11 20 0.06408097099412799
11 21 -0.26756266361524017
11 22 0.2686876975775098
11 23 0.0907342446186383
11 24 0.1260807371256969
11 25 -0.2474128020813759
11 26 0.0048514208842600605
11 27 -0.01788008819644319
11 28 0.008818161349281404
11 29 -0.046310073403537044
11 30 -0.009179567467492539
11 31 -0.07540697517132293
11 32 -0.07688973204121793
11 33 -0.07560890819172436
11 34 0.0914411139800292
11 35 -0.018477228343917955
11 36 -0.08250609366831393
11 37 0.058129118043206196
11 38 0.042136390462287676
11 39 0.10375760250197416
12 12 0.0
12 13 -0.011172500640522515
12 14 -0.09465097792185667
12 15 -0.15140020869750115
12 16 0.11610847572660402
12 17 -0.11023675295927582
12 18 0.10542305827935136
12 19 -0.17731836194369285
12 20 -0.11714578774381959
12 21 -0.06469774960800398
12 22 0.14915325992396325
12 23 0.11911685634104899
12 24 0.09693988410435209
12 25 -0.017243910106531347
12 26 -0.0351636604270062
12 27 -0.08304555280200537
12 28 0.01580593777508376
12 29 0.1645327778048691
12 30 0.0636516484671703
12 31 -0.11328258429692636
12 32 0.2240466232427832
12 33 -0.1829030066295849
12 34 0.050714104543664706
12 35 0.07563596898523094
12 36 -0.0052068968727154805
12 37 -0.07109597391920731
12 38 -0.05548312427430838
12 39 -0.23836941442792042
13 13 0.0
13 14 0.01826987958879832
13 15 -0.13528116193819642
13 16 0.06293194316887467
13 17 -0.052942075554686704
13 18 0.06952689843890134
13 19 0.062140977789088156
13 20 -0.04402748723832915
13 21 0.06809627082669946
13 22 -0.21085158214544827
13 23 -0.0011230958247493595
13 24 -0.04769903101647761
13 25 0.0689532068827157
13 26 0.033561759562872315
13 27 -0.06706063058671222
13 28 -0.04947032881643456
13 29 0.02760000536459844
13 30 0.03504727334269489
13 31 0.0041593296740907865
13 32 0.0872294215512519
13 33 -0.049037425405957076
13 34 0.011513411966283107
13 35 0.029625749044644083
13 36 -0.07842928270412795
13 37 0.17530647581453995
13 38 -0.06956560967972839
13 39 -0.18108737816836953
14 14 0.0
14 15 0.1356488217866512
14 16 0.044105059828440964
14 17 0.13076873909485598
14 18 -0.0032242105174959826
14 19 -0.18384420764803697
14 20 0.0626475833020384
14 21 -0.12350864036387159
14 22 -0.012260240375752919
14 23 0.05475737852084396
14 24 -0.2231711432304516
14 25 0.08588420686149276
14 26 -0.0502745843397843
14 27 -0.24778796773287626
14 28 0.00798166211605844
14 29 -0.0652700002172311
14 30 0.01734122391987107
14 31 0.13868895635464917
14 32 -0.22577008799790094
14 33 0.2377586809301838
14 34 0.09099365515658006
14 35 -0.21919714307926416
14 36 -0.038678252608446276
14 37 -0.09149411617540468
14 38 0.21047502961180245
14 39 0.08751446196808134
15 15 0.0
15 16 0.07446815630333169
15 17 0.11089445325166328
15 18 -0.042626924536510125
15 19 -0.051577153618229954
15 20 -0.041875659291700014
15 21 -0.015565735379320994
15 22 0.12887035404869465
15 23 -0.015142616640147155
15 24 -0.032036551132118715
15 25 -0.17209352943767295
15 26 -0.030097546274089587
15 27 0.003572430288293018
15 28 0.00040056897946138474
15 29 -0.19617547618096637
15 30 -0.1471142674160544
15 31 0.015420560964421074
15 32 -0.12029104917110296
15 33 0.03822598658313472
15 34 0.013239149653171689
15 35 -0.09202101540645383
15 36 -0.006378779159204978
15 37 0.025892789358273587
15 38 0.0758861963416427
15 39 0.2352955132965318
16 16 0.0
16 17 -0.18313194964472918
16 18 0.15462306408992527
16 19 -0.28132164039849844
16 20 -0.2623735654755571
16 21 -0.017562550448036323
16 22 0.08656131088204565
16 23 0.28214163352432775
16 24 0.05928854491381672
16 25 0.08060415349568835
16 26 -0.19528285301866966
16 27 -0.031714120412268273
16 28 0.03738653674785693
16 29 0.1059598926092808
16 30 -0.12313569484879375
16 31 -0.15524646120383734
16 32 -0.016371978608046317
16 33 0.07680073462510004
16 34 -0.08669914800937555
16 35 -0.07083486226853657
16 36 0.08491274582064744
16 37 0.21602590184219372
16 38 0.01715336510319659
16 39 -0.15933412737353916
17 17 0.0
17 18 -0.14669792584010163
17 19 0.0843216819517565
17 20 -0.009960406518521559
17 21 -0.14862147725991298
17 22 -0.03861826745075505
17 23 -0.27277697789444194
17 24 0.13006159277494472
17 25 -0.021638190473681103
17 26 -0.11327947281551953
17 27 -0.254610949205084
17 28 -0.061774566201706835
17 29 -0.2004719525353595
17 30 -0.022279138964852296
17 31 -0.01370713440684936
17 32 -0.1520930377593673
17 33 0.0791300900489943
17 34 0.09844480015727614
17 35 -0.04106328643276557
17 36 0.015599906933380004
17 37 -0.048317515470843515
17 38 0.12209379567328933
17 39 0.1228287750045642
18 18 0.0
18 19 -0.08146501472223289
18 20 -0.11527452631335414
18 21 0.03780393264331784
18 22 -0.03487915635318493
18 23 0.09872110304315147
18 24 -0.05161648499731118
18 25 0.04300363889006039
18 26 -0.03945236553539222
18 27 0.016909681883072746
18 28 -0.027667992090690763
18 29 0.15404958259944307
18 30 -0.012520367745422761
18 31 0.012622460352146031
18 32 0.023811260907113687
18 33 0.05034383659716635
18 34 0.025739628853859324
18 35 -0.12172376199153404
18 36 0.048757433150607
18 37 0.09046230909509304
18 38 -0.04856790300489373
18 39 -0.13377954832720915
19 19 0.0
19 20 0.10645611362543599
19 21 0.08602781701421132
19 22 -0.16608817899152156
19 23 -0.24369425614776885
19 24 -0.050261481801472684
19 25 -0.052341821160448464
19 26 0.047042145709878816
19 27 0.1834035595612605
19 28 -0.0915045522602917
19 29 0.0031430981221261464
19 30 0.020396955593917347
19 31 0.07020613822201595
19 32 -0.05436940583415402
19 33 0.08191908570498395
19 34 -0.04128682865411241
19 35 0.043929688798127635
19 36 -0.1487106001265629
19 37 0.06315023331505824
19 38 -0.13175390836867742
19 39 0.15171033581982218
20 20 0.0
20 21 0.09567419218599522
20 22 -0.2826837086645725
20 23 0.060984004394674794
20 24 0.058479056178664
20 25 -0.12051514158003362
20 26 0.08532381658393043
20 27 0.09551599392524303
20 28 0.017403256398159036
20 29 -0.06669530475128567
20 30 0.027684509016800352
20 31 0.20414404877763923
20 32 0.0177090159009769
20 33 0.03383772201060207
20 34 0.013097321928378878
20 35 -0.10442156430168956
20 36 0.007512894090918244
20 37 -0.09206979884988409
20 38 0.10555431480021753
20 39 0.11607836721069835
21 21 0.0
21 22 -0.39384947636996337
21 23 0.010717653973526723
21 24 -0.14548321036037654
21 25 0.04853841910118923
21 26 0.09815848900482342
21 27 0.20621393885825418
21 28 -0.039343099273882354
21 29 0.046835879759291335
21 30 -0.06337086988603188
21 31 0.09577966401634722
21 32 0.18139007930295029
21 33 0.009199886705247035
21 34 -0.17202069961618857
21 35 0.10149440155089524
21 36 0.05818950057655298
21 37 -0.0282973178074649
21 38 -0.17067068384293374
21 39 -0.08039872847200664
22 22 0.0
22 23 0.05836589916570258
22 24 0.09058807201483363
22 25 -0.1444500150906117
22 26 0.022843854319284238
22 27 -0.0505099533307221
22 28 0.09879626457340489
22 29 -0.045094758866143655
22 30 0.04570691427714156
22 31 -0.06881378112547866
22 32 0.014036334136737771
22 33 -0.11841493593523171
22 34 0.17905341013747247
22 35 0.014536446217148035
22 36 -0.13073890289133708
22 37 -0.01593402862062609
22 38 0.1322819176953882
22 39 0.1324192667728095
23 23 0.0
23 24 -0.10053106155286703
23 25 0.07567485905052201
23 26 0.12384062543491267
23 27 0.042773038485900854
23 28 -0.028876142742613953
23 29 0.1707853663776862
23 30 0.009404148089716409
23 31 -0.09251964852833859
23 32 0.11798245733781884
23 33 0.010702508374158204
23 34 -0.00041884064980203745
23 35 -0.03746123875154105
23 36 -0.050507215027455254
23 37 0.04464624088021783
23 38 0.060376091229712346
23 39 -0.15310256176721387
24 24 0.0
24 25 -0.08762672285866255
24 26 -0.17076882371472102
24 27 -0.1075597978732851
24 28 0.13568209874956266
24 29 -0.17916618557969044
24 30 0.15123947128803555
24 31 -0.058419156273138276
24 32 0.006783036263635517
24 33 -0.021991219228389633
24 34 0.02414246102325978
24 35 0.027314666248378684
24 36 0.19362883682291268
24 37 0.05698523503556545
24 38 0.053280595090345016
24 39 -0.019565096205329778
25 25 0.0
25 26 -0.05564753700743402
25 27 0.06685499440932655
25 28 -0.013499964380598667
25 29 0.09788963401053642
25 30 0.13494951768075256
25 31 -0.01566838202891243
25 32 -0.03484954147729556
25 33 0.2230826773808329
25 34 -0.1652686647611685
25 35 -0.056760063147596615
25 36 0.128402602865988
25 37 -0.0901380031352276
25 38 0.10705475319686904
25 39 -0.06826217137262063
26 26 0.0
26 27 0.09177299938759906
26 28 -0.09373089763490276
26 29 0.048159024488700755
26 30 0.08229750027131422
26 31 0.047210336557247726
26 32 0.11268640957330003
26 33 -0.07536370046276604
26 34 0.06091931134371119
26 35 0.10444962444658894
26 36 -0.2014646956867249
26 37 0.00146982458422934
26 38 -0.06894643923792174
26 39 -0.03847867306683365
27 27 0.0
27 28 0.028967249696429505
27 29 0.08762831081499955
27 30 0.03291102730245068
27 31 0.09930532828780272
27 32 0.0322078215963557
27 33 -0.05713045803559981
27 34 -0.1888269121332178
27 35 0.0675979918378786
27 36 -0.029711227023033377
27 37 0.01766169987778965
27 38 -0.01497950915525475
27 39 0.17632132835131115
28 28 0.0
28 29 -0.148706343163358
28 30 0.13260868131566422
28 31 0.017013025701053917
28 32 -0.03728864480323654
28 33 -0.1438217681343065
28 34 -0.03323765807737707
28 35 0.16573707921757802
28 36 0.2302154305335687
28 37 -0.12447987766607393
28 38 0.12219723859501767
28 39 0.12120370725548224
29 29 0.0
29 30 0.027794457631371276
29 31 -0.012730905310504938
29 32 0.030107481053656338
29 33 0.09509720888838803
29 34 0.04414017555212897
29 35 -0.07688433542764445
29 36 -0.1987937846571137
29 37 0.10149896319966456
29 38 -0.11811620195334287
29 39 -0.2311768273394205
30 30 0.0
30 31 0.037871211189154916
30 32 -0.09448876424681261
30 33 0.07925557532138953
30 34 0.0546044030947682
30 35 0.12966828796306823
30 36 -0.035294187405157176
30 37 -0.09126010111265373
30 38 0.033966153608441116
30 39 -0.031457933468811025
31 31 0.0
31 32 -0.03955062174100722
31 33 0.11693201442012913
31 34 0.04039256261246561
31 35 -0.13144738696395053
31 36 -0.04761728896276347
31 37 -0.0022679681301058944
31 38 0.1068185928913861
31 39 0.13875624649832652
32 32 0.0
32 33 -0.2825869781612888
32 34 -0.010358260360715858
32 35 0.11766937019862345
32 36 -0.017462781754664557
32 37 -0.07401032786138322
32 38 -0.0764528879949594
32 39 -0.18894965672363026
33 33 0.0
33 34 -0.004029277719940364
33 35 -0.3437766191997741
33 36 -0.07907553426594582
33 37 0.08197732556150178
33 38 0.016699921286575527
33 39 0.023282422848569396
34 34 0.0
34 35 -0.07852119674566538
34 36 -0.16970412690217626
34 37 0.04666264826662382
34 38 0.03674185119641546
34 39 -0.03948351004802195
35 35 0.0
35 36 0.08269681177645762
35 37 -0.09662609320569385
35 38 -0.09469486140954986
35 39 -0.028856001723048603
36 36 0.0
36 37 -0.15026505338103244
36 38 0.10552362241837358
36 39 0.05956070962266695
37 37 0.0
37 38 -0.06564713093500672
37 39 -0.07942628494955092
38 38 0.0
38 39 0.20640394424581618
39 39 0.0
