0 0 0.0
0 1 -0.07877135914508174
0 2 0.02800382734371355
0 3 -0.02049438682282672
0 4 -0.006326645235466578
0 5 -0.05786404114996509
0 6 -0.038050691511598615
0 7 -0.07202008185448086
0 8 0.08962308460311333
0 9 0.06291103298979243
0 10 0.08147059676563999
0 11 -0.018328836208774794
0 12 0.03137093173313339
0 13 0.05410392172654631
0 14 0.019275927065492904
0 15 0.0806416388074999
0 16 -0.0936553442869044
0 17 -0.01254998000954187
0 18 -0.14437231099129477
0 19 0.027198464171903348
0 20 0.033669764142543454
0 21 -0.01254853391822979
0 22 0.06781799921888662
0 23 0.10435372049514943
0 24 -0.008401617501631733
0 25 0.1401451231736552
0 26 -0.09245716308599197
0 27 0.047200973414081984
0 28 -0.005926964228558882
0 29 -0.03152900332451817
0 30 0.15754348704407167
0 31 -0.04098828390964717
0 32 0.08696076429243466
0 33 0.06664496146866217
0 34 0.007731648643061838
0 35 0.0078522158424764
0 36 -0.03304114712415294
0 37 0.012910915840347393
0 38 0.14163037485949984
0 39 -0.07051028880986661
1 1 0.0
1 2 -0.08968909688944593
1 3 0.048565194666990455
1 4 0.1191893985630325
1 5 0.07534751529772594
1 6 0.055731180446864495
1 7 0.08193062085747804
1 8 -0.03879709599706859
1 9 -0.056687882219627214
1 10 -0.10387755639939682
1 11 0.14842906412334658
1 12 0.13911704566010222
1 13 -0.0272428482552401
1 14 -0.06397172134404887
1 15 -0.13032146382469628
1 16 0.012694141098989444
1 17 0.08477723540709553
1 18 0.13858164143066218
1 19 -0.1848328559026033
1 20 0.10222330669810195
1 21 0.15411937253161492
1 22 0.01637403334038449
1 23 0.06954770500203908
1 24 -0.010845217695635892
1 25 0.04696010297907364
1 26 0.13693960907619013
1 27 -0.03871576857765123
1 28 0.018984120316853502
1 29 0.020838031158942914
1 30 -0.1192844500918103
1 31 -0.17392831432635408
1 32 0.013723466199648423
1 33 -0.12391568112390425
1 34 0.045047520135686504
1 35 0.06788184723583171
1 36 0.07854373109562161
1 37 -0.13946530707409072
1 38 -0.25701709975009324
1 39 0.07731666834917009
2 2 0.0
2 3 -0.06470156587852186
2 4 -0.12948241995844983
2 5 -0.019981877482560053
2 6 -0.009315630529678128
2 7 -0.013813168809957324
2 8 0.055824731604830244
2 9 0.020211345347600586
2 10 -0.01588662740102925
2 11 -0.025597771022643257
2 12 -0.1110503232074321
2 13 -0.032548366282682636
2 14 -0.010401226707573126
2 15 0.10661384261735105
2 16 -0.09590053928628492
2 17 -0.10587400115759305
2 18 -0.031472878475187094
2 19 0.046325636540304506
2 20 -0.06783388724360237
2 21 -0.13728316739130247
2 22 -0.020540102584138235
2 23 -0.13648544353470637
2 24 0.010183564449781381
2 25 -0.022010119157486133
2 26 0.005677105862563368
2 27 0.04129852532541743
2 28 0.014890115759621065
2 29 0.004039925903736566
2 30 0.02678186108616621
2 31 0.11990384262507367
2 32 -0.002872005217443507
2 33 0.052310758262347413
2 34 0.009638589731763396
2 35 -0.08339094151869186
2 36 0.0298869798088722
2 37 0.028991208521943236
2 38 0.06402275098671258
2 39 0.015729702817645845
3 3 0.0
3 4 0.09013681260212872
3 5 0.0149084696386531
3 6 -0.0072948479813447625
3 7 -0.03914278997150354
3 8 -0.003350688951407099
3 9 -0.03966722149160026
3 10 0.018110696374381775
3 11 -0.05248915256380965
3 12 0.050073322453970115
3 13 -0.07927388621475631
3 14 0.11445908573897064
3 15 -0.1403922804314232
3 16 0.04133744761854908
3 17 0.05234100247599159
3 18 -0.004019801973227228
3 19 -0.1580812943830785
3 20 0.05116393164888605
3 21 0.16155054385513978
3 22 0.026582903913281424
3 23 -0.017654981901198987
3 24 0.0278820829935409
3 25 -0.0614188912971929
3 26 -0.10717230680203058
3 27 0.00812738324577007
3 28 0.012477701625289609
3 29 -0.01679701301722391
3 30 -0.023983404476671643
3 31 -0.14478882923968175
3 32 0.03249096807737511
3 33 0.002922680055558598
3 34 -0.053818373247101224
3 35 0.015772463461169832
3 36 -0.12739513713557463
3 37 -0.012851245013771629
3 38 0.12722796059434968
3 39 -0.009617435217301509
4 4 0.0
4 5 0.04506647729058183
4 6 0.022921380865782427
4 7 -0.03694384584657271
4 8 -0.18539304683966903
4 9 0.044121256588552066
4 10 -0.009313395408667765
4 11 -0.057288665577318786
4 12 0.12467153360929042
4 13 -0.028215990611392506
4 14 0.046361545544643536
4 15 -0.19816015352914523
4 16 0.05232729712795955
4 17 0.007999580941608173
4 18 0.045578341023495075
4 19 -0.20626679190673838
4 20 0.010792773362845638
4 21 0.13446667128879136
4 22 -0.04751170645845982
4 23 0.21251569786456784
4 24 0.10870754338129293
4 25 0.05975976634797311
4 26 0.05626408589566943
4 27 0.03497384441594462
4 28 0.076498783616915
4 29 -0.015355320769565065
4 30 0.06921606870816621
4 31 -0.17960155305850928
4 32 -0.027902595407708723
4 33 -0.027521279862215857
4 34 0.053871275539423946
4 35 0.07603875630509382
4 36 -0.06292925278396976
4 37 0.10893189041719167
4 38 -0.1102767712364374
4 39 -0.009789221040693744
5 5 0.0
5 6 0.1060597904919672
5 7 -0.07329184554196169
5 8 -0.06301281569285108
5 9 0.03298652712484848
5 10 -0.12212268408645217
5 11 0.00916154467146536
5 12 -0.0010735163842617462
5 13 0.06280088926017205
5 14 -0.20295558040894174
5 15 -0.041106047108633324
5 16 -0.01849448376569946
5 17 -0.10951165011312144
5 18 0.013910144228119772
5 19 -0.005331342034736517
5 20 0.11402504085084841
5 21 0.008232551163038917
5 22 -0.09012967271576691
5 23 0.06404606680038302
5 24 0.09551348111621909
5 25 -0.04948756694863206
5 26 0.043973093483702194
5 27 -0.07569487450649438
5 28 0.06678209334869471
5 29 -0.03333591677749043
5 30 -0.062163326586609016
5 31 -0.0629575158986554
5 32 -0.06987562046765063
5 33 0.009324309007139242
5 34 -0.08074595466401716
5 35 0.00032960938013690933
5 36 -0.04363144820713056
5 37 -0.03241045591310418
5 38 -0.1000020245265135
5 39 0.04443286747620504
6 6 0.0
6 7 -0.06139322803462147
6 8 -0.12993900375221984
6 9 0.003793159757503407
6 10 -0.07071909925334172
6 11 0.030854317860391563
6 12 0.013971337880853283
6 13 0.0642114579151036
6 14 -0.1677764342040743
6 15 -0.07868342945437243
6 16 -0.008886273649490628
6 17 -0.11410384907799016
6 18 -0.00020940452987714474
6 19 -0.0032835294728463145
6 20 0.10381407708184354
6 21 0.04268264540952475
6 22 -0.030322381205445538
6 23 0.07760604189466591
6 24 0.0672158489354499
6 25 -0.05400671721931914
6 26 0.05641724279211276
6 27 -0.1865301329807322
6 28 -0.009567683781798052
6 29 -0.08213587059008512
6 30 -0.03809565419676604
6 31 -0.042244129734915745
6 32 -0.006440524308313022
6 33 -0.024949014363866203
6 34 -0.04144684521211621
6 35 0.023170643325172414
6 36 -0.10042179155783508
6 37 -0.09595142281483601
6 38 -0.10252413167743157
6 39 0.09300087762462791
7 7 0.0
7 8 0.09630306741565435
7 9 -0.070660691454075
7 10 -0.006311238543512484
7 11 0.11738911390746065
7 12 0.05586238348811272
7 13 -0.074941386563005
7 14 0.12879765328080323
7 15 0.015570986730635113
7 16 0.011384275753144655
7 17 0.12908994951614455
7 18 0.16292593330752708
7 19 0.03854166303585084
7 20 -0.028697236893432808
7 21 0.018677815584436312
7 22 0.02052743860326051
7 23 -0.07187842693849701
7 24 -0.07551735998349232
7 25 0.013304600560348276
7 26 0.06270288440183293
7 27 0.11467281402868261
7 28 -0.03662037453660123
7 29 0.13007010978827171
7 30 -0.06456725118222549
7 31 0.0850285751179881
7 32 -0.04195649563597562
7 33 -0.10661316138272688
7 34 0.08039313563947399
7 35 0.0013329452936893514
7 36 0.1858946313015141
7 37 0.007994701725633319
7 38 -0.07541303913411293
7 39 -0.0016551250898091535
8 8 0.0
8 9 -0.015330015043907139
8 10 0.028736643228582527
8 11 0.06526379703542469
8 12 -0.018752948492248525
8 13 -0.03553902217020033
8 14 0.1187943292986821
8 15 0.1359035190394749
8 16 -0.0691598960595977
8 17 0.10589567049592599
8 18 -0.0074458007732568455
8 19 0.11265226857494667
8 20 -0.0024870439088239887
8 21 -0.029753376579939966
8 22 0.06941637128169245
8 23 -0.13658483275707772
8 24 -0.041718825987967216
8 25 0.02698627600915554
8 26 -0.07697141746720983
8 27 0.18600324148066721
8 28 -0.04477578091739666
8 29 0.10864123023854691
8 30 0.006157668544572469
8 31 0.07145891391787557
8 32 0.06674509645414797
8 33 0.016677047096632626
8 34 -0.014787557802824522
8 35 -0.054701597274672754
8 36 0.12120961473005795
8 37 0.0003104313030367737
8 38 0.17348590760927937
8 39 -0.07683559660832896
9 9 0.0
9 10 -0.05255599556769395
9 11 -0.16133166494278267
9 12 -0.0016792120492203782
9 13 0.1328696148770529
9 14 -0.03183082231217081
9 15 0.05835615015696481
9 16 -0.023468944356767784
9 17 -0.12430381619850721
9 18 0.005363627783630526
9 19 0.1066514168075526
9 20 -0.08339107469942494
9 21 -0.10244814870960203
9 22 -0.013154276173006402
9 23 -0.06703220723563721
9 24 0.1354116125684937
9 25 -0.004261043788627553
9 26 -0.08203940427165068
9 27 -0.034786705538344724
9 28 -0.053351052581053514
9 29 -0.026711463982300072
9 30 0.06199762252822845
9 31 -0.089565396497771
9 32 0.14101296430164206
9 33 -0.010171712254960249
9 34 0.011864673184570717
9 35 0.006193964657446502
9 36 0.005035590881018082
9 37 0.1452652995293517
9 38 0.09049265574775425
9 39 -0.06572376014791899
10 10 0.0
10 11 0.016353607008408537
10 12 0.015466505711785677
10 13 0.019521272744246424
10 14 0.14513074962492384
10 15 0.07196065458108136
10 16 -0.004439843334665279
10 17 0.07919984141546475
10 18 -0.06705170287662772
10 19 0.05061580481685959
10 20 0.008013764751288326
10 21 0.0436493743344345
10 22 0.10533875420122685
10 23 0.09251990435648715
10 24 -0.10543359850940107
10 25 0.0035145970590542155
10 26 -0.09742684604346614
10 27 -0.03326105070572954
10 28 -0.13718736618389382
10 29 0.02974338170049263
10 30 0.11285680585194988
10 31 0.055910944591992584
10 32 0.042334484698594785
10 33 0.07110281672014516
10 34 0.031065547952340806
10 35 -0.017206108598294582
10 36 0.007468876605710333
10 37 -0.08340301650377034
10 38 0.04846993552492597
10 39 -0.01729475243816562
11 11 0.0
11 12 0.05021260293531601
11 13 -0.03268220025198996
11 14 -0.036425414258681225
11 15 0.01279453127099495
11 16 -0.025953587216936545
11 17 0.12247692002864949
11 18 0.03908704320920619
11 19 -0.013853285861573545
11 20 0.1264526144831648
11 21 0.10234390270049443
11 22 0.04286859297559306
11 23 0.09951127480110816
11 24 -0.1002725678090473
11 25 0.04496377819948946
11 26 0.10780040224112886
11 27 0.015035182920444238
11 28 -0.043986227707416836
11 29 0.06747817751888789
11 30 -0.05193530478173738
11 31 0.05698400159816963
11 32 -0.05054274888687543
11 33 -0.0230604862836857
11 34 0.011760357854152238
11 35 -0.007199685510345513
11 36 0.11032065970759912
11 37 -0.19800242953174746
11 38 -0.17352076910841716
11 39 0.06722043180526452
12 12 0.0
12 13 0.03657750986532461
12 14 0.045772287866981745
12 15 -0.1016587707564374
12 16 0.031167803309200208
12 17 0.10368723594838813
12 18 0.08521891975823717
12 19 -0.03502070096113706
12 20 0.10072272116917044
12 21 0.12863526293003386
12 22 0.0637175337555704
12 23 0.14492398038108548
12 24 -0.01657367549821819
12 25 0.05524617474742828
12 26 0.02063104864571123
12 27 -0.04014428673080662
12 28 -0.012730150080447266
12 29 0.023285840640516173
12 30 -0.014075826272239949
12 31 -0.14404124702400112
12 32 0.03269188250244455
12 33 -0.11365071472815969
12 34 0.04506415228629542
12 35 0.11431479484406804
12 36 0.022218036369380866
12 37 -0.047654746345761265
12 38 -0.09781847216355323
12 39 -0.007016829814184042
13 13 0.0
13 14 -0.17773412489837137
13 15 0.10875453781099573
13 16 0.03632283409129369
13 17 -0.06664281975469963
13 18 -0.043463066416870984
13 19 0.16490621944959727
13 20 0.04190345311287604
13 21 -0.029644623244666695
13 22 0.026185201745885244
13 23 0.09219672899293216
13 24 -0.04866517178841244
13 25 0.030672697216976436
13 26 -0.11198358517738169
13 27 -0.25327789647546933
13 28 -0.1482522489301174
13 29 -0.08110638520211025
13 30 0.020514345921623232
13 31 -0.07300076292891003
13 32 0.08237600866420686
13 33 -0.007423347272493638
13 34 -0.024178526543436014
13 35 0.04234795404521567
13 36 0.003523120922072312
13 37 -0.07763419786523726
13 38 -0.053406709659317854
13 39 -0.014169552680328107
14 14 0.0
14 15 -0.05890553939573193
14 16 -0.03672783595593796
14 17 0.17546407714035583
14 18 0.09952352285299827
14 19 0.011386566773738616
14 20 -0.07923101170638094
14 21 0.06030408954022165
14 22 0.12361677561915052
14 23 -0.11581237841910985
14 24 0.10163143428592528
14 25 -0.10166513645080129
14 26 -0.01250254710538205
14 27 0.3002456451788595
14 28 -0.057461378687395405
14 29 0.19784906434173613
14 30 0.08242343286016199
14 31 0.0493472480650506
14 32 0.12219699318548682
14 33 -0.01438200444469157
14 34 0.07981618631304295
14 35 -0.02422645915541096
14 36 0.06543398927319817
14 37 0.1224841863761238
14 38 0.2009715247181009
14 39 -0.0722918216008691
15 15 0.0
15 16 -0.06616049520099201
15 17 -0.06344269471145166
15 18 -0.06191761878696517
15 19 0.17922701801597993
15 20 -0.08172811964476791
15 21 -0.16349883095708523
15 22 0.017592136313839497
15 23 -0.09043965351030427
15 24 -0.15246282985891613
15 25 0.05624209085572983
15 26 -0.1249139082897432
15 27 -0.05672193146119535
15 28 -0.14379232703645237
15 29 0.010473836428835353
15 30 0.06390123634928987
15 31 0.15014489467625877
15 32 0.017366428721239634
15 33 0.07857481632482659
15 34 0.023904924422836864
15 35 -0.09899129462295134
15 36 0.14967286477150735
15 37 -0.03960305143615409
15 38 0.03642144364624613
15 39 -0.029216924651711607
16 16 0.0
16 17 0.0915766073387953
16 18 0.00202124404034141
16 19 -0.028878772365987303
16 20 -0.03228392687145309
16 21 0.07561136531254874
16 22 -0.02550543138495633
16 23 0.03503570163515591
16 24 -0.09127978856312044
16 25 0.022005003842168483
16 26 -0.05784658367406527
16 27 -0.09119871888671655
16 28 -0.012693954191316642
16 29 -0.06103435232275343
16 30 -0.07566362995085679
16 31 -0.06260067854027314
16 32 -0.04133947427341396
16 33 -0.04600511825633371
16 34 -0.03030271466862176
16 35 0.06728923935574257
16 36 -0.05049573934545447
16 37 0.01475093198201526
16 38 -0.01819491764894205
16 39 -0.030281783095203206
17 17 0.0
17 18 0.04092845925797407
17 19 -0.012740000006689437
17 20 0.046341782193487675
17 21 0.15802351005850815
17 22 0.09930317467219371
17 23 0.05547553886397431
17 24 -0.0716350379559893
17 25 0.03516192200969051
17 26 0.01642960870239537
17 27 0.14275929303732324
17 28 -0.03468129186524094
17 29 0.10143084058427623
17 30 -0.043247479905052295
17 31 -0.03143251241241541
17 32 0.03559717305521161
17 33 -0.05372712147543658
17 34 0.006279345987847057
17 35 0.0617388422903021
17 36 0.06210324293060269
17 37 -0.05552910944394514
17 38 0.013753301006110363
17 39 -0.05467953469547776
18 18 0.0
18 19 0.022135995001184558
18 20 -0.012268037622917201
18 21 0.004777639109988399
18 22 -0.00037613755614087626
18 23 -0.08818208477202946
18 24 0.03987799290973382
18 25 -0.08457909321803253
18 26 0.11206583370163523
18 27 0.03327436128267099
18 28 -0.017481101357489294
18 29 0.12065470004276832
18 30 -0.1031729557904602
18 31 0.0008316913201438866
18 32 -0.01379382338103104
18 33 -0.15403390156249192
18 34 0.08734279924906338
18 35 0.03162247896333099
18 36 0.15292417862718624
18 37 0.026055561989532555
18 38 -0.15463103192374797
18 39 0.03980202869634861
19 19 0.0
19 20 0.009605818456901907
19 21 -0.13723443885837863
19 22 0.05765516436291175
19 23 -0.06854595291256825
19 24 0.05839888114451915
19 25 -0.10993805832588024
19 26 -0.05344064001860843
19 27 -0.027689322719212574
19 28 -0.16250802228632688
19 29 0.08690722087255207
19 30 0.021704980036359428
19 31 0.14967723946676934
19 32 0.09743389736340917
19 33 -0.002383533958106687
19 34 -0.03169379700066592
19 35 -0.020083998657400536
19 36 0.09324476552465699
19 37 0.012879053211218072
19 38 0.09484350160894345
19 39 -0.051436056332881785
20 20 0.0
20 21 0.1392701363171114
20 22 0.05095021775908133
20 23 0.18594039432545983
20 24 0.028947668729478397
20 25 -0.0265024455169848
20 26 0.050131326782525056
20 27 -0.07591679298642107
20 28 0.004170640293970628
20 29 0.004042830133673755
20 30 -0.02989102369730981
20 31 -0.07548486382887412
20 32 -0.006546439265053011
20 33 -0.014164852318949405
20 34 -0.06734014549824947
20 35 0.056604143922733066
20 36 -0.06348086040574892
20 37 -0.18324233508490287
20 38 -0.08604044989117848
20 39 0.05359631617977976
21 21 0.0
21 22 0.06584068159685057
21 23 0.15695767286879475
21 24 -0.0067049492886253614
21 25 0.005082312190718364
21 26 -0.01868558101709232
21 27 -0.02394684465954914
21 28 -0.04937902298867191
21 29 0.00334771313577681
21 30 -0.02574335545956038
21 31 -0.15699969507886408
21 32 0.0417009368549839
21 33 -0.026851273079462674
21 34 -0.03734212374941949
21 35 0.0615288788874665
21 36 -0.07579974929880906
21 37 -0.1286491946549629
21 38 -0.029285750017497843
21 39 0.016282196809750137
22 22 0.0
22 23 0.016231666783825514
22 24 -0.013238153521208756
22 25 -0.024100993898646984
22 26 -0.034053663831084394
22 27 -0.014967331070918624
22 28 -0.12075580009415074
22 29 0.04724449645023391
22 30 0.032304349085916596
22 31 -0.036080931625564416
22 32 0.14291147864915515
22 33 -0.013133463705920135
22 34 0.01997532984494321
22 35 0.022349412679518545
22 36 0.02080037815838521
22 37 -0.10703962488127894
22 38 0.039397591600908013
22 39 -0.006757811900178938
23 23 0.0
23 24 -0.05541366509209533
23 25 0.13775867394090885
23 26 0.04548926132885798
23 27 -0.11627410239727484
23 28 0.023272092303632672
23 29 -0.06212134537810443
23 30 0.09303893411088104
23 31 -0.10060316782029151
23 32 -0.08370938605866668
23 33 0.023118248990624157
23 34 -0.0018607872044314098
23 35 0.10524980256047738
23 36 -0.0793653666109618
23 37 -0.11941707298659285
23 38 -0.18806663291998274
23 39 0.01941503097940346
24 24 0.0
24 25 -0.18715618725549826
24 26 0.14114627134588317
24 27 0.22971033182609868
24 28 0.0753329032940913
24 29 0.09359844897197922
24 30 0.0421033679091629
24 31 -0.06202176214490296
24 32 0.16369806441118281
24 33 0.023392146880750937
24 34 -0.058603725490776803
24 35 -0.015859566261060005
24 36 -0.09607268183393518
24 37 0.17204447448482107
24 38 0.1362042199536843
24 39 -0.020964746698557756
25 25 0.0
25 26 -0.04328921452479065
25 27 -0.0043844544027205725
25 28 0.06644809467941779
25 29 -0.08198462320045714
25 30 0.05841932796968855
25 31 -0.053397520525989096
25 32 -0.0757532926213433
25 33 -0.00842210560480321
25 34 0.05501974013221268
25 35 0.047542218142978876
25 36 0.04317114211244822
25 37 0.018795164089833255
25 38 -0.05222723927291345
25 39 -0.05220815453487667
26 26 0.0
26 27 0.136183015920941
26 28 0.15342659617535842
26 29 0.08117194945348706
26 30 -0.06413678457774649
26 31 0.05521394478116125
26 32 -0.06834014754137892
26 33 -0.06371056016946719
26 34 0.04739103487958962
26 35 0.02860702486356035
26 36 0.05080259931015256
26 37 -0.0034654693417204945
26 38 -0.2189217686208249
26 39 0.08417941425407606
27 27 0.0
27 28 0.18033822940154876
27 29 0.21438166292042632
27 30 0.0642731605535861
27 31 0.10142312250091909
27 32 0.009924133511756434
27 33 0.045306407017900896
27 34 0.011900544642132117
27 35 -0.06475798628393724
27 36 0.08167994076381462
27 37 0.26037936051098115
27 38 0.21848958748449535
27 39 -0.11529310428923797
28 28 0.0
28 29 -0.03563965378465521
28 30 -0.04325215032083596
28 31 -0.009051426276771603
28 32 -0.17870283948720295
28 33 -0.020472539167572766
28 34 -0.020187213393746135
28 35 0.04974532601689636
28 36 -0.09522353976221029
28 37 0.15665186289869876
28 38 -0.0013559835291881836
28 39 -0.011444882763670106
29 29 0.0
29 30 0.0052586715544583095
29 31 0.08389611402925302
29 32 0.0375037929237532
29 33 -0.02220038257356548
29 34 0.0406239166952205
29 35 -0.03605827595617004
29 36 0.1412060846948414
29 37 0.03587241863926991
29 38 0.010021188083837238
29 39 -0.018472391388091376
30 30 0.0
30 31 0.02400495131978514
30 32 0.057233195727003916
30 33 0.10121871482523029
30 34 0.03149400189566632
30 35 -0.03848332496784422
30 36 -0.01926614426692829
30 37 0.06253262636303197
30 38 0.10289752953350591
30 39 -0.047374917991339235
31 31 0.0
31 32 -0.12485989357606611
31 33 0.06793960397229931
31 34 0.022736800959564367
31 35 -0.11233087753786546
31 36 0.10580482756856277
31 37 0.024518531802221192
31 38 0.013889092990267327
31 39 0.022663562849806203
32 32 0.0
32 33 0.003977868964624523
32 34 -0.0072633331521666355
32 35 -0.0008101494942512301
32 36 -0.010623186935811555
32 37 -0.026077766599924758
32 38 0.15022688798282707
32 39 -0.042113684788175586
33 33 0.0
33 34 -0.05807452499957143
33 35 -0.09457565601020188
33 36 -0.06356397818246236
33 37 -0.00648074458195155
33 38 0.11030035008714793
33 39 -0.014038292921431961
34 34 0.0
34 35 0.010994021627109347
34 36 0.11375739722652031
34 37 0.02471961077810817
34 38 -0.10505157436873953
34 39 0.013496742771583272
35 35 0.0
35 36 -0.04282415388942864
35 37 -0.004911207898307268
35 38 -0.06331231630453064
35 39 -0.013010155910558815
36 36 0.0
36 37 -0.012139190007744171
36 38 -0.14265524159983084
36 39 -0.0020934604873496052
37 37 0.0
37 38 0.19810550606035413
37 39 -0.1250319869852809
38 38 0.0
38 39 -0.15372996799489033
39 39 0.0
