0 0 0.0
0 1 0.0010701481099323167
0 2 0.00020654957868954937
0 3 -0.0007312770778127081
0 4 0.016009768847805486
0 5 -0.020702517507868536
0 6 -0.06197778901255017
0 7 -0.12496477224046258
0 8 -0.005467511557078897
0 9 -0.0383580250728092
0 10 0.07950094335376202
0 11 0.07102189195163239
0 12 -0.02275168625368017
0 13 -0.06671924767608325
0 14 0.1085088905758266
0 15 -0.10516794646693592
0 16 -0.05888610840002342
0 17 -0.018684000792419452
0 18 -0.06642376320886909
0 19 -0.0676234442895386
0 20 0.0037515394662362422
0 21 0.031018279857555415
0 22 -0.05597212799908936
0 23 -0.004127500280622166
0 24 0.042962213120639275
0 25 0.011484986250393295
0 26 0.003487731974669525
0 27 0.010259295429622442
0 28 -0.09028987494330014
0 29 -0.03082201500529157
0 30 -0.0844872121700878
0 31 -0.005570630384299061
0 32 0.09989663426245629
0 33 -0.11642395584859362
0 34 0.011394825852692485
0 35 -0.01907053979287649
0 36 0.03631617572478272
0 37 0.10902489964633977
0 38 0.03567343668900467
0 39 0.12538804944450718
1 1 0.0
1 2 -0.11369856771220199
1 3 -0.027677810078210498
1 4 0.09883850895348958
1 5 0.058620721777296894
1 6 -0.0029801760526754783
1 7 -0.006755541712172726
1 8 -0.06667792731467752
1 9 0.10189475418495006
1 10 -0.04815145892375412
1 11 0.08097733081369037
1 12 -0.003283394810646471
1 13 0.08493091450769456
1 14 0.0675205193076175
1 15 -0.06163815497899431
1 16 -0.056143437278702066
1 17 -0.03279679804742488
1 18 0.00594336931065018
1 19 0.04862343279773778
1 20 -0.059027966777190896
1 21 0.07126702723361882
1 22 0.013636688795429185
1 23 0.042867173165430206
1 24 0.0770104251297625
1 25 -0.04233285766891658
1 26 -0.007665225764201143
1 27 -0.05607468331468477
1 28 0.057930543893545704
1 29 -0.098422733074323
1 30 0.01481077164916883
1 31 -0.0747108531258178
1 32 -0.10839789680973574
1 33 0.04336448083911596
1 34 -0.007456248570835114
1 35 -0.045698515412782345
1 36 -0.02976788519560807
1 37 0.09120270876555689
1 38 -0.005717986899088027
1 39 0.031358227947562524
2 2 0.0
2 3 0.0046272409027212575
2 4 0.009393636225350804
2 5 -0.11273178589069018
2 6 -0.017975942753694886
2 7 0.013580564155211392
2 8 0.06425623431886181
2 9 -0.03145583260976811
2 10 -0.10196567343613464
2 11 -0.16608456279740103
2 12 0.1296904082372195
2 13 -0.11111818555367226
2 14 -0.09098583554432657
2 15 -0.03299833896681606
2 16 0.02707810811405913
2 17 -0.02196075823359636
2 18 0.10740026950597241
2 19 -0.06695460709712467
2 20 -0.04939721891434679
2 21 -0.02040945732243362
2 22 -0.05574931079836358
2 23 -0.03757310901745213
2 24 -0.1622636069849177
2 25 0.12648093102821234
2 26 -0.03343641024846079
2 27 -0.036894688750036715
2 28 -0.11000290095646012
2 29 0.16734550032538886
2 30 -0.010300026262240287
2 31 0.027463291641983995
2 32 0.08420232015517994
2 33 0.06706114114122297
2 34 0.02621622950094533
2 35 0.03494969215782405
2 36 0.021352206803840867
2 37 -0.03262310937478529
2 38 -0.12641377705798124
2 39 0.022816241217478637
3 3 0.0
3 4 -0.03540001044206859
3 5 -0.04398144715431185
3 6 0.021562698884360736
3 7 0.058601727413616855
3 8 -0.0005048483365229198
3 9 -0.08264702145668118
3 10 -0.12795533341977194
3 11 -0.0664507022500476
3 12 -0.10145660055122747
3 13 -0.12198451590259948
3 14 -0.009057866494442079
3 15 -0.0016937706650437731
3 16 -0.128042461132012
3 17 0.01973352683136524
3 18 -0.034950999463419744
3 19 0.02768996672267504
3 20 -0.0341312953066951
3 21 0.009966843256428309
3 22 -0.0011536838730577714
3 23 0.09255830588495735
3 24 0.122418277061429
3 25 0.0937192109295812
3 26 0.006372145272471763
3 27 -0.040687346804779666
3 28 0.0658929106607957
3 29 -0.013040332600086338
3 30 -0.08458193878628632
3 31 -0.04773004254240131
3 32 0.14603829577789967
3 33 -0.019097200922429666
3 34 -0.05411702520677588
3 35 0.062393352178091464
3 36 -0.09414855703774422
3 37 -0.06344840209367138
3 38 0.06764050354571015
3 39 0.0026305184606660276
4 4 0.0
4 5 0.010766165135418075
4 6 -0.041327663687178086
4 7 0.013831973326200401
4 8 -0.06880844155736075
4 9 0.11339910056308969
4 10 -0.11542768125800842
4 11 0.003461026598130411
4 12 0.04523098059791288
4 13 -0.005417429386872926
4 14 -0.022632614618042765
4 15 -0.055579343961164616
4 16 -0.020956515639119773
4 17 -0.01910066654810031
4 18 -0.028013023028149474
4 19 0.00220639820530747
4 20 -0.0714397961420011
4 21 0.05683706161194446
4 22 0.007272222730820484
4 23 -0.002725288033694891
4 24 0.06017473812659939
4 25 0.0327772537275419
4 26 -0.0018160978820114602
4 27 -0.10563577473849266
4 28 -0.01634953597307682
4 29 -0.05187810248224887
4 30 -0.1082391307615129
4 31 -0.09239929748811501
4 32 -0.04982311022608403
4 33 0.08604146258410289
4 34 -0.033379513696933226
4 35 0.02307213135932637
4 36 0.0295318918386565
4 37 0.08961249609669421
4 38 -0.14628717920859577
4 39 0.027739477614316905
5 5 0.0
5 6 0.030941374957568935
5 7 -0.07426931084363737
5 8 -0.04113393495835622
5 9 0.05629720504285005
5 10 0.05377142289930668
5 11 0.11536124032317548
5 12 -0.012075627425485345
5 13 0.054903850559254494
5 14 0.02443197592782758
5 15 0.06274810610550312
5 16 0.00018805809386902787
5 17 0.033344230959781604
5 18 -0.06303765154382492
5 19 0.06337935541655135
5 20 0.04075132043624304
5 21 -0.057128495055542225
5 22 -0.021390428620809233
5 23 -0.009366394224161011
5 24 0.10573371001427834
5 25 -0.11539881698962676
5 26 0.020813968358949688
5 27 -0.017204591844381494
5 28 0.08536761809808766
5 29 -0.0356434872604858
5 30 0.03833069208409633
5 31 -0.007374111592826342
5 32 -0.12154469593145065
5 33 0.003963671318157033
5 34 0.010958820581485118
5 35 -0.023743557172593126
5 36 0.007886424975389099
5 37 -0.09538567715028431
5 38 0.0313985475906173
5 39 -0.0302865111075808
6 6 0.0
6 7 0.0938462177085389
6 8 0.021177997763717694
6 9 -0.029106679983570055
6 10 0.046948895042094874
6 11 -0.1310909188433062
6 12 0.0255634791465253
6 13 -0.024526299947544978
6 14 -0.0014598455483475982
6 15 0.14520683536195186
6 16 -0.006087653248736906
6 17 -0.03891560288907854
6 18 0.008081591883931611
6 19 0.037028517330036634
6 20 -0.024730109436031884
6 21 -0.03654656716089495
6 22 -0.035836044979352
6 23 0.01555005069635608
6 24 0.04002369764734203
6 25 -0.03900861715224409
6 26 -0.06301725877344809
6 27 0.01264766882217169
6 28 0.06844600190154468
6 29 0.03132772589661674
6 30 0.13219294404308152
6 31 -0.06512077361401708
6 32 -0.11430474428772988
6 33 0.07494523504061275
6 34 -0.015475122020963397
6 35 0.125028356530127
6 36 -0.04427014747872729
6 37 -0.09195349491776736
6 38 0.09909416205064481
6 39 0.02805991129532175
7 7 0.0
7 8 0.0812806770834485
7 9 -0.013466538837268394
7 10 -0.04760981502961152
7 11 -0.28265174085915723
7 12 -0.07627612369639405
7 13 0.09738334745632315
7 14 -0.1140013319456091
7 15 0.08191952945679962
7 16 0.03422177949722339
7 17 0.005722038034337186
7 18 0.10595787716505523
7 19 0.02329315572170086
7 20 -0.08461826046431833
7 21 0.08687671840453781
7 22 0.1362223464022506
7 23 -0.02531066438906096
7 24 -0.04356164956056723
7 25 0.10850951762588187
7 26 -0.059935693936447466
7 27 0.016910731025669874
7 28 0.02584833607578821
7 29 -0.14671724628111676
7 30 0.022517434534065472
7 31 -0.09138134919191046
7 32 -0.06948021964366476
7 33 0.10068582351838493
7 34 -0.05079778498845311
7 35 0.1888815116195399
7 36 -0.09067743806034625
7 37 0.10399973339768691
7 38 -0.013435497543402642
7 39 -0.07963538085506128
8 8 0.0
8 9 -0.05581559057124058
8 10 0.07452780419643834
8 11 -0.07907518694570519
8 12 -0.017132260589226827
8 13 -0.012367747965886453
8 14 -0.013458053308908396
8 15 -0.03317629197017612
8 16 0.008609192373997394
8 17 0.031584650149751835
8 18 0.12323537034265322
8 19 0.014459789540036622
8 20 0.023353763387869018
8 21 -0.029026791007368363
8 22 -0.03429201997441186
8 23 -0.06789944709632978
8 24 0.014359974252744332
8 25 0.050807553606274716
8 26 -0.054997198529304195
8 27 0.05143115931037566
8 28 -0.041966954717165966
8 29 0.014414930948546756
8 30 0.02309813405489538
8 31 0.1007689802124351
8 32 -0.04141168291756471
8 33 -0.05092536221534424
8 34 0.09371442715265087
8 35 -0.0061953448434163335
8 36 -0.027679707037876578
8 37 -0.05872525881026689
8 38 0.0030012114799850046
8 39 -0.045781515948140956
9 9 0.0
9 10 -0.06724426728108282
9 11 0.06294558568790569
9 12 0.05703747229768584
9 13 0.10307735694474565
9 14 -0.02709158650477267
9 15 -0.0013534679746270224
9 16 0.004587339131511037
9 17 0.02470052606100095
9 18 0.010697221067859449
9 19 0.04952879002080875
9 20 -0.03248398773379475
9 21 -0.012406550259814778
9 22 -0.004228261212317656
9 23 -0.029697191184140402
9 24 0.015538298206326379
9 25 -0.05627845816203897
9 26 0.01810734287055297
9 27 -0.09760468240896394
9 28 0.05116938039845402
9 29 -0.04042568824336083
9 30 0.014217719361322203
9 31 -0.05566158473172224
9 32 -0.14534408262642098
9 33 0.09412086512831684
9 34 0.010821552479242533
9 35 -0.024323569344395814
9 36 0.004749075484658116
9 37 -0.016107554929372915
9 38 -0.10665840833447804
9 39 -0.024338544758346032
10 10 0.0
10 11 0.07519766312787386
10 12 -0.07057224236106643
10 13 0.07956715124607645
10 14 0.11540476089560203
10 15 0.07053827717079783
10 16 0.038718359814606564
10 17 0.036345211121802265
10 18 -0.07731597201399687
10 19 -0.031990884439471574
10 20 0.11967327166125027
10 21 -0.07797499334470559
10 22 -0.049390704519636695
10 23 -0.10495054038719143
10 24 0.04189508935436473
10 25 -0.14194423510345175
10 26 -0.008385833050882162
10 27 0.11768021431006304
10 28 -0.0371896455380211
10 29 -0.08382833350342152
10 30 0.07890471871401873
10 31 0.043657216616294944
10 32 -0.08185703897861277
10 33 -0.16209076938928949
10 34 0.06433745490022952
10 35 0.03897275225922614
10 36 0.03453218058288292
10 37 0.009785172690637934
10 38 0.16397940064006047
10 39 0.0777317063825337
11 11 0.0
11 12 -0.05207390067446331
11 13 0.06722066357266179
11 14 0.1023293360964707
11 15 -0.0830304691112117
11 16 -0.018051313681194163
11 17 0.05975699780399546
11 18 -0.10700461607931425
11 19 0.04036494374786777
11 20 0.09619899064074482
11 21 -0.03792408302635825
11 22 -0.021653341915530564
11 23 0.004377600425125876
11 24 0.11592093139506768
11 25 -0.14120922309583622
11 26 0.08749954324389365
11 27 0.004514493191503221
11 28 0.04403204517183421
11 29 -0.05549564261719745
11 30 -0.04871882740159086
11 31 0.0842928693891638
11 32 -0.01375152444403496
11 33 -0.1273588795617079
11 34 0.04172270690841674
11 35 -0.20116541536767216
11 36 0.05543077708100606
11 37 -0.03881291072639926
11 38 0.025981954424381885
11 39 -0.03218385174010134
12 12 0.0
12 13 -0.014933823801189836
12 14 -0.0127290751561867
12 15 -0.025263846501062635
12 16 0.02964698127891096
12 17 -0.034446251496225835
12 18 0.10588061972832893
12 19 -0.016265184149328617
12 20 -0.12318100924554438
12 21 -0.001658580189971107
12 22 -0.0972942596877558
12 23 -0.03399542502730794
12 24 -0.17390914488401676
12 25 -0.005612972624713326
12 26 -0.03318209101779638
12 27 -0.051887399713797966
12 28 -0.05047036314168788
12 29 0.11979825806843661
12 30 0.14264925832269093
12 31 -0.018281129606717957
12 32 -0.07357580560639679
12 33 0.09756794065802268
12 34 0.04172255856453093
12 35 -0.02394095025055195
12 36 0.054458452844356464
12 37 -0.06330419555342798
12 38 -0.062488899788652706
12 39 0.016954432485083396
13 13 0.0
13 14 0.012349062327767918
13 15 0.0400222268494965
13 16 0.03270386225882851
13 17 0.06841425104605663
13 18 0.04894238897420045
13 19 0.049065897759347415
13 20 -0.008554538138945685
13 21 -0.014535319194463405
13 22 0.04573751407076248
13 23 -0.07169763033696015
13 24 -0.09473972181029373
13 25 -0.12664142737603737
13 26 0.034815532418616214
13 27 -0.01979473297848059
13 28 0.07677423321687614
13 29 -0.1519626515477431
13 30 0.1520737405561039
13 31 -0.05036359727420917
13 32 -0.1844055828954429
13 33 0.026288569501502185
13 34 0.03387923028111699
13 35 -0.012866844459640675
13 36 -0.04243471137442058
13 37 0.031429248599752435
13 38 0.027298802927991944
13 39 -0.037861743476965914
14 14 0.0
14 15 -0.1114819931432733
14 16 -0.09402932796309307
14 17 -0.025729662393832637
14 18 -0.013192989042692477
14 19 -0.018548371092802003
14 20 -0.0660715587633913
14 21 0.06288321488609767
14 22 -0.08034513125541559
14 23 0.016478131522894384
14 24 0.03319935513719603
14 25 -0.05550507300608296
14 26 -0.018215408198724508
14 27 0.030184639108296524
14 28 -0.030732690909971487
14 29 -0.09202849466022453
14 30 0.06927985131689457
14 31 -0.029923227310464172
14 32 0.004763532457273851
14 33 -0.12500212826115908
14 34 0.03671974773949962
14 35 -0.050043356868769075
14 36 0.001495818191557825
14 37 0.08876762763955534
14 38 0.15838587860623654
14 39 0.11880182659376459
15 15 0.0
15 16 0.06881071427279357
15 17 0.031371876180157465
15 18 -0.13239044965227395
15 19 0.03191233852289073
15 20 0.12424271858691524
15 21 -0.1632249396097473
15 22 0.02916307168280346
15 23 -0.018357565360642862
15 24 0.032929729763639386
15 25 -0.11148854266401653
15 26 0.026658418668882633
15 27 -0.017675856662613648
15 28 0.12931626196213128
15 29 0.053741951337231295
15 30 0.0652057812329867
15 31 -0.07941447302259906
15 32 -0.09923539958403524
15 33 0.11269182975386283
15 34 -0.07293023801705277
15 35 0.18476113534106914
15 36 -0.03290358108292261
15 37 -0.16672022778206202
15 38 0.03283830615044504
15 39 -0.007092708524034211
16 16 0.0
16 17 -0.02706240766456195
16 18 0.01045629635384535
16 19 -0.028622334205485732
16 20 0.090945721897678
16 21 -0.01016176032039957
16 22 0.09550283618627926
16 23 -0.02761052481458103
16 24 -0.11250036602596428
16 25 -0.007625234258961454
16 26 0.00855795111037826
16 27 0.08499076390088778
16 28 -0.03995710799062284
16 29 0.07661420958511508
16 30 -0.0010709793925905672
16 31 0.09252127151153813
16 32 -0.012372831391549093
16 33 0.0402185804246782
16 34 -0.014254402467055366
16 35 -0.030617391315683723
16 36 0.07125347798336287
16 37 0.02837561504426809
16 38 -0.07998186753368094
16 39 -0.08988657958552536
17 17 0.0
17 18 -0.016298317642522413
17 19 0.05686211593937675
17 20 0.004469498936766547
17 21 -0.09465184824259935
17 22 -0.051796803582214335
17 23 -0.09113341407430484
17 24 0.059954592739698886
17 25 -0.05788527172493798
17 26 0.043249825615557
17 27 -0.05232923225609957
17 28 0.05316103700645701
17 29 -0.08379477010709069
17 30 0.009322654154760466
17 31 0.003475311410680678
17 32 -0.06617303275622985
17 33 -0.04554483014728796
17 34 0.050743209175745915
17 35 0.017193556540926254
17 36 -0.011683178428155225
17 37 -0.16700736721690693
17 38 0.0033519477587792626
17 39 -0.07921188990771615
18 18 0.0
18 19 0.035409842602252425
18 20 -0.12838855884579287
18 21 0.06928715257576787
18 22 -0.029605878370968314
18 23 -0.02987378101355629
18 24 -0.15309406377144016
18 25 0.0860639301661731
18 26 -0.0803419511167495
18 27 0.022305846427959998
18 28 -0.04367005228284031
18 29 0.042186930225425155
18 30 0.15457140518118254
18 31 0.09028506406790596
18 32 -0.08776113447005296
18 33 0.040907608559374684
18 34 0.11327148054697748
18 35 -0.10021757440936607
18 36 -0.03691171618157812
18 37 -0.01884312857704637
18 38 -0.033390348384011184
18 39 -0.09063715096808887
19 19 0.0
19 20 -0.008500916592902436
19 21 -0.044344661544912886
19 22 -0.019975654155602516
19 23 -0.007556230343532956
19 24 0.10650783381105622
19 25 -0.047982923009201435
19 26 -0.002463514699457116
19 27 -0.038501421999224336
19 28 0.1054083480593894
19 29 -0.036711029404505775
19 30 0.04912679604899696
19 31 0.009668369613521882
19 32 -0.1301910548880516
19 33 0.03213046273195579
19 34 0.036433935918453404
19 35 -0.02470885700543047
19 36 -0.043721054126010246
19 37 -0.14700081655972067
19 38 0.00739628953845473
19 39 -0.09388519141067911
20 20 0.0
20 21 -0.13280411465224193
20 22 0.08473130195763234
20 23 0.004880049149910809
20 24 0.11406679372642807
20 25 -0.052762191263688286
20 26 0.04949493296983941
20 27 0.06854747321923699
20 28 0.034197227751057505
20 29 0.09669514770450884
20 30 -0.13990923806212438
20 31 0.123010786941913
20 32 0.03535626290792486
20 33 -0.034061082877957845
20 34 -0.01524596889522451
20 35 -0.029413462333070683
20 36 0.0016887714882992421
20 37 -0.031223302151503617
20 38 -0.05041685927439109
20 39 -0.015115813732418552
21 21 0.0
21 22 0.07929465055554583
21 23 0.07300173265837145
21 24 -0.07344868263008542
21 25 0.1044140022202182
21 26 -0.03680169062909866
21 27 0.05511228680254807
21 28 -0.0832509054754303
21 29 -0.08239303002222739
21 30 -0.02875138095694361
21 31 -0.018080272473333277
21 32 0.09134725363915178
21 33 -0.02129325222565743
21 34 -0.039958754924426194
21 35 -0.054720424849234894
21 36 0.020536152632059938
21 37 0.250381505268338
21 38 0.014912209050236203
21 39 0.01096664823998165
22 22 0.0
22 23 0.06612803064321292
22 24 -0.0320843376262057
22 25 0.05368731590629462
22 26 0.025943789609738466
22 27 0.07328326612656726
22 28 0.007146969519405988
22 29 -0.0255101385735929
22 30 -0.10538916859765797
22 31 0.03152511732025355
22 32 0.07802593636034776
22 33 0.035861898621518444
22 34 -0.08952945128046072
22 35 -0.01575383087660195
22 36 -0.0025375004020827567
22 37 0.16852631152635847
22 38 -0.05787735397197537
22 39 -0.0733818578777462
23 23 0.0
23 24 0.019491123068378833
23 25 0.04709419791942142
23 26 0.0012954328629496187
23 27 0.02131669357098872
23 28 0.03137121419121975
23 29 0.051369930651521144
23 30 -0.04214907004429594
23 31 -0.011172773410745568
23 32 0.1105299771751
23 33 0.028142554536772106
23 34 -0.07573040342800587
23 35 -0.038109164310021426
23 36 -0.029946390907757508
23 37 0.08292175331359972
23 38 0.03176832751313098
23 39 0.025529394472603495
24 24 0.0
24 25 -0.03678174727368719
24 26 -0.0018902990851153618
24 27 -0.050898223413862
24 28 0.1155483847408646
24 29 -0.10179154447887018
24 30 -0.20284633125320567
24 31 -0.0032740812973526164
24 32 -0.07753993067136544
24 33 -0.06182715043919337
24 34 0.003700282635427912
24 35 0.032222768395954005
24 36 -0.04673280830687042
24 37 -0.12038883421346314
24 38 0.009029761165500203
24 39 -0.014013691184667974
25 25 0.0
25 26 -0.04052852052727225
25 27 0.015501882863931898
25 28 -0.09304318088980278
25 29 0.0485982692041199
25 30 -0.12735526668198727
25 31 0.035642972849282
25 32 0.15359724693260898
25 33 0.015406954352409203
25 34 -0.023604675755376323
25 35 -0.0004158029702349017
25 36 -0.00900384281400254
25 37 0.11587942425017461
25 38 -0.09109696876955795
25 39 -0.014856060579941422
26 26 0.0
26 27 -0.021115931607476393
26 28 0.0287825473588728
26 29 -0.01578253460835139
26 30 -0.04389961400482322
26 31 -0.005772741016707229
26 32 0.0449275757923456
26 33 -0.01729515152370461
26 34 -0.028525547303759974
26 35 -0.018470635777600976
26 36 0.012543279235510893
26 37 -0.0195841114756554
26 38 -0.013964636805823443
26 39 -0.01676057750067684
27 27 0.0
27 28 -0.06148220221780583
27 29 0.01910041695381441
27 30 0.013864825992917542
27 31 0.12482503108655156
27 32 0.07181809055381352
27 33 -0.09446626108707122
27 34 0.005196961819824653
27 35 -0.06536839466943498
27 36 0.039402771506002604
27 37 0.08689274640144062
27 38 0.08372763792626446
27 39 -0.04318351553412758
28 28 0.0
28 29 -0.03252878280675027
28 30 0.06289565591396948
28 31 -0.05480361835106497
28 32 -0.11922921224120235
28 33 0.06962232384666481
28 34 -0.020183946596951937
28 35 0.03108730728493228
28 36 -0.08071482134498821
28 37 -0.16002167956015872
28 38 0.04582305346175009
28 39 -0.05604991871447153
29 29 0.0
29 30 0.007443114088476044
29 31 0.11196738018113654
29 32 0.0781219010367799
29 33 0.09100659615079118
29 34 0.00369899764090683
29 35 -0.05826542812123936
29 36 0.028251287737098847
29 37 -0.11082505897465986
29 38 -0.09482805113676439
29 39 0.0020436644494997358
30 30 0.0
30 31 -0.0436523907873658
30 32 -0.19533890674308335
30 33 0.047011079307067986
30 34 0.07697023953897023
30 35 0.004302396428877717
30 36 -0.03812024964945167
30 37 -0.13619112277557247
30 38 0.17564332052717546
30 39 -0.000678718284031516
31 31 0.0
31 32 0.04593637956728551
31 33 -0.08902863850144513
31 34 0.08469274748765279
31 35 -0.18796911968677313
31 36 0.04885045779588434
31 37 -0.06006846737198397
31 38 -0.04378659414799203
31 39 -0.1412048484099017
32 32 0.0
32 33 -0.10466365886862769
32 34 -0.09747574661199082
32 35 -0.031199126957645464
32 36 0.033932289861234935
32 37 0.17210827295633263
32 38 0.0110287343006985
32 39 0.061290123095195735
33 33 0.0
33 34 -0.0525614569925123
33 35 0.07695799073338717
33 36 -0.03427968182814678
33 37 -0.03983778378083226
33 38 -0.12730581422753037
33 39 -0.017208280697329794
34 34 0.0
34 35 -0.07880851196909698
34 36 -0.00038247689762224734
34 37 -0.0983658334083889
34 38 0.004365498631998247
34 39 -0.03740401359498384
35 35 0.0
35 36 -0.047018886678578946
35 37 -0.012430539359701103
35 38 0.0360429429192176
35 39 0.10442360755031126
36 36 0.0
36 37 0.029845828069798585
36 38 -0.043784933409865556
36 39 -0.02185391130956133
37 37 0.0
37 38 -0.022158361938994713
37 39 0.15706365339632486
38 38 0.0
38 39 0.07011688335663398
39 39 0.0
