0 0 0.0
0 1 0.02136248135916691
0 2 -0.04357394835316011
0 3 0.11121018058046395
0 4 0.05720323732600643
0 5 0.017684532869941295
0 6 0.006604349007376558
0 7 -0.1280341043619213
0 8 -0.026619203587368294
0 9 0.1322943018253896
0 10 -0.08114771326859369
0 11 0.025661906302007542
0 12 0.23127944959994862
0 13 -0.029745059608762208
0 14 0.0645852826046143
0 15 -0.1726123743065463
0 16 -0.029214274135429614
0 17 0.02165789506675897
0 18 0.09880214225590064
0 19 -0.00867336295705589
0 20 -0.1438933264784918
0 21 -0.028375826596235037
0 22 0.14170026889861292
0 23 -0.2314892579227254
0 24 0.03430153926822503
0 25 -0.06979742780014656
0 26 0.013951865640120995
0 27 0.2256564686157128
0 28 -0.07342633135101623
0 29 0.03139656700252164
0 30 0.058863023947045914
0 31 0.07503889196134786
0 32 0.04237230476429742
0 33 0.010197981115870162
0 34 -0.1381891977275938
0 35 -0.1427560265168502
0 36 0.03440020560800473
0 37 0.04838329020711112
0 38 -0.029607172173469976
0 39 0.14605584739212765
1 1 0.0
1 2 0.05932422705852906
1 3 -0.034961045112823004
1 4 0.08287526648743937
1 5 -0.004432465674678155
1 6 0.062225800348390405
1 7 0.05174837459072581
1 8 -0.02164582149352106
1 9 0.09378935311784761
1 10 -0.12737725274247239
1 11 0.019900829980965543
1 12 -0.006098513400350902
1 13 0.12393068804377519
1 14 -0.047386040565177874
1 15 -0.06599482080719514
1 16 -0.04653557134516949
1 17 0.014017735992364323
1 18 -0.18099154032039272
1 19 0.048967871916541394
1 20 0.0075485970360763596
1 21 -0.004221981220869198
1 22 0.14647598044761626
1 23 -0.021358238442474017
1 24 0.06575683187781703
1 25 -0.27108187353425095
1 26 0.08103888331784283
1 27 0.028374532323982828
1 28 -0.0198270347715424
1 29 -0.08241132904836579
1 30 0.0006188146426306584
1 31 -0.013266284189088363
1 32 0.030391996670926524
1 33 0.05878744900253707
1 34 -0.004575764599065265
1 35 0.19075642774131174
1 36 -0.052300715700996356
1 37 -0.002322354470216957
1 38 0.05709741620370266
1 39 -0.09455261118798514
2 2 0.0
2 3 -0.1219944832748793
2 4 0.031477189062327784
2 5 -0.11575388589971172
2 6 0.09992147044320789
2 7 -0.035001315747309594
2 8 0.023325892825498788
2 9 -0.07062125491298255
2 10 -0.014476471362914111
2 11 -0.08113910939496699
2 12 -0.07747707578442105
2 13 -0.013044471915040786
2 14 0.046383087455448564
2 15 0.028779707023037625
2 16 -0.017762294785447157
2 17 -0.06765695069521796
2 18 -0.021545601849669808
2 19 -0.0297183651089927
2 20 -0.08338381500739811
2 21 -0.03272425188029657
2 22 -0.06202542986293051
2 23 0.09506613643696146
2 24 -0.06383355562414415
2 25 0.04671174977099783
2 26 -0.001972094657087855
2 27 -0.05306124127513234
2 28 0.0006342507501251543
2 29 0.07242443996515394
2 30 0.23561979497370267
2 31 -0.02234744765987486
2 32 -0.08180022329113887
2 33 -0.029199119009790674
2 34 -0.01659839164858566
2 35 0.093305643637245
2 36 -0.028673095702451395
2 37 0.1422140040477829
2 38 0.06322302299993575
2 39 -0.06752930044466801
3 3 0.0
3 4 0.022684356574975247
3 5 0.05032786679513448
3 6 -0.06226203362716548
3 7 0.0002380038883619341
3 8 -0.015227065024033704
3 9 0.1735165253941769
3 10 -0.12773603793659366
3 11 0.19222423079758139
3 12 0.19874586257663135
3 13 -0.10752096509393964
3 14 0.029127970467436287
3 15 -0.02209295992646553
3 16 -0.0013438357962554594
3 17 0.0485632455238561
3 18 0.07516410452974885
3 19 0.06566347422028028
3 20 0.1998986519723261
3 21 0.060494103325511694
3 22 0.1864316725638383
3 23 -0.07631233988754335
3 24 0.060096939508783434
3 25 -0.05764691233740611
3 26 0.021689952406769374
3 27 0.24189789754147822
3 28 0.13144434427672833
3 29 -0.12275484469599407
3 30 0.03571992226502283
3 31 0.15622472692585745
3 32 0.1572882256060521
3 33 0.21724918338681126
3 34 0.040718504784916634
3 35 -0.1410201681595848
3 36 0.020037944153145158
3 37 -0.08574135445426792
3 38 -0.11889166394261426
3 39 0.1586181961665594
4 4 0.0
4 5 -0.21289093019746633
4 6 0.03508596543315225
4 7 -0.14143416837264416
4 8 -0.06966222981825723
4 9 -0.12187694329696583
4 10 -0.10105000766888694
4 11 0.0774617831083486
4 12 0.20356460182933253
4 13 0.061487436316064015
4 14 -0.12479857086563169
4 15 -0.09657117592412409
4 16 -0.15413025591309004
4 17 -0.0858325485406337
4 18 -0.09034924791790547
4 19 0.0055650939637892135
4 20 -0.010167057237506752
4 21 -0.012820224729255758
4 22 0.21152450446561016
4 23 -0.09108828668553601
4 24 0.14457597022117477
4 25 -0.045133644041195735
4 26 0.07477946480463026
4 27 -0.2180635110338061
4 28 -0.40790959612418076
4 29 0.07180113125067383
4 30 0.12486834564707401
4 31 0.02702525961156546
4 32 0.20983713252498964
4 33 0.008232352096234087
4 34 0.024274209332262986
4 35 0.1606478041042823
4 36 0.021235732725127413
4 37 -0.06076473759883892
4 38 -0.07057315317038072
4 39 0.14676480068246295
5 5 0.0
5 6 -0.05833784234162581
5 7 0.06458088420381952
5 8 0.0007434727269565447
5 9 0.12559135102965896
5 10 -0.004984377592304455
5 11 0.0808153593857819
5 12 -0.10086977150329153
5 13 0.06575185055149077
5 14 -0.011408983121234433
5 15 -0.016530340542663162
5 16 -0.0032441255948034756
5 17 0.015610593455614307
5 18 0.06701285536184409
5 19 -0.04588846329511916
5 20 0.09196846957015774
5 21 0.036462059382580084
5 22 -0.018357084375024008
5 23 0.0086094763929184
5 24 0.0003913201617246218
5 25 -0.07208916779994073
5 26 -0.002617795457061645
5 27 0.16302863749917135
5 28 0.10814252862656601
5 29 -0.21893216724733816
5 30 -0.17954648470380913
5 31 -0.04558981733994069
5 32 -0.10852363880020206
5 33 -0.05464215844846263
5 34 -0.025844840798559716
5 35 -0.06796123011132293
5 36 -0.061264593079481657
5 37 -0.0887481420844227
5 38 0.046674152024562696
5 39 0.00006585860175035222
6 6 0.0
6 7 -0.03370039630935275
6 8 0.01512593154787634
6 9 -0.03312655071719691
6 10 0.00796329103396414
6 11 0.028468481074386875
6 12 -0.09348549522963041
6 13 0.08469387553723516
6 14 0.06386336841715708
6 15 0.011416578900808824
6 16 0.027003781950701494
6 17 0.01968111760334818
6 18 0.033780324688491736
6 19 -0.057943463098807026
6 20 -0.1078324804960082
6 21 0.042341432566683025
6 22 0.07478786064571803
6 23 -0.009279391695360182
6 24 -0.009945145562226134
6 25 -0.04192157881989275
6 26 -0.04225523880849335
6 27 -0.008685204435956533
6 28 -0.007464540583001183
6 29 0.0063694220677758765
6 30 0.02655802653069463
6 31 -0.08261955399824368
6 32 -0.0730918393213629
6 33 0.03706591793416974
6 34 -0.020440665547312296
6 35 0.06578782577874996
6 36 0.014849464676514924
6 37 0.03150585184449313
6 38 0.06862723948255607
6 39 0.013128702372663259
7 7 0.0
7 8 -0.005688588227323946
7 9 -0.03169274208625723
7 10 0.017937908080411586
7 11 -0.07066464357098146
7 12 -0.14394132255149789
7 13 -0.07186065250248655
7 14 -0.01226144990967776
7 15 0.09532928468480564
7 16 0.05413029504793978
7 17 0.11090050761663653
7 18 -0.10529015068096866
7 19 0.027642239747645174
7 20 0.12026634170542241
7 21 -0.02668379636154261
7 22 0.05405384097370029
7 23 -0.022337219682713887
7 24 0.04227127948067268
7 25 -0.0778556764251585
7 26 -0.052511140234046426
7 27 0.16758763870317286
7 28 0.23235332032243602
7 29 -0.11438848270722084
7 30 -0.18002643829076093
7 31 0.0309029003153763
7 32 0.027141787017776864
7 33 0.11274816647697475
7 34 0.021723047317012686
7 35 0.024821745805267185
7 36 -0.0922991441453728
7 37 -0.148179866659925
7 38 0.03416593840503489
7 39 -0.08513714411921405
8 8 0.0
8 9 0.02037628225211135
8 10 -0.015303343469470413
8 11 -0.0577108258271113
8 12 -0.031511814450744496
8 13 -0.044256052763932886
8 14 0.0020078781919038334
8 15 0.0337220465924122
8 16 0.00348933199971701
8 17 0.015181364827327539
8 18 0.040287778011443676
8 19 -0.057174723581775465
8 20 0.006067369978386502
8 21 0.05775679422207449
8 22 -0.058104874488370394
8 23 0.049102089590116506
8 24 -0.010185044453857211
8 25 0.044006568094893186
8 26 -0.005888056255652729
8 27 0.0060108827482161535
8 28 0.0038079645376967717
8 29 -0.021715313359200048
8 30 0.009768942904972046
8 31 -0.02948530602353111
8 32 -0.08359927798873733
8 33 -0.011148140520779655
8 34 0.014947928431243578
8 35 -0.0642190841083812
8 36 -0.028722132552353518
8 37 0.01808027171140877
8 38 0.04418944788031809
8 39 -0.08438191075240878
9 9 0.0
9 10 -0.14968969582739522
9 11 0.07195423085916526
9 12 0.15223199657765377
9 13 0.08140029473802093
9 14 0.056830124765184745
9 15 -0.15303363794838218
9 16 0.015039971477050083
9 17 0.012909369177977284
9 18 0.029989499450272867
9 19 0.04597970494705734
9 20 0.0862667313401172
9 21 0.0743630964025404
9 22 0.15531431285073866
9 23 -0.09485995841765055
9 24 -0.042613018542655465
9 25 -0.19525072847575767
9 26 0.12222192434562029
9 27 0.17223213214542785
9 28 0.002334402673084771
9 29 -0.13583955242689094
9 30 0.04512214676250948
9 31 0.07872504815773891
9 32 -0.0819557860530056
9 33 0.09154171694544244
9 34 -0.011187248751598478
9 35 -0.1342607010583065
9 36 0.07688737892810608
9 37 0.0773600401707965
9 38 0.00992570924725995
9 39 0.02142989460731753
10 10 0.0
10 11 -0.032298354451269
10 12 -0.09625235005847729
10 13 0.02173006712199654
10 14 0.05306000268306697
10 15 0.06894972157590892
10 16 0.07712353285994063
10 17 0.022430146632473055
10 18 0.020021732757037235
10 19 -0.00595781638381864
10 20 -0.09474121633092564
10 21 -0.07892626255787757
10 22 -0.17959393710592755
10 23 0.07758824477820578
10 24 -0.030929831540043
10 25 0.18540503220127147
10 26 -0.07440592321090692
10 27 -0.1172542561998137
10 28 0.078576297891191
10 29 0.1640445503784067
10 30 -0.03686737120448394
10 31 -0.05953940023341695
10 32 -0.0302760493755384
10 33 -0.04386286717111846
10 34 0.03026394635340256
10 35 0.029639112486532525
10 36 0.041096648214536693
10 37 0.03563053274096317
10 38 -0.04748809795536029
10 39 -0.0019566819415221945
11 11 0.0
11 12 0.033359833807328834
11 13 0.08964721661456085
11 14 -0.00021679505793052094
11 15 0.05904216230269432
11 16 0.04629367846328178
11 17 -0.009539452181082755
11 18 0.020922300876353644
11 19 0.04414577070549692
11 20 0.1522529953959691
11 21 0.05379774771362934
11 22 0.09196904969684885
11 23 -0.06455576068740401
11 24 0.006768683496930687
11 25 -0.08281317157564073
11 26 -0.06086790060557716
11 27 0.0005837866256486881
11 28 0.0261639838440804
11 29 -0.13685857999901102
11 30 0.0029347358969297427
11 31 -0.026655452478357055
11 32 0.1337896515340323
11 33 0.05592409217778269
11 34 0.11254328851901278
11 35 0.10503343793800439
11 36 0.03955528576113441
11 37 -0.06224862966181566
11 38 -0.03479588813448786
11 39 0.13306612386265232
12 12 0.0
12 13 -0.1106180983223545
12 14 -0.04893157794891576
12 15 -0.09743662940665296
12 16 -0.08944131976085679
12 17 -0.06869703647690834
12 18 -0.007160850293795493
12 19 0.04017628745393707
12 20 -0.03024818377718718
12 21 -0.01566339616780376
12 22 0.2987431002117629
12 23 -0.17675947240865575
12 24 0.04735082386401282
12 25 0.012129197844705331
12 26 0.10993185103923493
12 27 0.014050935358284717
12 28 -0.2613647372205674
12 29 0.06400610943805962
12 30 0.12503334986264766
12 31 0.18903411692782984
12 32 0.1501450619875771
12 33 0.1038695997788484
12 34 -0.026144668568747243
12 35 -0.03074943550825763
12 36 0.242997568458506
12 37 -0.08958135028832769
12 38 -0.04632033685455422
12 39 0.14282452066706444
13 13 0.0
13 14 -0.031033171328379218
13 15 -0.11534252439844248
13 16 -0.03501385229609312
13 17 -0.06433951942712854
13 18 -0.10820063489062007
13 19 0.11932592594790806
13 20 0.01155772107983266
13 21 -0.06085769917332503
13 22 -0.006525234949382968
13 23 0.07408772069258338
13 24 0.0888158009125911
13 25 -0.20399766924196597
13 26 0.1357471756188926
13 27 -0.2145434982110544
13 28 -0.05502515026627103
13 29 -0.03896280827237563
13 30 -0.12235770915768882
13 31 -0.13124557692799024
13 32 -0.07238815862068541
13 33 -0.013769645601219436
13 34 0.02697883708595377
13 35 0.13098047583761369
13 36 0.016272733448490097
13 37 0.08886337502704249
13 38 -0.056932051063743605
13 39 -0.08901240598237331
14 14 0.0
14 15 -0.07219010136961825
14 16 0.08122688784607915
14 17 0.07771538634591711
14 18 0.12813301822713413
14 19 0.0006451573879533745
14 20 -0.10437236091627022
14 21 -0.0311796085821908
14 22 -0.09859744425186746
14 23 0.021266684696412942
14 24 -0.09357154397901182
14 25 0.04983865695884908
14 26 -0.07670830281430023
14 27 0.14416807469092136
14 28 0.1285013489814229
14 29 0.1214960344223164
14 30 0.07333564073622785
14 31 -0.02755183651838076
14 32 -0.06702310908402973
14 33 0.017956278101636452
14 34 -0.05919785755432809
14 35 -0.08766618934995773
14 36 0.009490504084447633
14 37 0.1811602639122891
14 38 -0.061081196749810315
14 39 0.07032103628409196
15 15 0.0
15 16 0.18399760215563937
15 17 -0.025929274831990017
15 18 -0.09856033790934769
15 19 -0.05212442892589096
15 20 0.21032226730904036
15 21 0.10895011684218489
15 22 -0.00392987990719488
15 23 -0.09445108195537004
15 24 -0.07333763221248182
15 25 0.16494174717322582
15 26 -0.15416971235207347
15 27 -0.09098720426078365
15 28 0.20339596101857618
15 29 -0.19657906459011348
15 30 0.049307090692992085
15 31 -0.019036704124439866
15 32 0.10989515343948872
15 33 0.05370776583964768
15 34 0.2715085849809398
15 35 0.11161151376893456
15 36 0.03977273045787458
15 37 -0.21964373584082653
15 38 0.10373987324199734
15 39 -0.13246536048744975
16 16 0.0
16 17 0.08090483173335707
16 18 -0.008022881200566647
16 19 0.01806346753067124
16 20 0.04000485686262277
16 21 0.04300671340364616
16 22 -0.0650471169382644
16 23 -0.11276619734820467
16 24 -0.10229879972114467
16 25 0.04716702948183117
16 26 -0.12822025591191072
16 27 0.04928696389589245
16 28 0.22620764947014688
16 29 -0.006531367914103629
16 30 0.02290481937485377
16 31 -0.009179192797196128
16 32 0.06001742728591074
16 33 0.04961116664986035
16 34 0.11313880041734437
16 35 -0.019339750584186823
16 36 0.019238789998536378
16 37 0.01618576865883132
16 38 0.0010289798323599858
16 39 -0.012653553634955161
17 17 0.0
17 18 0.009768107713017319
17 19 -0.06961482888837085
17 20 -0.04797670369790342
17 21 0.05066275296079357
17 22 -0.03988469792589429
17 23 -0.014294113410722087
17 24 0.02155307292469958
17 25 -0.02815900711512383
17 26 -0.09143445559451047
17 27 0.204241797685613
17 28 0.10305849515952847
17 29 0.04891469454297333
17 30 -0.12322137870168999
17 31 -0.07302500200224173
17 32 0.03548482958077143
17 33 0.06327171306116577
17 34 0.010742939552013494
17 35 -0.024608348720172292
17 36 -0.09735328284322846
17 37 -0.0018518757856053301
17 38 -0.08129070190916987
17 39 -0.006737146732385668
18 18 0.0
18 19 -0.10528553753468495
18 20 -0.06714560023113092
18 21 0.04447655837234084
18 22 -0.10882269672867746
18 23 0.026146770240429655
18 24 -0.09224094101076191
18 25 0.16539386518621305
18 26 -0.10718632569355224
18 27 0.14200086419549734
18 28 -0.04945128938401994
18 29 0.020665979142529455
18 30 -0.007557453088813984
18 31 -0.055683938989829075
18 32 -0.1500429255097015
18 33 -0.10086873706457897
18 34 -0.11843679393051121
18 35 -0.25665788962330294
18 36 0.01644380807682904
18 37 0.09891634763098545
18 38 -0.01404863162314691
18 39 0.16521584634367914
19 19 0.0
19 20 0.08479819558502162
19 21 -0.14608720574651937
19 22 0.005089887737629346
19 23 0.014021944758040469
19 24 0.037504967097113304
19 25 -0.1826117585329659
19 26 0.07396838995961205
19 27 -0.1141347954544395
19 28 0.1705723351895475
19 29 0.04814660967352343
19 30 -0.083224571042469
19 31 0.07817323849431154
19 32 0.0980434355301448
19 33 0.1018398470016096
19 34 -0.010774953792611995
19 35 0.041873580378035145
19 36 0.08771379451235067
19 37 0.08933896680557321
19 38 -0.06945870974889765
19 39 -0.05726813655604033
20 20 0.0
20 21 0.08626663940536637
20 22 0.0825634437513266
20 23 -0.023680813537316485
20 24 0.03889244487835931
20 25 -0.07172758540313715
20 26 0.005566171191102076
20 27 -0.027769689698170435
20 28 0.12403767085924608
20 29 -0.31335601344765285
20 30 -0.07455955803383248
20 31 0.02403195073719961
20 32 0.09856147990728656
20 33 0.11206168003163344
20 34 0.204449606381471
20 35 0.008821478963615964
20 36 -0.00985867106328504
20 37 -0.17131421288389231
20 38 -0.005988338793948606
20 39 -0.07470182338307915
21 21 0.0
21 22 0.0633189456021705
21 23 -0.06561204414441482
21 24 -0.039676469709990836
21 25 0.019875851604965515
21 26 -0.04330773403033936
21 27 0.05662421679044856
21 28 -0.059436672883253404
21 29 -0.15441415077674295
21 30 0.013541792273157693
21 31 -0.03136633498405426
21 32 -0.009336411763566432
21 33 -0.001421936513214951
21 34 0.09132236413928704
21 35 -0.051214398370401135
21 36 -0.03369966674970799
21 37 -0.10316264889018831
21 38 0.06824708365312736
21 39 0.006003189875857966
22 22 0.0
22 23 -0.2925515865481171
22 24 0.08009390713302418
22 25 -0.19361065440866146
22 26 0.10813053007928612
22 27 0.12874879291265612
22 28 -0.15772824568133753
22 29 -0.21086986611840935
22 30 -0.018731481324843667
22 31 0.17147658413439787
22 32 0.15535882281753194
22 33 0.1876666169105088
22 34 -0.007923941974427182
22 35 0.05089051785660252
22 36 0.15748189376384328
22 37 -0.2878984608515982
22 38 0.05576652414733195
22 39 0.14380943355346365
23 23 0.0
23 24 0.007360977219713313
23 25 0.06988472420180679
23 26 0.0637110299198136
23 27 -0.175296521882008
23 28 0.0002780943532342802
23 29 0.12859522920034622
23 30 -0.06740025867904911
23 31 -0.18012500599007258
23 32 -0.2082213258768853
23 33 -0.06448868533840695
23 34 -0.016576758190094697
23 35 0.125495002146409
23 36 -0.03373472989508464
23 37 0.16918061827462244
23 38 -0.08270580218810178
23 39 -0.18848526778217425
24 24 0.0
24 25 -0.10361572487536681
24 26 0.08375670194014133
24 27 -0.035756445642487075
24 28 -0.0707439016910359
24 29 -0.027734684200930365
24 30 -0.12844505422540411
24 31 -0.011726860642818328
24 32 0.06170748180806823
24 33 0.07348292497323154
24 34 0.00550698775598681
24 35 0.040398245909398625
24 36 -0.07216524809652469
24 37 -0.0889264063615838
24 38 -0.05805997104842475
24 39 -0.05972858887256936
25 25 0.0
25 26 -0.1123535242115781
25 27 -0.08401523615383845
25 28 -0.0674391064288461
25 29 0.1555724521078697
25 30 0.18788114379281923
25 31 -0.011196121443685349
25 32 -0.05558105756839633
25 33 -0.09578043197966088
25 34 0.06519356884397388
25 35 -0.11409593074329875
25 36 0.05342927592768275
25 37 0.004214114770585203
25 38 -0.038618569611266924
25 39 0.0765678930889013
26 26 0.0
26 27 -0.09240589009510514
26 28 -0.11724447365575193
26 29 -0.0035169651973543095
26 30 0.0028138931050272742
26 31 0.07480505074185548
26 32 -0.052068539621192136
26 33 0.040697516180463446
26 34 -0.04764603854986757
26 35 -0.014810377392617919
26 36 0.04484640838059589
26 37 0.014968464744623513
26 38 -0.04760566454824159
26 39 -0.06232321903238992
27 27 0.0
27 28 0.24350749557010473
27 29 -0.1327195085894972
27 30 -0.035477929523048395
27 31 0.08534924124554995
27 32 -0.00785877692666844
27 33 0.0955319609275641
27 34 -0.14593580913613663
27 35 -0.22283995463941256
27 36 -0.13516713286731957
27 37 -0.046503160971939524
27 38 -0.009888087605319295
27 39 0.14003575687374054
28 28 0.0
28 29 -0.0701384475233141
28 30 -0.05797340978885072
28 31 0.07361967369493894
28 32 0.03640987305726358
28 33 0.1592569626568631
28 34 0.04753131370867347
28 35 -0.07106176494250974
28 36 -0.10943835592889936
28 37 0.04870215520486015
28 38 0.0012956022936440356
28 39 -0.12062352925383499
29 29 0.0
29 30 0.16264974028170942
29 31 0.030983779325140143
29 32 0.015917160877113402
29 33 -0.04145590811809837
29 34 -0.1118472115609613
29 35 0.013428207061285485
29 36 0.03230820089908081
29 37 0.27279329827709964
29 38 -0.12008452320492066
29 39 0.07376669707585067
30 30 0.0
30 31 0.19267380165854817
30 32 0.05149672388046224
30 33 -0.0010370398561265538
30 34 0.05899674439169914
30 35 0.0232197885937183
30 36 -0.026334771601650077
30 37 0.20433701323165443
30 38 0.07981927741635253
30 39 0.13735436131928863
31 31 0.0
31 32 0.1325848206587854
31 33 0.09899039196353754
31 34 -0.05638094362917132
31 35 -0.11725719495035818
31 36 0.02641791697580518
31 37 -0.059633596550270326
31 38 0.06444063557354736
31 39 0.1451595313929575
32 32 0.0
32 33 0.11925240880481677
32 34 0.1093299929851164
32 35 0.11741263240009862
32 36 0.009215602495478
32 37 -0.1401459244428398
32 38 -0.06650188902236889
32 39 0.12075389075480891
33 33 0.0
33 34 0.07828806428942894
33 35 0.016071926080766914
33 36 0.05718611606995398
33 37 -0.0732748643266871
33 38 -0.06907214270463832
33 39 -0.01877067770680642
34 34 0.0
34 35 0.1319835649596126
34 36 0.02499825675031931
34 37 -0.09642110692403652
34 38 -0.024542558735789633
34 39 -0.10385149716847646
35 35 0.0
35 36 0.04521294943411964
35 37 -0.06407504776925979
35 38 0.03886329609125108
35 39 -0.11219922687719001
36 36 0.0
36 37 -0.04592497253870543
36 38 -0.03251246263332504
36 39 0.03569994989885296
37 37 0.0
37 38 -0.08193969342777596
37 39 -0.02320190780019863
38 38 0.0
38 39 -0.03435971236865978
39 39 0.0
