0 0 0.0
0 1 -0.10790320152466024
0 2 0.08972730006822163
0 3 0.006066019345599561
0 4 -0.005833178974102219
0 5 0.05335310226825104
0 6 0.0017042127638445723
0 7 0.04741615495735814
0 8 -0.1263208494873054
0 9 -0.03133262875227253
0 10 0.09803803895205349
0 11 0.018477631153783435
0 12 -0.045739143639045465
0 13 -0.034505038828945456
0 14 0.03948018627318526
0 15 -0.02130668489317616
0 16 0.1315702440021106
0 17 -0.0053461510292802435
0 18 -0.02074422104000854
0 19 0.10147946617508648
0 20 -0.08259280568725094
0 21 -0.04435883184895391
0 22 -0.05781853458042906
0 23 -0.01786203668286917
0 24 -0.07176168074863107
0 25 0.09368685839026396
0 26 -0.03898660543899205
0 27 0.0362390190597401
0 28 -0.03985849299416601
0 29 0.09795485389330844
0 30 -0.09415011498021503
0 31 -0.04280561801958063
0 32 0.04489723994070623
0 33 -0.07418315733821892
0 34 0.0582361397336145
0 35 0.06198417332468313
0 36 -0.056416060667768365
0 37 -0.07065506567577741
0 38 -0.03363538677284221
0 39 -0.07999677711013398
1 1 0.0
1 2 -0.037469302585399815
1 3 -0.0735165914831257
1 4 -0.04027251307667747
1 5 -0.12249628343253645
1 6 -0.010462034850566685
1 7 -0.035857302232635724
1 8 0.0006378497790959288
1 9 -0.049072850447876515
1 10 -0.07490831081911078
1 11 -0.08668715483444338
1 12 0.08447245671719976
1 13 0.0781231272802552
1 14 0.05063726754599768
1 15 0.10951909750949018
1 16 0.05129010573027728
1 17 0.07649324701291829
1 18 -0.1572952401978313
1 19 0.04196800034593818
1 20 -0.06465359116960416
1 21 -0.1908273805121901
1 22 -0.11385176123594172
1 23 0.023401833313002555
1 24 -0.05177051900099502
1 25 -0.04294524011568397
1 26 0.04879405809776942
1 27 0.18538593384945468
1 28 -0.11866227619273784
1 29 -0.09444668619480003
1 30 0.08326314296224144
1 31 0.011619021235534023
1 32 -0.049593271963576296
1 33 0.06974154744674933
1 34 -0.23220203590354166
1 35 -0.007004059046018413
1 36 -0.07664700500612699
1 37 0.002995515252539678
1 38 -0.12234460404442231
1 39 0.07561642259908505
2 2 0.0
2 3 -0.04354724068039756
2 4 0.12626795005192587
2 5 0.22864027483642194
2 6 -0.11208258750230753
2 7 -0.01237532509183321
2 8 -0.09649918735216235
2 9 0.09065914420241993
2 10 0.09113359720408462
2 11 0.10587166107830463
2 12 -0.16887061238388337
2 13 -0.21958386865922153
2 14 -0.07570886032333617
2 15 -0.11380444674942256
2 16 0.05841996904973138
2 17 0.041450752317983675
2 18 0.04057680195405142
2 19 0.01467772014598347
2 20 0.18885936921988628
2 21 0.05584624994519592
2 22 0.018904683084882877
2 23 0.1255146602089652
2 24 0.005599664711133013
2 25 -0.2159125940790468
2 26 -0.09480930172120385
2 27 0.10160450587589227
2 28 0.03394261188068311
2 29 0.024213205299294643
2 30 -0.09400307348177975
2 31 -0.3511548220712909
2 32 -0.19632323061261556
2 33 -0.0947129342698086
2 34 0.28070600564274517
2 35 0.06086963590121931
2 36 0.2325007881934798
2 37 -0.2955236386390068
2 38 -0.03158493600010544
2 39 0.05359517474461163
3 3 0.0
3 4 -0.01807914336701296
3 5 -0.1273941600412648
3 6 0.07405547166527927
3 7 -0.015404669723417882
3 8 0.053677333676270846
3 9 0.04973590149953126
3 10 0.12623519062007932
3 11 0.15232481639807602
3 12 -0.059676119030324395
3 13 0.10068158700313934
3 14 0.03747339527573316
3 15 -0.014590275340039663
3 16 -0.0735612198443682
3 17 0.057493897834168875
3 18 0.06005929243848622
3 19 0.1721729921347339
3 20 0.027054597342812743
3 21 -0.1172177215337015
3 22 -0.0062321984662535275
3 23 -0.033310928661034016
3 24 -0.06232638427278712
3 25 0.06796497671965848
3 26 0.07885630411190421
3 27 -0.08245999973765508
3 28 0.08742631940484413
3 29 0.13368987377317143
3 30 -0.1304719582533569
3 31 -0.05325172434624307
3 32 0.12256046978928885
3 33 0.0034402201648332568
3 34 0.15876270728618386
3 35 -0.029247997961189216
3 36 0.08508494058363752
3 37 0.12424201332890787
3 38 -0.0571994682172577
3 39 -0.09215905007721939
4 4 0.0
4 5 0.0789748075958531
4 6 -0.07358115436670506
4 7 -0.028437169861849503
4 8 0.015385041855484805
4 9 0.14589061557275448
4 10 -0.011943596777840593
4 11 -0.12614385291837932
4 12 0.06427435635714282
4 13 -0.06737721941683332
4 14 0.051146116593746696
4 15 -0.09285616040584074
4 16 0.06534034803742224
4 17 -0.07845675491816699
4 18 0.11230987183476353
4 19 -0.06272704842858659
4 20 0.03502564330718479
4 21 0.10053434120532134
4 22 0.051240186516506116
4 23 0.11807248507063486
4 24 0.05924121305916844
4 25 -0.07471461163235596
4 26 -0.0450356932597485
4 27 0.05733769718164598
4 28 -0.026599830747402343
4 29 -0.09194008767768429
4 30 -0.04178437333154233
4 31 0.019036365354508294
4 32 -0.16339636336446078
4 33 0.06974440950052657
4 34 0.16930480549425803
4 35 0.10280283402028345
4 36 0.01177139153942664
4 37 -0.08872210150058674
4 38 0.0149191111674982
4 39 -0.02930125707610647
5 5 0.0
5 6 -0.015957828550109455
5 7 0.049224211465913964
5 8 -0.11231477169989793
5 9 0.1650243007854191
5 10 0.11420166475279318
5 11 0.13671590990433047
5 12 -0.031270418473483545
5 13 -0.046682606954401094
5 14 -0.02832406859740939
5 15 -0.02473559830491195
5 16 -0.04185584792079987
5 17 0.09653666062486357
5 18 -0.0037608789892886844
5 19 0.01802381702234535
5 20 0.16435431975594245
5 21 0.021234200467894142
5 22 0.16538016031365688
5 23 0.10166135216758683
5 24 -0.027520409635238257
5 25 -0.2775417222157173
5 26 -0.05469233661973387
5 27 0.11787140771102614
5 28 0.16669641875433225
5 29 -0.02346488680578366
5 30 0.06592491582324941
5 31 -0.16509253899953102
5 32 -0.06644698439381816
5 33 0.10842014271822531
5 34 0.22556057658501313
5 35 -0.06911945047961846
5 36 0.03900857613398281
5 37 -0.140197286584242
5 38 0.09134816424827152
5 39 -0.17725818418847394
6 6 0.0
6 7 -0.0315860426996459
6 8 0.015457229613346201
6 9 -0.04634123420684148
6 10 0.13400878172522995
6 11 -0.04888595728949725
6 12 -0.003716951827794209
6 13 0.15340205101992696
6 14 0.03378651998920841
6 15 -0.03873923349662067
6 16 -0.2151319370356831
6 17 -0.11324120015777472
6 18 0.03622272037342123
6 19 0.1648798658959531
6 20 -0.06522527466483363
6 21 -0.19598152348280667
6 22 -0.19537486221133865
6 23 -0.0672804789208024
6 24 -0.266650625387853
6 25 0.0656560172602986
6 26 0.04985895859376907
6 27 -0.036028107076008856
6 28 -0.027112832127725417
6 29 0.08767480197483538
6 30 0.03290611003247369
6 31 -0.0064921281598599116
6 32 -0.009318555580865702
6 33 -0.22754033170505128
6 34 -0.11005871306928858
6 35 -0.10829222059089441
6 36 -0.06761587148494955
6 37 0.22795516728420234
6 38 0.08054489568357728
6 39 -0.15672568371504203
7 7 0.0
7 8 -0.14852698742467113
7 9 -0.09278186583621947
7 10 -0.08196522341028015
7 11 -0.025699731143050974
7 12 0.28748050874100584
7 13 0.08153736932000445
7 14 -0.005884950529883104
7 15 -0.02020155966801451
7 16 0.16848727056767582
7 17 -0.01530398265890052
7 18 0.0904473313517447
7 19 0.09664513206627483
7 20 -0.1201968330614758
7 21 0.2243492589297203
7 22 0.13528456354132815
7 23 0.011954678316868386
7 24 -0.02445083364025815
7 25 0.08640836737162881
7 26 0.15175724301259244
7 27 0.11593110430940676
7 28 0.2682442996641091
7 29 0.23848816976842618
7 30 -0.203233774305489
7 31 0.1592492380849539
7 32 0.01576423400074811
7 33 0.1602530325317078
7 34 -0.0319415983922748
7 35 0.1813574742028597
7 36 -0.13537584574210454
7 37 -0.08022079885801323
7 38 -0.21221177576715303
7 39 -0.013677772781212849
8 8 0.0
8 9 0.13913452743102675
8 10 -0.0841567753796784
8 11 -0.0019194430972347173
8 12 -0.009317504923836518
8 13 -0.023068917783118988
8 14 -0.0712303272028453
8 15 0.10009379074771496
8 16 -0.1736766382279582
8 17 0.0039364619617972205
8 18 -0.0751641694082602
8 19 -0.05609465587690562
8 20 0.005914326880650055
8 21 0.026368544230205387
8 22 -0.04655744173686395
8 23 -0.10495101973093864
8 24 0.027853121030921253
8 25 -0.06552057186830304
8 26 0.010289869397793392
8 27 -0.13887704918230287
8 28 -0.01012520586498843
8 29 -0.14507376737233885
8 30 0.06191822909178164
8 31 0.03411090382951489
8 32 -0.04089201836101615
8 33 -0.07171099097860231
8 34 0.056229896045458375
8 35 -0.03170266868897666
8 36 0.06095455611392514
8 37 0.0013503159411548337
8 38 0.06259242550975094
8 39 0.024155955752182486
9 9 0.0
9 10 0.056558696575142675
9 11 -0.07608972725748327
9 12 0.012366408340155777
9 13 0.028943207242339695
9 14 0.004547355625220202
9 15 0.04418768352388553
9 16 -0.048510929589120566
9 17 -0.026161664151095117
9 18 0.048915888436599324
9 19 0.10984556742014398
9 20 -0.05419226975630139
9 21 -0.1645298197547827
9 22 -0.02740967707974342
9 23 0.035578763558922116
9 24 -0.12103282119194625
9 25 -0.07475140875536943
9 26 -0.15098873689199194
9 27 -0.026043987094801584
9 28 0.060246380656119355
9 29 0.13030052169087505
9 30 0.01726547267232005
9 31 -0.002924634642732399
9 32 0.2090162728263419
9 33 -0.06479009585048005
9 34 0.27795788498979723
9 35 -0.0063817934166733505
9 36 0.1410999306582067
9 37 -0.03579677801672164
9 38 -0.24464000172315253
9 39 0.17746183953541
10 10 0.0
10 11 0.16495881960751588
10 12 -0.1633431015211737
10 13 -0.12386366120990051
10 14 0.08350691118592234
10 15 -0.04491139676874119
10 16 -0.07192536660465484
10 17 -0.039382079934222984
10 18 0.041229040745644596
10 19 0.22027404392992
10 20 0.1669208286123566
10 21 -0.24492184082139792
10 22 -0.021669351432996094
10 23 -0.027582711618800732
10 24 -0.24350071988861663
10 25 0.08761913982791582
10 26 -0.09847657411545539
10 27 0.02865673058350967
10 28 -0.14787944362803765
10 29 0.1832789103447972
10 30 0.05839795689996015
10 31 -0.056578339507781274
10 32 0.0824745084545405
10 33 -0.036191082848310296
10 34 0.11327770987457494
10 35 -0.09780992696287419
10 36 0.1903088239771839
10 37 0.02757734195312788
10 38 0.05957248961015097
10 39 -0.15935535876600598
11 11 0.0
11 12 -0.21666396526501122
11 13 -0.05926300123881967
11 14 -0.011661811170536837
11 15 0.11461252364633032
11 16 -0.08894663018918197
11 17 0.11747829199916167
11 18 -0.08923885356461608
11 19 -0.005642213101574371
11 20 0.18453457343170304
11 21 -0.028524144209385215
11 22 0.1133623970127702
11 23 -0.14259549527506618
11 24 -0.025542311520262834
11 25 -0.1287031933958449
11 26 0.006722620110015985
11 27 -0.0700440278787953
11 28 0.10485490347152115
11 29 0.037471019664084296
11 30 -0.010443592289587293
11 31 -0.25946431586792273
11 32 0.11448176548228517
11 33 -0.009319735072022077
11 34 0.18181521953346075
11 35 -0.09523668974033367
11 36 0.1278764976398916
11 37 0.10477067972955363
11 38 0.010504061831591655
11 39 -0.04703831307252525
12 12 0.0
12 13 0.1013587979738864
12 14 0.0007473198286769239
12 15 0.026417179805874914
12 16 0.15248120880070504
12 17 0.05562626187748548
12 18 0.05089872107962769
12 19 0.05212917625346921
12 20 -0.1392205154545595
12 21 0.1254681742805963
12 22 0.020064794124014164
12 23 0.06476280356105364
12 24 -0.10181648551216968
12 25 0.05922425028578835
12 26 0.12498597135113161
12 27 0.10809680726212403
12 28 0.06587408730454428
12 29 -0.028833508055518726
12 30 -0.09059024070552665
12 31 0.337435879765032
12 32 -0.04679778273000186
12 33 0.12666364803285793
12 34 -0.1787915064738687
12 35 0.20982490121491323
12 36 -0.16251469820938272
12 37 -0.0022989036271289973
12 38 -0.17580916965102797
12 39 -0.011755197118192883
13 13 0.0
13 14 0.011909673620011758
13 15 -0.11430444372668562
13 16 -0.11311719392030435
13 17 0.0875324403855865
13 18 -0.04947131654680063
13 19 0.07433244788235535
13 20 -0.2582326700655713
13 21 -0.09193767920752423
13 22 -0.008494130330163423
13 23 -0.05002015673918366
13 24 0.06321606810813798
13 25 0.16921237953185658
13 26 0.17838555697899938
13 27 -0.13218695760417193
13 28 0.26790657755118186
13 29 0.07735298870205326
13 30 -0.0026842730226274256
13 31 0.0957212831268516
13 32 0.22030343474254707
13 33 0.08682796923770994
13 34 -0.02890256199061037
13 35 -0.13406922248165504
13 36 -0.24139292510589194
13 37 0.22346811123497154
13 38 -0.14890575358063546
13 39 0.030594499654804697
14 14 0.0
14 15 0.05115214700165116
14 16 0.19237582507077935
14 17 -0.10100935143514597
14 18 0.0531864183443753
14 19 0.04718931640547168
14 20 -0.1236802395068776
14 21 -0.11084342206690076
14 22 0.014019989519141898
14 23 0.05209424723572213
14 24 0.011850892759534647
14 25 0.08668048593979935
14 26 0.0023378620736060076
14 27 0.1388941131484272
14 28 -0.08486338522558964
14 29 -0.0182163860884137
14 30 -0.018500582654366698
14 31 -0.0015982523988029372
14 32 -0.008066808201195192
14 33 0.2039534243268748
14 34 -0.006820902692340819
14 35 0.005419882955848126
14 36 -0.12280333545162822
14 37 0.1409511770947453
14 38 -0.04726839323763684
14 39 -0.10663903064350466
15 15 0.0
15 16 0.15340182602704597
15 17 0.07427015395495838
15 18 -0.1352135826708814
15 19 0.023242410808044754
15 20 -0.09835113535483207
15 21 -0.06018597186412193
15 22 -0.0034284756843876267
15 23 -0.1552789727404002
15 24 -0.10957210812618987
15 25 -0.10705896537477755
15 26 0.012833555855741016
15 27 -0.0002272934161573658
15 28 -0.09511114459117763
15 29 -0.14401818981684567
15 30 0.02750885306427083
15 31 -0.04858040846507187
15 32 0.09516648531699155
15 33 0.0598739022576615
15 34 -0.0933253053865024
15 35 0.10102396747245013
15 36 -0.08991309989506965
15 37 0.03759759167304818
15 38 -0.13220352955207668
15 39 0.02791832990118472
16 16 0.0
16 17 0.028981815173741488
16 18 0.11693967321668694
16 19 0.002657369007733205
16 20 -0.16514424015640847
16 21 0.07133702512277187
16 22 0.08960193088999562
16 23 0.13014819570426311
16 24 0.07545793976862476
16 25 0.13076807296599877
16 26 0.018136317934137745
16 27 0.11005554855324733
16 28 -0.07951398545882281
16 29 -0.10811470429863428
16 30 -0.16407869926615465
16 31 0.027367884918897363
16 32 0.059923363779276116
16 33 0.253825257862138
16 34 -0.13743537197700306
16 35 0.25845144224004735
16 36 -0.11516768498425907
16 37 0.017743794554524996
16 38 -0.23160128093394605
16 39 0.006512261008322383
17 17 0.0
17 18 -0.11896629918180321
17 19 0.08032939931247039
17 20 0.09287413089495623
17 21 -0.13021027305182553
17 22 -0.006269682684619344
17 23 0.019826146193526236
17 24 -0.0722561667232189
17 25 -0.0673720190904072
17 26 0.06547324414540788
17 27 0.011783228902520594
17 28 0.050972686198504646
17 29 -0.09440279065048904
17 30 -0.019189270010369564
17 31 -0.054029894248818364
17 32 0.07031172021651425
17 33 0.02371341363419717
17 34 -0.09824045604872543
17 35 -0.016764746275528312
17 36 0.06968297002704477
17 37 0.008130475561944548
17 38 -0.07814110899639186
17 39 -0.016722530339610835
18 18 0.0
18 19 0.036761715122645665
18 20 -0.08837533355701177
18 21 0.20224527408385815
18 22 0.16631942986532527
18 23 0.21570262881049312
18 24 -0.027159529742803577
18 25 0.12040869884935856
18 26 -0.060779798397449805
18 27 -0.2227571715252084
18 28 0.022565853976101072
18 29 0.06552602034469523
18 30 -0.03759160012053877
18 31 0.09983285415978502
18 32 0.025349437210613175
18 33 0.17015588142723984
18 34 0.09016730266845165
18 35 0.071590362914873
18 36 0.038062926585673944
18 37 0.12510492811619317
18 38 0.000027615821416588505
18 39 0.013670761437862496
19 19 0.0
19 20 -0.1804561060477025
19 21 -0.2867418916126475
19 22 -0.15818623892570136
19 23 0.03917228097450939
19 24 -0.3349189704066256
19 25 0.1639502009495086
19 26 0.0833898160961062
19 27 0.05094104807014367
19 28 -0.0046959324625457455
19 29 0.2626516529143815
19 30 -0.06476268251191616
19 31 0.09324598867703528
19 32 0.1620647278776817
19 33 0.002549201160798326
19 34 0.007425371480292082
19 35 -0.033097227243869654
19 36 0.04420149328217803
19 37 -0.06131909908247122
19 38 -0.10997497881793912
19 39 -0.1650792250816996
20 20 0.0
20 21 -0.05651156061418977
20 22 0.12689011550697854
20 23 0.009476853122846223
20 24 0.049030903067410064
20 25 -0.21116862110618612
20 26 -0.11892162703118173
20 27 0.127486028663878
20 28 -0.06396264938353666
20 29 -0.013903525472892416
20 30 0.04701699847534037
20 31 -0.21262730028807303
20 32 -0.17142755627675565
20 33 -0.0742972931910352
20 34 0.05775401796848563
20 35 -0.019995518041324295
20 36 0.36178209596709265
20 37 -0.10250968504990472
20 38 0.16539388652782638
20 39 -0.026655365600430424
21 21 0.0
21 22 0.2409987808991496
21 23 0.002106571284262801
21 24 0.24703379873784334
21 25 -0.07263318575750968
21 26 0.06396492251318685
21 27 -0.23297407196641645
21 28 0.20933790981516992
21 29 -0.1193575800707672
21 30 -0.10330564771305288
21 31 0.113515081586737
21 32 -0.11966138547647738
21 33 0.052680512895554865
21 34 0.16435069491642235
21 35 0.20554301647239076
21 36 -0.08616501890001918
21 37 -0.10751596827167467
21 38 0.09417989353183995
21 39 0.0848764429369818
22 22 0.0
22 23 -0.02015854186103371
22 24 0.14366518042060028
22 25 -0.02227767880777416
22 26 -0.01500016205560343
22 27 -0.08212349091852997
22 28 0.14154260914454395
22 29 -0.023825180836704415
22 30 -0.012125314309914308
22 31 -0.02855269038029251
22 32 -0.03115465602667667
22 33 0.3104188795869727
22 34 0.1213145032263349
22 35 0.044026683005676394
22 36 -0.008209278829352686
22 37 0.030743834652309406
22 38 -0.008721895268570558
22 39 0.0003320593198114415
23 23 0.0
23 24 0.11890892343709618
23 25 -0.1209662999288641
23 26 -0.03833308883021855
23 27 0.02178659256926354
23 28 0.024324457325715365
23 29 -0.007606216231265421
23 30 0.021932385955403942
23 31 -0.021579253951116744
23 32 -0.013176817071900587
23 33 0.0924613193176578
23 34 0.014997621286361285
23 35 0.11393142586487755
23 36 0.09967142282768872
23 37 -0.01629463999192065
23 38 0.0275015019289395
23 39 0.0386565573736286
24 24 0.0
24 25 -0.06768828239071337
24 26 0.046316199603874716
24 27 -0.03940249986106312
24 28 0.19944050664907756
24 29 -0.15051451922302522
24 30 -0.03153934005789508
24 31 -0.14851073370004986
24 32 -0.0947075607940325
24 33 0.13934404388460647
24 34 0.07823634074530941
24 35 -0.03919207160059677
24 36 -0.03423046981905327
24 37 -0.031865496162544735
24 38 0.08665722936215717
24 39 0.046960456889919504
25 25 0.0
25 26 0.04217908188770798
25 27 -0.13230566227501508
25 28 -0.06837439526897815
25 29 0.15958047536571557
25 30 -0.028041262044929675
25 31 0.2899882524242372
25 32 0.18973268241396174
25 33 0.08820376324123887
25 34 -0.19099709534910161
25 35 -0.08171172224581487
25 36 -0.04931387967550978
25 37 0.15061643346535009
25 38 -0.04929942980789141
25 39 -0.056134429455569
26 26 0.0
26 27 0.02734061821006442
26 28 0.18045818667524718
26 29 0.00476971330670504
26 30 -0.12568058454476067
26 31 0.08391418396835296
26 32 0.023476608091386318
26 33 0.05024131774832461
26 34 -0.027080448454717132
26 35 0.026357202989767313
26 36 -0.10896130877910508
26 37 0.0054725295518924825
26 38 -0.003236873248903991
26 39 -0.09631497719976152
27 27 0.0
27 28 -0.060292025765254685
27 29 0.07972255915318048
27 30 -0.12926339672024398
27 31 -0.088667723915869
27 32 -0.3334645566386229
27 33 0.11728730724444944
27 34 -0.11745676377721521
27 35 0.013379427256587806
27 36 -0.08442796544730449
27 37 -0.178480778695357
27 38 -0.06718128190731251
27 39 -0.1489888240287099
28 28 0.0
28 29 0.16798832438841446
28 30 -0.16900742357617823
28 31 -0.057568183865258804
28 32 0.10355317243759617
28 33 0.06317907274490613
28 34 0.2141382605834919
28 35 -0.014909629200916966
28 36 -0.05213405611756111
28 37 -0.019478836085141206
28 38 -0.08157877722181982
28 39 0.016997437055504182
29 29 0.0
29 30 -0.12589582051337933
29 31 0.02933114501391717
29 32 0.21580240071934695
29 33 -0.08111646898389971
29 34 0.10706408634994577
29 35 -0.030063215344956123
29 36 0.08122051968350025
29 37 -0.07308982494537061
29 38 -0.13219005479727283
29 39 0.055115394928375375
30 30 0.0
30 31 0.03020700322295976
30 32 0.018365838889674337
30 33 0.014318117599578734
30 34 -0.11240523057214058
30 35 -0.15404739851134835
30 36 0.04140606970913459
30 37 0.07329005026255139
30 38 0.1117030741491803
30 39 0.043486132635148736
31 31 0.0
31 32 0.11185256570053333
31 33 0.043265619065326374
31 34 -0.1978607198285677
31 35 0.08470267549458782
31 36 -0.11246380959594078
31 37 0.04968128711085261
31 38 0.011818926810957048
31 39 -0.016441118252585644
32 32 0.0
32 33 -0.13695660907373555
32 34 0.013794516407427737
32 35 -0.010218152438761034
32 36 0.058117882302148274
32 37 0.21063119956229787
32 38 -0.1729634792849018
32 39 0.1975065083251407
33 33 0.0
33 34 -0.03507748498627257
33 35 0.008611946255339063
33 36 -0.16672383161435805
33 37 0.07159080849802188
33 38 -0.08150963824893273
33 39 -0.14275175768988285
34 34 0.0
34 35 0.04477420676880954
34 36 0.1080619066715254
34 37 -0.15385502819542474
34 38 0.06111001438449602
34 39 -0.015589282937153162
35 35 0.0
35 36 -0.05111775586237567
35 37 -0.1296072648424194
35 38 -0.11478209004701201
35 39 0.10286691106953061
36 36 0.0
36 37 -0.09914620785498865
36 38 0.07859772251174726
36 39 0.05375640312950989
37 37 0.0
37 38 -0.07095068149305073
37 39 0.0107159224445787
38 38 0.0
38 39 -0.1736266552299471
39 39 0.0
