0 0 0.0
0 1 0.1048304428733143
0 2 0.061627100019694056
0 3 0.005483428053481161
0 4 -0.23582414826202908
0 5 0.025660032093565634
0 6 0.27146913299776887
0 7 0.1484350069428677
0 8 0.11731915100460273
0 9 -0.1306732781341891
0 10 0.09537519944413263
0 11 0.03425076522707327
0 12 -0.176652134908793
0 13 0.1076352299252927
0 14 0.11301545059414701
0 15 -0.004746405286458111
0 16 -0.06821929421205555
0 17 -0.07176877079677792
0 18 0.07648367318028518
0 19 -0.08702074522843875
0 20 -0.03531408131636403
0 21 0.028234489396958183
0 22 0.028785989451567667
0 23 0.11325155624144231
0 24 -0.016175283725136897
0 25 -0.21303661313778596
0 26 -0.0042346717436778
0 27 -0.023771946567124867
0 28 -0.050793043007032856
0 29 -0.14940985792710398
0 30 -0.013842636663235758
0 31 -0.019504670118751843
0 32 0.0007019265786931134
0 33 -0.054163353913918334
0 34 0.05961736088953059
0 35 0.013836591532874972
0 36 -0.08579903118637273
0 37 -0.011949672153184574
0 38 -0.0003665592072631986
0 39 -0.08813777465027949
1 1 0.0
1 2 -0.01423877840276826
1 3 0.004887372378357031
1 4 -0.09011012598871848
1 5 0.04485860413757435
1 6 0.0762127149888919
1 7 0.1082811168803148
1 8 0.012284305314826754
1 9 -0.12685230629611213
1 10 0.027581489829250676
1 11 -0.002824229282102517
1 12 -0.05282181855603263
1 13 0.0157912233872549
1 14 -0.038952013647964946
1 15 0.061656507111594795
1 16 -0.05639394426787316
1 17 -0.05011615553072328
1 18 -0.047355397417025435
1 19 -0.07087494697375528
1 20 -0.016548163307722193
1 21 0.040396953282987855
1 22 -0.08294901578998211
1 23 -0.009715971537537187
1 24 0.08923315771516549
1 25 0.018880862950373393
1 26 -0.03164137178547562
1 27 -0.03580886013636368
1 28 -0.10547705441117872
1 29 -0.08991401850568394
1 30 0.05907335221937737
1 31 0.02253915973598542
1 32 -0.00694945071852716
1 33 -0.023388915404548412
1 34 0.06644342085238891
1 35 -0.03496921208455567
1 36 0.009700768705515167
1 37 -0.07090167249885668
1 38 0.012455257935082207
1 39 -0.049870114642355724
2 2 0.0
2 3 0.024525212491024274
2 4 -0.10732496993780476
2 5 -0.24305294285471915
2 6 0.19661449737171513
2 7 -0.08716894010470365
2 8 0.13369672443154718
2 9 -0.03729606873596216
2 10 0.27144000870627755
2 11 0.028002032399776132
2 12 -0.04807725134599898
2 13 0.06247156736133833
2 14 0.06751563191922169
2 15 -0.09690984250218718
2 16 -0.006510851443822889
2 17 -0.0041676941321688865
2 18 -0.032927792455718086
2 19 -0.08512469152320541
2 20 0.0677154645972641
2 21 0.04202297945406234
2 22 0.25164758540726617
2 23 -0.027884028971642348
2 24 -0.18912927834224857
2 25 -0.05501096966491742
2 26 0.06839751567622412
2 27 -0.0702715457535163
2 28 -0.10169674052542299
2 29 -0.011024616730298776
2 30 -0.16169471704982688
2 31 -0.2184174772392881
2 32 0.0064956585369698614
2 33 -0.03099260084889629
2 34 0.13688885932796863
2 35 -0.17422613806244586
2 36 -0.037543563280744034
2 37 -0.19347582139614466
2 38 -0.017121405995322258
2 39 -0.09604022238533458
3 3 0.0
3 4 -0.011025912332520546
3 5 -0.03668623629101931
3 6 -0.029410316067444837
3 7 -0.008769023296546856
3 8 0.006997348165007114
3 9 -0.008593660544984961
3 10 -0.010139357600942955
3 11 -0.014922388098821796
3 12 0.06446531102766537
3 13 0.012102056846075241
3 14 0.02266115500949651
3 15 0.0323680154805847
3 16 -0.10975861007525438
3 17 -0.02719392879950225
3 18 0.04998436013399989
3 19 0.03379127077487305
3 20 0.012419660344125555
3 21 -0.04255172171544408
3 22 -0.01891521105988986
3 23 0.0765861981232077
3 24 -0.0320157903388179
3 25 0.01682153355736141
3 26 -0.057272332957901476
3 27 0.07923017408186012
3 28 0.045806788937376455
3 29 -0.010529700199091042
3 30 -0.10132111175884581
3 31 -0.009820587007189654
3 32 -0.06495645125620429
3 33 0.017364968172366414
3 34 0.037666156717315664
3 35 0.05464581038569125
3 36 0.0011354838978172746
3 37 0.008535288277860422
3 38 0.06691821323937414
3 39 -0.031168652374831123
4 4 0.0
4 5 -0.01939548305335691
4 6 -0.11474045944737328
4 7 -0.08012816062699583
4 8 -0.053056862161754384
4 9 0.15808017656057216
4 10 -0.1536411626324647
4 11 0.0015463163540248772
4 12 0.07441731025404483
4 13 -0.15636340279497182
4 14 -0.048079799989377094
4 15 -0.06351079604506696
4 16 0.1339857855102242
4 17 0.07229455486487764
4 18 -0.050435123205616605
4 19 0.016797603707847147
4 20 0.0006269800345844887
4 21 -0.05008885975886128
4 22 -0.00242826918868346
4 23 -0.037052278072689064
4 24 0.01601331630470451
4 25 0.14637721963048153
4 26 -0.016909745331138138
4 27 0.039894132001181304
4 28 0.0953821754931526
4 29 0.06987934895329177
4 30 0.058103094411799026
4 31 0.02602712016886578
4 32 0.015777916014845496
4 33 0.07292460200044652
4 34 -0.08339456454781677
4 35 0.04505107825828701
4 36 0.058358102484648525
4 37 0.04930290473110891
4 38 0.026448879076633458
4 39 0.06118657332490449
5 5 0.0
5 6 -0.07903584075250406
5 7 0.10583789491951959
5 8 -0.07811600379841052
5 9 0.00786735925030537
5 10 -0.03163581986027406
5 11 -0.03485131267151323
5 12 0.07381490262199064
5 13 0.029000542096399684
5 14 -0.13723302710190433
5 15 0.11005989236260183
5 16 0.023631190310008
5 17 -0.1452100484630908
5 18 -0.062196977314329896
5 19 0.03236044216689334
5 20 0.047520678222498794
5 21 0.1599066868664178
5 22 -0.12706631444275923
5 23 -0.0547961849718708
5 24 0.1574084608509395
5 25 -0.05109657539319036
5 26 -0.06444241857725148
5 27 0.0017023384066874043
5 28 -0.014018748938640394
5 29 -0.05576055869660235
5 30 0.1849961805886685
5 31 0.1397474891757771
5 32 0.05811047652046579
5 33 0.014417395602508968
5 34 0.05658312153133434
5 35 -0.1630132413088791
5 36 -0.13011027690173696
5 37 0.036680277569287614
5 38 -0.03776169374215212
5 39 0.14058038971924378
6 6 0.0
6 7 0.09228365893039096
6 8 0.1785047183363444
6 9 -0.07429760726407342
6 10 0.08699872229607371
6 11 0.07001390366728548
6 12 -0.2296852233683196
6 13 -0.05943669266425407
6 14 0.10520579276696314
6 15 -0.11567854414706635
6 16 0.0980687070455161
6 17 -0.057042809878772346
6 18 -0.06484844125658265
6 19 -0.16684057848256312
6 20 -0.02527385729568309
6 21 0.049756003724329846
6 22 0.07174923746250492
6 23 0.02225837308315934
6 24 -0.028807238186687872
6 25 -0.10916377507312616
6 26 0.00822815033865736
6 27 -0.07855348245151765
6 28 -0.09974703929846643
6 29 -0.12692907327606484
6 30 0.10602794730431912
6 31 -0.06437350008957096
6 32 0.08306944974171875
6 33 -0.00666494506884156
6 34 0.03492394077633424
6 35 -0.052781743699217454
6 36 -0.0359095362378321
6 37 -0.11678663713786833
6 38 -0.013078961797153935
6 39 -0.09638534537862596
7 7 0.0
7 8 0.014682645814423561
7 9 -0.08990083833717381
7 10 0.05992661614204543
7 11 -0.022890596289934985
7 12 -0.06672760667702655
7 13 -0.010904983642408217
7 14 -0.07860926609246675
7 15 0.08474807639356155
7 16 -0.037678898377710004
7 17 0.013211470070666012
7 18 -0.06874548254529568
7 19 -0.07915817445070306
7 20 -0.03145596894331254
7 21 0.018994283718571148
7 22 -0.11823095777550674
7 23 0.0251105973619958
7 24 0.11056931984297443
7 25 0.00834500806882198
7 26 -0.05467941155136914
7 27 -0.015847506593251615
7 28 -0.05467879964553509
7 29 -0.132371729837753
7 30 0.05633557454590541
7 31 0.06246760824963478
7 32 -0.018538406668226752
7 33 0.046724933128232504
7 34 0.031818466996832676
7 35 -0.03238363163534794
7 36 -0.00438908013636001
7 37 -0.045411354167802384
7 38 0.013953656221530306
7 39 -0.08844652609233264
8 8 0.0
8 9 -0.04979070139949112
8 10 0.09340444205577685
8 11 0.07875838983730842
8 12 -0.10304374183296017
8 13 -0.10890148729892979
8 14 0.03454226128797848
8 15 -0.043935665575848035
8 16 -0.013367638858933167
8 17 -0.01821963251946939
8 18 -0.04882239527162836
8 19 -0.030308612425922133
8 20 -0.04077576354190368
8 21 -0.02560919438628579
8 22 0.07481646682196641
8 23 0.05551678406835048
8 24 -0.021536656198829975
8 25 -0.08985591650664834
8 26 -0.0047855394979594386
8 27 -0.014945165580307332
8 28 -0.00437514074484034
8 29 -0.031596607213935354
8 30 0.006169223614722297
8 31 -0.047460586393933475
8 32 0.03065558127292013
8 33 0.006767186192843907
8 34 0.0466807765903477
8 35 -0.0026095730484080697
8 36 -0.025910855617747548
8 37 0.0010384798634638787
8 38 -0.0029100815912540107
8 39 -0.025172907225039638
9 9 0.0
9 10 -0.09795138784331144
9 11 -0.01310966588917778
9 12 0.0751040898754641
9 13 -0.05722450812640082
9 14 0.04031057090276322
9 15 -0.1057353529415244
9 16 0.13255118492186121
9 17 0.08554193393030174
9 18 0.05023224414111986
9 19 0.026808922047716326
9 20 -0.00023477207833917101
9 21 -0.07397093505584498
9 22 0.07944324505491683
9 23 0.005909462856185476
9 24 -0.07365398649440205
9 25 0.03234239237296103
9 26 0.02369403786192848
9 27 0.04828697769067529
9 28 0.15514040470850954
9 29 0.060730657435224454
9 30 -0.05994646765308357
9 31 -0.003370077295688473
9 32 -0.0017258074454812526
9 33 0.07355860072981615
9 34 -0.09599136127034193
9 35 0.040491282103984935
9 36 -0.04697064749962414
9 37 0.05242758569245072
9 38 0.019422601800894945
9 39 0.025136506189125923
10 10 0.0
10 11 -0.03158388702613755
10 12 -0.060223000290209786
10 13 0.036390657474322
10 14 -0.05020810558360539
10 15 0.07012033170900626
10 16 -0.09590419788521944
10 17 0.050909381228756254
10 18 -0.10556241634702737
10 19 0.018670046617883813
10 20 0.04415070921728803
10 21 0.05398718965244091
10 22 -0.022983500487677937
10 23 -0.019009501681433238
10 24 -0.05479785032423529
10 25 -0.09525107252252651
10 26 0.019101259040746787
10 27 -0.043399834542016166
10 28 -0.0770271492291709
10 29 -0.021254792015426967
10 30 -0.11408214077525355
10 31 -0.08098261104463056
10 32 -0.030986667785354322
10 33 0.11330744367138026
10 34 0.0035673222689526054
10 35 -0.14313878312404096
10 36 -0.06468644105353342
10 37 -0.15892023192698548
10 38 -0.10300531502967661
10 39 -0.06606580885064281
11 11 0.0
11 12 -0.046207903921152586
11 13 -0.12862657397070854
11 14 -0.013309693189283581
11 15 -0.05347800111708675
11 16 0.0017748980140143097
11 17 -0.03421222720596032
11 18 0.003848431630750879
11 19 -0.04150800181748433
11 20 -0.02412132744460694
11 21 -0.03316936353050852
11 22 0.10776978026786013
11 23 0.04977276347141006
11 24 0.030183998560103502
11 25 -0.04556389477728253
11 26 0.000185252138302118
11 27 -0.023000226050386433
11 28 0.02994141469676037
11 29 -0.01956407768998896
11 30 -0.010570699005513894
11 31 -0.05259064364870645
11 32 0.0009325248008668456
11 33 -0.017604280824214596
11 34 0.05341180018442273
11 35 0.0519652490751669
11 36 -0.01565338930399294
11 37 0.07354993048234429
11 38 -0.010759572297835465
11 39 0.08227053647501395
12 12 0.0
12 13 0.031315548554421306
12 14 -0.09401526997613711
12 15 0.09150226606261705
12 16 -0.11178927186988499
12 17 -0.0069825354568533015
12 18 0.05224357520997619
12 19 0.0792490731641611
12 20 0.048802025984270594
12 21 -0.04934380347256081
12 22 0.004327342312562962
12 23 0.023710283562772008
12 24 -0.016676262961330734
12 25 0.08670480417898727
12 26 -0.04193259142086728
12 27 0.053506242117876204
12 28 0.0911710982788124
12 29 0.04333299648119029
12 30 -0.16022201409884207
12 31 0.03985145247155685
12 32 -0.0620329306628854
12 33 0.022769165809697383
12 34 0.06416045758367692
12 35 -0.0003833981105580732
12 36 0.007019990706189183
12 37 0.058557413902570764
12 38 0.047474542946091894
12 39 -0.014905526011767336
13 13 0.0
13 14 0.1365502827482968
13 15 0.05489318941285787
13 16 -0.060338922970209055
13 17 -0.02294766129833025
13 18 0.14780788298412945
13 19 0.08496723398997223
13 20 0.03350719071718222
13 21 0.09255599547770584
13 22 -0.01298185664833213
13 23 -0.050906552433626684
13 24 -0.11305668113676064
13 25 -0.10158009497290318
13 26 0.079165531653509
13 27 0.010987689326695489
13 28 -0.08833694095419911
13 29 0.04450825165666365
13 30 -0.03299261035847626
13 31 0.010166781320910267
13 32 0.0014494788482250303
13 33 -0.16182632012244916
13 34 0.0026282427815478735
13 35 -0.0849291246197957
13 36 -0.036348291519953155
13 37 -0.04783916774582638
13 38 0.002472606916115791
13 39 -0.06003356022907834
14 14 0.0
14 15 -0.14893408556445484
14 16 0.06466908224086436
14 17 0.01410717993129248
14 18 0.1425484691324263
14 19 0.056632301881798186
14 20 -0.08047817375634578
14 21 -0.04173326362138353
14 22 0.04402729892590042
14 23 0.0011228532918609758
14 24 -0.12932484687372817
14 25 -0.12079529104215517
14 26 0.09514917367791977
14 27 0.04958162441742668
14 28 0.010716719085356393
14 29 0.0801070948924871
14 30 0.010444584496135167
14 31 -0.0532993231535968
14 32 0.014526824409948675
14 33 -0.10149146523647942
14 34 -0.1123064162467204
14 35 0.0831569233541781
14 36 -0.08528429713156069
14 37 -0.026143474309062727
14 38 0.032746146804892656
14 39 0.001249829533364688
15 15 0.0
15 16 -0.17731311402544117
15 17 -0.03343109341190849
15 18 -0.036549542815847005
15 19 0.038847230617189074
15 20 0.04039323642577926
15 21 0.021428883161678663
15 22 -0.12765473627803622
15 23 0.025702779650510148
15 24 0.06299671384684907
15 25 0.035138950085645784
15 26 -0.0723243430982448
15 27 -0.0025340501153529272
15 28 -0.03155199292654726
15 29 -0.04314334000931609
15 30 -0.0551169916319227
15 31 0.09471115447829405
15 32 -0.03139361450809772
15 33 0.02602250466956409
15 34 0.0779687826308006
15 35 -0.03715530804182855
15 36 0.05809209145777988
15 37 0.014184452806960976
15 38 -0.0012716539346333585
15 39 -0.08859204237052266
16 16 0.0
16 17 0.034867003682397146
16 18 -0.08896800519927782
16 19 -0.06611309436388556
16 20 0.006494633707149845
16 21 0.0995757447011139
16 22 0.032111710674309124
16 23 -0.14109356377119048
16 24 -0.0042102519742122915
16 25 0.032543877401098945
16 26 0.06469943887710408
16 27 -0.04479705924071224
16 28 -0.03671407455057231
16 29 0.04011758603554075
16 30 0.2696977172078685
16 31 -0.013345603442074092
16 32 0.12986653618666189
16 33 0.004972294489625704
16 34 -0.13375465531806568
16 35 -0.08409350333908984
16 36 -0.007226049846359478
16 37 -0.060176727425294604
16 38 -0.04783691603078279
16 39 0.10337959479567753
17 17 0.0
17 18 0.007444361193984464
17 19 0.05137822055939352
17 20 -0.1758774365032645
17 21 -0.19131747868436935
17 22 0.030219107407492486
17 23 -0.006015340210689884
17 24 0.018377899228350553
17 25 0.06188030473749111
17 26 0.09157091930946142
17 27 0.061407704643776886
17 28 0.09043740847246011
17 29 0.05777064315817879
17 30 -0.09683255832496705
17 31 -0.032871707430461555
17 32 -0.10479077802319958
17 33 0.022156586309118396
17 34 -0.09426604478414505
17 35 0.0615939576758283
17 36 -0.03249411779371905
17 37 0.03279738699587591
17 38 0.059128580028927014
17 39 -0.04022406045448839
18 18 0.0
18 19 0.06298573699896427
18 20 -0.028982964377993175
18 21 -0.0987138517180976
18 22 0.10202752754805262
18 23 0.10860359202991118
18 24 -0.09424431694563122
18 25 -0.10078108302789465
18 26 0.04093272314780401
18 27 0.06748155351553026
18 28 0.11399643963872659
18 29 0.03344195145950372
18 30 -0.19442061517687764
18 31 -0.03605718858819242
18 32 -0.08425577290084217
18 33 -0.08618758058315368
18 34 -0.008904398426793452
18 35 0.15256852058421097
18 36 -0.057696396915153894
18 37 0.12144810655344566
18 38 0.048004905778324766
18 39 0.0164315212478289
19 19 0.0
19 20 -0.04870532195361873
19 21 -0.03183578724872922
19 22 -0.04183233033447627
19 23 -0.0022968734836770017
19 24 -0.0249106543397101
19 25 -0.060373978748999614
19 26 0.03337541284766394
19 27 0.11208553795031839
19 28 0.0748028829177789
19 29 0.14487258142553755
19 30 -0.013514636070816145
19 31 0.021962132544358075
19 32 -0.03723219318949337
19 33 -0.0447287809809596
19 34 -0.06675925385376025
19 35 0.03202005678858947
19 36 -0.05597515597685969
19 37 0.10133954598273716
19 38 0.011738270006023944
19 39 0.12334166040895289
20 20 0.0
20 21 0.18085071929969238
20 22 -0.016451881239466105
20 23 0.004348291950558224
20 24 -0.09304502547771674
20 25 0.012906233026201164
20 26 -0.09236405999718864
20 27 -0.045257778067971176
20 28 -0.03687767627581902
20 29 -0.038144465019325356
20 30 -0.003626690113801652
20 31 -0.0025549833149608077
20 32 0.06266707370748696
20 33 0.09099011387446057
20 34 0.012792416317694219
20 35 -0.06544213055678101
20 36 0.11046259603026727
20 37 -0.05225661022961201
20 38 -0.08960361281213926
20 39 -0.0027408066298152006
21 21 0.0
21 22 -0.0694441535488804
21 23 -0.1074170631623647
21 24 -0.000008873797641784087
21 25 -0.03388852213231104
21 26 -0.04067748767312056
21 27 -0.05628013833087089
21 28 -0.1566679798533642
21 29 -0.02243905648892458
21 30 0.24200925993273997
21 31 0.010618460643663691
21 32 0.12453922697316999
21 33 -0.01442839866017756
21 34 0.010056559735510727
21 35 -0.1832805319399323
21 36 0.03960170707084404
21 37 -0.09663937653039494
21 38 -0.10142891327802908
21 39 0.11379798164974034
22 22 0.0
22 23 0.06131067133297933
22 24 -0.10538032260998072
22 25 -0.09721925463213862
22 26 0.08089501956866033
22 27 -0.0257599939964946
22 28 0.08131907357860498
22 29 0.014528743392708548
22 30 -0.16034683896844437
22 31 -0.149181525686271
22 32 -0.012183985229564872
22 33 -0.09764561032731414
22 34 0.1227764034945468
22 35 -0.004798139106603784
22 36 -0.06254328538389833
22 37 0.10261163248571836
22 38 0.01595023596002701
22 39 0.05621779515738932
23 23 0.0
23 24 -0.03923081363906507
23 25 -0.06588571188922718
23 26 -0.07314709195663702
23 27 0.07115120735917878
23 28 0.13813645165682903
23 29 -0.06790715015746998
23 30 -0.1969081884717207
23 31 -0.01583352717995378
23 32 -0.08890290081834747
23 33 0.05024418978369747
23 34 0.04575370836960698
23 35 0.15490832303530028
23 36 0.0058251332655406395
23 37 0.13002579514839868
23 38 0.0501850142847353
23 39 -0.04363173534918358
24 24 0.0
24 25 0.07186548303512119
24 26 -0.02842960902342051
24 27 0.002793338618917988
24 28 -0.04311987585769221
24 29 -0.051214314192579345
24 30 0.14654878444480718
24 31 0.05340521507038121
24 32 -0.03181008307148918
24 33 -0.012518244230508412
24 34 0.04459683977102688
24 35 -0.016018595191680193
24 36 -0.030144124824095987
24 37 0.02887741124752321
24 38 0.022778152564692653
24 39 0.11447232869958701
25 25 0.0
25 26 -0.04942414046401805
25 27 -0.005133205387916308
25 28 -0.027242446599527025
25 29 -0.010491505436866777
25 30 0.023465664979522176
25 31 0.03738248692633346
25 32 -0.025936884853681386
25 33 0.07053461556537348
25 34 -0.004780779739279983
25 35 -0.001294269016623177
25 36 0.12204041647316395
25 37 -0.08020391157078638
25 38 0.05337417881080712
25 39 -0.07587672039675444
26 26 0.0
26 27 -0.03265430737884951
26 28 -0.02286377816079988
26 29 0.077212897316226
26 30 0.0033413661613712784
26 31 -0.04362076080383179
26 32 0.012063980890750703
26 33 -0.0949896074323576
26 34 -0.03864016488514437
26 35 -0.02351842427133741
26 36 -0.0672397902763201
26 37 -0.011587924947922799
26 38 -0.015094126228070086
26 39 0.02296430265262821
27 27 0.0
27 28 0.10938236899663016
27 29 0.04417196863617705
27 30 -0.028550423933684448
27 31 -0.01599278154782665
27 32 -0.09471513091993825
27 33 0.0056191846737920145
27 34 -0.03775884319935956
27 35 0.08205553835556816
27 36 -0.048207178979854395
27 37 0.0896950596886293
27 38 0.08317932119867139
27 39 0.11453598333425592
28 28 0.0
28 29 0.032937821083189864
28 30 -0.18227428905922333
28 31 -0.004083883895109766
28 32 -0.08864253363757205
28 33 0.07500259856279667
28 34 -0.04525862178325921
28 35 0.15675271178913003
28 36 -0.04655207550835615
28 37 0.17489155027696807
28 38 0.05040605365522703
28 39 0.0429832278063232
29 29 0.0
29 30 0.026813560191035694
29 31 -0.014359160129646952
29 32 0.01247092018374176
29 33 -0.056613693540848865
29 34 -0.09068296136004439
29 35 0.016109582298529528
29 36 -0.018411072950628236
29 37 0.0440857377404029
29 38 -0.013747517247868693
29 39 0.10951317932181467
30 30 0.0
30 31 0.08261440996385323
30 32 0.1885135143578226
30 33 -0.08124586247143421
30 34 -0.0818875261156706
30 35 -0.15836170229280253
30 36 0.027132182128539174
30 37 -0.06015835362087949
30 38 -0.04817182137501356
30 39 0.20105446598191215
31 31 0.0
31 32 0.05729184862057464
31 33 0.022776317868864266
31 34 -0.02640178905011483
31 35 -0.00546199056716086
31 36 0.04530812246632111
31 37 0.021756060087490342
31 38 0.00303496453198025
31 39 -0.10093824634065537
32 32 0.0
32 33 -0.025107134697163785
32 34 -0.017955148437281552
32 35 -0.10622141762341339
32 36 0.04726639574792879
32 37 -0.04945942787986375
32 38 -0.06739213989795786
32 39 -0.03574356848601055
33 33 0.0
33 34 -0.08525278796724933
33 35 0.034517456765158216
33 36 0.04205415055862919
33 37 -0.058251140258716805
33 38 -0.04494776238636877
33 39 -0.07570273743170734
34 34 0.0
34 35 -0.0950488919973821
34 36 -0.014716499749665265
34 37 0.02097175423051211
34 38 0.052242111546808565
34 39 -0.03981662146843754
35 35 0.0
35 36 0.04615498523878725
35 37 0.15040716069922933
35 38 0.049683285474006196
35 39 0.0059216701524430985
36 36 0.0
36 37 -0.0046375284272652
36 38 -0.02167126881331999
36 39 -0.11461846512291081
37 37 0.0
37 38 0.03529655583693702
37 39 0.15192033550991985
38 38 0.0
38 39 -0.039363170865155075
39 39 0.0
