0 0 0.0
0 1 0.059885618273821314
0 2 0.04746455220338528
0 3 0.015964287201705174
0 4 -0.026322284068347423
0 5 -0.08143844601071061
0 6 0.036145343987740136
0 7 0.1463248630734113
0 8 -0.1318935669183745
0 9 -0.17888662784094503
0 10 0.09029415681123384
0 11 -0.0799928061746269
0 12 0.04426245242838237
0 13 0.2803249925046558
0 14 -0.026816262572368778
0 15 -0.11311993138803558
0 16 0.01714120235695746
0 17 0.14024180389390234
0 18 0.10009493563995553
0 19 0.04018149021540158
0 20 -0.014605113021839039
0 21 -0.10297355318371579
0 22 0.08896476306799528
0 23 -0.10744783301019423
0 24 -0.07262602612307825
0 25 -0.007159998561142575
0 26 -0.009493099208356821
0 27 -0.10552315777050188
0 28 0.02438843752350435
0 29 -0.20688030256962242
0 30 0.11559375068083619
0 31 0.17001485222492677
0 32 0.06246689195696696
0 33 -0.1270302657913115
0 34 -0.05842014321495592
0 35 -0.0962378065407397
0 36 0.11629357384033165
0 37 -0.12992269469110845
0 38 0.09499457720904791
0 39 -0.021459912835238567
1 1 0.0
1 2 -0.03505386248887956
1 3 -0.024375138889346053
1 4 0.12165133036563962
1 5 -0.028439718697613515
1 6 -0.05297417374572404
1 7 0.053369022235791264
1 8 -0.064370228695788
1 9 0.02933888925565421
1 10 -0.057416412598588984
1 11 0.1646631340826542
1 12 0.16322708029969302
1 13 0.07412218397569523
1 14 0.023971087070751598
1 15 -0.03423459561925708
1 16 0.10880532432521066
1 17 -0.02630797402721614
1 18 0.13786936784591847
1 19 -0.11849710615346783
1 20 -0.04357146539079642
1 21 0.02420732627177921
1 22 0.16162286929420738
1 23 -0.01918677758847341
1 24 -0.024181748920181354
1 25 0.03130876134685763
1 26 0.01181371958019673
1 27 -0.07295853531490035
1 28 0.00842776883347494
1 29 0.00965779602976047
1 30 -0.08100214713992321
1 31 -0.04459890121684816
1 32 -0.12555906606689918
1 33 -0.007861060724054835
1 34 0.03017515468515785
1 35 0.018861247968466985
1 36 0.18752133765594814
1 37 -0.09999607641142262
1 38 -0.015840754268119282
1 39 0.030200215308963274
2 2 0.0
2 3 -0.01728329573817577
2 4 -0.09477946468673668
2 5 0.1376035785611634
2 6 0.011544631493602837
2 7 -0.1391818886592994
2 8 0.014859167981216911
2 9 -0.020231851658854223
2 10 0.006930176972811569
2 11 -0.03767768621980942
2 12 -0.033185102372592305
2 13 0.026052309012723884
2 14 0.020790583704504092
2 15 -0.031107387932618476
2 16 -0.027783051547912045
2 17 0.018084763890759865
2 18 0.027693556712829324
2 19 0.05010433577114389
2 20 -0.027150565101226192
2 21 -0.01766358548832284
2 22 -0.10833012805250206
2 23 0.0009325389286169034
2 24 0.10361565151174783
2 25 -0.0678510373468136
2 26 -0.0066596918643038235
2 27 -0.15223776771230418
2 28 -0.0004424411575845116
2 29 0.09243612844254066
2 30 -0.024472043390360132
2 31 -0.05863593996966421
2 32 0.12909105970617246
2 33 -0.17266322622129407
2 34 0.2049202627098282
2 35 -0.14744251965798655
2 36 0.037028783494504475
2 37 -0.03637168510973828
2 38 -0.0132927881866159
2 39 -0.08900658871781204
3 3 0.0
3 4 -0.05913595068635006
3 5 0.051660963488883625
3 6 0.09879070411406916
3 7 -0.0184694716242673
3 8 0.05955220077388692
3 9 -0.08234023203568562
3 10 0.04181838407119169
3 11 -0.14003550456985794
3 12 -0.18140936495837065
3 13 0.021695942594094113
3 14 0.021081160597977076
3 15 0.05317448035310514
3 16 0.0023964497980136835
3 17 0.0545682219526147
3 18 -0.03792396201385276
3 19 -0.0025297824933658954
3 20 -0.021396054335318982
3 21 0.0889731360609876
3 22 0.0005060101344637788
3 23 -0.06626644185252788
3 24 -0.0418709392766499
3 25 0.006861401779073205
3 26 0.021255754712740403
3 27 -0.058870164803008204
3 28 0.09427164170664878
3 29 0.028985664097818935
3 30 -0.023372048212564684
3 31 -0.16029955852980599
3 32 -0.01643616359026973
3 33 -0.10121038683787173
3 34 -0.05181855135063803
3 35 -0.11640693718087294
3 36 0.08627878068118489
3 37 -0.0074905363806050135
3 38 -0.0009287553305722138
3 39 -0.002629066295845457
4 4 0.0
4 5 -0.006109512279117724
4 6 -0.041181416943812194
4 7 -0.004294501135412313
4 8 -0.020481138871184013
4 9 0.06700742294893128
4 10 -0.006370833160483605
4 11 0.18463410613216485
4 12 0.13519640653109097
4 13 0.0645499097459035
4 14 0.06805503257483846
4 15 -0.07231665980667598
4 16 0.009325238895783431
4 17 -0.028043709473142664
4 18 -0.04076209298989194
4 19 -0.17969166421661703
4 20 -0.05467206417971765
4 21 -0.012940149710346158
4 22 0.12384186461580493
4 23 -0.10736942585683688
4 24 -0.03762626017893615
4 25 -0.0492139885040238
4 26 -0.025349504939423513
4 27 0.008099841653729274
4 28 -0.0047598492319918945
4 29 -0.029442294911766913
4 30 0.12096830151985372
4 31 0.07519522385008043
4 32 -0.045760700097952516
4 33 0.006871971026791403
4 34 -0.1207284879753771
4 35 0.209763701991648
4 36 -0.013444105190716598
4 37 -0.012102688117308375
4 38 0.036830309908229955
4 39 -0.022724799614626215
5 5 0.0
5 6 -0.007998056438917652
5 7 -0.2180581302710436
5 8 0.031193361619256975
5 9 0.011067344907917725
5 10 0.05201471909653969
5 11 -0.004630571344070087
5 12 -0.04861370364894949
5 13 -0.08784229178447475
5 14 0.028709763971544722
5 15 -0.04173511898153749
5 16 0.025914975365001564
5 17 -0.07738439731728367
5 18 -0.04159008258121443
5 19 0.013193343904900953
5 20 0.07295189472026582
5 21 0.03762379484667876
5 22 -0.1026634350322351
5 23 -0.00748732973379687
5 24 0.13717123190708586
5 25 -0.10046800430663039
5 26 0.01250384741200632
5 27 -0.036523346381728314
5 28 -0.03380467126937405
5 29 0.1393792617891665
5 30 -0.07946894201922625
5 31 -0.1116689346533511
5 32 0.06670300358191912
5 33 -0.1464747300954523
5 34 0.11821357069274982
5 35 -0.05840917403798072
5 36 0.03747528216079109
5 37 0.09148828437429302
5 38 -0.07599634198272237
5 39 -0.05538024252719317
6 6 0.0
6 7 0.014825051029758462
6 8 0.07400060843392715
6 9 -0.0010172428509036392
6 10 -0.010361057133288741
6 11 -0.04842787472356374
6 12 -0.09205935847136708
6 13 0.0825518958551057
6 14 0.049485950908250774
6 15 0.039253714743877156
6 16 -0.08252262487023615
6 17 0.05241011256344815
6 18 -0.05011010209083
6 19 -0.06045796807198336
6 20 -0.06857065522425204
6 21 0.10017799874915852
6 22 -0.05749997773485342
6 23 -0.09172331261814827
6 24 -0.05040821496588206
6 25 -0.01902060571057019
6 26 -0.06725921667395926
6 27 0.026606098025853064
6 28 0.10666503985245575
6 29 -0.024638823236376204
6 30 0.05340059921224658
6 31 -0.00849695221895877
6 32 0.014574722838833296
6 33 0.05799548981260507
6 34 -0.051197998901039446
6 35 -0.059093328385836766
6 36 0.023256960598361288
6 37 -0.06862979213140154
6 38 0.06123169569767678
6 39 0.019044838278395856
7 7 0.0
7 8 -0.0061126375804457685
7 9 -0.08106154241665697
7 10 -0.07375443282163209
7 11 -0.1426973969722375
7 12 0.07037236157377652
7 13 0.1564214193331214
7 14 -0.1595185627284887
7 15 0.04876264858116307
7 16 0.048556800297361494
7 17 0.20082447206371273
7 18 0.09936907477460444
7 19 -0.012397495815477723
7 20 -0.1471782691242239
7 21 -0.06254294898357705
7 22 0.12619472824341518
7 23 -0.031827296755293825
7 24 -0.09587060005196085
7 25 0.0910270070909118
7 26 0.01294116276184575
7 27 0.004424865862509163
7 28 -0.008891490797310752
7 29 -0.25005679795895985
7 30 -0.01606380771120495
7 31 0.11665432682243146
7 32 -0.08990834596294059
7 33 0.07431813574452172
7 34 -0.1384293824861638
7 35 0.053134156645637365
7 36 0.03409207454298289
7 37 -0.13577044458330742
7 38 0.13330465197490962
7 39 0.083148112626776
8 8 0.0
8 9 0.1274897189038438
8 10 -0.0475466595155775
8 11 -0.05791914968095766
8 12 -0.06718749497816626
8 13 -0.10394332915244989
8 14 -0.004981962899852545
8 15 0.13548988566236916
8 16 0.11857648523871547
8 17 0.15869409640858323
8 18 0.03650133653132546
8 19 -0.09083566837682379
8 20 -0.012278787446076049
8 21 0.10818430321275448
8 22 -0.2305417775667573
8 23 0.02316872060914323
8 24 0.0419014859435775
8 25 -0.03914436665181069
8 26 -0.023458430520923626
8 27 0.10151327744755405
8 28 0.05330914293576324
8 29 0.04086836015880789
8 30 -0.08008193915816714
8 31 -0.06942054348972579
8 32 -0.030072140515218993
8 33 0.03629350389412446
8 34 0.02951934350295815
8 35 0.032028781067202104
8 36 -0.044795372074034036
8 37 -0.008090828440786934
8 38 0.004607971589563191
8 39 0.06202395120100136
9 9 0.0
9 10 -0.0930394704839635
9 11 0.2662238477667017
9 12 0.101592139405567
9 13 -0.11754365849835768
9 14 0.13564138580888638
9 15 0.06620088802165336
9 16 0.018655913099050382
9 17 -0.10345877631705518
9 18 0.04947868451193569
9 19 -0.15681162804201174
9 20 0.047217891626011685
9 21 0.14812130217074895
9 22 -0.12425701615717799
9 23 0.046325957704013876
9 24 0.02234056539520907
9 25 -0.02077354713882519
9 26 -0.06591342944290626
9 27 0.16316361937705245
9 28 0.03212571775775788
9 29 0.11169077967936798
9 30 -0.03672117582833932
9 31 -0.019078963151587365
9 32 -0.05839259231351611
9 33 0.201678959415636
9 34 0.08101572076133498
9 35 0.09604297813334062
9 36 -0.009725883170063026
9 37 -0.010108501441020542
9 38 -0.06113374348373748
9 39 0.05643342177587153
10 10 0.0
10 11 -0.05631744854000702
10 12 -0.13306504777091638
10 13 -0.03297322064765738
10 14 0.02913659183035013
10 15 -0.09548060713849867
10 16 0.11399501146469526
10 17 0.050111993741846196
10 18 -0.02119297851248607
10 19 0.09949276051032376
10 20 0.22508648280455196
10 21 -0.10003996567524347
10 22 -0.03911330905505714
10 23 0.04830303044106574
10 24 -0.01605214691881001
10 25 -0.10190740186859149
10 26 0.006694918385627345
10 27 0.0011632390130056642
10 28 -0.004126282236032515
10 29 0.022955191718523487
10 30 0.11022722361404538
10 31 0.05143589696509436
10 32 0.10732774019896471
10 33 -0.1873677852208257
10 34 -0.03026400094319866
10 35 -0.040300018931311674
10 36 -0.1249737331791744
10 37 0.05383105504222506
10 38 -0.055454471512637625
10 39 -0.028961042181730214
11 11 0.0
11 12 0.21408883586998395
11 13 -0.024794060479236095
11 14 0.29833876128295894
11 15 -0.05477633076760956
11 16 -0.048943824932640136
11 17 -0.2881870563633379
11 18 0.054092893278174604
11 19 -0.2143977549892732
11 20 0.09645363232186532
11 21 0.1371733486282245
11 22 0.04888123567183975
11 23 0.010725896275218198
11 24 -0.056730159783771196
11 25 -0.001516691752424861
11 26 -0.0944320361958831
11 27 0.09883075448036421
11 28 0.07667557256277582
11 29 0.17217976129126683
11 30 0.09878709101135086
11 31 0.025139852241775156
11 32 -0.07450671616131872
11 33 0.228642215763104
11 34 0.07945503120379659
11 35 0.09830097869048163
11 36 0.0706077085650439
11 37 -0.03751479275145568
11 38 -0.10096272069937873
11 39 0.003327421293779944
12 12 0.0
12 13 0.07257924356044823
12 14 -0.015908550028044748
12 15 -0.05164102855323667
12 16 0.01489200349548506
12 17 -0.06596265224794928
12 18 0.12935795601312022
12 19 -0.10213967796047943
12 20 -0.08245164783901235
12 21 -0.009484447625482227
12 22 0.06296349767382482
12 23 -0.05094612116756705
12 24 0.03939189530753504
12 25 0.03787759544663965
12 26 0.009717112037127667
12 27 0.047812698440333874
12 28 -0.10777159317672853
12 29 -0.10195465707725723
12 30 -0.10045574420797727
12 31 0.13217625210826872
12 32 -0.09773944838495474
12 33 0.13386513442203313
12 34 0.027222641531181986
12 35 0.1286696103432602
12 36 0.17026422778581457
12 37 -0.04637794092676493
12 38 0.017201997367381722
12 39 0.054316064021976494
13 13 0.0
13 14 -0.010645682517377169
13 15 -0.08704121147834096
13 16 -0.176127062461587
13 17 0.041055259537227884
13 18 -0.01651009025335953
13 19 -0.13426773914243184
13 20 -0.22333499431412362
13 21 0.0003528188662279908
13 22 0.1836707575788298
13 23 -0.22325861490745882
13 24 -0.04051818777505943
13 25 0.0030729454480967417
13 26 -0.10439006197219418
13 27 -0.11595608117766198
13 28 0.10288740858740006
13 29 -0.2213491852196144
13 30 0.2304831079828229
13 31 0.16397400383429817
13 32 0.050122597746845465
13 33 0.02057248001234315
13 34 -0.09919756652639423
13 35 0.00469186272045668
13 36 0.1076733880515179
13 37 -0.14875384502780958
13 38 0.20982957935100321
13 39 -0.10529668230278959
14 14 0.0
14 15 -0.014262460267190902
14 16 -0.12732526621916956
14 17 -0.17429074094968228
14 18 -0.04166628247750016
14 19 -0.09806844958093709
14 20 0.08375743088378515
14 21 0.12529739877115406
14 22 -0.028981154797644033
14 23 -0.052573865109672956
14 24 -0.11509135345264224
14 25 -0.00463575691903706
14 26 -0.04974666563918838
14 27 0.03485114957346593
14 28 0.12126437380115451
14 29 0.1378323243780641
14 30 0.16289630153943477
14 31 -0.03609790724828324
14 32 0.023637210783991273
14 33 0.0765662719678187
14 34 0.006221131912698648
14 35 -0.01956578094051754
14 36 0.028839982250236894
14 37 -0.01331286608147309
14 38 -0.07866871113769887
14 39 -0.029575956290696426
15 15 0.0
15 16 0.01586704984653224
15 17 0.06556153672924325
15 18 0.021535609918639877
15 19 -0.01851570016216727
15 20 -0.07114837380033891
15 21 0.08197376813627913
15 22 -0.08874549637297752
15 23 0.0435121797209799
15 24 -0.02001101904417408
15 25 0.08123156071669055
15 26 0.022761291412644016
15 27 0.03132726700968565
15 28 0.04862820187737528
15 29 0.03741225592505369
15 30 -0.08726165106931581
15 31 -0.10770773349398308
15 32 -0.07585585741067759
15 33 0.0896696530020733
15 34 0.013661603081280147
15 35 -0.013500668381471816
15 36 0.007357467785601065
15 37 -0.00140419668743651
15 38 -0.002963132296369104
15 39 0.047349135791468586
16 16 0.0
16 17 0.27924367151907337
16 18 0.27681788250680395
16 19 0.0036238540378783395
16 20 0.25199822492510876
16 21 -0.0777254603734518
16 22 -0.13638043524360716
16 23 0.23367061109934717
16 24 0.08186873931631922
16 25 -0.08502221244135223
16 26 0.04605507366502949
16 27 0.028969114863170286
16 28 -0.032436462465420396
16 29 0.09313962959208115
16 30 -0.23869913754802913
16 31 -0.0594524350022087
16 32 -0.1132455381754964
16 33 -0.18799088698304525
16 34 0.12419651597437512
16 35 -0.01707970512298215
16 36 -0.006871284653684961
16 37 -0.02890308586011342
16 38 -0.11187021840988572
16 39 0.12952475392666388
17 17 0.0
17 18 0.12599976301848653
17 19 0.029163383096826194
17 20 -0.036415983173208065
17 21 -0.1102895022852614
17 22 -0.13938614167629443
17 23 0.01799097919120732
17 24 -0.025701744952574334
17 25 -0.030536694741598546
17 26 0.039190145539121375
17 27 -0.03552952972655225
17 28 0.008888904217853117
17 29 -0.14726695480117807
17 30 -0.056049752897117576
17 31 0.06233859751526525
17 32 -0.01613015559788033
17 33 -0.16932715484785413
17 34 -0.06263867440037409
17 35 -0.007790654442424305
17 36 -0.05095958771271995
17 37 -0.09642541508655453
17 38 0.08880440576205303
17 39 0.08228600153599588
18 18 0.0
18 19 -0.00964638937088395
18 20 0.08941099886485024
18 21 0.0025042778879118387
18 22 -0.03250170047278199
18 23 0.0937846014083373
18 24 0.011510962284495331
18 25 0.007729653710148099
18 26 0.04800983806008757
18 27 0.006436174863828567
18 28 -0.04609305461620415
18 29 -0.03137300976447646
18 30 -0.22195853959776154
18 31 -0.026349444989850934
18 32 -0.09363679626999492
18 33 -0.06155582313163743
18 34 0.12484928810484566
18 35 -0.06835227830142039
18 36 0.17611978039578485
18 37 -0.1281686856359669
18 38 -0.06520504222614468
18 39 0.12014510600657961
19 19 0.0
19 20 0.12366930925935353
19 21 -0.15988461057595355
19 22 -0.03437461911321389
19 23 0.09755281636535326
19 24 -0.013600475829823483
19 25 0.035474012938402424
19 26 0.14408673648813372
19 27 -0.04167751267628886
19 28 -0.15130018594700753
19 29 -0.03167953580875928
19 30 -0.10986266533390458
19 31 -0.011990920840660616
19 32 0.08232298269788385
19 33 -0.16874069028517855
19 34 0.011658123611580876
19 35 -0.12631407229478223
19 36 -0.04945459021951655
19 37 0.08940662687909168
19 38 -0.08732404030340696
19 39 0.028459702113542634
20 20 0.0
20 21 -0.051164455111953354
20 22 -0.14780613886197436
20 23 0.20069968937132426
20 24 0.01858367263839614
20 25 -0.11354070472226914
20 26 0.018020337830389154
20 27 0.14205063032240586
20 28 -0.050622793280176624
20 29 0.13433163150925098
20 30 -0.02994330101801404
20 31 0.015403780048924051
20 32 0.06131705770058481
20 33 -0.10909919718104019
20 34 0.08281758173731432
20 35 -0.0503208369222903
20 36 -0.12327521940056851
20 37 0.09130460056273089
20 38 -0.19522809936814473
20 39 0.06015348313726695
21 21 0.0
21 22 -0.05023770480041436
21 23 -0.06084783635237353
21 24 -0.0032792793880551214
21 25 0.004357176233865934
21 26 -0.07595150458356653
21 27 0.08466344870327072
21 28 0.11224876417196399
21 29 0.08507304381347273
21 30 -0.05792837410531345
21 31 -0.12286789311843542
21 32 -0.06967791868704619
21 33 0.16849957527525386
21 34 0.039704587621214274
21 35 -0.0383684761728894
21 36 0.12993549078400113
21 37 -0.05432591289193396
21 38 -0.01356736479021409
21 39 0.041228486658998295
22 22 0.0
22 23 -0.09049094339806515
22 24 -0.10751080516262293
22 25 0.07197153339727808
22 26 0.01926620486415797
22 27 -0.15756784227262413
22 28 -0.015918744244776486
22 29 -0.09420141550454353
22 30 0.06264979302662325
22 31 -0.024660167498005568
22 32 -0.06428626741869932
22 33 -0.022992865039651995
22 34 -0.11812418547303838
22 35 0.031002729007656483
22 36 0.10226526218331485
22 37 -0.10199215493587765
22 38 0.059609832219139534
22 39 -0.04501987444838453
23 23 0.0
23 24 0.062067651950753575
23 25 0.011585602028557605
23 26 0.013385603407893187
23 27 0.031122571548558492
23 28 -0.009631097707274442
23 29 0.17870581253073986
23 30 -0.09768990966478915
23 31 -0.06522548767750831
23 32 -0.03454184198454241
23 33 0.0023284109508892588
23 34 0.15696595609840297
23 35 -0.04101669091992591
23 36 -0.1448510782011698
23 37 0.0646829927995247
23 38 -0.11715065199364863
23 39 0.028562567094103576
24 24 0.0
24 25 -0.07378560385588248
24 26 -0.034399032689636275
24 27 -0.00004928787835517468
24 28 -0.050157452315082826
24 29 0.0673394497006293
24 30 -0.0862407933915612
24 31 -0.011869409985150663
24 32 0.041266758597160016
24 33 -0.034672189587912475
24 34 0.1596912575565558
24 35 0.012786862573576686
24 36 -0.024253706750073538
24 37 0.09611868294824064
24 38 0.0025345715923927883
24 39 -0.07117396687053688
25 25 0.0
25 26 0.06310128623568705
25 27 -0.0545076484154111
25 28 0.023478620705281922
25 29 -0.01256118263323775
25 30 -0.020489441065369336
25 31 -0.051229429073944135
25 32 -0.09083020752554465
25 33 0.10170191318679363
25 34 -0.028023381366060064
25 35 -0.01714236645067351
25 36 0.07460699730865532
25 37 0.017111961132891686
25 38 0.007975894879526208
25 39 -0.0010127186250711306
26 26 0.0
26 27 -0.054478411155205755
26 28 -0.13009031437372517
26 29 -0.03816238905766019
26 30 -0.15790575783608057
26 31 -0.08009361743788568
26 32 -0.028045466772449835
26 33 -0.14877022145000734
26 34 -0.022980078981499757
26 35 -0.030366514479908117
26 36 0.08724841568180289
26 37 0.04613403130809302
26 38 -0.07757072220019126
26 39 0.04966177950054891
27 27 0.0
27 28 -0.043578463320554164
27 29 -0.05000548308150854
27 30 -0.04112426074513938
27 31 0.11775368136578021
27 32 -0.02116480985766383
27 33 0.21591257477497913
27 34 -0.06233011651093825
27 35 0.11212629498557816
27 36 -0.08213270159508798
27 37 0.03423533875786383
27 38 -0.03501061825388888
27 39 0.1329391338491152
28 28 0.0
28 29 0.11743812449683044
28 30 0.20259430129448833
28 31 -0.043719926513764135
28 32 -0.02057715874450618
28 33 0.1093129102509193
28 34 0.010560550466383918
28 35 -0.04587189027119095
28 36 -0.041276317956645034
28 37 -0.046519017806713074
28 38 0.06136044472777803
28 39 -0.07993641883559263
29 29 0.0
29 30 -0.02668196780554328
29 31 -0.22237361762642519
29 32 -0.033822989287876054
29 33 0.008296610626934764
29 34 0.2048116771995408
29 35 -0.08633012787483504
29 36 -0.06507583586996486
29 37 0.0931137176864603
29 38 -0.15003645219534323
29 39 -0.05882044472754577
30 30 0.0
30 31 0.22031800008468144
30 32 0.1663608871283634
30 33 0.07377180749311193
30 34 -0.14413455644269327
30 35 0.1274724610639501
30 36 -0.28447659731333064
30 37 0.05315898462830461
30 38 0.14872789717601123
30 39 -0.23909732289736646
31 31 0.0
31 32 0.09319992104762234
31 33 0.10510731219194056
31 34 -0.12077683313566327
31 35 0.15061949148286607
31 36 -0.1407888949461478
31 37 -0.005402796650155741
31 38 0.12144637516993548
31 39 -0.016247049766340164
32 32 0.0
32 33 -0.1164888126327652
32 34 0.012835845608741287
32 35 -0.024860879554228044
32 36 -0.1344460633912386
32 37 0.04614532693001778
32 38 0.024770092330993913
32 39 -0.10466261605117402
33 33 0.0
33 34 -0.0391666977281457
33 35 0.11954361101809854
33 36 -0.036099220352591006
33 37 -0.0091278638090487
33 38 0.06825750217987919
33 39 0.052797623799821024
34 34 0.0
34 35 -0.1298787390686122
34 36 0.051003853321655454
34 37 0.003753088914138533
34 38 -0.09261455608370496
34 39 -0.0378414634901918
35 35 0.0
35 36 -0.14085789176154528
35 37 0.0649423767394809
35 38 0.06635273236394526
35 39 -0.019408626856214844
36 36 0.0
36 37 -0.13255472139279065
36 38 -0.03692937651492222
36 39 0.09908095916021847
37 37 0.0
37 38 -0.05586562247704001
37 39 -0.09075582033635785
38 38 0.0
38 39 -0.06276105680808833
39 39 0.0
