0 0 0.0
0 1 -0.08854176299944613
0 2 0.1027384213123144
0 3 0.051312106986039975
0 4 0.011286518638724737
0 5 -0.014658146743173065
0 6 -0.02701001821466779
0 7 0.10321119229729511
0 8 0.10876233346849473
0 9 0.010424267719226813
0 10 0.21221596600204268
0 11 -0.06443479805665074
0 12 0.017038087749221824
0 13 0.04332631149906794
0 14 0.006325164061577427
0 15 -0.030474489550399726
0 16 -0.0007148388183971035
0 17 0.06482571379728391
0 18 0.0565178382831353
0 19 0.02979783974464298
0 20 0.023780496086865353
0 21 -0.005392832835512261
0 22 0.11094499385028549
0 23 0.11364223255731505
0 24 -0.09999297024613966
0 25 0.06982975014305733
0 26 0.014993199156620795
0 27 -0.007465560565524068
0 28 -0.018442644369731434
0 29 -0.013889694006792538
0 30 -0.0133625115430055
0 31 -0.052969598259054104
0 32 0.09189008445552357
0 33 -0.03919161124470699
0 34 0.06886622722547478
0 35 0.0030150522086144047
0 36 0.07136076401871919
0 37 0.010908965878804857
0 38 0.10852225527009414
0 39 -0.027186654343054756
1 1 0.0
1 2 0.06635367891874835
1 3 -0.014408048975660873
1 4 0.12146021762765084
1 5 0.12636817263960887
1 6 -0.1187573775079707
1 7 -0.12501142943205554
1 8 0.06542856151542782
1 9 -0.05137408593681677
1 10 -0.08777716404960147
1 11 0.004193642168679364
1 12 -0.13974443555207056
1 13 -0.08048507450789319
1 14 -0.09491428810864866
1 15 0.057218422009516746
1 16 0.03571459023214496
1 17 -0.056712125190612736
1 18 0.0514146094593087
1 19 0.003814719604235587
1 20 -0.19514337436283796
1 21 -0.0085041960494806
1 22 0.002485717696073937
1 23 -0.032571769637972446
1 24 0.053478867754384464
1 25 -0.03744480157598791
1 26 -0.025526404992491064
1 27 0.15080021487283987
1 28 0.00911281802335259
1 29 0.13277716810914045
1 30 0.017275471104854407
1 31 0.14025809592703337
1 32 0.14136583747514625
1 33 0.07986343497045212
1 34 0.016016898938827104
1 35 0.10058487137705618
1 36 0.04354287652245801
1 37 -0.055499166972594126
1 38 -0.1357726179730338
1 39 0.007966322322081009
2 2 0.0
2 3 -0.023995727943526883
2 4 0.0565890018972086
2 5 -0.013289097665055436
2 6 -0.1578310058006382
2 7 0.048540935880192634
2 8 0.10167326759787607
2 9 0.006030725808777686
2 10 0.0226974153339455
2 11 -0.030868415825400834
2 12 -0.08581815413839886
2 13 -0.04917659903569001
2 14 -0.04325517243914261
2 15 0.012628266582351865
2 16 0.00219377910399379
2 17 0.061658475994611626
2 18 0.0725229752057775
2 19 -0.0048229401468310555
2 20 0.12019347386737074
2 21 -0.04936845705887451
2 22 -0.018704370261040514
2 23 0.06464752150345773
2 24 -0.010030338396170003
2 25 -0.003944049360390887
2 26 -0.018556174527167336
2 27 0.07693967282434354
2 28 -0.06937308639294319
2 29 0.017041036491790222
2 30 -0.009511718363554683
2 31 0.04840328721904413
2 32 0.13865517588218285
2 33 0.053796640206951664
2 34 0.03475356778751325
2 35 -0.04475428436966551
2 36 0.10295674317391604
2 37 -0.14321438895608193
2 38 0.06974044765712964
2 39 -0.07391687831238153
3 3 0.0
3 4 0.04974800919014786
3 5 0.028861447831970137
3 6 0.02496783239380778
3 7 0.029107645704563097
3 8 0.005671552896178142
3 9 0.0712527289722038
3 10 0.0859328521263175
3 11 0.002779478664583703
3 12 0.009213218255567592
3 13 0.07035271390825408
3 14 0.01181300432668573
3 15 -0.027030026250540507
3 16 -0.11968307059277103
3 17 -0.03784737949625756
3 18 0.029255953373523692
3 19 0.026080299210441922
3 20 -0.018062927314020726
3 21 0.07655054117751628
3 22 0.03333126266895249
3 23 -0.057930845442489234
3 24 -0.006612594899118314
3 25 0.03738790788224288
3 26 -0.08091816393858042
3 27 -0.06210590837129648
3 28 -0.008697658207071104
3 29 -0.0207084370280312
3 30 -0.005737441349806244
3 31 0.005794571911865968
3 32 -0.020194390283846148
3 33 -0.12637422589446928
3 34 -0.004142741828609936
3 35 0.0058985398588243644
3 36 0.05931664775937989
3 37 0.01078953782942067
3 38 0.02968889917471962
3 39 0.05286719669114685
4 4 0.0
4 5 0.10789543688181254
4 6 -0.03397222447463908
4 7 -0.03332575564729183
4 8 0.03335348177108278
4 9 -0.03477163995467526
4 10 0.03059987409588217
4 11 0.08332568700066538
4 12 -0.08949969079330135
4 13 -0.034251696723389624
4 14 -0.03844885616456641
4 15 -0.007300712416852399
4 16 -0.09903134619713744
4 17 0.005204800943416979
4 18 0.032273896631926105
4 19 0.05112949493372624
4 20 -0.11674515311205132
4 21 0.06116123480585256
4 22 0.0436998979016202
4 23 0.006298937406148013
4 24 -0.07224780032159603
4 25 -0.06394092092747239
4 26 -0.03751043495305688
4 27 0.0742741279174096
4 28 -0.05949874741965101
4 29 -0.003974698383114817
4 30 0.056740061302299846
4 31 0.055751171207844584
4 32 0.05943548405932984
4 33 -0.009632729786153073
4 34 -0.012459467163581928
4 35 0.062438228124074166
4 36 0.07928448591744633
4 37 -0.014940894377634881
4 38 0.021689606539416893
4 39 0.0328479303343362
5 5 0.0
5 6 -0.11169274149068797
5 7 -0.05623436359500509
5 8 0.04132119722014639
5 9 -0.09893196375143679
5 10 0.03912022322486998
5 11 0.07914236806720218
5 12 -0.05463006028663129
5 13 0.044756099768884845
5 14 -0.01046111451402759
5 15 0.037355795106018004
5 16 -0.038677487154983745
5 17 -0.030338975054501283
5 18 0.0908960180282109
5 19 0.11419242357045267
5 20 -0.29177199220576266
5 21 0.09523269224688986
5 22 0.06162648780869466
5 23 0.018717507416921454
5 24 -0.11180161041929508
5 25 -0.024864995763878756
5 26 -0.03357686787452287
5 27 0.06291324473846381
5 28 -0.09479173447248376
5 29 0.017205881762363227
5 30 -0.0040011853389322356
5 31 -0.02779690233814703
5 32 0.15319015446690687
5 33 -0.00041826758056815285
5 34 0.07538153182002308
5 35 0.10873898177466416
5 36 -0.011512239315796032
5 37 0.12083851058457393
5 38 -0.042894035707796305
5 39 0.044519418578597605
6 6 0.0
6 7 0.05226166083586009
6 8 -0.11235051906138468
6 9 0.0487289355171248
6 10 0.032094557578017886
6 11 0.03923945013671258
6 12 0.12815762042875517
6 13 0.04121716672167146
6 14 -0.008191775598767808
6 15 -0.003513733830744979
6 16 -0.050605467859246446
6 17 0.0174454979339326
6 18 -0.1704420355669118
6 19 -0.05982577970598737
6 20 0.03634362669872227
6 21 0.0011284127625943718
6 22 -0.005039847703949218
6 23 -0.03567738215723942
6 24 0.01737806806025249
6 25 -0.017222180415910206
6 26 -0.011218471052675138
6 27 -0.08389080320945153
6 28 0.0534493509819316
6 29 -0.10573499634968893
6 30 0.0213105621823058
6 31 0.0052236812716542425
6 32 -0.2215373428088566
6 33 -0.09810603764230194
6 34 -0.09852496106086275
6 35 -0.03235530454448988
6 36 -0.04007960282347454
6 37 0.06548376965957475
6 38 0.0023214909166482073
6 39 0.046383956125587676
7 7 0.0
7 8 0.004463312313654585
7 9 -0.0175321288246263
7 10 0.06743942699634
7 11 0.022890501402645373
7 12 0.08703842061355496
7 13 0.1544763915555639
7 14 0.02897355008384388
7 15 0.10606411692296484
7 16 -0.17745161679245885
7 17 0.037909820198364405
7 18 -0.12952247667136227
7 19 0.011507916674329786
7 20 0.2852877027314472
7 21 -0.04000355430028934
7 22 0.014844105055736278
7 23 0.02924209201791374
7 24 -0.17695304298576214
7 25 -0.0024702291610630496
7 26 0.00033791132746177936
7 27 -0.03231213714706207
7 28 -0.13478703130577283
7 29 -0.014899612148586844
7 30 -0.08724770403938442
7 31 -0.051648250923668274
7 32 -0.00037675247152861547
7 33 -0.012540265431928033
7 34 -0.06588696497554136
7 35 -0.06673959107826834
7 36 -0.09339731292454816
7 37 -0.014088165583916023
7 38 0.10277247743140247
7 39 -0.0733212519604743
8 8 0.0
8 9 -0.1130982704205737
8 10 0.10975198707418717
8 11 -0.032418608245339674
8 12 -0.07100086878255951
8 13 -0.06150748708629304
8 14 -0.0749907074756929
8 15 0.024233906912824243
8 16 0.03146693967852858
8 17 0.0433421253024573
8 18 0.07246441188151309
8 19 0.012456429152386875
8 20 -0.10376629942632318
8 21 -0.03537749145256467
8 22 0.04238637674432547
8 23 0.011284934393280993
8 24 -0.07613343340932927
8 25 0.11321801079783937
8 26 -0.0047474032558638335
8 27 0.11726439827707746
8 28 -0.01954789811269487
8 29 0.10387885715040121
8 30 -0.07298215176670357
8 31 0.06255683683007765
8 32 0.14253040489533436
8 33 0.05002678572238915
8 34 0.04762954909468406
8 35 0.05676172867388176
8 36 0.045913542553959415
8 37 -0.04721847712732679
8 38 -0.032446727519016214
8 39 0.046884296265694875
9 9 0.0
9 10 -0.0459951371320811
9 11 -0.10055602597480755
9 12 0.045054449158628544
9 13 0.07718019649579236
9 14 0.029519845168341996
9 15 -0.06270657320726628
9 16 0.05694489645913574
9 17 -0.07508993221089244
9 18 0.003377013405112652
9 19 -0.06127535675060265
9 20 0.12119570553241643
9 21 0.01062831412719465
9 22 -0.033000891134785645
9 23 -0.000527326853391293
9 24 0.22414863905300658
9 25 -0.022009332533720043
9 26 -0.05088245384169075
9 27 -0.1375998565280186
9 28 0.09139876311824136
9 29 -0.062242613414316736
9 30 0.05415626013430537
9 31 -0.012637556230878777
9 32 -0.07536320572399909
9 33 -0.09958822430685024
9 34 0.015086457836710171
9 35 -0.08541610147317963
9 36 0.05445309433436988
9 37 -0.028760629222641155
9 38 0.015463860659943424
9 39 -0.07356632616402202
10 10 0.0
10 11 0.011655631693906602
10 12 0.03846298241020098
10 13 0.03083086244772129
10 14 -0.016875873684678598
10 15 -0.048148326282174615
10 16 -0.03595903913609359
10 17 0.08174257770646383
10 18 0.055689057110448616
10 19 0.04989883725567584
10 20 -0.1252657853927733
10 21 0.05180258941966102
10 22 0.09248205979450033
10 23 0.05465847761093624
10 24 -0.13182719025816145
10 25 0.10853276786364256
10 26 -0.03466371331591174
10 27 -0.014608011387382911
10 28 -0.039485953154345735
10 29 -0.07028031659304557
10 30 -0.03407186449120895
10 31 -0.04885321757033729
10 32 0.033031977197325924
10 33 -0.09750557393490662
10 34 0.05766204642594579
10 35 0.021615948590511
10 36 0.07166884813745726
10 37 0.07318040606651023
10 38 0.08438901453656969
10 39 0.0822618717733341
11 11 0.0
11 12 -0.0434780674488318
11 13 0.03985344704531151
11 14 -0.013777787239093498
11 15 -0.058907135110086294
11 16 -0.16982882329618304
11 17 0.012435169572919095
11 18 -0.07475641085408363
11 19 0.07914401588020797
11 20 -0.038453827737658486
11 21 0.11073908745856678
11 22 -0.003714506973128779
11 23 0.007531253531670228
11 24 -0.17620384320204602
11 25 -0.06617869368146997
11 26 -0.04132017641426982
11 27 0.02018133230333975
11 28 -0.16873115092196514
11 29 -0.10515883959622599
11 30 0.03758594267067514
11 31 -0.04448224936308714
11 32 -0.05859344722156014
11 33 0.0053676707874584575
11 34 -0.0897446477609214
11 35 0.0027518562879233445
11 36 -0.05351598994330738
11 37 0.05181995236087742
11 38 0.0950121107900974
11 39 0.08003016656311213
12 12 0.0
12 13 0.07198464744030175
12 14 0.050729743666207784
12 15 0.04729280193712466
12 16 0.002196806868781715
12 17 0.03444822784266727
12 18 -0.053771471556517826
12 19 -0.025447452204517596
12 20 0.06954609803277932
12 21 -0.02199346809031204
12 22 -0.018161759746175805
12 23 -0.01103976665476683
12 24 0.009444818985751
12 25 0.022587481327771233
12 26 0.0037296737642943793
12 27 -0.10616134850529202
12 28 0.025766899692415045
12 29 -0.08118911756654372
12 30 -0.04559717564352577
12 31 -0.06422332036345416
12 32 -0.09560101450786092
12 33 -0.08512639469313725
12 34 0.007223607081634717
12 35 -0.05475861094956841
12 36 -0.0443571949637134
12 37 0.07405218588870423
12 38 0.010747097170604002
12 39 -0.014219965883482169
13 13 0.0
13 14 -0.023847796600133968
13 15 0.036726973093979584
13 16 -0.07157220284083944
13 17 -0.14357597095096394
13 18 -0.14926495047374583
13 19 0.029848276700574227
13 20 0.06939355415072226
13 21 0.05706386493843647
13 22 0.025445618786932373
13 23 0.04822371027796162
13 24 -0.03264687434992815
13 25 0.032227540361940935
13 26 -0.08810601094993897
13 27 -0.09348207954086192
13 28 -0.13825413538765155
13 29 -0.01266618283066595
13 30 -0.08271595097228893
13 31 -0.09919375227808652
13 32 0.03242104882600415
13 33 -0.04232557302662796
13 34 -0.025648704000021245
13 35 -0.044136262312758946
13 36 -0.19964207098252285
13 37 0.12394389340247089
13 38 0.0006163898188720255
13 39 -0.056616801893456234
14 14 0.0
14 15 -0.015084232126981808
14 16 -0.0683646361742641
14 17 0.039186344529784714
14 18 0.06006055278261907
14 19 0.04421468284746541
14 20 0.12888820755118843
14 21 0.0220567759861111
14 22 0.016000553682322397
14 23 0.003565986017932525
14 24 -0.059384229782187846
14 25 -0.07438921522114986
14 26 0.07087620548736279
14 27 -0.08650870486241974
14 28 0.016147948068677684
14 29 -0.05538799584550371
14 30 0.05145819536538208
14 31 -0.10093597575360755
14 32 -0.050543390674655485
14 33 -0.03270152567254257
14 34 0.01636990553838001
14 35 -0.019704045945783222
14 36 0.023137839413236404
14 37 0.01909169660645555
14 38 0.10311546039383937
14 39 -0.04165908091275849
15 15 0.0
15 16 -0.04635685073830859
15 17 0.005956545805870675
15 18 -0.06595021447119528
15 19 -0.0196642546770651
15 20 0.0637727738992542
15 21 -0.09874692168560736
15 22 -0.005086904446789101
15 23 -0.03707932819599584
15 24 -0.05879288324843792
15 25 -0.017907664237571192
15 26 0.026066832366458313
15 27 0.06827171193884267
15 28 -0.02227532384947331
15 29 0.11586258755894999
15 30 -0.09694097506470968
15 31 0.06409466463141193
15 32 0.08316596828818688
15 33 0.045632262495922046
15 34 -0.01076089018736658
15 35 0.03227085975039322
15 36 -0.07441129524620592
15 37 -0.016046239151596132
15 38 -0.09849911656401153
15 39 -0.06971703988282536
16 16 0.0
16 17 -0.03185709608872977
16 18 0.08670632655623456
16 19 -0.08613147695031267
16 20 -0.20979871405573766
16 21 -0.07892729986922699
16 22 -0.02923618232398618
16 23 0.05257904220733313
16 24 0.27027812868709555
16 25 0.10270704100048877
16 26 0.02614634472928099
16 27 0.01203550628212715
16 28 0.1787019027849742
16 29 0.051258643080708856
16 30 -0.010163507051066827
16 31 0.022862510272927117
16 32 0.059157141307533266
16 33 0.054564584717179565
16 34 0.1319570457760677
16 35 0.00651910007181479
16 36 0.014199088944315163
16 37 0.028216986875954225
16 38 -0.15846549060852047
16 39 -0.020559818974277867
17 17 0.0
17 18 0.060805121174637454
17 19 0.009468397350489547
17 20 0.0394624088763102
17 21 -0.03001717259064554
17 22 -0.006907937552024413
17 23 0.015895534246355095
17 24 -0.10298011216479215
17 25 -0.009742943832878676
17 26 0.044879772049768354
17 27 0.01830405787936335
17 28 -0.006905104815974448
17 29 -0.08695428150744894
17 30 0.009317665785532172
17 31 -0.009436931642490997
17 32 -0.031316767395871296
17 33 -0.01968773258610564
17 34 0.018192590546196367
17 35 -0.0220125421256613
17 36 0.10744909554597855
17 37 -0.03687894227956876
17 38 0.09620508268096033
17 39 0.024443136818637377
18 18 0.0
18 19 0.05094550238318729
18 20 -0.16426325282381696
18 21 0.0375259205239006
18 22 0.02030094756548187
18 23 0.004553823325485981
18 24 0.04192363738846093
18 25 0.02792400420369793
18 26 0.013293114315941457
18 27 0.002790083698986325
18 28 0.06761223617024983
18 29 -0.013739795591636286
18 30 0.041017982875449985
18 31 -0.02067087659480785
18 32 0.10105909372597703
18 33 -0.037330335018607406
18 34 0.14530422664661546
18 35 0.03788565265311151
18 36 0.17777737162807902
18 37 -0.01315493401753309
18 38 0.024995510874205006
18 39 0.03146174287840096
19 19 0.0
19 20 -0.06998206629060837
19 21 0.0760676339291129
19 22 0.05038922568964037
19 23 0.031222915887820883
19 24 -0.1369722885601345
19 25 -0.03202542772722343
19 26 0.004061259234339901
19 27 0.004366518299611202
19 28 -0.08688413715656658
19 29 -0.03006333560840142
19 30 0.019803891365396977
19 31 -0.06987638893226791
19 32 0.05360122024422056
19 33 -0.005759720510217136
19 34 0.022415209263097
19 35 0.038936238796949206
19 36 -0.004755079103024756
19 37 0.06377001033523805
19 38 0.06635290682170387
19 39 0.022109638039839653
20 20 0.0
20 21 -0.12236642355227798
20 22 -0.08333067125794817
20 23 -0.0010160866857474762
20 24 -0.058671588484661016
20 25 -0.10668808895008727
20 26 0.07218698710593133
20 27 -0.10058144828696351
20 28 -0.06915288881327489
20 29 -0.012368336537686632
20 30 -0.01313928841049188
20 31 -0.04365396369922976
20 32 -0.12721943725160734
20 33 0.045411296912671324
20 34 -0.1578855253101613
20 35 -0.195795882608763
20 36 -0.062217317383882934
20 37 -0.2187197163108508
20 38 0.20418002583791622
20 39 -0.20117845196322173
21 21 0.0
21 22 0.02650198416470097
21 23 0.0042979200508542325
21 24 -0.05052210280631501
21 25 -0.017711389580933386
21 26 -0.058507885047800315
21 27 -0.05197882975033642
21 28 -0.06760197177815294
21 29 -0.09665537332517463
21 30 0.050215026210965484
21 31 -0.06798680163215874
21 32 -0.026787192214851818
21 33 -0.07307285938996913
21 34 0.004396697212505571
21 35 0.013295340147964019
21 36 0.016049493092108673
21 37 0.08382291036091881
21 38 0.06609683248483589
21 39 0.07184164960916911
22 22 0.0
22 23 0.05610718207981562
22 24 -0.09990907761623917
22 25 -0.006355527148352759
22 26 0.03751350078941518
22 27 0.025492728780865427
22 28 -0.00045958756718541107
22 29 0.04080645542637389
22 30 0.026800156905921323
22 31 -0.027078220361024613
22 32 0.06461188938213429
22 33 0.0022098394752074323
22 34 0.025103236539324853
22 35 0.07659444799651396
22 36 0.004785275128390034
22 37 0.05708716897661853
22 38 0.022780954174270986
22 39 -0.0006572145038825374
23 23 0.0
23 24 -0.05063673195310832
23 25 -0.02756498023849315
23 26 0.035681891072257874
23 27 0.006859091518008256
23 28 -0.0454009506482504
23 29 -0.034249803457231574
23 30 0.034938193339419554
23 31 -0.07246004635016969
23 32 0.06945778111449553
23 33 0.043390068680061275
23 34 0.04049206735083701
23 35 -0.0035806111143579324
23 36 -0.015921944737032723
23 37 0.04103080895319942
23 38 0.06980571463094838
23 39 -0.0625155664160353
24 24 0.0
24 25 0.050550503686713835
24 26 -0.05904670266995181
24 27 -0.07337497992562757
24 28 0.21043319862904383
24 29 0.015194252388136783
24 30 0.025604878401663804
24 31 0.08590492909311426
24 32 -0.05643603828435306
24 33 -0.044017876151927045
24 34 0.05764092268432734
24 35 -0.05982676116290864
24 36 0.06455700870649414
24 37 -0.0550475537132875
24 38 -0.157871160606114
24 39 -0.033594264611141164
25 25 0.0
25 26 -0.055779945461665426
25 27 -0.0001672002074666609
25 28 0.03043762160768293
25 29 0.04421677106356206
25 30 -0.11279674027733262
25 31 0.01768431236633243
25 32 0.03464820832144092
25 33 -0.03013333081217632
25 34 0.05041176099743405
25 35 -0.005268876972942916
25 36 -0.013487907751693317
25 37 0.01799945909163051
25 38 -0.07117518705968191
25 39 0.07793518354331315
26 26 0.0
26 27 0.02837473938053766
26 28 0.05392419161655192
26 29 0.05052127523732784
26 30 0.036935716645558905
26 31 -0.025512082787307367
26 32 0.005497925892038673
26 33 0.07817231867009167
26 34 0.004201506695259478
26 35 0.032596270656183625
26 36 -0.010265192956020122
26 37 -0.012509212528186158
26 38 0.020415450631081297
26 39 -0.053653383587286066
27 27 0.0
27 28 -0.025336066357167897
27 29 0.1297454209935229
27 30 -0.020756158093724615
27 31 0.10618955331803763
27 32 0.1246986249272369
27 33 0.11968299810528564
27 34 -0.009551853319105729
27 35 0.08597379715226315
27 36 0.00395432086421776
27 37 -0.05937160914631847
27 38 -0.07471299935920209
27 39 0.011601642590691689
28 28 0.0
28 29 0.05726464743291084
28 30 0.0437279634650395
28 31 0.06560082027490788
28 32 -0.06008550182935442
28 33 -0.02464146827909234
28 34 0.04959760874835896
28 35 0.027166766895176008
28 36 0.09054620519458226
28 37 -0.030204664085347672
28 38 -0.10441147478614085
28 39 -0.0005419096342514651
29 29 0.0
29 30 -0.06710764782213127
29 31 0.10918514776089161
29 32 0.14902942737411512
29 33 0.12995265695409328
29 34 -0.0008376215605937634
29 35 0.09664833554423521
29 36 -0.06907165995435341
29 37 -0.06689903815091594
29 38 -0.15710744772145038
29 39 -0.04522781015568194
30 30 0.0
30 31 -0.017816683089165973
30 32 -0.05855175499835885
30 33 -0.009423747718082598
30 34 -0.010097492463591543
30 35 0.013553986654047015
30 36 0.08547815359005016
30 37 -0.008214697047545936
30 38 0.07255926081067159
30 39 -0.010176163301253767
31 31 0.0
31 32 0.024481463826025347
31 33 0.032094111058121134
31 34 -0.035555578174757796
31 35 0.03938997888033958
31 36 0.05874222554812271
31 37 -0.10978133007946764
31 38 -0.11740752325066148
31 39 0.02012751432604147
32 32 0.0
32 33 0.09562931174307558
32 34 0.10313266800811897
32 35 0.08245723822192111
32 36 -0.005865249395376684
32 37 -0.0051779918765810186
32 38 -0.06451774312350057
32 39 -0.05828708976328778
33 33 0.0
33 34 -0.02331238143565065
33 35 0.037644784365634
33 36 -0.08498585665931332
33 37 -0.05448875045438768
33 38 -0.04674826081473921
33 39 -0.05955317283253734
34 34 0.0
34 35 0.02487648904673985
34 36 0.06447713344344141
34 37 0.048913281156594185
34 38 -0.028422907370286306
34 39 -0.006706324057986181
35 35 0.0
35 36 0.002314651872411036
35 37 0.0455618191748695
35 38 -0.07439536241259499
35 39 0.036674022410807666
36 36 0.0
36 37 -0.09256238617331332
36 38 0.06654535559307603
36 39 0.038886659255171915
37 37 0.0
37 38 -0.022281281924832856
37 39 0.047120070699419495
38 38 0.0
38 39 -0.01725778670736929
39 39 0.0
