0 0 0.0
0 1 -0.016244542618353803
0 2 -0.18721610117301798
0 3 -0.29851880104874545
0 4 -0.05113057259271343
0 5 -0.02708576908582591
0 6 -0.07740165972653933
0 7 0.012858425049529342
0 8 0.06586857292862011
0 9 0.006481932912751213
0 10 0.0014831209291902877
0 11 0.044976620919616184
0 12 -0.04209299090690528
0 13 -0.04327732673403905
0 14 0.029142235879898233
0 15 -0.09300234477709748
0 16 -0.021748365653637126
0 17 0.06461854021155777
0 18 -0.10995739424078513
0 19 0.046911733075430534
0 20 -0.1748779758412433
0 21 -0.06433284680347533
0 22 -0.008255134507148182
0 23 0.01684926695030726
0 24 0.07857277296684893
0 25 0.2527498727071418
0 26 0.001120975021197861
0 27 -0.08861393396389845
0 28 0.01497029687779193
0 29 0.018882444465201396
0 30 0.026889087953614377
0 31 -0.15132415588378306
0 32 0.054017083081291384
0 33 -0.12633203390727593
0 34 0.041926031842411504
0 35 0.07687857200233907
0 36 0.062314398089101455
0 37 -0.15604009684296063
0 38 0.009127371648796978
0 39 -0.10201040114613105
1 1 0.0
1 2 0.11126824953879337
1 3 -0.059581172371771095
1 4 -0.09693575844750332
1 5 0.1535813748000368
1 6 0.13426253664674342
1 7 0.02176744856658937
1 8 0.027849727431781546
1 9 -0.024355163479815874
1 10 0.05729675382654333
1 11 0.07864785306790155
1 12 0.08992849653354831
1 13 0.07372191747000101
1 14 0.01742491045025877
1 15 -0.050687540067928104
1 16 0.08540751211268924
1 17 0.06791128273088005
1 18 0.060815556495245796
1 19 -0.028228481440837568
1 20 0.014364361395504302
1 21 0.04893301343837668
1 22 -0.06116711240409365
1 23 0.08317767505949406
1 24 -0.06637346942201773
1 25 -0.08647259342189662
1 26 -0.057700509942907076
1 27 0.06290816746221135
1 28 -0.034480269831948
1 29 0.08436520452509857
1 30 0.004246850696337626
1 31 -0.06219243443727113
1 32 0.12128400041341707
1 33 -0.027380170467423755
1 34 -0.029825807296535646
1 35 -0.14650726355696303
1 36 -0.07482270630170988
1 37 -0.005127540499175963
1 38 0.019536175772411228
1 39 0.06217251387276963
2 2 0.0
2 3 0.04323343986700613
2 4 -0.12978219749228395
2 5 0.064958090235998
2 6 0.17427421211578698
2 7 0.16003304805011634
2 8 0.047045816843102994
2 9 0.012783086564183085
2 10 -0.026569069428677084
2 11 -0.028723107240698216
2 12 -0.0523724579234181
2 13 -0.13005906832176906
2 14 0.04102355988942292
2 15 0.016288519820486586
2 16 0.057211390065400713
2 17 0.026735396699640052
2 18 0.1308016473412343
2 19 0.16162882506589166
2 20 0.24199302535822625
2 21 -0.020491157356256832
2 22 -0.03855519010705763
2 23 0.1500385626502504
2 24 -0.02821758284494492
2 25 -0.20649634066777517
2 26 -0.004262585902336612
2 27 -0.06585559472484888
2 28 0.12913422648778652
2 29 0.1082763598424431
2 30 0.1508867477013984
2 31 -0.05432835814599446
2 32 0.0602060002260761
2 33 -0.022757281269527814
2 34 -0.0024160036213603554
2 35 -0.05177832621814484
2 36 0.10131113088749236
2 37 0.14540726678653051
2 38 -0.16606292700160338
2 39 0.08309310317001115
3 3 0.0
3 4 0.11065453970935021
3 5 -0.06641769537097457
3 6 0.018117589705565505
3 7 -0.18345262723627942
3 8 -0.11555012245369585
3 9 -0.1949158927864095
3 10 0.0996957880809023
3 11 0.11444598636099095
3 12 0.11761616857899877
3 13 -0.014559076916209363
3 14 0.02805475534455256
3 15 0.17557157851752359
3 16 -0.021205842124658862
3 17 -0.09867130139113478
3 18 0.046189891076204734
3 19 -0.12530198841828952
3 20 0.09012295636848687
3 21 0.17113560147977075
3 22 0.09299161705701717
3 23 -0.12381454055983628
3 24 0.0910449012298207
3 25 -0.10483892958539096
3 26 0.07180892252379745
3 27 0.1799397551166381
3 28 0.016497095956464765
3 29 0.016353986560177614
3 30 0.0024998326493937064
3 31 0.0616293656598763
3 32 -0.18665476700963526
3 33 0.20617483291558814
3 34 0.04276925378435483
3 35 0.009004667192912128
3 36 -0.01956211701738942
3 37 0.07655635301368821
3 38 -0.15386301163954924
3 39 -0.013014378708389483
4 4 0.0
4 5 0.04556763332576465
4 6 0.06984807065815526
4 7 0.10185509881239707
4 8 0.021180644021779032
4 9 -0.15061962670747822
4 10 -0.09425890182333942
4 11 0.08680708948487662
4 12 0.0592411054775294
4 13 -0.038468830923582976
4 14 0.037419557263489514
4 15 0.02743255717241263
4 16 -0.030203068836825768
4 17 -0.06474603749651528
4 18 0.06390012372400071
4 19 0.007421502857130101
4 20 0.041204778900560596
4 21 0.13424076111630595
4 22 0.05121487968746817
4 23 -0.17974819949095977
4 24 0.055127224106913675
4 25 0.04784895728472185
4 26 -0.09022864688195315
4 27 0.011652817042233426
4 28 0.09084429453691292
4 29 -0.06809146957304305
4 30 -0.11394194343126536
4 31 0.009645738860888094
4 32 -0.1296991799455416
4 33 0.02911482123952199
4 34 -0.059248573695771044
4 35 0.024122262197832065
4 36 -0.03180669524309199
4 37 0.07879970394953391
4 38 -0.06228567336503708
4 39 -0.15066784581612594
5 5 0.0
5 6 0.13114409875926208
5 7 0.0745693686330129
5 8 -0.04035219102285765
5 9 -0.02650718814980304
5 10 0.006849550754676992
5 11 0.09331179465438749
5 12 0.06467835130699362
5 13 0.0173144240121118
5 14 -0.07121762970166805
5 15 -0.030142481489260818
5 16 0.031126473983253095
5 17 -0.03808244521591668
5 18 0.14589723049812595
5 19 0.02001155929606304
5 20 0.04599438748843504
5 21 0.07416042774916995
5 22 0.029774714335650078
5 23 -0.052341230148632324
5 24 -0.08199076775321243
5 25 -0.14043934196026087
5 26 -0.04926395446048338
5 27 -0.0041799516982049464
5 28 -0.019406816741502388
5 29 0.14334707546251976
5 30 -0.0070954531418768564
5 31 -0.0750509357671584
5 32 0.015003663480283532
5 33 0.03244721631881215
5 34 0.0212847055349632
5 35 -0.09622541875896586
5 36 -0.14158665113117125
5 37 0.04603647914171514
5 38 0.007917603317280546
5 39 0.07725676716512714
6 6 0.0
6 7 0.20276365325455709
6 8 -0.11697301565846122
6 9 -0.005740270881721422
6 10 -0.22371849715966374
6 11 0.34321561582977067
6 12 -0.02853943361135703
6 13 -0.21759620841884758
6 14 -0.12808447002256268
6 15 0.07138691707764824
6 16 0.07888496686407506
6 17 -0.1014575110145128
6 18 0.07197092090535015
6 19 0.06366555002256266
6 20 -0.06458536992737836
6 21 0.0745976166970691
6 22 0.013484512086809123
6 23 0.11800583514824017
6 24 0.08711934072414444
6 25 -0.0915478172305044
6 26 -0.1066525843337168
6 27 -0.043133723554772276
6 28 0.13782871624631948
6 29 0.18684995564645496
6 30 0.04902392427520731
6 31 -0.09759875008115615
6 32 -0.0177198010937343
6 33 -0.023448892412926095
6 34 -0.01815408267944667
6 35 -0.13255385758386876
6 36 -0.014786530477343882
6 37 0.08721603850431252
6 38 -0.04565529508426534
6 39 0.0032285751391707093
7 7 0.0
7 8 0.018482344598683313
7 9 0.10438105194413164
7 10 -0.23045362060108604
7 11 0.09829869907316052
7 12 -0.02019569854687492
7 13 -0.2014577065507095
7 14 -0.1603319187054834
7 15 -0.0702898348817717
7 16 -0.03562237259320539
7 17 -0.010271312512414926
7 18 0.1649820436415823
7 19 0.22182062279551054
7 20 -0.017783837411307554
7 21 -0.052069733126202035
7 22 -0.005147807387677366
7 23 0.029835289395165616
7 24 -0.03931031599773961
7 25 -0.03947122517756559
7 26 -0.17680341356362825
7 27 -0.15283490397436011
7 28 0.14351771364378194
7 29 -0.08210069131107932
7 30 0.07105963593270691
7 31 -0.09480712729874076
7 32 0.15656606598263328
7 33 -0.12275404097715872
7 34 -0.07110057070754547
7 35 0.054510777328706475
7 36 0.039552499795500864
7 37 0.03521693929687329
7 38 0.08828236573309559
7 39 -0.06835019380804384
8 8 0.0
8 9 -0.004791011908325723
8 10 0.061465308941346976
8 11 -0.186009778534564
8 12 -0.00038857155800541427
8 13 0.08794035674529745
8 14 0.08926852789225805
8 15 -0.2471208368828109
8 16 0.07695901326881835
8 17 0.1863449482148004
8 18 -0.077348664798491
8 19 0.09902622510750816
8 20 0.019662444819789942
8 21 -0.10091003926799283
8 22 -0.06741754500135141
8 23 0.015525412287161913
8 24 -0.12359579826481108
8 25 0.058723194628362785
8 26 0.02187079571601106
8 27 -0.13466266867280233
8 28 -0.025617848805696296
8 29 -0.08366591710934941
8 30 -0.06032505353941329
8 31 0.048900877864393184
8 32 0.06491923899804741
8 33 -0.08057805378713914
8 34 -0.10590577842495015
8 35 -0.006372224116112918
8 36 0.07185565504673647
8 37 0.016445613462135918
8 38 -0.04451637417005354
8 39 0.0030626721360997025
9 9 0.0
9 10 -0.08037133335772399
9 11 -0.15604077900613847
9 12 -0.08769574732339952
9 13 -0.011191315849330563
9 14 -0.13380645292461193
9 15 -0.1080194387279831
9 16 -0.001266852450660078
9 17 0.06583495791248209
9 18 0.032298181434800566
9 19 0.06679620417690992
9 20 -0.06267693280763992
9 21 -0.18691818486104347
9 22 -0.05380237152800511
9 23 0.14249529808054667
9 24 -0.10219466776841232
9 25 -0.09520086119841539
9 26 0.02454482387339519
9 27 -0.0604968609676058
9 28 -0.050851087771933645
9 29 -0.03211084712493726
9 30 0.0017755937366396354
9 31 0.05369893274276764
9 32 0.028652267572757063
9 33 -0.12238847369099151
9 34 -0.056701421032967506
9 35 0.011615270233559767
9 36 -0.007389654576310828
9 37 -0.026773964808232048
9 38 0.11344168108140773
9 39 0.07070568420138476
10 10 0.0
10 11 -0.0918849415653783
10 12 0.2572703690097399
10 13 0.16875750237903803
10 14 0.10751593379110602
10 15 0.006592168893102615
10 16 0.09472470217384249
10 17 0.12147145067106524
10 18 -0.10663446634754759
10 19 -0.04650870955497846
10 20 -0.06207660009263146
10 21 0.05717145801583142
10 22 0.09687697445495637
10 23 -0.020618093319919727
10 24 0.018059441342819706
10 25 -0.07355143222731207
10 26 0.10699908362363501
10 27 0.08197319393245417
10 28 -0.07866367724095691
10 29 0.026136442697745017
10 30 -0.03215726871371198
10 31 -0.07049916957073811
10 32 -0.017477890750628007
10 33 0.1259762075998987
10 34 0.07565976813801252
10 35 0.07007634275969342
10 36 -0.053591367163435336
10 37 0.03950480699977644
10 38 -0.04902823232467102
10 39 -0.0027304924618763208
11 11 0.0
11 12 0.07815383037083916
11 13 -0.2107422732083451
11 14 -0.1164493760648454
11 15 0.16081010904124027
11 16 0.027375797331656147
11 17 -0.34093496876051116
11 18 0.056865387687901434
11 19 -0.0010136649361782283
11 20 -0.2504763479907094
11 21 0.2451564286207299
11 22 0.25877111958066495
11 23 -0.051679791314634294
11 24 0.20425657008447332
11 25 -0.06130193970256923
11 26 0.013714071594167496
11 27 0.09564859763377312
11 28 -0.00660836514184171
11 29 0.13429821825565308
11 30 0.041495052871287526
11 31 -0.17886972369672166
11 32 0.00839249983282313
11 33 0.0703234277040932
11 34 0.019511115557434722
11 35 -0.11604116513800508
11 36 -0.05811586211713436
11 37 -0.06843471608127905
11 38 0.06963673638172382
11 39 -0.08726552105467875
12 12 0.0
12 13 0.10371476758098253
12 14 0.010993312566452803
12 15 0.028167991348975574
12 16 -0.021889705836266867
12 17 0.12881775727675032
12 18 0.0241936961276464
12 19 0.01791467708534075
12 20 -0.0925033064776942
12 21 0.06856107704734402
12 22 0.11897196229419542
12 23 0.0059693369366836686
12 24 0.09866018810245016
12 25 -0.10765575607380903
12 26 -0.03774133301988099
12 27 0.10051971282025798
12 28 0.013098151499374978
12 29 -0.02003801290070233
12 30 0.03363139955915746
12 31 -0.2439407625628897
12 32 0.034101506834030945
12 33 0.06234021464429092
12 34 0.11886064269805055
12 35 0.06272528508940795
12 36 -0.06217784495904945
12 37 0.028961775210202673
12 38 -0.08138543617514417
12 39 -0.07612650933381235
13 13 0.0
13 14 0.11130515720323766
13 15 -0.04693219311236358
13 16 0.008678665068430754
13 17 0.11572097807551343
13 18 -0.06839700096439749
13 19 -0.12074759474150347
13 20 0.051347706856845275
13 21 -0.04848825812547678
13 22 -0.08086400869439292
13 23 0.004434976814891382
13 24 -0.07400576955057193
13 25 0.0012602620912654904
13 26 0.025907819671322208
13 27 0.04336195317426037
13 28 -0.13074189899890837
13 29 -0.0870759392809211
13 30 -0.1133912029079385
13 31 0.11472935913487647
13 32 0.08104590830983063
13 33 0.02187556880862678
13 34 0.009834715392305635
13 35 -0.06327091163743882
13 36 -0.09607195805817846
13 37 -0.021019945403973877
13 38 0.047355584942442526
13 39 0.026208165943580036
14 14 0.0
14 15 0.06075973978530922
14 16 0.025087862620382533
14 17 0.024991923200143838
14 18 -0.06838111163750821
14 19 -0.03292974101097645
14 20 0.1696920582654429
14 21 0.09067770627394209
14 22 -0.024163540446176447
14 23 0.01026332338744336
14 24 0.0705978060159638
14 25 0.060953206784459556
14 26 0.01636159574576939
14 27 0.0976106673731163
14 28 0.018351034017505513
14 29 -0.05000379760807259
14 30 -0.04357523670540796
14 31 -0.019961394731139444
14 32 -0.0092159627133121
14 33 -0.037742474974291826
14 34 -0.029369325488613502
14 35 -0.033717037833392756
14 36 0.08352647929530585
14 37 0.03509082420915873
14 38 -0.09816655237087545
14 39 -0.08406660508537456
15 15 0.0
15 16 -0.03648008254077416
15 17 -0.1688032483778407
15 18 -0.03028378087653987
15 19 -0.07638282962294143
15 20 0.03310201877693976
15 21 0.13536869823703865
15 22 0.07520225761156846
15 23 -0.00702776466802126
15 24 0.17965374408924611
15 25 -0.0010743684058758176
15 26 -0.025139206772471962
15 27 0.0959539971287243
15 28 0.06523469437697274
15 29 0.04155726196164748
15 30 0.047075400970948006
15 31 -0.04794310462494523
15 32 -0.02139330635812144
15 33 0.10446576807307281
15 34 0.10882199844124767
15 35 0.005685860425349401
15 36 0.0031775881958485816
15 37 0.04460082702687414
15 38 -0.010618864084395295
15 39 -0.050417481878491564
16 16 0.0
16 17 0.01532263302420304
16 18 -0.10202986993848032
16 19 0.003676057963889363
16 20 -0.07092055966631051
16 21 0.03793028536126718
16 22 0.008331160601237645
16 23 0.04389223043224592
16 24 -0.04145379650022922
16 25 -0.03230194126945003
16 26 0.0167797616508443
16 27 -0.03787974484080146
16 28 -0.01849929900928246
16 29 0.079387793778782
16 30 -0.06931532199737703
16 31 0.043759616337175185
16 32 -0.004812381838971346
16 33 0.02845175539243496
16 34 -0.07008998816753531
16 35 -0.06113887900687871
16 36 -0.018520253038563646
16 37 0.07778207353708996
16 38 0.0416691014496311
16 39 0.040601853602707974
17 17 0.0
17 18 -0.09559639237395783
17 19 0.04024197887708592
17 20 0.04709060762339075
17 21 -0.20877467780682396
17 22 -0.22311499318460157
17 23 0.127937403406711
17 24 -0.07509091083462269
17 25 0.11027099940605216
17 26 -0.09430549650764306
17 27 -0.12858121147720844
17 28 0.10520858389052748
17 29 -0.028856239647856337
17 30 0.03328076997968907
17 31 -0.04027851350832751
17 32 0.042775605123271734
17 33 -0.06250991351919975
17 34 0.06167569037834908
17 35 0.114213033011237
17 36 0.05731356649855686
17 37 0.05206932150280195
17 38 -0.15827646661540523
17 39 0.02185317253727375
18 18 0.0
18 19 0.04179509567860238
18 20 0.16821915819299318
18 21 0.0532807446988528
18 22 0.04395614476660124
18 23 -0.0652730528303548
18 24 -0.05168547780230563
18 25 -0.24305603710908175
18 26 0.035770833799207154
18 27 0.14338924731107022
18 28 -0.01642329853970593
18 29 -0.006951125396800181
18 30 0.021181046330291282
18 31 -0.019439974638307482
18 32 -0.07777326389926884
18 33 -0.05856273954344117
18 34 -0.06968553078324766
18 35 -0.058394924500963376
18 36 -0.07828794790682284
18 37 -0.03329415037735117
18 38 -0.07770637727747824
18 39 -0.027593606210919434
19 19 0.0
19 20 -0.005064479244860498
19 21 -0.05105568747040422
19 22 0.04970227893486886
19 23 0.055844351856609395
19 24 -0.009143186043877306
19 25 -0.0488437157145341
19 26 -0.04219113198898729
19 27 -0.11813325240129635
19 28 0.0854158416768576
19 29 -0.0020472780744715856
19 30 0.08617222653901845
19 31 -0.14527613138747136
19 32 0.057079406224431764
19 33 -0.0825087894282938
19 34 -0.010319792339291695
19 35 0.06417841447816888
19 36 0.0902948867115574
19 37 0.05119136068114368
19 38 -0.023672841714419433
19 39 -0.01027070974605648
20 20 0.0
20 21 0.005466390842480899
20 22 -0.14166632626663106
20 23 -0.023663275910271474
20 24 -0.0683393225313223
20 25 -0.07390042307353382
20 26 -0.023281032613373814
20 27 0.05056866402587874
20 28 0.07669273973674706
20 29 -0.018579267801763496
20 30 0.02788841529282792
20 31 0.08822587532887784
20 32 -0.049670044907971826
20 33 -0.019186822707569495
20 34 -0.014944122988963813
20 35 -0.03649461391546791
20 36 0.04155489193854406
20 37 0.0905114014443473
20 38 -0.187802669130416
20 39 0.030316916691072716
21 21 0.0
21 22 0.17756979129244502
21 23 -0.16705694255267436
21 24 0.044726106109550884
21 25 -0.057690550700754996
21 26 -0.019482164215961512
21 27 0.20456323828345874
21 28 -0.025940421916009003
21 29 0.05848946131786072
21 30 -0.013937844993992804
21 31 -0.11937020805753189
21 32 -0.08614038599715383
21 33 0.09693074168533551
21 34 -0.0397321646091587
21 35 -0.04743366706102793
21 36 -0.027251844047460134
21 37 0.03346487519522207
21 38 0.04623937052028001
21 39 -0.012313784876470092
22 22 0.0
22 23 -0.10191920740583402
22 24 0.07927589111195008
22 25 -0.1402826108433015
22 26 0.09124756161162516
22 27 0.11753796434938642
22 28 -0.07910979455363913
22 29 0.03068942946718701
22 30 0.016823354057487232
22 31 -0.15826210655848988
22 32 -0.0619598462785431
22 33 0.06631776304860595
22 34 -0.000042746970354217144
22 35 0.012650091871195878
22 36 -0.02240334539128812
22 37 -0.01374009618534823
22 38 0.07496633259016414
22 39 -0.028974767347639745
23 23 0.0
23 24 0.0731178134139958
23 25 -0.043274068571021534
23 26 0.00237851803797672
23 27 -0.0834361064176161
23 28 0.058305612702861095
23 29 0.035931299056518054
23 30 0.048012488096857306
23 31 -0.025512914317109937
23 32 0.10142868523818778
23 33 -0.11448193809342302
23 34 0.03291403710911534
23 35 -0.053807087197743
23 36 0.052370887844401824
23 37 0.01753298898051881
23 38 -0.060396279687048415
23 39 -0.009171491355227258
24 24 0.0
24 25 0.04999835766926196
24 26 0.032966939726850296
24 27 0.029306467950063825
24 28 0.10285410825736585
24 29 0.020598812124218106
24 30 0.03058721229749753
24 31 -0.10638959907633208
24 32 -0.03515458698283388
24 33 0.007544905738562225
24 34 0.10832295218262789
24 35 0.02525424245264569
24 36 0.041837250342958945
24 37 -0.015155229931086764
24 38 -0.13857397505620023
24 39 -0.19000278403214982
25 25 0.0
25 26 -0.12343628261555031
25 27 -0.14341327344794788
25 28 0.09275104751697164
25 29 -0.059819788031379884
25 30 0.012724759099502176
25 31 0.009067256172238658
25 32 0.07430863476826316
25 33 -0.010893332494851683
25 34 0.06485688253192162
25 35 0.11126878834891932
25 36 0.11004599136007176
25 37 -0.06251446962639359
25 38 0.02121166951244292
25 39 -0.05335987016259954
26 26 0.0
26 27 0.07111525248438301
26 28 -0.12842148476054852
26 29 0.01992820234803461
26 30 -0.05994273372486532
26 31 0.11472965371054267
26 32 -0.11698451984158613
26 33 0.01602730125310729
26 34 -0.03570195306757331
26 35 -0.04824670713112958
26 36 -0.03752133921165419
26 37 -0.06908048823475513
26 38 -0.06467809947635252
26 39 -0.02769615198196369
27 27 0.0
27 28 -0.10733769444262213
27 29 -0.015725712386051596
27 30 -0.022384914377214883
27 31 -0.06636690325512776
27 32 -0.13179405515716044
27 33 0.015468843333568124
27 34 -0.0610648306596132
27 35 -0.059265971455074895
27 36 -0.04677184894401032
27 37 -0.06088809902191613
27 38 0.006711796949672931
27 39 -0.021465463395586113
28 28 0.0
28 29 0.036374819191908055
28 30 0.08592959145610396
28 31 -0.09806634501987967
28 32 -0.016565915403921657
28 33 -0.016310313823396032
28 34 0.07334680362806746
28 35 0.09458715791484856
28 36 0.09916455872665894
28 37 0.10240768023578015
28 38 -0.16551910075510423
28 39 -0.07479872367778181
29 29 0.0
29 30 0.06328304693110755
29 31 -0.0990333352017977
29 32 -0.09082922490408549
29 33 0.06322119551724288
29 34 0.07553724765487385
29 35 -0.05606460926153227
29 36 -0.031125820724652746
29 37 0.05836351453376335
29 38 -0.09123449858100316
29 39 0.10468165894305896
30 30 0.0
30 31 -0.20318509453641412
30 32 0.06223041295215516
30 33 0.0000574127514208524
30 34 0.11983278884934297
30 35 0.08024040211270962
30 36 0.10360964111584456
30 37 -0.0032377895793488367
30 38 -0.05402110440924686
30 39 0.07497847713814762
31 31 0.0
31 32 -0.04048278278698306
31 33 0.038098094323063686
31 34 -0.13117736366295288
31 35 -0.09866448098390154
31 36 -0.09488196280963619
31 37 -0.007003877354447645
31 38 0.04785416160375798
31 39 -0.0022318439737214527
32 32 0.0
32 33 -0.045345938811714046
32 34 0.044700800235221855
32 35 -0.03389423855511136
32 36 0.01558369592437179
32 37 -0.04538309480649314
32 38 0.1787480593929878
32 39 0.03213739113989754
33 33 0.0
33 34 0.08307345484642553
33 35 0.028039537933745567
33 36 -0.06039023134573278
33 37 0.06020105493000686
33 38 0.003450612368482448
33 39 0.06110410557392802
34 34 0.0
34 35 0.08284705363375666
34 36 0.007299559180643189
34 37 0.008341754338465523
34 38 -0.09038191012754762
34 39 0.01825678385070642
35 35 0.0
35 36 0.08496702608863775
35 37 0.018875266139775727
35 38 -0.038275287180925266
35 39 -0.03251013934817936
36 36 0.0
36 37 0.017329460132316475
36 38 -0.06248021303634908
36 39 -0.009869519549930171
37 37 0.0
37 38 -0.06425569509694504
37 39 0.036863065446464706
38 38 0.0
38 39 0.10589910712659553
39 39 0.0
