0 0 0.0
0 1 0.006124525922841186
0 2 -0.011723980767484385
0 3 0.01918259494083525
0 4 -0.013158846172052924
0 5 -0.041473445098192584
0 6 0.0665683278721413
0 7 -0.022109048250011656
0 8 -0.022646422880078617
0 9 0.00710363004415773
0 10 -0.08426436199407163
0 11 0.09251842341825103
0 12 -0.0091316475749731
0 13 -0.016780647927777823
0 14 0.029343002595274604
0 15 0.030504712273303303
0 16 0.0029158632218745616
0 17 0.01074396870848099
0 18 -0.016000799712429622
0 19 -0.06794574837650519
0 20 -0.012371449386714539
0 21 -0.06214181499424374
0 22 0.023703919780011674
0 23 0.124664500564199
0 24 -0.005158496330608939
0 25 0.006462084594721572
0 26 0.012222166425547552
0 27 -0.0016016404900934859
0 28 0.09151783528153341
0 29 0.0032059472151361665
0 30 0.09733522472859304
0 31 -0.010488267992696441
0 32 -0.014628099429891342
0 33 -0.03881225230085265
0 34 -0.025833384180235584
0 35 0.0146335231540971
0 36 -0.010489686504138663
0 37 0.039842624976320115
0 38 -0.051610497919989964
0 39 -0.02026981279446301
1 1 0.0
1 2 0.03023297316699277
1 3 0.03115385932643331
1 4 -0.14193920627203305
1 5 0.017713773985773902
1 6 0.04253768838998693
1 7 0.0014911398749203636
1 8 0.05449198534718952
1 9 0.057399525426309814
1 10 -0.08030492230482375
1 11 0.01737102263158625
1 12 -0.0067942943632935794
1 13 -0.040679199373435004
1 14 -0.01404630617492611
1 15 -0.00787615953138071
1 16 0.04386768460546109
1 17 -0.07776245854724642
1 18 0.04512486355017883
1 19 -0.05044580796946848
1 20 0.0010437819552232912
1 21 0.00989748843207112
1 22 0.047467572842739156
1 23 -0.061029653131993045
1 24 0.009565483736140436
1 25 -0.07433551987650108
1 26 0.11099024818332204
1 27 -0.04714981907867151
1 28 0.06426835020715782
1 29 -0.03941267168345194
1 30 0.00232407293514343
1 31 -0.1480364237888188
1 32 0.029090859462683617
1 33 -0.01431955906427777
1 34 0.03377492720546688
1 35 -0.02654430242274928
1 36 -0.02401209893883731
1 37 0.006152981880374322
1 38 0.015061768308534946
1 39 0.0300310119243972
2 2 0.0
2 3 -0.007393484780387688
2 4 -0.07618788419210609
2 5 0.022703724831792338
2 6 -0.07138889266180465
2 7 0.01702893818494127
2 8 -0.08605298440786603
2 9 0.09392295099238493
2 10 -0.07153520682008821
2 11 -0.08191519349578708
2 12 0.011497774102214042
2 13 0.1146969278581619
2 14 -0.0937565643086035
2 15 -0.07023071296533227
2 16 -0.11582485005223646
2 17 -0.04656782433878962
2 18 0.019740040276724036
2 19 0.029119246764322936
2 20 -0.07756185377883677
2 21 0.08371802405385434
2 22 -0.04093030624587353
2 23 -0.1756320802987435
2 24 -0.045212855195979076
2 25 0.035271050486037826
2 26 0.023689212732124175
2 27 0.013628373758392395
2 28 -0.02535941087735525
2 29 0.06493538149436522
2 30 -0.024504296809743333
2 31 -0.025446728366020566
2 32 -0.039477517686821416
2 33 -0.021893188436892974
2 34 0.05589766264136622
2 35 -0.06924455577173258
2 36 0.025447391793205366
2 37 0.13573210729613724
2 38 0.03031440440088738
2 39 -0.034687777915601625
3 3 0.0
3 4 -0.04435249193432665
3 5 0.02684352396339267
3 6 0.09405534077331737
3 7 -0.05271027301301451
3 8 0.011648303588626258
3 9 0.034005987449297455
3 10 -0.020258435144311623
3 11 0.03222375732194236
3 12 0.028503595264806253
3 13 0.024723276775686066
3 14 0.049603490735288615
3 15 0.0503948836619865
3 16 0.10347835338162961
3 17 0.043587748121487836
3 18 -0.005056392510575306
3 19 -0.06689131268583084
3 20 -0.014278380329930123
3 21 -0.014571644997139494
3 22 0.0033965785513540223
3 23 0.002461459878055039
3 24 0.025258524468055064
3 25 -0.05270117148248264
3 26 0.01666093098623804
3 27 0.0181722004236044
3 28 0.04864435397950775
3 29 0.0025022173964450883
3 30 0.024258566999775532
3 31 -0.01396892657324102
3 32 0.017961220997239926
3 33 0.0251813781949048
3 34 0.02850997723910443
3 35 0.013376589131629285
3 36 -0.028662716961353536
3 37 -0.007903750479517996
3 38 -0.03943203321122196
3 39 -0.0009162211671694873
4 4 0.0
4 5 0.024871325800382715
4 6 -0.11008440302727458
4 7 -0.03593111521771746
4 8 -0.0021174893564266844
4 9 -0.120142462738474
4 10 0.030732013833335348
4 11 -0.01286807961478898
4 12 -0.11336598922207493
4 13 -0.025487879468740548
4 14 0.060726011452986485
4 15 -0.005886390996461441
4 16 -0.1046965897664481
4 17 0.1273004131282102
4 18 0.000378930977374925
4 19 0.022088636902402696
4 20 0.04216183428682958
4 21 -0.07649514694419655
4 22 0.06739607439091723
4 23 0.17370591648967557
4 24 0.10848250282706354
4 25 0.12176429675597307
4 26 -0.06725309471612159
4 27 0.05645473047340005
4 28 -0.0967432175713585
4 29 0.11434741348760205
4 30 -0.041962750303876306
4 31 0.09010734327729639
4 32 0.08410891338945752
4 33 0.1348369190125271
4 34 -0.041755391515946774
4 35 0.0421195091839853
4 36 -0.05835834154500674
4 37 -0.06076506475233431
4 38 0.07081182233199158
4 39 0.02611147423902569
5 5 0.0
5 6 -0.019112237421740844
5 7 -0.05593690656621113
5 8 0.01953474909316245
5 9 0.0007836026346938502
5 10 -0.04890695995051504
5 11 -0.06168430227668982
5 12 -0.029514002355700945
5 13 0.0334665756491165
5 14 0.015792758262993336
5 15 -0.023146017801171502
5 16 -0.013897457080159326
5 17 0.05098323921320813
5 18 0.03778672774340623
5 19 -0.025548383539865282
5 20 -0.018057612952430514
5 21 -0.004901600292898378
5 22 0.012088883746818055
5 23 -0.03536586702706439
5 24 0.07753069517466106
5 25 0.019684292866373736
5 26 0.050656884393169746
5 27 -0.01225610770227435
5 28 -0.030379835029102666
5 29 0.05704302193105275
5 30 -0.025319401225597882
5 31 -0.02880359174654924
5 32 0.06806968231163608
5 33 0.098061383423012
5 34 0.04718851709823636
5 35 0.022287698423122077
5 36 -0.03329019116302501
5 37 0.006417240058214324
5 38 0.049123556052105236
5 39 0.01464296834759769
6 6 0.0
6 7 -0.0371554809158567
6 8 0.09512556848157988
6 9 0.00956574036549644
6 10 0.046867926662697824
6 11 0.11267062334065528
6 12 0.11424134286023861
6 13 -0.047641067955386314
6 14 0.07505955828885408
6 15 0.11815278302708487
6 16 0.26446974341005514
6 17 0.025303985164330127
6 18 -0.01776226788268257
6 19 -0.07862066267840397
6 20 -0.026739148061532547
6 21 -0.06132886663502417
6 22 -0.03195827601367647
6 23 0.09128688625147559
6 24 -0.004672748876412958
6 25 -0.10389529075418562
6 26 0.03950762326576851
6 27 -0.09299944872443146
6 28 0.17006365474191112
6 29 -0.15981967917300346
6 30 0.1918991790940412
6 31 0.0011329346455327557
6 32 -0.07845991004146806
6 33 -0.10583546392315499
6 34 -0.017945251896466362
6 35 0.11842158329852845
6 36 0.02417141702848566
6 37 -0.04236918228966913
6 38 -0.14634565062925403
6 39 0.011930070149923833
7 7 0.0
7 8 0.01691960113103547
7 9 0.003792230990957518
7 10 0.08452618912774151
7 11 -0.021756765975577907
7 12 0.014210239021273958
7 13 -0.04220442872355888
7 14 -0.09392211357069857
7 15 -0.02382886197153107
7 16 -0.025822716314805837
7 17 -0.11354053338167835
7 18 0.030696493348770178
7 19 0.08550569525912702
7 20 -0.01787257877607245
7 21 0.044809018041175305
7 22 0.0117350355296628
7 23 -0.03280086036294325
7 24 -0.06830498984245817
7 25 0.02597496567596912
7 26 0.006918178208976833
7 27 -0.018515994094588505
7 28 0.006679160924004807
7 29 -0.05007835937952175
7 30 0.0025932968289532664
7 31 -0.0007185952485785462
7 32 -0.0723972878420772
7 33 -0.10273362005042279
7 34 -0.004037138119501021
7 35 -0.0319935477416597
7 36 0.02708773481474478
7 37 0.007627757644943669
7 38 0.02118653387088707
7 39 0.014568262846010599
8 8 0.0
8 9 -0.06613675119740671
8 10 0.06922311713690438
8 11 0.031977932200648505
8 12 -0.037426215707755964
8 13 -0.1577664912125687
8 14 0.017327615994001604
8 15 0.03833863768591327
8 16 0.12287471900739888
8 17 -0.030137997171281745
8 18 0.09371979762401542
8 19 -0.00042675158851284285
8 20 0.006988241698691398
8 21 -0.0722983510600371
8 22 0.11820373608463083
8 23 0.12631563465063606
8 24 0.097584608734507
8 25 -0.005049246438793669
8 26 0.12338583141945306
8 27 -0.11853120264929944
8 28 0.08540415489011886
8 29 -0.10013870063388534
8 30 0.09956028544191983
8 31 -0.09278118753047783
8 32 0.01424201333447731
8 33 -0.01948986841899366
8 34 -0.011148581870686711
8 35 0.10294114465305884
8 36 -0.049877941331820816
8 37 -0.10116440582181715
8 38 0.029190188442235053
8 39 0.1102391866169801
9 9 0.0
9 10 -0.047296378298937305
9 11 -0.00009639433222926596
9 12 0.028127004573362112
9 13 0.09670314640371225
9 14 -0.02828935962990472
9 15 -0.0038822417086032757
9 16 -0.010310108658124772
9 17 -0.01840301301706071
9 18 -0.017342267489672488
9 19 -0.012914669037924714
9 20 -0.04323095514740418
9 21 0.07189527618729784
9 22 -0.016511013805501965
9 23 -0.16523538825146017
9 24 -0.04248806512369355
9 25 -0.05302210182161939
9 26 -0.0028591445550401164
9 27 0.04193826520311469
9 28 0.009135938494226111
9 29 0.026451701353561508
9 30 -0.021951876876885597
9 31 -0.05179238862094906
9 32 -0.044582209378946844
9 33 -0.03300918298912448
9 34 0.028152066737400904
9 35 -0.07518712438879346
9 36 0.006005753968289935
9 37 0.08719153195270224
9 38 -0.024971933609424228
9 39 -0.0141320882016733
10 10 0.0
10 11 -0.024144278630168325
10 12 0.08008577555352923
10 13 -0.05392365299674493
10 14 -0.042599305273489575
10 15 0.056079606451669275
10 16 0.14165676661855198
10 17 -0.047739705798066266
10 18 0.009077668438533032
10 19 0.11240184867909098
10 20 -0.004684766805892565
10 21 0.03952826098623865
10 22 -0.018712330457882956
10 23 0.008507032757765293
10 24 -0.05827085355894248
10 25 0.00016053190823454993
10 26 -0.06528682720755255
10 27 0.010407155403035388
10 28 -0.009465707434321591
10 29 -0.09809671993840936
10 30 -0.0009976346756981392
10 31 0.11737210566974862
10 32 -0.0900249036060473
10 33 -0.09097698889615935
10 34 -0.0034429000512622822
10 35 0.02676332502847737
10 36 0.024272271858156967
10 37 -0.10177416448197307
10 38 -0.02179459737668013
10 39 0.02803286531580343
11 11 0.0
11 12 -0.041651786210207264
11 13 -0.05879518355671372
11 14 0.1444268662582367
11 15 0.09651148667363549
11 16 0.07563944653053482
11 17 0.0970389844577109
11 18 -0.08346499714723557
11 19 -0.07080119638316182
11 20 0.0744302968659317
11 21 -0.07894873161319571
11 22 0.07944803933482633
11 23 0.10338707366829385
11 24 0.04829521605679643
11 25 -0.10756691244745605
11 26 -0.05157468227566385
11 27 -0.008090957686624519
11 28 0.06447012303956894
11 29 -0.06878601451085442
11 30 0.08557157455989617
11 31 -0.07553968851219436
11 32 -0.03294693016396345
11 33 -0.037193433146391855
11 34 -0.13723102266132506
11 35 0.03588311367814588
11 36 -0.020042109774165876
11 37 -0.0499202290312543
11 38 -0.10402994627545539
11 39 0.06306406483347723
12 12 0.0
12 13 0.052000622246404914
12 14 -0.04959688769014097
12 15 0.022484447733110726
12 16 0.14581797213083866
12 17 -0.07209845804676836
12 18 -0.04574447787225695
12 19 0.013196879570058129
12 20 -0.039093435707692054
12 21 0.06042635181033301
12 22 -0.19575053577964555
12 23 -0.07937607301454971
12 24 -0.1550353161944873
12 25 -0.057700741959114746
12 26 -0.037821618264662724
12 27 -0.026689538898551766
12 28 0.047454154025856246
12 29 -0.11554700246242906
12 30 0.03716612988507311
12 31 0.12903949245942986
12 32 -0.08966895400308957
12 33 -0.11494458588252979
12 34 0.05200137689469307
12 35 0.017535355877844903
12 36 0.11107927157500394
12 37 0.012283973298508676
12 38 -0.10540755185596073
12 39 -0.10750580264617601
13 13 0.0
13 14 -0.003935780998357122
13 15 -0.0288987262643264
13 16 -0.0807004915677762
13 17 0.08121179985094343
13 18 -0.07887712357484782
13 19 0.0043549997810545475
13 20 -0.04713874665758907
13 21 0.0891409335687949
13 22 -0.12280287140661068
13 23 -0.20981336027610936
13 24 -0.04926096828171378
13 25 -0.011339263861387417
13 26 -0.0972119756475235
13 27 0.07671303883380434
13 28 -0.08466241548862154
13 29 0.08730207374740459
13 30 -0.0606542611898769
13 31 0.0672274852871442
13 32 -0.04064597314582555
13 33 0.02897669216886503
13 34 0.022333580260803933
13 35 -0.06049455416555847
13 36 0.05109725488189305
13 37 0.12158522331037735
13 38 -0.039797730289425216
13 39 -0.07535919786595108
14 14 0.0
14 15 0.08395360029598595
14 16 0.06635235629214736
14 17 0.20417913423908787
14 18 -0.11392078407030852
14 19 -0.08888109856881385
14 20 0.10854077046416719
14 21 -0.07945498280360143
14 22 0.029652094537958994
14 23 0.05517073011593223
14 24 0.1084876373599815
14 25 -0.1185598208314272
14 26 -0.08735015932531846
14 27 0.005891057683344515
14 28 -0.028922404650481293
14 29 -0.022152961874888227
14 30 0.009283746049249548
14 31 -0.04066496082270564
14 32 0.04358225646841887
14 33 0.08938251632116584
14 34 -0.12870773737613006
14 35 0.0625857562951452
14 36 -0.020510674585391683
14 37 -0.08380975650756757
14 38 -0.08611709460057888
14 39 0.05116293497884629
15 15 0.0
15 16 0.1403325615969175
15 17 0.05940040556291023
15 18 -0.03560657018823679
15 19 -0.044374568346841774
15 20 0.024310351242356195
15 21 -0.03964848832703772
15 22 0.02941616883945262
15 23 0.07301716457503292
15 24 0.020972472841232746
15 25 -0.0693162952141113
15 26 -0.03509168455431161
15 27 0.021172933108640372
15 28 0.0538740680131924
15 29 -0.04624118007988499
15 30 0.046490923172522736
15 31 0.00974542145804833
15 32 -0.01660558691131058
15 33 -0.014630418005468304
15 34 -0.036273928024230184
15 35 0.033262727378155124
15 36 -0.02482853701146458
15 37 -0.06390688231796783
15 38 -0.07215649470235228
15 39 0.026989017929749188
16 16 0.0
16 17 -0.01650517852971744
16 18 -0.00207676041139524
16 19 -0.06757566760126259
16 20 0.005714035332764811
16 21 -0.034924307430017634
16 22 -0.03427751918403794
16 23 0.08724396624667348
16 24 -0.028608327645082886
16 25 -0.13416965411498027
16 26 0.025048807363584457
16 27 -0.029931826537662437
16 28 0.14193255146066117
16 29 -0.16128139045431
16 30 0.08792314353862132
16 31 0.04120884192096654
16 32 -0.02513869725653564
16 33 -0.06689378196455294
16 34 0.03650690728965038
16 35 0.08159648061136329
16 36 -0.0038797945463703797
16 37 -0.13440680503469304
16 38 -0.11721374766264048
16 39 0.003324356904352327
17 17 0.0
17 18 -0.11852186582215318
17 19 -0.058306011344458675
17 20 0.06498125974565082
17 21 -0.06302778929701373
17 22 0.015455812345739246
17 23 0.006062571431281494
17 24 0.14289594470690198
17 25 -0.054651111708462506
17 26 -0.12050917202908022
17 27 0.020892484416068505
17 28 -0.08333014190819849
17 29 0.04794093913634253
17 30 0.01508419626293112
17 31 0.0014479213950998049
17 32 0.022986612581354992
17 33 0.12446982310770927
17 34 -0.12959356284758555
17 35 0.07395487244535483
17 36 -0.01659822856011093
17 37 -0.022176844768283778
17 38 -0.0696909194426458
17 39 0.051216381691003635
18 18 0.0
18 19 0.015349023971161469
18 20 -0.08068627382797201
18 21 -0.017182813600247742
18 22 0.11136402232252718
18 23 0.08566252058692896
18 24 0.04665047006255252
18 25 0.11226057672829229
18 26 0.16242792750583243
18 27 -0.02909683908094422
18 28 0.07041699396514664
18 29 0.046157389412701456
18 30 0.031239546944278395
18 31 -0.050361668846304095
18 32 0.04862155979165903
18 33 0.010562748208459571
18 34 0.11543965649287032
18 35 0.004114765316340136
18 36 -0.08075423601071288
18 37 0.006762873383793616
18 38 0.11977251999727208
18 39 0.03965076668269014
19 19 0.0
19 20 -0.023510021099367083
19 21 0.06206134891271427
19 22 -0.02611209995008796
19 23 -0.08269687927319272
19 24 -0.04840771451921236
19 25 0.054771755294712066
19 26 -0.030986283470919328
19 27 -0.025767638721786917
19 28 -0.059287331536059765
19 29 -0.03125383359259827
19 30 -0.01530635948721766
19 31 0.0442469177963841
19 32 -0.0813157464135239
19 33 -0.07117623882618831
19 34 -0.015189391258697976
19 35 -0.008647982764442933
19 36 0.04991385865531829
19 37 0.016266004344548234
19 38 0.03136686668000196
19 39 0.014473861765612295
20 20 0.0
20 21 -0.027670122261436402
20 22 0.009914565786497298
20 23 0.020063378738426774
20 24 0.025185363998919824
20 25 -0.08819126849366207
20 26 -0.0748515403370776
20 27 0.020281124686012453
20 28 -0.06562220561631235
20 29 -0.03015657775360562
20 30 -0.08107042630944587
20 31 -0.02796611154252602
20 32 0.054747327210306465
20 33 0.05651429722331867
20 34 -0.08995729652567083
20 35 -0.006339067326956893
20 36 0.0011772490868091872
20 37 -0.09714132954661732
20 38 -0.0218796727358923
20 39 0.021100135138062307
21 21 0.0
21 22 -0.07900341141611815
21 23 -0.20032072337754717
21 24 -0.09245429960197298
21 25 -0.021101914798466757
21 26 -0.04032803226360702
21 27 0.043297334477842404
21 28 -0.06080033554304778
21 29 0.008395443679993958
21 30 -0.08900422549776635
21 31 0.025900193141859863
21 32 -0.04882120753534704
21 33 -0.038018724785506657
21 34 0.04214143105134993
21 35 -0.08312143214268106
21 36 0.047358939325776825
21 37 0.05304686058702783
21 38 0.00650222820199402
21 39 -0.0408470094860192
22 22 0.0
22 23 0.14962636658449774
22 24 0.17162489295759972
22 25 0.04843437463086921
22 26 0.10346414486975
22 27 0.031856038832883946
22 28 0.04393134223166928
22 29 0.08900633329152904
22 30 0.010742710082883099
22 31 -0.17204256291206885
22 32 0.07947370357039636
22 33 0.0735770871797569
22 34 -0.017352704306072313
22 35 -0.015716018165653742
22 36 -0.17177001768593936
22 37 -0.05004477264561229
22 38 0.11252931813552262
22 39 0.1571843713272712
23 23 0.0
23 24 0.09698592448654395
23 25 0.11691080203318575
23 26 0.08045499004903114
23 27 -0.015073317818376017
23 28 0.14463266136872915
23 29 0.011784189001197005
23 30 0.13934639753900652
23 31 0.048733479354371154
23 32 0.0979574663488855
23 33 0.03672060071458136
23 34 -0.0018363550989318744
23 35 0.11268552267755383
23 36 -0.10902833117111872
23 37 -0.11991846095985437
23 38 0.02734509239310594
23 39 0.0284228437701618
24 24 0.0
24 25 0.024067966345682458
24 26 0.06209607082480426
24 27 -0.03103115806316159
24 28 -0.01225868285081686
24 29 0.06665511593636235
24 30 0.03350173766016928
24 31 -0.11984687512253105
24 32 0.08842685738033208
24 33 0.13378608786813462
24 34 -0.047984764152409876
24 35 0.07110115010948359
24 36 -0.10780205074616685
24 37 -0.04446402598884554
24 38 0.061814055426053525
24 39 0.12595253659418648
25 25 0.0
25 26 0.06571958257641487
25 27 0.00553193845814815
25 28 0.000022034365804535215
25 29 0.11102159581676896
25 30 0.029387463318006273
25 31 0.06679744563785897
25 32 0.022843175499210316
25 33 0.02324865646862278
25 34 0.07733166720232057
25 35 0.008508851932872725
25 36 -0.03923289242126601
25 37 0.06091963684901425
25 38 0.11391183995798489
25 39 -0.013100738159139647
26 26 0.0
26 27 -0.09933684834523732
26 28 0.1186429784231072
26 29 -0.004216202217761959
26 30 0.08641979353916232
26 31 -0.12075010111610651
26 32 0.05110250121976288
26 33 -0.0050013786119387504
26 34 0.10172373866004816
26 35 0.037598715485806164
26 36 -0.0651050229918453
26 37 0.01888693271300978
26 38 0.09107488552522171
26 39 0.046667539608241604
27 27 0.0
27 28 -0.07240431812225229
27 29 0.16787385920680484
27 30 -0.1836807707907341
27 31 0.07034747374997422
27 32 0.0829439422623401
27 33 0.10463780340827758
27 34 0.06369100048322193
27 35 -0.14793196646389203
27 36 -0.08126280273985956
27 37 -0.010854124396337875
27 38 0.04078385504790299
27 39 -0.05088961264219792
28 28 0.0
28 29 -0.079965111793485
28 30 0.17096945603921845
28 31 -0.036781084391432656
28 32 -0.04159095451722692
28 33 -0.10480789999360693
28 34 0.04048854554854654
28 35 0.05890093267266104
28 36 -0.021122443182854715
28 37 0.008947886189057702
28 38 -0.046316136271914
28 39 0.008385562737717109
29 29 0.0
29 30 -0.1385924158334299
29 31 0.010702099374321908
29 32 0.12875181391786503
29 33 0.171431337020216
29 34 0.08846332495772243
29 35 -0.10853597559665691
29 36 -0.11461148493607372
29 37 0.059387564315748674
29 38 0.12402927716277375
29 39 -0.020589928987068476
30 30 0.0
30 31 -0.022473809336214026
30 32 -0.13424206618200316
30 33 -0.15218459515870963
30 34 -0.061543236220447065
30 35 0.16612305742077355
30 36 0.044564055064447605
30 37 0.05035550095751591
30 38 -0.0971390930634389
30 39 0.04535167309642678
31 31 0.0
31 32 -0.03495168544172742
31 33 -0.021336628540661207
31 34 0.0493332905824969
31 35 0.010570462952904555
31 36 0.07136173949007384
31 37 -0.0074585284845968295
31 38 -0.04744690034093585
31 39 -0.12915451669602349
32 32 0.0
32 33 0.19024329442522475
32 34 0.07341566303506813
32 35 -0.04095981766838753
32 36 -0.10732054601270227
32 37 -0.07197160073119399
32 38 0.10580292612513617
32 39 -0.0039271302811729305
33 33 0.0
33 34 0.039963402153045134
33 35 -0.03221885958824495
33 36 -0.10702222148792769
33 37 -0.05242865078158694
33 38 0.09798154936303845
33 39 0.013196620551399748
34 34 0.0
34 35 -0.0614292442684804
34 36 -0.04947170232255754
34 37 0.029434243587796182
34 38 0.0875043666489563
34 39 -0.0706509106714909
35 35 0.0
35 36 0.03588909345481318
35 37 -0.036441278318062896
35 38 -0.05585831110024111
35 39 0.04238693379869376
36 36 0.0
36 37 0.041224203597652734
36 38 -0.08939726627844562
36 39 -0.06430979102753617
37 37 0.0
37 38 -0.001900319519406081
37 39 -0.04509676737232308
38 38 0.0
38 39 0.032892574673573274
39 39 0.0
