0 0 0.0
0 1 -0.05991963950961669
0 2 0.02234937522364293
0 3 0.009204927719206831
0 4 -0.18762066825782778
0 5 0.2010433480555467
0 6 -0.051670532277996506
0 7 0.02572266556261397
0 8 -0.13541369674826192
0 9 -0.08564664928206964
0 10 -0.02256656657308906
0 11 -0.05963877665733826
0 12 0.16307710229742764
0 13 0.04846103132886475
0 14 -0.15107868920192516
0 15 -0.015167120618367103
0 16 -0.05257493459410465
0 17 -0.08096126848016913
0 18 0.0408685265741715
0 19 -0.10291634627983744
0 20 0.01371301676699617
0 21 0.058303221919744574
0 22 -0.196607420674672
0 23 0.011087739474689471
0 24 0.1188519655083271
0 25 0.07243464000183353
0 26 0.10807322098892343
0 27 0.15566486856780126
0 28 -0.006122931398059888
0 29 -0.11730677496739597
0 30 0.032059389574417854
0 31 -0.17668494325955464
0 32 0.11744560957588679
0 33 0.1014115474856161
0 34 -0.05419261448130521
0 35 -0.008306586473074641
0 36 -0.011237844494222363
0 37 0.011713270758948981
0 38 0.10936422611319133
0 39 -0.02270039050772537
1 1 0.0
1 2 0.05047826955419592
1 3 0.0998831580735942
1 4 0.04963948379973769
1 5 -0.043005231576194416
1 6 -0.06156952442174324
1 7 0.06814877014886758
1 8 -0.1428873054043279
1 9 0.08850375619711146
1 10 0.05412584520791912
1 11 0.04238491221457352
1 12 -0.11429030007560573
1 13 -0.03410065419005511
1 14 -0.08438044028354855
1 15 -0.20779760546224613
1 16 0.13254201815031713
1 17 -0.18412070854804646
1 18 0.07115230868471231
1 19 0.06748693077236065
1 20 0.04211934215276875
1 21 -0.11262971465732732
1 22 0.07151941557962782
1 23 -0.14255243976017232
1 24 -0.044479107946756816
1 25 -0.017105090907682502
1 26 0.08554756581623515
1 27 0.0030429347588931148
1 28 -0.09242554214714974
1 29 -0.026793277095272922
1 30 -0.01190977268228851
1 31 -0.06530609773570094
1 32 -0.16459437951141787
1 33 -0.09901258274341145
1 34 0.02725149136167206
1 35 0.11514809673323625
1 36 0.08800616164145261
1 37 -0.00801747135476857
1 38 -0.05580866006720152
1 39 -0.023669512622544693
2 2 0.0
2 3 -0.08317761104158128
2 4 0.029626389678077743
2 5 -0.01794295831483562
2 6 -0.050788161712677304
2 7 0.054446939263487926
2 8 -0.04772851817944219
2 9 -0.03064723053445461
2 10 -0.12341131187616142
2 11 -0.11202224191557016
2 12 0.03223783211379093
2 13 0.05346855914319119
2 14 -0.14792558011129012
2 15 -0.03683296787181812
2 16 0.22063952624359334
2 17 0.08871434117931917
2 18 0.012945719585698758
2 19 0.015024423288364716
2 20 0.012822480032192954
2 21 -0.011933931354640008
2 22 0.02045323439531868
2 23 -0.08691009697000912
2 24 -0.03202775135272827
2 25 0.10986303839340225
2 26 -0.009675891111543277
2 27 0.09549209355342099
2 28 -0.16631318496065797
2 29 0.04063362914994722
2 30 0.06934032755971481
2 31 -0.08854882062148996
2 32 0.008595219921676151
2 33 0.01246527233844597
2 34 -0.14599993866145236
2 35 0.07316699075160263
2 36 0.027108776666252297
2 37 -0.01114778373938295
2 38 0.0532754713414334
2 39 0.05363165436921845
3 3 0.0
3 4 -0.20500612256814005
3 5 0.09672441884832057
3 6 0.07452566958252706
3 7 0.09490499667808541
3 8 0.030521051634716544
3 9 0.2339979580506098
3 10 0.1103701517156308
3 11 0.1823631199482964
3 12 0.08076102731994338
3 13 0.12081727478831424
3 14 0.09674381598743345
3 15 -0.004401603895369875
3 16 -0.2246577001331233
3 17 -0.0038042066930931728
3 18 0.09947172079570853
3 19 -0.09524198724652232
3 20 0.005041121753247658
3 21 0.021754866188080882
3 22 0.09769635055383555
3 23 -0.10626723821861217
3 24 -0.13273978196042577
3 25 0.07118647855190186
3 26 -0.0584104570534697
3 27 -0.10917807486115075
3 28 0.06422189980287635
3 29 -0.2570620965775533
3 30 -0.052725763188776184
3 31 -0.18008937600435496
3 32 -0.1702696339213397
3 33 -0.2577636290786618
3 34 -0.042722283375907916
3 35 -0.14632353828578984
3 36 0.07189276269166288
3 37 0.014208338907575257
3 38 -0.110477304810399
3 39 -0.023419546568340617
4 4 0.0
4 5 -0.05676670472798416
4 6 0.2716761860817888
4 7 0.07188080162554104
4 8 0.0005558826171184037
4 9 0.13781918390246478
4 10 0.06942543390801745
4 11 -0.014104264165144913
4 12 -0.17971991096230622
4 13 0.017594322900932415
4 14 0.20164440483028723
4 15 -0.11565258434751031
4 16 0.06582305282531174
4 17 -0.2108460080271763
4 18 -0.06293910829321
4 19 0.22626261270399528
4 20 0.3056438834644499
4 21 -0.06136755169294091
4 22 0.10963817666912874
4 23 -0.19347534495263746
4 24 0.03453633633688934
4 25 -0.37349787334898765
4 26 0.022346602465018843
4 27 0.30808342595452354
4 28 -0.20223439475764637
4 29 -0.16938148370566897
4 30 -0.0016929301467718965
4 31 -0.03426679997064356
4 32 0.01499868200413849
4 33 0.033074534257260244
4 34 0.07864088276035466
4 35 -0.08882931358598557
4 36 -0.17248133277161354
4 37 -0.05229163903226551
4 38 -0.025836271549207146
4 39 0.1112089039013416
5 5 0.0
5 6 0.08432877288011369
5 7 0.1477210948434727
5 8 -0.021264638739584438
5 9 0.03396526271224758
5 10 0.003820870131995782
5 11 -0.07031749562524847
5 12 0.0995698854412496
5 13 0.09560009375408676
5 14 0.14626894254950623
5 15 -0.041090771206847336
5 16 0.01570620010811254
5 17 -0.1490641208221658
5 18 0.08100335511207633
5 19 -0.11246043449698362
5 20 0.008663648537328738
5 21 -0.031066853904118126
5 22 -0.05458259873024161
5 23 -0.07285657866989885
5 24 0.07881283650136008
5 25 0.14113981411373416
5 26 0.0635849033559876
5 27 0.10944148229615853
5 28 0.0407160782183144
5 29 0.00038085777833353626
5 30 0.008358195168862928
5 31 -0.07242348721445334
5 32 0.10395096552642055
5 33 0.04677545517855976
5 34 -0.02580581335635742
5 35 -0.01993421146545662
5 36 0.1341845024454154
5 37 -0.182272840702359
5 38 -0.08818452317309229
5 39 0.07504282129422123
6 6 0.0
6 7 0.09549703122148885
6 8 0.037657266079843627
6 9 0.11796575707233144
6 10 -0.017722102978393984
6 11 0.08763260843470037
6 12 -0.017825565505768547
6 13 0.09742858052388802
6 14 0.22310743705546648
6 15 -0.053988719860705026
6 16 0.061792251008106834
6 17 -0.026650718818255214
6 18 -0.02199203639361543
6 19 0.08813305200150837
6 20 0.14450370377724
6 21 -0.003173222338679222
6 22 -0.019271869771757065
6 23 -0.05604264326711188
6 24 -0.0048486301805353346
6 25 -0.09168149691160027
6 26 -0.032908011819428075
6 27 0.08059769607593772
6 28 0.027109058676827336
6 29 -0.02058934366676166
6 30 -0.050943075719051614
6 31 -0.02597778297622701
6 32 0.0016175078486763105
6 33 -0.05499214719678105
6 34 0.010735028721526662
6 35 -0.16056450040131187
6 36 -0.03698556729085054
6 37 -0.0966479484237466
6 38 -0.038072567052392134
6 39 0.04791389359805112
7 7 0.0
7 8 -0.19142419945314681
7 9 0.01923410381199842
7 10 0.07189624697857652
7 11 -0.08672912589313855
7 12 0.10809354658327379
7 13 0.04219671794872865
7 14 0.04486913169623571
7 15 -0.11592106600634895
7 16 0.1795112862471981
7 17 0.02637688581222285
7 18 0.06451932743252481
7 19 0.12463979786752259
7 20 0.035566737233321204
7 21 -0.08627891106897764
7 22 -0.08467870747073417
7 23 -0.23534703409574767
7 24 0.10281339894995116
7 25 0.031213398020838223
7 26 -0.03345511562260782
7 27 0.06981198825896485
7 28 0.03239482582031252
7 29 -0.017004533376299567
7 30 -0.011849645217092497
7 31 -0.036019147391731066
7 32 0.020520666854909837
7 33 -0.08749949472994746
7 34 0.013115825719824883
7 35 -0.1265334419902418
7 36 0.06510397934689954
7 37 -0.07340077215757727
7 38 -0.13066126820149265
7 39 0.018979273450007876
8 8 0.0
8 9 0.04997404915190484
8 10 -0.0028483301843510874
8 11 0.1306733326536123
8 12 -0.03235363404121924
8 13 0.04215621695948919
8 14 0.1356018594161424
8 15 0.10897688089509663
8 16 -0.17269749529599518
8 17 0.08121542127614971
8 18 -0.053827874239618136
8 19 -0.12496510278277673
8 20 -0.10067255885992735
8 21 0.11501231430704321
8 22 0.11986739940654116
8 23 0.2250385782329737
8 24 -0.1265601620699409
8 25 0.08205056048573382
8 26 -0.06996676291358493
8 27 -0.05438962472094189
8 28 -0.006658842842006142
8 29 0.004217391394209776
8 30 0.028327599110890656
8 31 0.05475535006397144
8 32 0.0016431206309372702
8 33 -0.03039931017077363
8 34 -0.033976527762573504
8 35 0.03504451941678665
8 36 0.017331116961380347
8 37 -0.041507494214992155
8 38 0.06895775878859055
8 39 -0.011191379382826633
9 9 0.0
9 10 0.04766310454576196
9 11 0.043652344508612856
9 12 -0.1459113184232399
9 13 0.03550944517578815
9 14 0.2208789203623427
9 15 -0.021360176911349275
9 16 -0.053064324228635475
9 17 -0.13453035907142277
9 18 0.006381998465550138
9 19 -0.03749357586415206
9 20 0.21042732937417732
9 21 -0.0133226684160375
9 22 0.17880696243017574
9 23 -0.03902148777826513
9 24 -0.11837590689479575
9 25 0.022853285567829264
9 26 -0.017351133082840576
9 27 -0.004756390587395959
9 28 -0.10300740447814956
9 29 -0.20513111418523972
9 30 -0.07070461452849944
9 31 -0.10832420461843326
9 32 -0.17640805772285864
9 33 -0.07812457628285817
9 34 -0.10280501282437468
9 35 -0.043103666928012
9 36 0.05216784412099752
9 37 -0.0945266942141269
9 38 -0.08569218624538208
9 39 -0.004692997498377957
10 10 0.0
10 11 0.06634463384169305
10 12 0.0841017529927629
10 13 -0.136655892580552
10 14 -0.00243852345619506
10 15 -0.012133826293824847
10 16 -0.26959359725415816
10 17 -0.001971543822126516
10 18 0.05426109563142749
10 19 -0.022456226479999036
10 20 -0.008431947026770244
10 21 0.07083801244530674
10 22 0.08410001627769574
10 23 0.05990558980842683
10 24 0.07919778148457038
10 25 0.12994561386523765
10 26 -0.05520387924589013
10 27 -0.05702371288665655
10 28 0.14820430316784497
10 29 -0.21873659272099485
10 30 -0.07586668772248281
10 31 -0.06023892137566572
10 32 -0.00014826274977779776
10 33 -0.005166286370040478
10 34 0.0617879749538073
10 35 -0.04589795011816761
10 36 0.07285339340636952
10 37 -0.022463742376520088
10 38 -0.053151890995302695
10 39 -0.09594897232827104
11 11 0.0
11 12 0.0713033518955882
11 13 0.13164293225915655
11 14 0.005439633805008991
11 15 -0.10055633312299483
11 16 -0.11129408560984533
11 17 0.030473535277708803
11 18 -0.004577365103224641
11 19 0.016078026331488363
11 20 -0.033001181131294695
11 21 0.11901275634573186
11 22 0.046318478913368266
11 23 0.14633807089633089
11 24 -0.07861369232509295
11 25 0.021456301064182184
11 26 -0.015645875171629707
11 27 -0.04934668319327064
11 28 0.07048867859479382
11 29 -0.02448214222090314
11 30 -0.04471107718539263
11 31 -0.0429081625607806
11 32 -0.08207254166648024
11 33 -0.14937759899229638
11 34 0.06420531762605745
11 35 -0.07364012024429333
11 36 -0.05430009904983283
11 37 0.06172222526862079
11 38 0.05626684238253045
11 39 -0.04482136920486248
12 12 0.0
12 13 0.0616815840156925
12 14 -0.15556412839032313
12 15 -0.00418704769784632
12 16 -0.10912082766886552
12 17 0.2087809046716837
12 18 0.08935265378779332
12 19 -0.018212846497537388
12 20 -0.11422950827399606
12 21 0.07639310473051195
12 22 -0.09953163966869405
12 23 -0.0033908726971997164
12 24 0.0775455586928796
12 25 0.21504121081343075
12 26 -0.08681183895884456
12 27 0.003415270447383445
12 28 0.1182530862233631
12 29 -0.10211970173798472
12 30 0.0423156622204962
12 31 -0.13231319520653578
12 32 0.11109254498444299
12 33 -0.0049914809902792505
12 34 -0.005841649136490116
12 35 -0.13487312749354957
12 36 -0.03179296306678756
12 37 0.058713788121219815
12 38 0.037004394810399584
12 39 -0.004639322418395474
13 13 0.0
13 14 0.021331679783637782
13 15 -0.06492250022061974
13 16 0.12674339565974918
13 17 -0.021677656760857984
13 18 -0.0348953406055194
13 19 -0.024233335860898108
13 20 -0.026428679510189866
13 21 0.08592541059090247
13 22 0.026681241694197826
13 23 -0.013602848069773587
13 24 -0.05688301152836154
13 25 -0.02690979683239572
13 26 0.07889013997296301
13 27 0.10711621058015319
13 28 -0.1278143030426788
13 29 0.10529009253395061
13 30 0.03421735780771298
13 31 0.0006240540907353395
13 32 -0.01894468460323577
13 33 -0.14960977369663114
13 34 -0.03716118485602628
13 35 -0.025741035444295512
13 36 -0.038791915859274446
13 37 0.0502857540532823
13 38 -0.013946221948706494
13 39 0.06781080469994041
14 14 0.0
14 15 -0.010369285712949493
14 16 -0.011337876984405547
14 17 -0.12391758240733793
14 18 -0.021330203430840435
14 19 0.01537973458808731
14 20 0.14201551242722843
14 21 -0.05033557529279468
14 22 0.04277952733774591
14 23 -0.009311846410277533
14 24 -0.08209005359303195
14 25 -0.0376845187114838
14 26 0.02994638812454835
14 27 -0.009440002657415276
14 28 0.011466963073514526
14 29 -0.04752898271515195
14 30 -0.020723350843564213
14 31 0.08863383312600784
14 32 -0.05566532920315568
14 33 0.001154369609750927
14 34 0.016656985015008362
14 35 -0.11948687946993226
14 36 0.022040172044146825
14 37 -0.15831788311770056
14 38 -0.12741248987394044
14 39 0.009107594754256617
15 15 0.0
15 16 -0.2241127904878149
15 17 0.10857584148463499
15 18 -0.045330938591770904
15 19 -0.12944635265438353
15 20 -0.059747654779953176
15 21 0.033428401968350466
15 22 0.05522521678406198
15 23 0.06058018972938547
15 24 0.005852581022291017
15 25 -0.0678558882228502
15 26 -0.13893366354198455
15 27 -0.09272238338940846
15 28 0.07122362040564327
15 29 -0.023492983377512593
15 30 -0.033353442842842314
15 31 0.03771600106521051
15 32 0.06622355377380948
15 33 0.029384813364710854
15 34 -0.03540160559981883
15 35 -0.0019059119611702265
15 36 -0.007957225391464118
15 37 0.02056815372421001
15 38 0.00417920760803783
15 39 0.035408274192737677
16 16 0.0
16 17 -0.025525778040330977
16 18 -0.055723527834637035
16 19 0.19831442892185733
16 20 0.07327036709101506
16 21 -0.10738276934670717
16 22 -0.1051186813380145
16 23 -0.125359524987618
16 24 0.02998014582865712
16 25 -0.018072138311342717
16 26 0.10399106416234169
16 27 0.14108638208688
16 28 -0.17289138685317473
16 29 0.3874476636669993
16 30 0.03146590997876342
16 31 0.115935588932187
16 32 -0.005349859191181779
16 33 -0.003705238664377753
16 34 -0.056873245670144804
16 35 0.08745013822919402
16 36 0.04424614555303717
16 37 -0.09604249541066659
16 38 -0.011274923685598478
16 39 0.06554486772354504
17 17 0.0
17 18 -0.0034410337324642846
17 19 0.04141089544038599
17 20 -0.15040219267412863
17 21 0.09876150354071958
17 22 -0.07195506740389186
17 23 0.060026115409147554
17 24 -0.02816140829468918
17 25 0.1565307048738681
17 26 -0.17336031125867962
17 27 -0.11699039522635095
17 28 0.1353368956551966
17 29 0.02814370153638359
17 30 0.03674281676322384
17 31 -0.0006202734171179175
17 32 0.0768707406968817
17 33 -0.03958193006437498
17 34 -0.05507602746526158
17 35 -0.12935768742762652
17 36 -0.04433493408647707
17 37 0.0840100289978711
17 38 0.08337758297852972
17 39 -0.0357821823500349
18 18 0.0
18 19 -0.014255440008179382
18 20 -0.007247612934440165
18 21 -0.0499389087149286
18 22 -0.009253690098946757
18 23 -0.09503895964697562
18 24 -0.00770530082491914
18 25 0.1068484033813005
18 26 -0.003365191222255464
18 27 -0.02510413381018175
18 28 0.04679475210489576
18 29 -0.10791521869570117
18 30 0.022273405808848595
18 31 -0.10302784462069144
18 32 -0.010369268896887522
18 33 0.0060835701736984635
18 34 -0.002227055251469549
18 35 -0.035343782743814015
18 36 0.03688442186705195
18 37 -0.01482997980570526
18 38 -0.038561561665681
18 39 0.008628339362159414
19 19 0.0
19 20 0.07656322957489528
19 21 -0.09249775198192163
19 22 -0.10105563222987872
19 23 -0.12578406913934376
19 24 0.03969064999202365
19 25 -0.14797028155981135
19 26 -0.02403512610985209
19 27 0.03753118918047238
19 28 -0.008673357629378773
19 29 0.038858010451718626
19 30 0.002720300073853016
19 31 0.04681906156675703
19 32 -0.027240325591275143
19 33 -0.03387909026016703
19 34 0.08416015714938364
19 35 -0.10287277829889956
19 36 -0.10218762508466568
19 37 0.03329763000605858
19 38 -0.011402080550309033
19 39 -0.009929251666822939
20 20 0.0
20 21 -0.06744504678333116
20 22 0.08883275769236973
20 23 -0.06791581685605158
20 24 0.00769803392738906
20 25 -0.0228339504353239
20 26 -0.044673253526093616
20 27 0.09201350018370019
20 28 -0.12414424125172077
20 29 -0.20323604656751898
20 30 -0.09887972787012174
20 31 -0.16164935454048146
20 32 -0.10607424263299266
20 33 0.0922562532042982
20 34 -0.10519151117660683
20 35 -0.08215096755520641
20 36 -0.05382955886875599
20 37 -0.1089014876424284
20 38 -0.030155353264685464
20 39 0.03309498807424198
21 21 0.0
21 22 0.025064250971359704
21 23 0.2046099485514142
21 24 -0.026987040784014225
21 25 0.12938734008862066
21 26 0.08940230230546832
21 27 0.01219846108898157
21 28 0.06558422522054519
21 29 0.02796612511875719
21 30 -0.011308615861054663
21 31 -0.004389919098457853
21 32 0.06964689871667248
21 33 0.005150234128983694
21 34 -0.04764313044991262
21 35 0.0009844110757398967
21 36 0.006673446185791028
21 37 0.05562207156606701
21 38 0.08832414490892672
21 39 -0.05093618277580122
22 22 0.0
22 23 0.06482811348360656
22 24 -0.08656587063726988
22 25 0.10167032191506327
22 26 -0.09720283859465514
22 27 -0.060677336997129516
22 28 -0.13207887543588198
22 29 -0.09446609252655172
22 30 -0.0695087160690905
22 31 -0.03758809321480891
22 32 -0.14075553386030135
22 33 -0.042731425562199034
22 34 -0.09334650118981377
22 35 0.10174204323204264
22 36 0.06809664120139644
22 37 -0.04593846339169237
22 38 -0.08454489745117648
22 39 0.039604174188447826
23 23 0.0
23 24 -0.008672292643786229
23 25 0.19974186758309756
23 26 -0.0016497236226589679
23 27 -0.062408318022146095
23 28 0.040689665940953544
23 29 0.07875587069390695
23 30 -0.039234404846202206
23 31 0.0770602665832091
23 32 0.03362507892668752
23 33 0.09426198248749554
23 34 -0.035698697179461655
23 35 0.10370762190188551
23 36 0.022825257222395083
23 37 -0.018461952418314387
23 38 0.13822752515887796
23 39 -0.10074752958548952
24 24 0.0
24 25 -0.03569055518413704
24 26 -0.05687416522962574
24 27 0.06414315632285197
24 28 0.08203204705239751
24 29 0.05631180879006298
24 30 -0.06073871738916451
24 31 0.020958399392121012
24 32 0.12064605937839756
24 33 0.07397867240805478
24 34 0.06448223251266891
24 35 -0.004126773492053272
24 36 0.01696387596499913
24 37 -0.05464740323747295
24 38 -0.012120820807044118
24 39 0.01273262551312516
25 25 0.0
25 26 -0.027599154665153357
25 27 -0.07397153466263123
25 28 0.026309434177299078
25 29 -0.10163030679756815
25 30 0.022816137585712118
25 31 -0.16168050689284086
25 32 0.003825509070731822
25 33 0.13229324681418586
25 34 -0.20502602850020518
25 35 0.04390739416145507
25 36 0.17956456046077812
25 37 -0.12955281063863922
25 38 0.027165832719577277
25 39 -0.07382687657098602
26 26 0.0
26 27 0.08672605318687575
26 28 -0.009554887315916713
26 29 0.14320096109698538
26 30 0.08605957054080023
26 31 0.086510660066462
26 32 0.04587772498324175
26 33 0.06799246537900358
26 34 0.04537171006416645
26 35 0.08385063548009548
26 36 0.008766280536979865
26 37 0.08102330412151941
26 38 0.007082720018370081
26 39 -0.027277895404116813
27 27 0.0
27 28 -0.1577599896758149
27 29 -0.020724670789171222
27 30 0.0446691786420385
27 31 -0.07050868979183281
27 32 0.06946183138595122
27 33 0.03562925999994519
27 34 -0.03258121418651136
27 35 0.013597535900034619
27 36 -0.03981321329633769
27 37 -0.04018003381950695
27 38 0.05668248159690006
27 39 0.046139910406408385
28 28 0.0
28 29 0.12061477283834783
28 30 -0.09902443092936417
28 31 0.050946925361275305
28 32 0.15609049322897106
28 33 0.027883820493825557
28 34 0.12729306315973846
28 35 -0.12212769256787974
28 36 0.0779788685245803
28 37 -0.0332465848557749
28 38 -0.027914633456151573
28 39 -0.015438334286307595
29 29 0.0
29 30 -0.021946751198606226
29 31 0.33164349348802
29 32 0.15141609168125528
29 33 -0.0011719168713173775
29 34 0.0881793641994587
29 35 0.16934517728963738
29 36 0.10445181069885327
29 37 -0.04581934740763298
29 38 -0.010475300529833772
29 39 0.08715468918688918
30 30 0.0
30 31 0.018706769298116183
30 32 0.01784849350793554
30 33 0.012218059827624214
30 34 0.0014234727151237081
30 35 0.017325656967155472
30 36 -0.055588326979701105
30 37 0.08003361551688656
30 38 0.040826126370882745
30 39 -0.013213066328648559
31 31 0.0
31 32 0.051504642685426316
31 33 -0.011376246942106127
31 34 0.13950847442696876
31 35 0.0816673772033236
31 36 0.00034940776057474477
31 37 0.0394763579085979
31 38 -0.056873470485228436
31 39 -0.012309846009305205
32 32 0.0
32 33 0.11589243815970138
32 34 0.0417215165577139
32 35 -0.009339386531508752
32 36 0.017990488811606233
32 37 -0.03160666917881613
32 38 0.05077209544666791
32 39 0.04411246224367961
33 33 0.0
33 34 -0.03969723528641984
33 35 0.053466702306856365
33 36 -0.00793990855794956
33 37 -0.06619930807440964
33 38 0.055390314670117
33 39 0.004255386491813055
34 34 0.0
34 35 -0.031197623783382977
34 36 -0.05499338720412657
34 37 0.06816670157234685
34 38 -0.04054664388887132
34 39 -0.013603387184082568
35 35 0.0
35 36 0.10974682230705057
35 37 -0.03167136710936096
35 38 0.03102787327605268
35 39 0.006050482605874512
36 36 0.0
36 37 -0.1625005229656065
36 38 -0.0621168720043207
36 39 0.0063549750367911245
37 37 0.0
37 38 0.0429910204729793
37 39 -0.04633093623185873
38 38 0.0
38 39 -0.04576379233456351
39 39 0.0
