0 0 0.0
0 1 0.04371740340391287
0 2 -0.04542559236281407
0 3 -0.04899679513751355
0 4 0.20224555514207504
0 5 -0.0848956929029925
0 6 -0.0640039282676214
0 7 -0.05897548403978037
0 8 -0.08833894034698006
0 9 -0.14414592601917192
0 10 0.17807229628784918
0 11 -0.26292281301786924
0 12 -0.1449213730200626
0 13 0.02803151581930751
0 14 0.0604049073766141
0 15 0.08142822249749994
0 16 -0.12299689255306823
0 17 0.2517912190685304
0 18 -0.013222678233040578
0 19 0.020925595903358372
0 20 0.04667795754937275
0 21 0.02933827158642131
0 22 0.055442514693898146
0 23 0.14258913715998411
0 24 -0.02164203907425011
0 25 0.16776344451457648
0 26 -0.08205416306956734
0 27 -0.20714378164904718
0 28 -0.1361240321330623
0 29 0.057380403250867386
0 30 0.10481335214708712
0 31 -0.08232881728145328
0 32 -0.05061325051765495
0 33 -0.13202366327382056
0 34 -0.07719769859100344
0 35 -0.11458043772035498
0 36 0.11344960655263539
0 37 -0.06650565500155944
0 38 -0.11200855351103667
0 39 -0.2470726406331961
1 1 0.0
1 2 -0.07052695259205868
1 3 0.13024465900520807
1 4 0.019369719559876132
1 5 0.22568741124078168
1 6 -0.023478375647417393
1 7 -0.13055321043508258
1 8 -0.06997101660700093
1 9 0.007387876641162873
1 10 0.039335736983135174
1 11 0.13513960001364916
1 12 0.10117247341398586
1 13 0.22604667605435141
1 14 0.04944484679744787
1 15 -0.16721192986394526
1 16 0.024070629105258094
1 17 0.010663137683558043
1 18 0.0033258036611932195
1 19 -0.003779674853330972
1 20 -0.02897012429280224
1 21 0.026214003404788865
1 22 -0.1439765367923359
1 23 -0.025296917763885162
1 24 -0.20632698381826917
1 25 0.14383033099360604
1 26 0.06719335018796435
1 27 -0.07774561420840298
1 28 0.031124991013729186
1 29 -0.06637320025824953
1 30 0.08341890804947513
1 31 0.13973232529000038
1 32 -0.08533204962147126
1 33 0.023253915178040815
1 34 -0.02929534536106429
1 35 -0.10971238062414043
1 36 0.036533903318419776
1 37 -0.2753582668973554
1 38 -0.0639246711733132
1 39 -0.05085936006113996
2 2 0.0
2 3 -0.08329923021410689
2 4 0.11108312186727953
2 5 -0.018117577201952825
2 6 0.003859012581167165
2 7 -0.11035480732061347
2 8 -0.04042521438033755
2 9 0.0673226439492334
2 10 -0.049153691007205604
2 11 0.1306868901419746
2 12 0.0066884994486914665
2 13 -0.007056201170212445
2 14 0.18678102407672637
2 15 0.08654081085745155
2 16 -0.06031815364229354
2 17 0.012808568283260408
2 18 0.06466915166393208
2 19 -0.061395804216420415
2 20 -0.03446533113269818
2 21 0.19467640386680773
2 22 0.1205501583093624
2 23 0.13013940602909208
2 24 -0.044893772933847345
2 25 -0.02926192048421559
2 26 -0.03814948116259468
2 27 0.09933147547163146
2 28 -0.16384326875968172
2 29 -0.04303429578097991
2 30 0.05505151641830108
2 31 -0.167672695974818
2 32 0.08237674583106942
2 33 0.23184878495093936
2 34 0.15610332962481444
2 35 0.04204230272607483
2 36 0.08251968175169419
2 37 0.027928747609591537
2 38 -0.05431945102501079
2 39 0.099553965569694
3 3 0.0
3 4 0.07052005780727558
3 5 0.10133408499498024
3 6 0.008388740979482152
3 7 0.05941929497366124
3 8 0.07498228051586002
3 9 -0.060965899547921934
3 10 0.1306388961492615
3 11 0.1981772978012726
3 12 0.07680064586789377
3 13 0.030118170216192848
3 14 -0.04974492551015103
3 15 -0.012805982782630634
3 16 -0.05316905417385824
3 17 -0.11079590810279871
3 18 0.11995186920167875
3 19 0.0679818595464403
3 20 0.17323366183634792
3 21 -0.1034544365714088
3 22 -0.13811075306148066
3 23 -0.0840986632927477
3 24 -0.11364790402893092
3 25 -0.01497579710343877
3 26 0.043075793013595445
3 27 0.005895847236717572
3 28 0.0654670151840265
3 29 0.14872944550776226
3 30 0.13278309233474056
3 31 0.11616523489593307
3 32 -0.20984782159105975
3 33 0.019883525403185547
3 34 0.03834274551942497
3 35 -0.04567855936816077
3 36 0.058146305585797066
3 37 -0.08854377346672784
3 38 0.07605854783973369
3 39 -0.03567800854568774
4 4 0.0
4 5 -0.05825501276540962
4 6 -0.09172544907625743
4 7 0.06499685816345643
4 8 -0.0506267033733422
4 9 -0.17365735261692455
4 10 0.09551661572538235
4 11 0.03148572994055818
4 12 0.0413012092132201
4 13 0.013488195855171813
4 14 0.03169473189681322
4 15 0.09857657046230828
4 16 -0.2156305321909225
4 17 0.10794206997644626
4 18 -0.08991464530729373
4 19 0.08263336601787144
4 20 0.08251474216465274
4 21 0.07023873987556324
4 22 0.13473630160217573
4 23 0.014125211370649255
4 24 -0.02488213326193523
4 25 0.06921953634355067
4 26 -0.055395000169186116
4 27 0.002939996651205034
4 28 -0.17461535518801646
4 29 0.001924048362920546
4 30 0.13756139945743068
4 31 -0.0428387841544599
4 32 -0.017725813909276668
4 33 -0.03373839079227127
4 34 0.12307444551537935
4 35 -0.12336875551236051
4 36 0.13049823131151678
4 37 -0.03959034464360068
4 38 -0.05718289709934279
4 39 -0.14331156138644416
5 5 0.0
5 6 -0.0444675880785405
5 7 -0.16548419112242457
5 8 0.018510385041251243
5 9 0.015657614807815513
5 10 -0.001105830375996688
5 11 0.048525689949248725
5 12 0.07956562415162098
5 13 0.055972990322640984
5 14 -0.003185443687428377
5 15 -0.07147155173818306
5 16 0.03615920419437096
5 17 -0.1278372289354281
5 18 -0.012625839738843176
5 19 0.03672097411411468
5 20 -0.044500890801015276
5 21 0.008010092682561445
5 22 -0.08902568228258863
5 23 0.008318234859250524
5 24 -0.1315862335833915
5 25 0.07168294962967903
5 26 0.04264719839425481
5 27 -0.054114140247716526
5 28 0.007710531818683228
5 29 -0.0023822735606938133
5 30 -0.013803120015556497
5 31 0.063701517299968
5 32 -0.025961745722065506
5 33 0.006676830199554608
5 34 -0.017014679618062176
5 35 -0.0706744337068273
5 36 0.11642306761379825
5 37 -0.09371259510076378
5 38 0.026958380524595132
5 39 0.09525429961965456
6 6 0.0
6 7 -0.014058971285133517
6 8 0.04307234808344122
6 9 -0.023378539009823483
6 10 -0.05733261462196103
6 11 0.08248441067554542
6 12 -0.059601303297491484
6 13 -0.027296235496440856
6 14 -0.04416041632219791
6 15 0.20012422526595
6 16 0.18747932204005618
6 17 -0.01575204940482178
6 18 -0.036838570929877655
6 19 -0.21228035469827855
6 20 -0.041207284682059475
6 21 -0.07961276604515895
6 22 0.17669134001854822
6 23 -0.07819089450590672
6 24 0.014114073845697045
6 25 -0.1842849775111906
6 26 0.03833518489089463
6 27 0.053887334599080974
6 28 -0.12011343695086987
6 29 0.0637858438427388
6 30 0.008227091545371846
6 31 0.04333778783163216
6 32 -0.18076132156172225
6 33 0.25603913856595517
6 34 -0.05188360618380332
6 35 0.0008770222370232198
6 36 -0.18723528327631694
6 37 0.18129154957731414
6 38 0.15954250318321386
6 39 0.0944622759135851
7 7 0.0
7 8 0.047672628973079764
7 9 0.006880456942731433
7 10 -0.04441693856985353
7 11 0.040924428250327244
7 12 -0.023648353770350173
7 13 -0.08223594604087342
7 14 -0.10249835093004418
7 15 0.0002296002155719888
7 16 -0.0824724505750648
7 17 0.021821886136377804
7 18 0.018221257598483635
7 19 0.05781229831242226
7 20 0.0815734951080379
7 21 -0.03435816548677651
7 22 0.02213835322145973
7 23 -0.1315567642983803
7 24 0.20136634384640728
7 25 -0.08489334903757084
7 26 -0.0013719740769277708
7 27 -0.014721218582908244
7 28 0.10125396144530178
7 29 0.01438769858441263
7 30 0.06406084038877954
7 31 0.11404488757415898
7 32 0.035682993110999324
7 33 -0.07113125710280255
7 34 0.025374536312836253
7 35 0.03595962851629901
7 36 -0.11452644451538851
7 37 -0.05333387941855981
7 38 -0.016166793925118307
7 39 -0.09778837381029308
8 8 0.0
8 9 0.09388932717978683
8 10 -0.02092097887463056
8 11 -0.013041409064717699
8 12 0.00361227344115385
8 13 -0.09753343996087106
8 14 -0.0869218458046048
8 15 0.01693395799047784
8 16 -0.05818907795816447
8 17 -0.06287864523040324
8 18 -0.05388051472070664
8 19 0.02138837689749719
8 20 0.0030392252146867692
8 21 0.00510217030517637
8 22 -0.04195102986394768
8 23 -0.04689484331290768
8 24 0.11351255090432695
8 25 -0.08886148859411039
8 26 0.06835128798288406
8 27 -0.06880395839941095
8 28 0.07884213415286045
8 29 0.10513334439576202
8 30 0.06256129558262334
8 31 0.02551809301140547
8 32 -0.05117115121485895
8 33 -0.03556254634358479
8 34 0.03207646441415514
8 35 0.0035052854871794594
8 36 -0.04406296437808168
8 37 0.003136637715427723
8 38 0.10695154332106535
8 39 0.062226768809670804
9 9 0.0
9 10 -0.14587160360586401
9 11 0.02523781474761832
9 12 -0.00923947648271064
9 13 -0.0025328814448074893
9 14 0.06310425442225506
9 15 -0.14732663706869864
9 16 -0.029032386790978824
9 17 0.07509711453773774
9 18 0.04578937680571425
9 19 -0.07854924408122083
9 20 0.024148707760303176
9 21 0.12639801506434056
9 22 -0.16926088419691301
9 23 0.0759810014229104
9 24 0.05898808446412068
9 25 -0.05603674251485676
9 26 0.12007028766640686
9 27 -0.13316708546869638
9 28 0.22871179626704316
9 29 -0.016998743281469258
9 30 -0.017022968855662252
9 31 0.006042807652638914
9 32 0.052991475766496134
9 33 0.08623765411685261
9 34 0.008565567726316604
9 35 0.11013282352433336
9 36 -0.13846149784270495
9 37 -0.22390292908784212
9 38 -0.12925893896224047
9 39 0.09053898273215269
10 10 0.0
10 11 0.08025825958056679
10 12 -0.003083809534339713
10 13 -0.04172276761595062
10 14 -0.039214112405990126
10 15 -0.027069468908389887
10 16 -0.12320703731715407
10 17 -0.04340881208398128
10 18 -0.12116766272586735
10 19 -0.030882800294343354
10 20 -0.0033692499123738617
10 21 -0.14014120332722105
10 22 -0.024072841223526573
10 23 -0.039666514749314416
10 24 -0.041822546767978794
10 25 0.05660371760526518
10 26 0.016151971806604853
10 27 0.043112183384937414
10 28 -0.11894233525555306
10 29 0.05224917437755835
10 30 0.09503143523645245
10 31 -0.04270636726984083
10 32 -0.09346383472518045
10 33 -0.055226952602279264
10 34 -0.06120467156254226
10 35 -0.0005259129688719553
10 36 0.15738450959544148
10 37 0.05550883443226905
10 38 0.11582132538427896
10 39 -0.15079758496540574
11 11 0.0
11 12 0.19367972608467116
11 13 0.04683242611725502
11 14 0.067988686238081
11 15 -0.02536671494640182
11 16 0.03568738961595265
11 17 -0.07366393415637015
11 18 0.042832216658204046
11 19 -0.16854605434720366
11 20 -0.02142048335882957
11 21 -0.0914146325432826
11 22 0.06335362988733124
11 23 -0.17890806786555266
11 24 -0.16063756188015932
11 25 0.05163572215651492
11 26 -0.003767558158780683
11 27 0.15291000034157878
11 28 -0.029492735968728884
11 29 0.029049213076466723
11 30 0.08576511127149039
11 31 0.055975319253857736
11 32 0.06832701710515274
11 33 0.17644965243587646
11 34 0.08325792928654689
11 35 -0.006670213332343236
11 36 0.07609619138595466
11 37 -0.02085712472007931
11 38 0.02928919333580161
11 39 0.11745145200431786
12 12 0.0
12 13 0.031010408532668992
12 14 0.02359049270098173
12 15 -0.017911782226941807
12 16 -0.02027387290524226
12 17 0.053375214121406035
12 18 -0.12608664843563155
12 19 -0.006213834208682309
12 20 0.044151062002116125
12 21 -0.10422457661594711
12 22 0.031766853666924895
12 23 -0.0976206279108783
12 24 -0.09608219462613447
12 25 0.13294525793721915
12 26 0.02043547192141202
12 27 0.04380575516086053
12 28 0.0542292692126488
12 29 -0.004698551666581713
12 30 0.02951724401603096
12 31 0.044600005192198464
12 32 0.09755948838442892
12 33 -0.06082066012912089
12 34 0.06996714135664844
12 35 -0.0741128837764913
12 36 0.028818173767207987
12 37 0.0011912378213820018
12 38 -0.012623522221845734
12 39 0.06976841556831555
13 13 0.0
13 14 0.0220512991809227
13 15 -0.09980172396523848
13 16 0.025061988484966352
13 17 0.1697370925497934
13 18 0.019735913012347745
13 19 -0.062114136634591366
13 20 0.05945019240537066
13 21 0.0036799922049011906
13 22 -0.08411347401526482
13 23 0.04068202198326736
13 24 -0.2559037598511781
13 25 0.04215481381032421
13 26 -0.04404148357950041
13 27 0.07593019570592878
13 28 0.07759766064186543
13 29 -0.06502620096504039
13 30 -0.15959009526582
13 31 -0.10362189572887617
13 32 -0.13919108516496095
13 33 -0.025651127697896993
13 34 -0.006367489789951242
13 35 -0.04713242402431434
13 36 -0.0238492479194815
13 37 -0.05009030907166839
13 38 -0.08929624759726609
13 39 0.004332638098981018
14 14 0.0
14 15 -0.007801170877932534
14 16 0.03547732229850539
14 17 0.07933532061887534
14 18 0.19517875984008162
14 19 -0.047443232078893595
14 20 0.013832073735763766
14 21 0.09790621890093536
14 22 -0.02402441444299986
14 23 0.11134557635893547
14 24 -0.0482815454213527
14 25 0.09704896492030793
14 26 -0.023431402658634665
14 27 0.012467278553144119
14 28 -0.031710434792129996
14 29 -0.04246115713380597
14 30 0.0883178677487657
14 31 -0.04000390157181009
14 32 0.11150012834202568
14 33 0.109114513596419
14 34 0.03263352285858255
14 35 0.04144696026307052
14 36 -0.023325900725961822
14 37 -0.05402512534776884
14 38 -0.14350612726840006
14 39 -0.010605839036883035
15 15 0.0
15 16 0.0018197861336898484
15 17 0.028093483568102345
15 18 -0.04091246799157898
15 19 -0.045779654006123646
15 20 0.0059483234950124695
15 21 -0.03602712339857314
15 22 0.24050051744181772
15 23 -0.004461359261602591
15 24 0.03278246674631634
15 25 -0.03262114976833379
15 26 -0.0728323213810687
15 27 -0.00010650978550069798
15 28 -0.1837537060991121
15 29 0.06348908455470534
15 30 0.00682516519964794
15 31 -0.056883192237211
15 32 -0.010183374431711393
15 33 0.05571779940386373
15 34 0.008645150060324883
15 35 -0.07840758348034242
15 36 0.03200781231015522
15 37 0.19807393008548113
15 38 0.06968517485811372
15 39 0.05967433812941601
16 16 0.0
16 17 -0.13864489045100922
16 18 0.1808736295112372
16 19 -0.07752989618608477
16 20 -0.08490461522984982
16 21 -0.04938689589904753
16 22 0.01690154830152201
16 23 -0.008990207453035637
16 24 -0.03323868936030546
16 25 -0.028586413842003937
16 26 -0.05702713397151332
16 27 0.12020740834768291
16 28 0.06225887017903679
16 29 0.07092337572900233
16 30 -0.029575034860088174
16 31 0.08289989445667381
16 32 0.07546029212140072
16 33 0.18084487489838524
16 34 0.02083863617734946
16 35 0.1299222790023245
16 36 -0.03538607210764218
16 37 0.11889741278532458
16 38 0.05906684324405864
16 39 0.12485286096501173
17 17 0.0
17 18 -0.08377430750125633
17 19 -0.0950926267443175
17 20 0.11615003699146757
17 21 -0.027896640619643125
17 22 0.048123190012420956
17 23 0.05484108504504459
17 24 -0.1038082612007559
17 25 0.12722720567744505
17 26 -0.030353748839805787
17 27 -0.10082253312938798
17 28 0.05665037518252193
17 29 -0.06876613154063246
17 30 -0.08147379237082134
17 31 -0.13087699408844483
17 32 -0.014375554644243773
17 33 -0.13138266675500937
17 34 -0.057527244728410074
17 35 -0.10003424333291684
17 36 -0.1327377562276424
17 37 -0.05472511331468418
17 38 -0.19873604137257783
17 39 -0.08956365773611329
18 18 0.0
18 19 0.011432856423593455
18 20 0.036673707161517924
18 21 0.05298971708354592
18 22 -0.17294573848101824
18 23 0.08658166528001512
18 24 0.047874983301878345
18 25 0.0014791311381086537
18 26 -0.07506086469300309
18 27 -0.0069969003511255404
18 28 0.12504025215139472
18 29 0.023196091774111922
18 30 0.06874725245036091
18 31 0.04384530257648036
18 32 0.07375817957422116
18 33 0.10636723869430793
18 34 -0.06458614319992637
18 35 0.15318069775556972
18 36 -0.09966643486685624
18 37 -0.0530696727185237
18 38 -0.08773788114700862
18 39 0.028131304271288238
19 19 0.0
19 20 0.04591626710847253
19 21 0.0953150346200837
19 22 -0.08915818895315906
19 23 0.03322410717439193
19 24 0.06370943545414294
19 25 -0.01417146618048942
19 26 0.02354451242523961
19 27 -0.017286154575515404
19 28 0.03434635197589365
19 29 -0.010099746403344174
19 30 0.07965053245879855
19 31 0.07013989986680072
19 32 -0.022640298107622223
19 33 -0.09147363289818908
19 34 0.10041547997295056
19 35 -0.012434790086435775
19 36 0.04297845638400514
19 37 -0.10893987514570311
19 38 -0.002299583247685999
19 39 -0.09879329881683281
20 20 0.0
20 21 -0.01840332953347793
20 22 -0.0769143273788469
20 23 0.04420416229834428
20 24 -0.02054374095590278
20 25 0.007917449028789617
20 26 0.007539519342912529
20 27 -0.00987090689724451
20 28 0.07844242552206189
20 29 0.06420178189073784
20 30 0.018737726629023923
20 31 0.028276116654290702
20 32 -0.08799636412121625
20 33 -0.056648750230643044
20 34 0.04439607586942696
20 35 -0.020774966630837322
20 36 -0.0434340318551014
20 37 -0.03695822014585026
20 38 -0.1272044237127832
20 39 -0.10882258995283345
21 21 0.0
21 22 -0.03965577431342725
21 23 0.15430995176579201
21 24 0.05248401841331422
21 25 -0.08107591018974555
21 26 0.032547711712489914
21 27 -0.007437030360772952
21 28 -0.050092969424606504
21 29 0.010005473723521941
21 30 0.14581686820766765
21 31 -0.02379108002041654
21 32 0.0006607580647689921
21 33 0.14514786534763013
21 34 0.22948527193851223
21 35 0.03033232017813699
21 36 0.019301002855050053
21 37 -0.17409468590689858
21 38 -0.10403724665701533
21 39 -0.046214369095660464
22 22 0.0
22 23 -0.050638661178660685
22 24 -0.006092787913175248
22 25 0.023008795057030604
22 26 -0.11527240421890761
22 27 0.03603201397388094
22 28 -0.24841786141161384
22 29 -0.004316962975362105
22 30 -0.04382442335088949
22 31 -0.0626355132822318
22 32 0.11584514829443675
22 33 0.08266770185830681
22 34 0.04019252870846584
22 35 -0.10080931760318908
22 36 0.13163804010859478
22 37 0.18589016382302706
22 38 0.03869611663100703
22 39 0.08703602650424584
23 23 0.0
23 24 -0.018199729328602476
23 25 0.0033572874546557775
23 26 -0.0210729503973778
23 27 -0.039161444442633954
23 28 -0.026457126561170514
23 29 -0.016509288245079027
23 30 -0.02064352860888919
23 31 -0.10681921854667438
23 32 -0.0015221461766911433
23 33 0.06222736712060001
23 34 0.032220895889035255
23 35 0.04894304070630422
23 36 0.0465238264676104
23 37 -0.04188067191690237
23 38 -0.11331506766266394
23 39 -0.024205013105660433
24 24 0.0
24 25 -0.12611893560747867
24 26 0.025874151154032916
24 27 -0.10616559000290834
24 28 0.0945650522084425
24 29 0.09332993946375626
24 30 0.21640360239679932
24 31 0.09465348623278323
24 32 0.18194706417557555
24 33 -0.07928654841254637
24 34 0.011829199793398845
24 35 0.16458829055140647
24 36 -0.13042132524990724
24 37 0.07988970826646086
24 38 0.09560540712898251
24 39 -0.046464686089855795
25 25 0.0
25 26 -0.07447346829782873
25 27 -0.12950959992696814
25 28 -0.01379262572246436
25 29 -0.021027234351291304
25 30 -0.006821979785400399
25 31 0.02539510567036791
25 32 0.19539966737121214
25 33 -0.16740838197718827
25 34 -0.08055384847220282
25 35 -0.13280536870495893
25 36 0.16099474287266569
25 37 -0.07663998387018862
25 38 -0.16005372190709352
25 39 -0.023108467643239948
26 26 0.0
26 27 -0.01887637651264875
26 28 0.05452695295821489
26 29 -0.025641486850102906
26 30 0.06995658392806546
26 31 0.07036497582037572
26 32 -0.11286317062915918
26 33 0.0367955704645794
26 34 0.008958038677709999
26 35 0.017201213937272686
26 36 -0.12519269196831045
26 37 -0.1093412440087356
26 38 0.033661459858345184
26 39 -0.04372168936965061
27 27 0.0
27 28 -0.06899203953132568
27 29 -0.021799791776274686
27 30 -0.025875127310212194
27 31 -0.08468956792569274
27 32 -0.08436678886127015
27 33 0.15814632936567793
27 34 0.16287075298305997
27 35 0.11046282760559198
27 36 -0.030964786036229142
27 37 0.1935357616094569
27 38 0.10830289886462778
27 39 0.00799714382959558
28 28 0.0
28 29 0.04383334903445743
28 30 -0.018747809273369113
28 31 0.06073133705542386
28 32 0.038147653330871
28 33 -0.1258816235515468
28 34 -0.01888690143097016
28 35 0.1254785378133427
28 36 -0.17873056629046719
28 37 -0.11665658155007345
28 38 -0.031810958458063664
28 39 0.0417861048618497
29 29 0.0
29 30 0.19358547725860992
29 31 0.029780260326302304
29 32 -0.015117877212090586
29 33 -0.01168598975602491
29 34 0.15394048646209546
29 35 0.015462744645072229
29 36 0.09291933955642614
29 37 0.08933124264114152
29 38 0.09648979788240344
29 39 0.011191778140205387
30 30 0.0
30 31 0.14323385086835302
30 32 0.03146404835642637
30 33 0.08960260636928563
30 34 0.23340844124532317
30 35 0.0511812065640855
30 36 -0.009518052696222176
30 37 -0.10925481981401372
30 38 0.06280396985476829
30 39 -0.1551398261013595
31 31 0.0
31 32 0.04221561901007043
31 33 0.009337168182181778
31 34 -0.007354477546706252
31 35 -0.021658039890797343
31 36 -0.0460565760723293
31 37 -0.156416895388947
31 38 -0.02794347188647529
31 39 -0.07170949109823573
32 32 0.0
32 33 -0.07105142462035668
32 34 0.0038162329063950173
32 35 0.05521544891472905
32 36 0.13830436026681536
32 37 0.01924675013976396
32 38 -0.1244350370538427
32 39 0.107034373676649
33 33 0.0
33 34 0.15196992310521865
33 35 0.12852784479270232
33 36 -0.013360522823977108
33 37 -0.0378696986886255
33 38 0.03657538672606535
33 39 0.07880790155590156
34 34 0.0
34 35 0.044271704847468084
34 36 0.08327686419840323
34 37 -0.03612513560903768
34 38 0.015429368570145152
34 39 -0.02289370269311622
35 35 0.0
35 36 -0.09476739260932525
35 37 0.047493286665744074
35 38 0.060852553550625375
35 39 0.01636994372726002
36 36 0.0
36 37 0.000497897800419814
36 38 -0.011009539221458892
36 39 0.05392871830763435
37 37 0.0
37 38 0.20675512051222095
37 39 0.12020061385675603
38 38 0.0
38 39 0.09269179310395162
39 39 0.0
