0 0 0.0
0 1 -0.09093781338353588
0 2 -0.05577494005255246
0 3 -0.05862439969965141
0 4 0.0073347108122088734
0 5 0.02415204196592203
0 6 -0.01710116771725939
0 7 0.021178282140556434
0 8 0.016057162726962896
0 9 -0.04358850744037445
0 10 -0.06963479926884913
0 11 -0.008257096945267417
0 12 0.07905443164952797
0 13 -0.016756767551940915
0 14 -0.07247812900447813
0 15 -0.027763168671387024
0 16 -0.03356199782424192
0 17 -0.02508561360898957
0 18 0.0011815197381912928
0 19 -0.09252401703919629
0 20 0.026409283459119755
0 21 -0.03489240297428063
0 22 -0.02005720262719848
0 23 -0.04297002377613228
0 24 -0.11533598908608204
0 25 -0.09096620683300545
0 26 -0.04453753909929699
0 27 0.02832305350819946
0 28 0.029218327519930403
0 29 -0.09929318722541591
0 30 -0.05148745213605149
0 31 -0.044466384435789735
0 32 0.023945788859536014
0 33 -0.030520231348676107
0 34 -0.027627436934105676
0 35 0.03767641154954378
0 36 0.027764580395122845
0 37 0.02884263932666506
0 38 0.06287907893586059
0 39 0.0003318719594954788
1 1 0.0
1 2 -0.04556557085343934
1 3 0.07929576444113064
1 4 -0.08972463144595974
1 5 -0.03722129789557464
1 6 -0.07140015453447694
1 7 -0.11245734298665974
1 8 0.19721972291883055
1 9 0.16227202438311017
1 10 0.09844362861190026
1 11 -0.13638181074931607
1 12 -0.04121849722677526
1 13 0.23096682012540456
1 14 -0.016570088360635154
1 15 0.1469457062379777
1 16 -0.021347605461650678
1 17 -0.0991073032573962
1 18 0.19454510097742403
1 19 0.00548121226017821
1 20 -0.12409211609497244
1 21 -0.11853889379718507
1 22 0.020299767595972164
1 23 0.08630712286272804
1 24 0.14541620241289013
1 25 -0.030994943134255343
1 26 0.07279868353929234
1 27 -0.027202990299739223
1 28 -0.03417099542034689
1 29 0.09521320839016842
1 30 0.0401287451735793
1 31 0.0037467610666305344
1 32 -0.13407604962223119
1 33 -0.14560136724141134
1 34 0.15749575367133362
1 35 0.09572688989230138
1 36 0.019065271654757153
1 37 0.05993168497697785
1 38 0.03193350405223865
1 39 0.07110845526568359
2 2 0.0
2 3 -0.025060495146148117
2 4 -0.011295947175009237
2 5 -0.006490446058015483
2 6 0.02898017669900858
2 7 -0.002271328921949409
2 8 -0.05406268771956332
2 9 0.0207187061389222
2 10 0.04285527614279261
2 11 0.07015726022911341
2 12 0.022481480633600247
2 13 -0.03131190909474986
2 14 -0.00718265964001575
2 15 -0.017448148490777617
2 16 0.01830376639246187
2 17 0.007626522630624459
2 18 -0.00905991893446329
2 19 0.004444640153396987
2 20 0.012280105466611008
2 21 0.024148511104943975
2 22 -0.013723484612497158
2 23 0.10910169781884152
2 24 0.032358637281366454
2 25 0.08716901188747865
2 26 0.01651277473003742
2 27 0.06405552206429109
2 28 0.03557596954937736
2 29 0.06688235325984837
2 30 -0.009792171895377833
2 31 -0.05594072446080831
2 32 0.02698583119553803
2 33 0.0565690770581412
2 34 -0.013145466926967225
2 35 -0.009343852622303193
2 36 -0.037300961573480645
2 37 -0.03949957764497457
2 38 -0.07264384400198375
2 39 -0.009764568421078531
3 3 0.0
3 4 0.004936439264951716
3 5 0.042591015598344314
3 6 -0.019906298837759885
3 7 -0.06110370712835349
3 8 -0.07369254026187991
3 9 0.009695048446217717
3 10 -0.046285855105004145
3 11 -0.11342054470763223
3 12 -0.09599211746458462
3 13 0.04677765496273534
3 14 0.12572775973002698
3 15 0.17669091350979987
3 16 0.016782941247953414
3 17 0.021991156820043205
3 18 0.01875820753665032
3 19 0.09935951087936104
3 20 -0.00387507620954841
3 21 -0.01423635783368006
3 22 0.10305372372920332
3 23 -0.09579731919715109
3 24 0.09243040913084724
3 25 0.11735110371105276
3 26 -0.03138618685438323
3 27 -0.11782946168351147
3 28 -0.07025051612448532
3 29 0.013077713200004174
3 30 -0.016563086636815293
3 31 0.12261853241761647
3 32 0.030716796655153533
3 33 0.010412449817236127
3 34 0.02619684788904998
3 35 -0.03993797029656272
3 36 0.1023348128696165
3 37 0.04781547905631048
3 38 -0.024210666748124367
3 39 -0.06363155750404383
4 4 0.0
4 5 0.035707521619654466
4 6 0.009270541226475523
4 7 0.023263186037268166
4 8 -0.00045586089655197566
4 9 0.020980970542637378
4 10 0.0015816437248829664
4 11 0.058396175040360175
4 12 -0.037248945700229755
4 13 -0.10637724020145756
4 14 0.045193211604737035
4 15 -0.07232525792845665
4 16 0.026045057917558883
4 17 -0.016155623619363714
4 18 -0.005759053139775915
4 19 0.028653937879693836
4 20 -0.010314502253410717
4 21 0.02252241508761832
4 22 -0.059321566864736344
4 23 -0.041903393555124464
4 24 0.07613947620025746
4 25 -0.033069949666878935
4 26 -0.007641619010150115
4 27 0.023658594400532435
4 28 -0.05960238468483621
4 29 -0.06450607729272952
4 30 0.018757358337556075
4 31 0.047664249640862806
4 32 -0.006676770063639174
4 33 0.04437222280517393
4 34 -0.10503096012145012
4 35 0.02484115325114198
4 36 0.07955067768050998
4 37 0.03670569256097014
4 38 0.11887670487183084
4 39 -0.09583170135832898
5 5 0.0
5 6 0.010427007762193751
5 7 0.007795283332190375
5 8 -0.16034848854253642
5 9 -0.100519903801871
5 10 0.0597935284810198
5 11 -0.08221572366730148
5 12 0.07945477463365408
5 13 0.025683529489355206
5 14 -0.03195134960114954
5 15 0.08423280540721416
5 16 -0.03267862165457042
5 17 0.0061785879904034
5 18 0.10116989827801492
5 19 -0.15747952254598868
5 20 0.13512338323685763
5 21 -0.062011004546819404
5 22 -0.03283871671332919
5 23 -0.0298746963837667
5 24 0.053646479834377814
5 25 0.015929109614100108
5 26 -0.019850115120234508
5 27 -0.07219642556284593
5 28 0.022876744271421882
5 29 -0.058205388704588655
5 30 -0.21402663452254847
5 31 -0.017614178215936145
5 32 0.09931097654411705
5 33 0.07390765700712912
5 34 -0.05584296800873536
5 35 0.04729719628609962
5 36 0.007819737935745313
5 37 0.06995356313204984
5 38 0.14990579106754184
5 39 -0.14687429473109842
6 6 0.0
6 7 -0.012089771437492947
6 8 0.013370187026682166
6 9 -0.007567093785440041
6 10 0.012795664773635482
6 11 0.015537291750295504
6 12 -0.01190517019081092
6 13 -0.028081095840959646
6 14 0.03133645384622001
6 15 -0.02107614652646325
6 16 -0.016414368116768073
6 17 0.0684120631629003
6 18 -0.07221264011283411
6 19 -0.020019080067279392
6 20 0.06787184343365296
6 21 0.015380242847609707
6 22 -0.022758897779854435
6 23 0.015654691442595424
6 24 -0.038129304209593734
6 25 -0.005192400077438196
6 26 0.049198674838373105
6 27 -0.016268599786479043
6 28 0.020197566815487594
6 29 0.028607706185742342
6 30 0.03621008495002997
6 31 -0.03342801338281608
6 32 0.05158526082430461
6 33 0.05257449223715427
6 34 -0.01711995599967507
6 35 0.006869625841176809
6 36 -0.0009820381497179056
6 37 -0.05124171834417503
6 38 -0.023425142273641793
6 39 -0.00468350356895857
7 7 0.0
7 8 -0.0914935619138442
7 9 -0.11456882382450251
7 10 0.018181440974827035
7 11 0.07948839881198982
7 12 0.05919578974005261
7 13 -0.11431085806253653
7 14 -0.07938333521136352
7 15 -0.15362227946776402
7 16 -0.049990643468372384
7 17 -0.0016932542435955406
7 18 -0.07442966863356297
7 19 -0.01716132142315948
7 20 -0.03908247413621276
7 21 0.012469808666080676
7 22 -0.08283019440427329
7 23 -0.010650794667387314
7 24 0.024018568428214464
7 25 -0.03382315696092604
7 26 -0.06027630815447501
7 27 0.08170279017912395
7 28 -0.026116021384677085
7 29 -0.0425446344260912
7 30 0.004775341230436604
7 31 0.06587015326236836
7 32 -0.01800412747234151
7 33 0.020299209357250065
7 34 -0.0050401043766885294
7 35 -0.10978569785023791
7 36 -0.11720788654126146
7 37 -0.00823968180615838
7 38 -0.004049053368961444
7 39 0.0453584556658609
8 8 0.0
8 9 0.12300696421318544
8 10 0.043618598710222875
8 11 -0.024844313482846582
8 12 -0.05873797054428266
8 13 0.06033990156391006
8 14 -0.006503925629377037
8 15 -0.056076164161010036
8 16 -0.04470434086277675
8 17 0.03692155838271048
8 18 -0.04353806439407179
8 19 -0.036567055400662136
8 20 -0.012909537246307789
8 21 -0.03492903962349903
8 22 -0.07147136156257079
8 23 0.06370659687183719
8 24 -0.05761151990161802
8 25 -0.21227161620954918
8 26 0.14377744934751524
8 27 0.010499813132190602
8 28 0.019709602985768907
8 29 0.0374202998927673
8 30 0.22619706824828434
8 31 -0.09646840039087545
8 32 -0.05605984376646964
8 33 -0.11146704083348355
8 34 0.03951137792041412
8 35 0.11544817064563728
8 36 0.06674671454166607
8 37 -0.05524886866618596
8 38 0.05510377004720381
8 39 0.10937972724219372
9 9 0.0
9 10 0.02890359901242374
9 11 0.03860188779404096
9 12 0.03122602556709726
9 13 0.12363164615486184
9 14 0.015948658809143708
9 15 0.08972889743667228
9 16 0.07130572028440973
9 17 -0.15044417147366101
9 18 0.09683237615755744
9 19 0.022275849678291805
9 20 -0.0720498657414679
9 21 -0.0924910724156751
9 22 0.0030088875043634807
9 23 0.07740109858422524
9 24 0.05770701767624705
9 25 -0.02013933004084491
9 26 0.08340606806411391
9 27 0.07004488521075278
9 28 -0.06607428786751718
9 29 0.0759368221744253
9 30 0.03708047939248628
9 31 -0.01891981491543094
9 32 -0.1407591615999185
9 33 -0.04168280572566093
9 34 0.018486763435081814
9 35 0.19073599812626524
9 36 0.0646760846608387
9 37 0.06058816463749357
9 38 0.011190051175106647
9 39 -0.018475663455407677
10 10 0.0
10 11 0.045467452086517715
10 12 0.03965517853005433
10 13 0.03855094241807205
10 14 -0.08877657200253966
10 15 -0.030436384790778575
10 16 0.050069827386221934
10 17 -0.03119994802750916
10 18 0.052167505314296106
10 19 -0.051305876199104886
10 20 0.014568636828693832
10 21 0.007988170581443414
10 22 -0.05921109570271695
10 23 0.12676023811794823
10 24 0.12211405946022799
10 25 -0.059187719265735295
10 26 0.06748531405645233
10 27 0.04797793367135742
10 28 0.032430359071854584
10 29 0.06973864873179965
10 30 0.030519189546580998
10 31 -0.06274702051315034
10 32 -0.06215033929809459
10 33 -0.05574239736127713
10 34 -0.028859875810608997
10 35 0.04165928559855049
10 36 -0.07455506765961403
10 37 0.0036433760375478193
10 38 0.0667988914182057
10 39 0.009336241044685901
11 11 0.0
11 12 0.05595012908238448
11 13 -0.10751366637305529
11 14 -0.06924387648972366
11 15 -0.17265820600694565
11 16 0.06501416287897847
11 17 -0.07014330426517501
11 18 -0.011144217777111703
11 19 0.022698629561629016
11 20 -0.05984526189111079
11 21 0.06252301798638023
11 22 -0.07285830305499227
11 23 0.09393396633995246
11 24 0.02593662337596092
11 25 -0.009106045868969202
11 26 -0.00828393605066057
11 27 0.15445058541680448
11 28 0.007438536572597089
11 29 0.005182428391886927
11 30 0.02012751684559401
11 31 -0.04061385803599623
11 32 -0.07175211659419217
11 33 0.025077208960766047
11 34 -0.07697960063004797
11 35 0.0015988257585266453
11 36 -0.08044822068603727
11 37 -0.017657162216308687
11 38 -0.003299904697773705
11 39 0.004030868208297648
12 12 0.0
12 13 0.05070934978290205
12 14 -0.17159516987650533
12 15 0.001696257699071153
12 16 -0.00893961403309476
12 17 -0.11881878901480367
12 18 0.06536042321309272
12 19 -0.1637894063671155
12 20 0.02447650282869984
12 21 -0.09949229372523814
12 22 -0.056006186636057685
12 23 0.0994330094551813
12 24 -0.03817330557772729
12 25 -0.05212391199776839
12 26 -0.015527132950947159
12 27 0.13047448428829517
12 28 0.04076536406363696
12 29 -0.009807435193948097
12 30 -0.1199688492322295
12 31 -0.09246539278721976
12 32 -0.034823755085850436
12 33 -0.02492711161548968
12 34 -0.004082825376695872
12 35 0.09691300250233793
12 36 -0.07779415583060331
12 37 0.05182437619133181
12 38 0.02584820926713765
12 39 0.004746084375416398
13 13 0.0
13 14 -0.03343812288747509
13 15 0.18872488265300402
13 16 0.04425850623989675
13 17 -0.09519478308780374
13 18 0.13144516905137454
13 19 -0.04542884080354827
13 20 0.0024791234175982357
13 21 -0.09437049840251668
13 22 0.08148670425574032
13 23 0.0034107808626516662
13 24 -0.010777243834505446
13 25 -0.031919360876800716
13 26 0.055105877807064184
13 27 -0.07009984355227529
13 28 -0.0018051844079818055
13 29 0.0638621295084595
13 30 -0.05800479487559144
13 31 -0.021264943139550335
13 32 -0.0965306185964235
13 33 -0.10418872003016222
13 34 0.08961696496737068
13 35 0.12845675761851402
13 36 -0.015691432572990775
13 37 0.06286748964902503
13 38 0.005859047561295386
13 39 0.028197561127799108
14 14 0.0
14 15 0.06486371356030621
14 16 -0.02134716863066076
14 17 0.11092050251889589
14 18 -0.08017545904523438
14 19 0.13316251713438193
14 20 0.017998433853072954
14 21 0.03381734688073299
14 22 0.06028893984240322
14 23 -0.12504184483132513
14 24 -0.00020369260516702836
14 25 0.1021965468965745
14 26 0.024398700136943483
14 27 -0.14073812864469065
14 28 -0.0732448979525149
14 29 0.016612319277000687
14 30 0.057641881779072424
14 31 0.1103952249856783
14 32 0.07190567179831168
14 33 0.10710196228711724
14 34 0.017038212180578903
14 35 -0.04590940722433548
14 36 0.10830326032411311
14 37 -0.03893720597331598
14 38 -0.05866590647356473
14 39 -0.0544706634409597
15 15 0.0
15 16 0.04166633021393166
15 17 -0.026944274791644268
15 18 0.0704890081302925
15 19 0.007378653718972991
15 20 0.06468427536806855
15 21 -0.0997581490265215
15 22 0.15838488174362417
15 23 -0.029144924656059383
15 24 0.057368019915163215
15 25 0.11189468840589505
15 26 0.0001715049606007458
15 27 -0.11436794348264893
15 28 -0.02358195977685841
15 29 0.0614516775690024
15 30 -0.06341846516199874
15 31 0.03419505551209361
15 32 0.036524375190211546
15 33 -0.05619724586589072
15 34 0.04998590466782015
15 35 0.07166855496175158
15 36 0.1388718654526502
15 37 0.08550429096715913
15 38 -0.04405736826080203
15 39 -0.06361654398296038
16 16 0.0
16 17 -0.11287232015949182
16 18 0.09595824777841684
16 19 0.10055540845677732
16 20 -0.04367616356595967
16 21 0.09157745902501824
16 22 0.09081681769723332
16 23 -0.010172336676814907
16 24 0.08441675478493531
16 25 0.016603531980281777
16 26 -0.023240006551341966
16 27 -0.001797882567889271
16 28 -0.009614562884420644
16 29 0.009347759223665071
16 30 -0.021650496105444943
16 31 0.016597821398724975
16 32 -0.12615248760729258
16 33 -0.09114582238990522
16 34 -0.09313341452296889
16 35 0.03265482841070503
16 36 -0.007633878952180552
16 37 0.06866787740570138
16 38 0.05113906047146286
16 39 -0.04805865528142065
17 17 0.0
17 18 -0.20891955894687916
17 19 0.0036107582098505618
17 20 0.13155547585909194
17 21 0.059835166339252434
17 22 -0.010638193259688492
17 23 -0.03487647297438916
17 24 -0.0853854790149147
17 25 0.017500590406570923
17 26 0.050522703549881275
17 27 -0.11168738832351519
17 28 0.050979671198904356
17 29 0.02693010097842995
17 30 0.12575908498035543
17 31 -0.013753509552227339
17 32 0.1915692453428039
17 33 0.08793084339515324
17 34 0.01818701113881021
17 35 -0.1217386310122259
17 36 0.03501987117418655
17 37 -0.1386132415576582
17 38 -0.08806757171855036
17 39 0.03763476141150852
18 18 0.0
18 19 -0.024119070262277227
18 20 -0.10254040351225006
18 21 -0.041063743580345355
18 22 0.03268825860618878
18 23 0.03714766364804177
18 24 0.10422687723892746
18 25 0.030875819527801263
18 26 -0.04937880940980846
18 27 0.03002317981542852
18 28 -0.002767943690444109
18 29 -0.032918302222794966
18 30 -0.20548686160689095
18 31 -0.02659962772485395
18 32 -0.12971847475496284
18 33 -0.06671251490884003
18 34 -0.005892019076910905
18 35 0.11564214278314652
18 36 -0.015632434284574896
18 37 0.13327844259651614
18 38 0.13077195938363453
18 39 -0.080686467277489
19 19 0.0
19 20 -0.11476658343356241
19 21 0.11904737958200609
19 22 0.10592796459354219
19 23 -0.08906433908894644
19 24 0.08788454317758142
19 25 0.11656879613538325
19 26 -0.047385849032018965
19 27 -0.05622142676778215
19 28 -0.07761890756673324
19 29 0.02118205922684949
19 30 0.08685843116838454
19 31 0.14441250210826362
19 32 -0.06460136152066585
19 33 -0.010503073510493718
19 34 -0.0062821824756966235
19 35 -0.11603415191072108
19 36 0.03050851695995102
19 37 -0.0024701396750508374
19 38 -0.07805859067095787
19 39 0.0008756302080940413
20 20 0.0
20 21 -0.014093733783348905
20 22 -0.007731318892396225
20 23 -0.005774532228491028
20 24 -0.08797934037560268
20 25 -0.03120997767849747
20 26 0.062350343682782985
20 27 -0.08075772420298155
20 28 0.0651723727698822
20 29 0.013711716545890092
20 30 -0.0035888506151898784
20 31 -0.07717157510609093
20 32 0.14507070654692186
20 33 0.054531603189795684
20 34 -0.03693862867218096
20 35 0.029138594670858987
20 36 0.03562674652401605
20 37 -0.04983741523680253
20 38 0.0072712217909243785
20 39 -0.03614935556686075
21 21 0.0
21 22 0.04405881756637019
21 23 -0.03430720010766257
21 24 0.007150019024701598
21 25 0.03459945967533456
21 26 -0.03143697356955197
21 27 -0.03637692263781568
21 28 0.03439799708433272
21 29 -0.01184632054761512
21 30 0.047512673021082884
21 31 0.012073427191712926
21 32 0.0010265928984493772
21 33 -0.004276389581478813
21 34 -0.07265074899060443
21 35 -0.1142963235435854
21 36 -0.03871442523717304
21 37 -0.0501457811308378
21 38 -0.014696332287054997
21 39 0.00437700457651864
22 22 0.0
22 23 -0.08088373604722063
22 24 -0.0029892282940256697
22 25 0.09960417256607734
22 26 -0.04753464449877857
22 27 -0.1013714857191494
22 28 -0.006389608134125672
22 29 0.015994620561663363
22 30 -0.032103921755858314
22 31 0.05639942238486555
22 32 -0.011176318130632367
22 33 -0.05252633902889855
22 34 0.01590546891002486
22 35 -0.03825297939686824
22 36 0.038658336444592135
22 37 0.03191093576046916
22 38 -0.0668719949900837
22 39 -0.011114954073232536
23 23 0.0
23 24 0.07611914046611348
23 25 0.025319392470543812
23 26 0.05484959619541131
23 27 0.18577190509280933
23 28 0.0949825160866439
23 29 0.10926316917875449
23 30 0.03604829505701383
23 31 -0.17807807700317974
23 32 0.0090343103693789
23 33 -0.020930537865002655
23 34 0.00473173052896445
23 35 0.05542309004698104
23 36 -0.03777261035421541
23 37 -0.040856181728207513
23 38 -0.053980262146656036
23 39 0.042174841078320965
24 24 0.0
24 25 0.08014967178685836
24 26 -0.026903460631346167
24 27 0.05288511917143277
24 28 -0.06831717002072044
24 29 0.04197299731841182
24 30 0.014209394128339714
24 31 0.08203272819701075
24 32 -0.07365094928547815
24 33 -0.04594156667519888
24 34 -0.049069196723709
24 35 -0.02197558543548202
24 36 0.04238025472428707
24 37 0.08705992183325593
24 38 0.07168654745836535
24 39 -0.07683850368857856
25 25 0.0
25 26 -0.0816106998930046
25 27 -0.011058412428760123
25 28 -0.007202691149737354
25 29 0.05449880320832935
25 30 -0.10273631207080855
25 31 0.05301417770746662
25 32 0.08551888499479239
25 33 0.11235091451611842
25 34 0.028180851184345372
25 35 -0.10609348373997354
25 36 0.024126539053395166
25 37 -0.007351926459469538
25 38 -0.15801410930534623
25 39 -0.06687449913874845
26 26 0.0
26 27 -0.022752121441466742
26 28 0.011643963689627916
26 29 0.07744452202723402
26 30 0.09928526016816674
26 31 -0.06193071439758985
26 32 -0.004547770733958034
26 33 0.006080530735552833
26 34 0.022356179174204786
26 35 0.08792675246364158
26 36 0.0007015200795677287
26 37 -0.0536629143736843
26 38 0.0016264897791267042
26 39 0.03203040387965829
27 27 0.0
27 28 0.02483182552845519
27 29 0.012256565255215401
27 30 0.006568381723013798
27 31 -0.08925844167643564
27 32 -0.05290356769039217
27 33 -0.015875525599839693
27 34 -0.028905907727814345
27 35 0.0378975206100891
27 36 -0.042233460916312096
27 37 0.011600439693458208
27 38 -0.01192335663394679
27 39 0.02740809694013143
28 28 0.0
28 29 0.01666845697433455
28 30 -0.016458969002313348
28 31 -0.13795597451049363
28 32 0.07016271339300743
28 33 -0.015875960354973784
28 34 -0.01134891518695035
28 35 -0.007194480494918523
28 36 -0.03529243945973292
28 37 -0.054457701630632904
28 38 -0.023949045142106322
28 39 0.03269190156667889
29 29 0.0
29 30 0.0760100194169719
29 31 -0.03593425967422724
29 32 -0.008058469614442669
29 33 -0.001375598852014452
29 34 0.05659801047130257
29 35 0.010699792554853507
29 36 -0.033609717740285865
29 37 -0.050887211725017235
29 38 -0.11172280023701878
29 39 0.05080505546742098
30 30 0.0
30 31 0.010344192101841836
30 32 -0.004865463226154428
30 33 -0.0687260018725395
30 34 0.011501170576190599
30 35 -0.048862935024455205
30 36 0.054368948482289146
30 37 -0.0981172947033033
30 38 -0.0654435743590632
30 39 0.11872261474202173
31 31 0.0
31 32 -0.05688379314416749
31 33 0.016832722378668327
31 34 0.02216145551641998
31 35 -0.09207411403977081
31 36 0.015545427116483277
31 37 0.05393364228725894
31 38 -0.004783924589098613
31 39 -0.02652405807405297
32 32 0.0
32 33 0.12245184558391604
32 34 -0.005320064767325381
32 35 -0.07682688000970989
32 36 0.08397586819902834
32 37 -0.08537026308318718
32 38 -0.06825163125832685
32 39 -0.036702228423087194
33 33 0.0
33 34 0.0010912291580648845
33 35 -0.03260711365643339
33 36 -0.0013274393911011863
33 37 -0.06175954482769376
33 38 -0.0590494762370677
33 39 -0.07002442913858202
34 34 0.0
34 35 -0.019268043542256256
34 36 -0.0497241333008577
34 37 -0.032659839453752705
34 38 -0.11078525848279015
34 39 0.09267901848842107
35 35 0.0
35 36 0.05513947825627835
35 37 0.06747884196610597
35 38 0.11174202875557533
35 39 -0.05178847693481607
36 36 0.0
36 37 0.04095871003492653
36 38 0.05044814339533623
36 39 -0.09252554294294486
37 37 0.0
37 38 0.10392440490440487
37 39 -0.07151507613189431
38 38 0.0
38 39 -0.10141845238785138
39 39 0.0
