0 0 0.0
0 1 -0.17787185355680948
0 2 -0.02530095748949926
0 3 -0.04305426897542949
0 4 0.025985841321100357
0 5 0.0842616193434082
0 6 0.0010418559704082656
0 7 0.1387772811015715
0 8 -0.019494262545810333
0 9 -0.09660778183904249
0 10 0.053538257607256126
0 11 -0.17441008964146892
0 12 -0.08128135448001997
0 13 -0.01646433658940484
0 14 -0.006215486768635272
0 15 0.031063523390452853
0 16 0.04155636249516484
0 17 0.1780694245291059
0 18 -0.008871763445172062
0 19 0.14019251214942746
0 20 -0.018781672234968346
0 21 -0.007890438995732286
0 22 -0.05765125193873475
0 23 0.08362781825278429
0 24 -0.06798801101522954
0 25 0.07142074368651874
0 26 0.019930770666486863
0 27 0.06442988849217124
0 28 0.07144040134922122
0 29 0.02410378568345194
0 30 0.009539591331749076
0 31 0.10398074671669322
0 32 0.025994558337860418
0 33 -0.03291942684155525
0 34 0.058849108466257204
0 35 0.05508153439659049
0 36 0.15769010311833595
0 37 0.049541180310345934
0 38 0.06066797801116745
0 39 -0.05340438218668275
1 1 0.0
1 2 -0.21123648948345225
1 3 -0.03540439680339992
1 4 -0.18815887115765084
1 5 -0.06724113809007559
1 6 0.01240313844027827
1 7 -0.18342864025675562
1 8 0.09454987281457812
1 9 0.17450490660061554
1 10 0.04051822370108172
1 11 0.09351048113600005
1 12 0.21100046688806348
1 13 0.06955445602948981
1 14 -0.11812358483286012
1 15 -0.029195260733722573
1 16 0.07034277451210282
1 17 -0.27496966245731
1 18 0.15235717582978361
1 19 -0.16425069139247617
1 20 0.15307986005140956
1 21 -0.08232413056968287
1 22 0.058747853541151474
1 23 -0.0689678974425089
1 24 0.009313540905377591
1 25 -0.06332737509760825
1 26 -0.08107918021590739
1 27 -0.08346128433090316
1 28 -0.13135154271320995
1 29 0.007114819834570046
1 30 -0.21273444220001464
1 31 -0.3158578865172737
1 32 -0.02928833113830323
1 33 -0.24131662682008823
1 34 -0.03295715420006984
1 35 0.01760078337925631
1 36 -0.1140545680799346
1 37 0.09419511101085035
1 38 -0.12503128415057696
1 39 0.12203070898520878
2 2 0.0
2 3 0.09473891829596763
2 4 0.22334930426299127
2 5 0.05007662906077733
2 6 -0.17596611054904768
2 7 0.07132374855598664
2 8 -0.03935432890425372
2 9 0.08390985226660135
2 10 -0.21027824177337387
2 11 0.121501838067623
2 12 0.058742684142770576
2 13 -0.08841766410310645
2 14 0.2704699683998465
2 15 -0.0786159711461897
2 16 -0.002974811761486311
2 17 -0.013533331448198025
2 18 -0.046555447476345026
2 19 -0.02914127843021897
2 20 -0.1653645632302089
2 21 0.04251774786224146
2 22 0.02308713454806607
2 23 -0.0805190720387219
2 24 -0.027604096590755696
2 25 0.0073486182660203025
2 26 -0.046820407560713366
2 27 0.019839335830440414
2 28 -0.1646909983703782
2 29 -0.041279719411260976
2 30 0.07240613018709138
2 31 0.15059673405936616
2 32 -0.145719592371248
2 33 -0.0442840223891664
2 34 0.0015171832001067284
2 35 -0.009473967486676891
2 36 -0.08234081283858355
2 37 -0.16266610830040718
2 38 0.027283894506938695
2 39 0.016662457433638797
3 3 0.0
3 4 -0.06821397704880024
3 5 -0.005809483052501783
3 6 0.1020300806414602
3 7 -0.014018343527085888
3 8 -0.22493360826049477
3 9 0.10367422071975907
3 10 0.007809628173988036
3 11 0.059907296281593726
3 12 -0.030491776727939117
3 13 -0.20795283254182023
3 14 -0.03824228134250714
3 15 0.09338123019824254
3 16 0.04542595924104354
3 17 0.010156436597195468
3 18 0.10410652723616884
3 19 -0.042897323328298466
3 20 0.07887798283672728
3 21 -0.21337610830025136
3 22 0.08381644665964591
3 23 -0.17296420354911501
3 24 -0.03545078125309809
3 25 0.1338120675355289
3 26 -0.026188567916219502
3 27 0.03475403047397369
3 28 -0.05427035970278645
3 29 -0.14945931359201162
3 30 -0.10215521881288489
3 31 0.19653451533554084
3 32 -0.1602779715050475
3 33 0.020870460026924924
3 34 0.025462153017105166
3 35 0.29211865523122854
3 36 0.13255486431839
3 37 -0.13339963188871928
3 38 -0.037791530932769074
3 39 0.056620461941343125
4 4 0.0
4 5 -0.004607634513844569
4 6 0.013649967519094097
4 7 0.00232564184842539
4 8 -0.09344137550347029
4 9 -0.18035501643111063
4 10 -0.1882262771869599
4 11 0.0391347076636067
4 12 0.13910770408837664
4 13 -0.08168455934788812
4 14 0.049931850012829064
4 15 0.01733124087334146
4 16 -0.09336701351329393
4 17 0.03219873807008484
4 18 -0.022614213729472612
4 19 0.03430598980263615
4 20 -0.20369723698862213
4 21 0.04604212201900024
4 22 0.08624212541644216
4 23 0.11658827967105742
4 24 0.022956039001421007
4 25 0.0039304318487228766
4 26 0.1856765262127404
4 27 0.10680655871049853
4 28 -0.0448957228934309
4 29 0.10964692729860485
4 30 0.12871112590894734
4 31 0.05811977930069605
4 32 0.1505600236384677
4 33 -0.10669506055062108
4 34 0.007833980233516839
4 35 -0.07717874081933775
4 36 -0.05222976442916303
4 37 0.0686848171912028
4 38 0.03426654380821527
4 39 -0.03832793161549783
5 5 0.0
5 6 0.010509575927596953
5 7 0.027626725416037345
5 8 0.11162428211350908
5 9 0.11270372595615652
5 10 -0.060137754229364494
5 11 -0.09397708734789705
5 12 0.09432150553544952
5 13 -0.05292570894773627
5 14 0.14899740520190521
5 15 -0.12708898895784584
5 16 0.023406784904153047
5 17 0.07335226742488377
5 18 0.06936053442487573
5 19 0.004067540828350448
5 20 -0.017704275185127568
5 21 -0.10494411320628674
5 22 -0.06949004332413825
5 23 -0.04254209859967899
5 24 -0.0983531313426884
5 25 0.023137975996181403
5 26 -0.06250736400842219
5 27 -0.1563782919771562
5 28 0.003588604588916965
5 29 0.01640377682341705
5 30 -0.11132885104298955
5 31 -0.08187542244269623
5 32 0.005548393365993145
5 33 -0.02244897176735156
5 34 0.020894151134970743
5 35 0.15872820828901357
5 36 0.003904457246032078
5 37 -0.10535141039598665
5 38 0.052354891717243966
5 39 -0.05722288044790678
6 6 0.0
6 7 0.17436441793918078
6 8 0.049116512105768916
6 9 0.13983943102742308
6 10 0.0033256528892665637
6 11 0.015946466098621433
6 12 0.02969608954954337
6 13 -0.11265197393380874
6 14 -0.0500855414756761
6 15 0.03137685732227442
6 16 -0.09593563630720756
6 17 0.008617923884495974
6 18 -0.04545209581642719
6 19 0.13870452518600912
6 20 0.1512345986229799
6 21 0.052807387530685125
6 22 -0.11272097748674051
6 23 0.07452224559877989
6 24 0.12932705411249443
6 25 0.08026990699406682
6 26 0.20650397457379194
6 27 0.06685941174224695
6 28 0.14148890605921471
6 29 -0.10121642855800236
6 30 0.0010126298757698958
6 31 0.08477826853722903
6 32 0.03089678835145359
6 33 0.11638320046426413
6 34 0.13122578709352406
6 35 0.25376807578290345
6 36 0.10665399214711864
6 37 0.03751200816894189
6 38 -0.05949528567213643
6 39 0.1566711707958019
7 7 0.0
7 8 -0.013125231915848145
7 9 -0.0792665026567841
7 10 0.04342804910465513
7 11 0.046404700107036415
7 12 -0.04915979683873332
7 13 0.14469562134998562
7 14 0.2032435258686091
7 15 -0.09780328188857364
7 16 -0.13665328880361127
7 17 0.07769722441473316
7 18 -0.17563630185476414
7 19 0.06892596896454131
7 20 -0.14384130836365563
7 21 0.05306143825183922
7 22 -0.29059853495608223
7 23 0.06561833318495915
7 24 -0.15437042630879597
7 25 -0.06703542316999801
7 26 0.028079119771721173
7 27 -0.001928770139763102
7 28 0.14004450553359038
7 29 0.02549702759739838
7 30 0.094382232109227
7 31 0.32116045673106974
7 32 -0.07286000065064652
7 33 0.08442818728678211
7 34 0.041922767579
7 35 0.09803426203249992
7 36 0.3157015329017493
7 37 0.04994850687361728
7 38 0.037494075473564245
7 39 0.31934873246741874
8 8 0.0
8 9 0.12980519797637713
8 10 -0.19934178221267077
8 11 -0.09721899766592752
8 12 0.13929832401754708
8 13 0.01622614526368674
8 14 0.20855235916329257
8 15 -0.1954634756669019
8 16 -0.12073454588108119
8 17 -0.20509154084499864
8 18 -0.08487227656943316
8 19 0.0971428803904242
8 20 0.1252406854694031
8 21 0.15357375044306265
8 22 -0.1734570089155763
8 23 0.14822827458840096
8 24 0.11193687657339049
8 25 0.09001062197640736
8 26 -0.06774620118771418
8 27 -0.05934835492258461
8 28 0.02020643281367295
8 29 -0.10501785134360561
8 30 0.029717355948447884
8 31 -0.1321648053187349
8 32 -0.012494157844646258
8 33 0.12327208901951041
8 34 -0.021236401093183442
8 35 -0.02851468336508397
8 36 -0.2620465681769705
8 37 -0.06978805639885012
8 38 0.019638180649196986
8 39 -0.07068920332657393
9 9 0.0
9 10 -0.152934757704363
9 11 0.08802811191925684
9 12 0.25916161034889856
9 13 -0.2040627467991778
9 14 0.14812021336154138
9 15 -0.025094865262236164
9 16 0.07248826984318685
9 17 -0.09742641430183904
9 18 -0.1426023717972898
9 19 -0.006743304291619645
9 20 -0.021961752756748783
9 21 0.029761222822650247
9 22 -0.093981407366789
9 23 -0.08722768453831899
9 24 0.031895058167123416
9 25 0.05922933707390643
9 26 -0.06873328082386057
9 27 -0.11860516150538787
9 28 -0.10062340810155868
9 29 -0.1474957862038463
9 30 -0.1349173331388178
9 31 -0.11731959421194035
9 32 -0.1378216195203757
9 33 0.029375984369673154
9 34 0.20217803333015022
9 35 0.39578545335184756
9 36 -0.08605769824896148
9 37 -0.15912536748631143
9 38 0.03742283066892975
9 39 0.09589403082516625
10 10 0.0
10 11 0.10050002780854139
10 12 -0.28109157529330503
10 13 0.17452055486751697
10 14 -0.2599478139310205
10 15 0.12058322211431123
10 16 0.12541143815883643
10 17 0.1691199257657132
10 18 0.09128217111978423
10 19 0.030893127999131992
10 20 0.0959099941953107
10 21 -0.16451865134639473
10 22 0.057013296077667995
10 23 -0.02400789536550258
10 24 -0.08157661887957048
10 25 -0.02805698824378138
10 26 0.0710150113382098
10 27 0.03644218543064505
10 28 0.16220174347131747
10 29 0.03983458168535584
10 30 -0.03214062012611945
10 31 -0.022688465621713096
10 32 0.07843607503625868
10 33 -0.10060249569821786
10 34 0.1775648558986061
10 35 -0.06188894358516935
10 36 0.10082827056020993
10 37 0.21032269209507404
10 38 -0.011697316283437276
10 39 0.04138556068271626
11 11 0.0
11 12 0.04337599978385643
11 13 0.014847561391600868
11 14 -0.057738857669239384
11 15 0.08785877036553716
11 16 -0.02009515715086028
11 17 -0.05823730875328335
11 18 -0.027007028360492052
11 19 -0.1566450777613973
11 20 -0.07902884400533292
11 21 -0.02467249852024586
11 22 0.049304920678935764
11 23 -0.01477508769166779
11 24 -0.011692179280378138
11 25 0.02012674004659864
11 26 -0.08872499003439369
11 27 -0.004269102438134149
11 28 0.010949409480974866
11 29 -0.06110294842224755
11 30 -0.12573877390460297
11 31 0.015145049277299242
11 32 -0.0315661567633564
11 33 -0.19381378542417774
11 34 0.17270040749127935
11 35 0.08562302246830478
11 36 -0.04696602406194238
11 37 0.1522536297595118
11 38 -0.028725622223151105
11 39 0.211898069189998
12 12 0.0
12 13 -0.06718237687139131
12 14 0.0809328427699459
12 15 0.033785969971430005
12 16 0.04380125968486864
12 17 -0.22727268368487272
12 18 -0.18664100902308794
12 19 -0.019793937306619026
12 20 -0.14734467506552706
12 21 0.11082358759357769
12 22 -0.1013078456881866
12 23 -0.07681871127774956
12 24 0.0002361390434962162
12 25 0.04845363556456476
12 26 -0.022228321381685012
12 27 -0.1343226332060842
12 28 -0.16938166411935385
12 29 0.048985846654811344
12 30 -0.19638843760272318
12 31 -0.06683507246791427
12 32 -0.024396934243919963
12 33 0.02598757985040816
12 34 0.14987347400733814
12 35 0.29467432552156425
12 36 -0.053787598914167935
12 37 -0.08620902479263384
12 38 0.15683267545314078
12 39 -0.01831995307020509
13 13 0.0
13 14 -0.040816347595500894
13 15 -0.07738376023671685
13 16 0.025832749801220873
13 17 0.11977271706584895
13 18 -0.11950114224828286
13 19 0.036995882067297974
13 20 -0.07919855932843105
13 21 0.05187739299439642
13 22 -0.12213194710449873
13 23 -0.013132516811844765
13 24 -0.018887608264006542
13 25 -0.2468412991912321
13 26 0.003727179298391074
13 27 -0.05858325662772133
13 28 0.09608893512908279
13 29 0.14271580852963042
13 30 0.0011501827331426631
13 31 -0.06577586594152106
13 32 -0.04982693277182655
13 33 0.08757736245394458
13 34 0.03321632285878324
13 35 -0.39917688270482826
13 36 -0.021276927636014235
13 37 0.045885295313497346
13 38 0.07637365918070246
13 39 -0.04717896338305389
14 14 0.0
14 15 -0.2560648273921673
14 16 -0.13369019697109322
14 17 -0.06815560353624885
14 18 0.022637253748834664
14 19 0.038919982228969974
14 20 -0.07374414349548628
14 21 0.023618241987440593
14 22 -0.13615735886471378
14 23 0.01578402876393497
14 24 -0.04626514913860082
14 25 -0.011706176284388425
14 26 -0.05206375310291349
14 27 -0.14631568265993694
14 28 -0.01757875615410916
14 29 -0.11476397210151615
14 30 0.0710251159873583
14 31 0.03823955911876028
14 32 -0.007668212269975873
14 33 0.0945928903923589
14 34 -0.1731836228046984
14 35 0.06797843122689703
14 36 -0.0392988362930402
14 37 -0.1313343612186277
14 38 -0.10121414790114287
14 39 0.004870207538781221
15 15 0.0
15 16 0.10522699540380351
15 17 -0.01302681481073011
15 18 -0.039645360404742966
15 19 0.08051651517815889
15 20 0.04920081126978728
15 21 0.07470298108130367
15 22 0.05904997621935859
15 23 0.03639809470072446
15 24 0.07701585647246659
15 25 0.12474748235520343
15 26 -0.03268064643441308
15 27 0.13957139659570306
15 28 0.0030226880213584995
15 29 -0.08634105397496905
15 30 -0.09091585710854835
15 31 0.09481875493543754
15 32 0.04718292310038092
15 33 -0.08585460246414252
15 34 0.16771114627850608
15 35 0.09067560265305619
15 36 0.09683239433229467
15 37 0.09112791423126373
15 38 0.033085287330180124
15 39 -0.03298224757628167
16 16 0.0
16 17 0.06057034298817848
16 18 -0.005250510046822576
16 19 0.04373381379079301
16 20 -0.04541665026347341
16 21 -0.018122040162956623
16 22 -0.007981294333695422
16 23 -0.15018300021104897
16 24 -0.04812230875936518
16 25 0.023392066762952503
16 26 0.0032994933068974997
16 27 -0.07140171886703352
16 28 -0.0644414437598519
16 29 0.0706907185466063
16 30 -0.11522670094994988
16 31 -0.05051222845169882
16 32 -0.027697511802486724
16 33 -0.11485080169691649
16 34 0.151040287249129
16 35 0.03257431960651651
16 36 0.10458703818044549
16 37 -0.03409189243794301
16 38 0.034485874962529035
16 39 -0.011880797059988981
17 17 0.0
17 18 0.011170157144112017
17 19 0.07635401715075643
17 20 -0.035256109172708314
17 21 -0.1490340515334107
17 22 0.01704691991448089
17 23 0.05520886272350104
17 24 -0.06655675481694914
17 25 -0.12355401671280727
17 26 0.09817280031965528
17 27 0.0796559448429115
17 28 0.24818583389286433
17 29 0.03757719399013639
17 30 0.07834594366916478
17 31 0.0849381810216055
17 32 -0.004507664745422308
17 33 0.03127362230574328
17 34 0.0698657017404713
17 35 -0.010401328929566524
17 36 0.15718475152403127
17 37 0.022079041430767603
17 38 0.029653023893839513
17 39 -0.05530884450009488
18 18 0.0
18 19 -0.06751948082261196
18 20 0.3141534637191524
18 21 -0.22718829402538118
18 22 0.17512492387443335
18 23 -0.0074102865532215696
18 24 -0.01852546877581374
18 25 0.049699351440971304
18 26 -0.05686272823335501
18 27 -0.08470093016309438
18 28 0.09902106283184023
18 29 -0.13388858485609534
18 30 -0.07234790730185632
18 31 -0.10023767092520772
18 32 0.2473355475188539
18 33 -0.3044809249963075
18 34 -0.3959985361908451
18 35 -0.04933970451248419
18 36 0.11947440823225863
18 37 0.09234413354823176
18 38 -0.4459664853794526
18 39 -0.019845467505399478
19 19 0.0
19 20 0.09540864420393072
19 21 0.11993153922026725
19 22 -0.16049443284223225
19 23 0.10866539842742395
19 24 0.11547976356073157
19 25 0.14171636065076826
19 26 0.14067991096568067
19 27 0.07359863890896667
19 28 0.1392255420292068
19 29 -0.1477363967967915
19 30 0.06737801728559226
19 31 0.12345805759797675
19 32 0.06605474591931257
19 33 0.10846762813841197
19 34 0.12818863077157489
19 35 0.019260079552417857
19 36 0.08434642249547246
19 37 0.0009442823618334263
19 38 -0.04303746106224376
19 39 -0.10299386288011474
20 20 0.0
20 21 -0.056859516061774126
20 22 0.07817806413780974
20 23 0.1177395098351606
20 24 0.18548054015081358
20 25 0.07986773744519654
20 26 0.01539128185136093
20 27 0.1409437942295842
20 28 0.18273923932951872
20 29 -0.2762697502082544
20 30 0.06129167070229585
20 31 -0.00492652059127492
20 32 0.09056677382537492
20 33 0.04701098088151549
20 34 -0.18457881464440554
20 35 0.016565008255671664
20 36 -0.07452219043752198
20 37 -0.005706691869360376
20 38 -0.2523143138855578
20 39 -0.09766761629844585
21 21 0.0
21 22 -0.1523343530947457
21 23 0.09824109053358179
21 24 0.1863330631623495
21 25 -0.0520332024902883
21 26 0.0424292724963259
21 27 0.033660567577234554
21 28 -0.0512446247456461
21 29 0.05693001825976245
21 30 0.12856533216776767
21 31 0.005894343904933334
21 32 0.0702826716292022
21 33 0.07192420330693167
21 34 -0.006714750746795242
21 35 -0.21466247968484065
21 36 -0.013923216933294744
21 37 -0.008511255979186467
21 38 0.0023239822331755787
21 39 0.04182407844546677
22 22 0.0
22 23 -0.014717090316152495
22 24 0.007102346731970967
22 25 -0.022011924725025542
22 26 0.03120650545289011
22 27 0.12849635962006134
22 28 -0.07293901440112296
22 29 0.02876003546398468
22 30 0.01571063068997452
22 31 -0.06772776696145597
22 32 0.049118596443441326
22 33 -0.06531788970532845
22 34 -0.08430960803077772
22 35 -0.014923939669468044
22 36 -0.15406256785954855
22 37 0.08604019279134276
22 38 -0.0055976117935113215
22 39 -0.14329955519310117
23 23 0.0
23 24 0.115561514444703
23 25 0.03220248755860555
23 26 -0.013884590436949756
23 27 0.18609377804019572
23 28 0.17242476591240333
23 29 -0.14043969720349075
23 30 0.13940445873414128
23 31 0.0012446149220102702
23 32 0.11770994783863482
23 33 -0.020115007080521094
23 34 -0.03192436762566508
23 35 -0.08112557777653466
23 36 -0.09989042189051531
23 37 0.13573903381578495
23 38 -0.051122150708742875
23 39 -0.037392590681789246
24 24 0.0
24 25 0.018844522103900384
24 26 0.05921997000731214
24 27 0.13012367956366125
24 28 0.04657022440626506
24 29 -0.13644379244196153
24 30 0.10205726367957595
24 31 -0.0186200463865699
24 32 0.03480742077836058
24 33 0.09640778557914326
24 34 -0.03220788005090473
24 35 -0.12124722407484405
24 36 -0.14128976121198775
24 37 -0.035042927181821434
24 38 -0.08328657121902595
24 39 -0.07823333335576053
25 25 0.0
25 26 -0.05572542045192883
25 27 0.03583882882338889
25 28 -0.015784499894125024
25 29 -0.20332464863929087
25 30 -0.1550371356745651
25 31 0.13585219424758027
25 32 -0.004993350477209733
25 33 -0.09371620488064822
25 34 0.1476516396879771
25 35 0.29062560221981165
25 36 0.05281027102735628
25 37 0.053133074706242144
25 38 -0.024585312575309194
25 39 -0.027941086854115865
26 26 0.0
26 27 0.08371950784988982
26 28 0.09655764196404401
26 29 0.13616648154904923
26 30 0.21649585660667298
26 31 0.08227219426758631
26 32 0.15204163683593136
26 33 0.200793946190241
26 34 0.0708304918888029
26 35 0.054140777363603884
26 36 0.05021386701625089
26 37 0.08575016766040063
26 38 -0.0077059031579366655
26 39 -0.022291589575278804
27 27 0.0
27 28 0.0564777784384069
27 29 -0.1011081856162624
27 30 0.1815719353673741
27 31 0.16183217885902443
27 32 -0.06979306798322263
27 33 0.08794512617534224
27 34 0.07556974313544686
27 35 -0.03603035088941195
27 36 -0.11951094764428609
27 37 0.0583901822730308
27 38 0.08715772785551398
27 39 -0.07512146900042461
28 28 0.0
28 29 -0.1346363815639083
28 30 0.10627424119123421
28 31 0.08512277107408704
28 32 0.152304902446639
28 33 0.06950906791017895
28 34 -0.03732185532880565
28 35 0.02165900977691543
28 36 0.1201939002760044
28 37 0.11179480524730578
28 38 -0.15790266020453417
28 39 0.013296987076578115
29 29 0.0
29 30 0.025063215092660913
29 31 -0.10375998170321102
29 32 0.030385833933632322
29 33 -0.00758279433863876
29 34 0.028163881430070627
29 35 -0.1700157197488451
29 36 0.04868384951301571
29 37 0.04667279720692436
29 38 0.195667247894439
29 39 0.03789576945213789
30 30 0.0
30 31 0.09110545078635601
30 32 0.06978980524080337
30 33 0.21579807525245281
30 34 -0.16438735645733457
30 35 -0.23623583905804288
30 36 -0.08871296663141075
30 37 -0.06285004408786933
30 38 -0.048440056763464474
30 39 0.009065329849317846
31 31 0.0
31 32 -0.10461290259057614
31 33 0.17262032986932957
31 34 0.045092384072571615
31 35 0.1904850877678846
31 36 0.2362883302806213
31 37 -0.023857612830281268
31 38 0.035379893142977965
31 39 0.06137962381066344
32 32 0.0
32 33 -0.12079118900374855
32 34 -0.17904526761431022
32 35 -0.04156250916137916
32 36 0.10287936595603024
32 37 0.22234955942282647
32 38 -0.252760393462179
32 39 -0.03922835127395098
33 33 0.0
33 34 0.030102978447899737
33 35 0.08049937843141022
33 36 -0.14283711580974118
33 37 -0.19643636540805695
33 38 0.23816569451191832
33 39 -0.21809762639167354
34 34 0.0
34 35 0.2838880383732941
34 36 -0.06993413566571004
34 37 0.06486633566501178
34 38 0.37818306132068646
34 39 0.014091882641923506
35 35 0.0
35 36 0.16763138267710123
35 37 0.01928613341601567
35 38 0.1039273586607655
35 39 0.06149285836205929
36 36 0.0
36 37 0.07840260726760619
36 38 -0.1940473590293578
36 39 0.23829493321134204
37 37 0.0
37 38 -0.0848599406495452
37 39 0.04840432964889001
38 38 0.0
38 39 -0.14106819964832668
39 39 0.0
