0 0 0.0
0 1 -0.0317339544977895
0 2 -0.029747194472383887
0 3 0.031003758609573016
0 4 0.009456091880711667
0 5 0.018915687194087594
0 6 -0.012718939772864243
0 7 -0.06499615962562041
0 8 -0.14110387951525555
0 9 -0.08845911168432005
0 10 -0.007631839591790776
0 11 -0.014870273043870097
0 12 -0.0540411219776177
0 13 0.028333432105541394
0 14 -0.12302041141952166
0 15 0.04506867604176113
0 16 0.021459295574090115
0 17 0.02234416308466778
0 18 0.04479622345139757
0 19 -0.09577702553162823
0 20 -0.005617482033750662
0 21 -0.10946107337185285
0 22 -0.0017892824827045874
0 23 0.11246606609330197
0 24 -0.09508634910356752
0 25 0.06800795426748574
0 26 0.023023918239174872
0 27 0.01104796981208071
0 28 -0.0033425044391936455
0 29 0.015426684253156114
0 30 -0.018985958799449566
0 31 0.11988326355144785
0 32 -0.0846053810185979
0 33 0.06887894933584768
0 34 0.033074844487569234
0 35 -0.09848102735830228
0 36 -0.07945989501085768
0 37 -0.0379830916652003
0 38 -0.036469219689274086
0 39 -0.024841827003656048
1 1 0.0
1 2 -0.06035862220174324
1 3 0.0765542745480505
1 4 0.11494789002192896
1 5 -0.009276380093641363
1 6 0.0015274138045636488
1 7 0.17104923632091168
1 8 -0.08732889253630215
1 9 -0.005507315243512998
1 10 -0.06603681765938507
1 11 0.09548006735470274
1 12 0.06347822272379003
1 13 -0.08946192384321298
1 14 0.06488024247738594
1 15 0.009481413086419723
1 16 0.002834571815487164
1 17 -0.018146290551901485
1 18 0.058615424530967575
1 19 -0.06110916112639073
1 20 -0.01955859487803164
1 21 0.10542033731933018
1 22 -0.05895730130391634
1 23 -0.001904520492255145
1 24 -0.08155218348837091
1 25 -0.15905643769164618
1 26 0.048348795144258584
1 27 0.059307909044422714
1 28 0.1297165087311247
1 29 0.14512876708637357
1 30 -0.012283505099887354
1 31 -0.018412907398921173
1 32 0.01864058982001351
1 33 0.05547919482798962
1 34 -0.027993074456801936
1 35 0.22875698096044955
1 36 0.0228408256656131
1 37 -0.005891025389529272
1 38 -0.081474336464432
1 39 -0.16688485178265622
2 2 0.0
2 3 -0.21578468885204286
2 4 0.02181040164036008
2 5 0.10117700811229502
2 6 -0.0018766617861369346
2 7 0.04107307465635286
2 8 0.057560491831427626
2 9 -0.07774923298210334
2 10 0.003180795923564902
2 11 -0.009916124422922449
2 12 0.0944384698367319
2 13 -0.047483982600585846
2 14 0.17756216203857444
2 15 0.03720092561861061
2 16 0.1580599168806875
2 17 0.001910704669104082
2 18 0.2062989664115214
2 19 0.12797537820318916
2 20 0.10157864432092785
2 21 0.11211341009352238
2 22 -0.0014736846541827994
2 23 -0.24725078655235885
2 24 0.16032036314996906
2 25 -0.03035634185596478
2 26 -0.14436618379560281
2 27 -0.10971052180621403
2 28 -0.006890568948835959
2 29 -0.030432671945617766
2 30 0.1490892752036134
2 31 -0.05973012581739244
2 32 0.007610775229921031
2 33 0.06391413110163194
2 34 -0.012356453172751223
2 35 -0.11507316508543652
2 36 -0.03356167631779647
2 37 -0.19987752555459165
2 38 0.027203880787673794
2 39 -0.017275658339419905
3 3 0.0
3 4 0.0679645125018091
3 5 -0.0436800603569303
3 6 0.0001814936117618199
3 7 0.006346384545484675
3 8 -0.11285244870317554
3 9 0.06884264632260709
3 10 0.020902222788872965
3 11 0.0056817902196726056
3 12 -0.02357725638873455
3 13 0.036120196647872485
3 14 -0.07025877733743324
3 15 -0.029443923036830737
3 16 -0.07841604178255089
3 17 -0.010843263930844957
3 18 -0.12088244890841233
3 19 -0.07164910454546994
3 20 -0.03103385244086441
3 21 -0.007549711107260737
3 22 -0.018079094226465888
3 23 0.1807235293972317
3 24 -0.10064598333532337
3 25 -0.005760115666947379
3 26 0.07426304671830337
3 27 0.020623699463078272
3 28 -0.0169678754666003
3 29 0.06478722385022966
3 30 -0.0927017016633839
3 31 -0.000014939286103175341
3 32 -0.036342725527004946
3 33 0.01739654022485165
3 34 -0.023510928526425976
3 35 0.08889265738157394
3 36 0.02656026142801901
3 37 0.1305136235278959
3 38 -0.04253900888222646
3 39 -0.0009521061021523041
4 4 0.0
4 5 0.006003023162659037
4 6 -0.035092158417669814
4 7 0.036940198678840144
4 8 -0.10338711703784056
4 9 0.05641382513072067
4 10 0.009096791311214726
4 11 0.01558052336187304
4 12 0.0027254833368700443
4 13 -0.009737410837143344
4 14 0.09679591269259016
4 15 -0.03195325816019556
4 16 0.010338718810948992
4 17 0.010375691107545843
4 18 -0.02606222303493837
4 19 -0.0015321567558206014
4 20 0.00566409256039252
4 21 0.10393509120447501
4 22 -0.016458673760935592
4 23 0.004838380674601361
4 24 -0.023005000364770645
4 25 -0.04827857530655953
4 26 0.008852940430388163
4 27 -0.02794435101133765
4 28 0.003917866430966441
4 29 0.0683594553152945
4 30 -0.03503397383512431
4 31 -0.04101898961737149
4 32 0.006377848416841646
4 33 0.06061144935342211
4 34 -0.034612918589716574
4 35 0.0802790800737698
4 36 -0.06743042709598825
4 37 0.01041282017484496
4 38 -0.04018251825889353
4 39 -0.08081625795244995
5 5 0.0
5 6 0.04003360147716055
5 7 -0.012737546956853238
5 8 -0.07169858853879506
5 9 -0.09245967054321642
5 10 0.0379583787004084
5 11 0.07316180293999956
5 12 0.034352598584716725
5 13 0.0696417978556518
5 14 0.027783259602622422
5 15 0.005905672041760722
5 16 0.07509865192553192
5 17 -0.022862888635878473
5 18 0.012901257649905639
5 19 0.04106759949432039
5 20 0.04366983252308755
5 21 -0.009767156200238864
5 22 0.007349478351522641
5 23 -0.03568808292878246
5 24 0.045044528976088696
5 25 0.07138086429637637
5 26 -0.0637783115772139
5 27 0.022290270298236867
5 28 0.051383143654906115
5 29 -0.01826519966000702
5 30 0.023285005843207102
5 31 0.0022545816591037276
5 32 -0.04600206678132401
5 33 0.04814262541390148
5 34 0.03182905974190149
5 35 -0.030623695816884462
5 36 0.04865568568743283
5 37 -0.03406048534255867
5 38 0.05393860317713871
5 39 0.025312837904483153
6 6 0.0
6 7 0.0473425800978716
6 8 -0.07403731774069597
6 9 -0.13354265083717237
6 10 0.020307642744988568
6 11 -0.00723527969286176
6 12 -0.007044681541007865
6 13 0.08017067417540893
6 14 -0.0038489022614067807
6 15 0.012409191240590313
6 16 0.021482304682000977
6 17 -0.03259104554102107
6 18 0.05677289126779271
6 19 -0.012628936773962207
6 20 -0.0007581034847157039
6 21 0.0062600693467462455
6 22 -0.03882045142653258
6 23 0.04260550916739959
6 24 0.0031780493479448583
6 25 0.04277546141950841
6 26 -0.05879989301754822
6 27 0.01097589485561207
6 28 0.00981448942798119
6 29 -0.003803130306557354
6 30 0.01626612345713734
6 31 0.0033970856022494953
6 32 0.029471126480173686
6 33 0.008111574028728755
6 34 -0.04629620683653105
6 35 -0.008856963306041236
6 36 0.12276713012209554
6 37 0.047962381647481664
6 38 -0.005710379854280981
6 39 0.008690870344012573
7 7 0.0
7 8 -0.0431561473219164
7 9 -0.04558637873807915
7 10 -0.050237657611978334
7 11 0.029999732504261377
7 12 0.0789231020173636
7 13 -0.06054319695644038
7 14 0.1157192906329811
7 15 0.018973489716011382
7 16 0.014295863332399666
7 17 -0.022448334906217435
7 18 0.12325141378256757
7 19 -0.001558948267601085
7 20 -0.017961854471767527
7 21 0.1333539818117762
7 22 -0.07168010267401062
7 23 0.005657955410733821
7 24 -0.020877423763046833
7 25 -0.1373003290116081
7 26 -0.010291299296758353
7 27 -0.0184079156903333
7 28 0.05491116925820296
7 29 0.11997040329750945
7 30 0.05041630356940526
7 31 -0.08713836541820284
7 32 0.026254745881552827
7 33 0.02572506488948898
7 34 -0.09452312758126319
7 35 0.14136690052355483
7 36 0.0884059871324271
7 37 -0.024048581249861912
7 38 -0.09333121665306317
7 39 -0.10424478006414994
8 8 0.0
8 9 0.19452887763044732
8 10 -0.015204424974641037
8 11 -0.052731626891121416
8 12 -0.0036581804058187437
8 13 -0.09678818076742922
8 14 0.08137612403087645
8 15 -0.0044315438133792
8 16 0.05248579352808681
8 17 0.02172961065950335
8 18 -0.0739102159055712
8 19 0.06790984496770855
8 20 -0.010918180760159123
8 21 -0.034247363053359556
8 22 0.015093631746731145
8 23 -0.19219710655270078
8 24 0.16419834520517354
8 25 -0.09662102437094097
8 26 -0.022180050505634496
8 27 0.04334396572964168
8 28 -0.03896178173300513
8 29 -0.06795711949887259
8 30 0.022404860913798164
8 31 -0.040339962108541724
8 32 0.08067277658560311
8 33 -0.02802634623252892
8 34 0.07678950323181624
8 35 -0.001668621869080426
8 36 -0.05075848311730544
8 37 -0.10117070710261929
8 38 0.04660698451596564
8 39 0.10434660238357345
9 9 0.0
9 10 0.028062404665657792
9 11 -0.015591098426406389
9 12 0.08247622962457092
9 13 -0.09665317808517213
9 14 0.034791342513579064
9 15 -0.048607723672369776
9 16 -0.02669212033855909
9 17 0.045893449615002226
9 18 -0.2474357082274894
9 19 0.07420060727839833
9 20 -0.002233824228423445
9 21 0.03471675822257213
9 22 0.030226830775100612
9 23 0.04855706953921971
9 24 0.10518956326253885
9 25 -0.15432324816644644
9 26 0.04861165866637125
9 27 -0.008664447102709364
9 28 -0.0674831729968521
9 29 0.019785028078288528
9 30 -0.004289360017385517
9 31 -0.1682177716786522
9 32 -0.08112808585332615
9 33 0.00730218255621148
9 34 0.013796507039131082
9 35 0.1164994418389929
9 36 0.014644157791395477
9 37 0.0205360098358501
9 38 -0.030063476440506814
9 39 0.12232321065821081
10 10 0.0
10 11 -0.008919259447545375
10 12 0.003169449726873138
10 13 0.07899904898379695
10 14 -0.008542700630287293
10 15 -0.026232836404634925
10 16 0.00741067640587983
10 17 -0.031107279088597978
10 18 -0.08722015772096536
10 19 0.02603810908071767
10 20 0.04155307309681439
10 21 -0.011115784520416385
10 22 0.004683354899831083
10 23 0.035735242607622356
10 24 0.03328028539979615
10 25 0.06459166944935238
10 26 -0.02558495053885056
10 27 -0.025115372897997555
10 28 -0.05894531263391338
10 29 -0.020680027223229404
10 30 -0.04003752986887898
10 31 -0.01629880070597422
10 32 -0.030862907873705697
10 33 0.0313010601359937
10 34 0.013061610935379534
10 35 -0.0426675800720434
10 36 0.03648700109527531
10 37 0.058753648343439116
10 38 0.04855820719870418
10 39 0.09847183383030342
11 11 0.0
11 12 0.07843769189738199
11 13 -0.020798905841286887
11 14 0.004504846216321897
11 15 -0.017241856912214908
11 16 -0.02667458771373455
11 17 -0.030793878893532946
11 18 -0.030925464056019186
11 19 0.033700885577386354
11 20 0.029803745607975253
11 21 0.019969469305070268
11 22 0.0366196240559335
11 23 -0.04449086898313351
11 24 -0.03593674560809755
11 25 0.008004723291766892
11 26 0.04996597030082923
11 27 0.03471039968581466
11 28 0.10632470629218675
11 29 0.03020018826432444
11 30 -0.015942355772080086
11 31 -0.009749344817878116
11 32 -0.05794573705553506
11 33 -0.02025143543401927
11 34 0.0532885874186211
11 35 0.08808940163724366
11 36 0.006370418326226359
11 37 -0.00028110393401077844
11 38 0.062057047416774244
11 39 -0.03609639204452905
12 12 0.0
12 13 -0.069544107038819
12 14 0.015543491429235385
12 15 0.005812157862240324
12 16 -0.0002605207661834986
12 17 -0.030370094072363064
12 18 0.014360034927691384
12 19 0.0707204629573796
12 20 0.07293776156668438
12 21 0.08343934110324278
12 22 0.006095984946576326
12 23 -0.015737800394967034
12 24 0.036976532817115014
12 25 -0.09443328082703226
12 26 0.0019871926385457333
12 27 -0.04944589199527385
12 28 0.03593786916302888
12 29 0.0518077926655184
12 30 0.06818500244131784
12 31 -0.10673396398744431
12 32 -0.09802387968990774
12 33 0.01137687003529772
12 34 -0.012338998472416828
12 35 0.0825580045763243
12 36 0.11188322246934183
12 37 -0.011794273473406754
12 38 0.0019277317440114443
12 39 0.021052662469957233
13 13 0.0
13 14 -0.01859045990294273
13 15 -0.019753123759359097
13 16 0.02464425904048893
13 17 -0.02105651968726167
13 18 -0.06733091873547764
13 19 -0.0012728265983185814
13 20 -0.005798198141026191
13 21 -0.05177152346466055
13 22 -0.010072237216232538
13 23 0.09474014951137669
13 24 0.019365997233602304
13 25 0.14596113754078935
13 26 -0.06522808077541523
13 27 0.019919673180929
13 28 -0.040178004175276685
13 29 -0.050127941738716264
13 30 -0.040647552992250674
13 31 0.01699741234383891
13 32 0.0023834790228084877
13 33 0.022900638213253294
13 34 -0.014272158247627459
13 35 -0.07775913202660623
13 36 0.07896690183930352
13 37 0.08385822145645577
13 38 0.037175994623291506
13 39 0.085887171497724
14 14 0.0
14 15 -0.03500484173271845
14 16 0.0822941024842821
14 17 0.024969197853944306
14 18 0.03446487894278623
14 19 0.11825509786082126
14 20 -0.029614476475276014
14 21 0.169797809688167
14 22 -0.025445828212971706
14 23 -0.15077976858856132
14 24 0.13033051965781234
14 25 -0.07801644419421574
14 26 -0.08647970866819973
14 27 -0.025246881075596694
14 28 0.015086900721643075
14 29 0.02300683911262536
14 30 0.058102291322464916
14 31 -0.153820585495195
14 32 0.10012522534968285
14 33 0.007566969317741344
14 34 -0.07481236278273001
14 35 0.07470470685644719
14 36 -0.017968840030567205
14 37 -0.09087015539377327
14 38 -0.026403636473186533
14 39 -0.058664342351296805
15 15 0.0
15 16 0.06663649698776339
15 17 0.014840083267953857
15 18 0.08407412338671623
15 19 -0.04367583947109789
15 20 -0.006139316430480891
15 21 -0.04318931245225142
15 22 -0.03257250571366102
15 23 0.0190329037256804
15 24 0.008366441312767687
15 25 -0.03729959971456079
15 26 -0.0357595751786309
15 27 0.03189963729855556
15 28 0.02622238932167289
15 29 0.014067382821520041
15 30 0.05241440614120111
15 31 0.03601555735407434
15 32 -0.021805940428610192
15 33 0.05532470113717138
15 34 0.0018009174511749598
15 35 -0.019350736657913797
15 36 0.03284118324985623
15 37 -0.0676357359478382
15 38 -0.051382881419113034
15 39 -0.015886489232494465
16 16 0.0
16 17 0.035158857507951766
16 18 0.07049719586846072
16 19 -0.0064169643480559355
16 20 -0.00450656495909054
16 21 -0.038292910575665855
16 22 -0.06910523884113237
16 23 -0.036437527517680715
16 24 0.14789810216322355
16 25 -0.06072486820215397
16 26 -0.15651499252463674
16 27 0.08593068491263471
16 28 0.039359724059507675
16 29 0.00016737120884172157
16 30 0.09858279647367987
16 31 -0.007345141111686611
16 32 -0.008487243985049754
16 33 0.16270236677424615
16 34 0.010060140881304663
16 35 -0.022888639781205904
16 36 0.07517087765046188
16 37 -0.15594873077243343
16 38 -0.06608355998827509
16 39 0.02692348460287635
17 17 0.0
17 18 0.0044813423219197315
17 19 0.009496096303158686
17 20 -0.060248783562172406
17 21 -0.013188355949845751
17 22 0.005431350999122108
17 23 0.019905232858431113
17 24 0.045955400540585584
17 25 -0.03209533887729957
17 26 -0.030593774883515
17 27 0.03436985038151261
17 28 0.01830581779091635
17 29 -0.028700173218244522
17 30 0.06497171786651988
17 31 -0.034889672121480274
17 32 0.006630012437058744
17 33 -0.01326396629436179
17 34 -0.029647536830578868
17 35 -0.0014268859441233781
17 36 0.00016567535255394665
17 37 -0.05541772940654884
17 38 -0.06142272946610948
17 39 -0.025631527670045028
18 18 0.0
18 19 -0.04124149619049602
18 20 0.00841437399175351
18 21 0.054619179044339994
18 22 -0.05287752084332219
18 23 -0.10322748798633463
18 24 -0.03093913112318585
18 25 -0.05165863621514114
18 26 -0.063300449918255
18 27 -0.04151988707011952
18 28 0.058181024983653504
18 29 0.03026544130351087
18 30 0.11885731265143384
18 31 0.0647643013796034
18 32 0.06316910262098865
18 33 0.0199443261978883
18 34 -0.06210512334851702
18 35 -0.0519630242858848
18 36 -0.009566394819482658
18 37 -0.1320217260982344
18 38 -0.07396356956814575
18 39 -0.16252956349380226
19 19 0.0
19 20 0.02500685626096566
19 21 0.09157736856008176
19 22 0.05166607988048103
19 23 -0.09831226663356434
19 24 0.11510246417660959
19 25 0.01062222972825223
19 26 -0.041901792882907726
19 27 -0.05745004413416738
19 28 -0.007196638573016249
19 29 -0.056718199499407415
19 30 0.06461479446443666
19 31 -0.13991507343232265
19 32 -0.000060942587917654136
19 33 -0.07794904668382813
19 34 -0.027895814415960913
19 35 -0.0006877958058717092
19 36 0.04383097783504398
19 37 -0.010991622251694193
19 38 0.05797378855164871
19 39 0.0478752219923873
20 20 0.0
20 21 0.02107670413610425
20 22 0.016098151490443923
20 23 -0.06294509041993282
20 24 -0.002591116169560771
20 25 0.022007470599872174
20 26 0.008710201854040322
20 27 -0.0695714582362182
20 28 -0.030059957206751114
20 29 0.007515869376179536
20 30 -0.02441580208551375
20 31 0.021361688312669228
20 32 -0.04932324117731745
20 33 0.03353926583029343
20 34 0.04731710006938302
20 35 -0.03932210597746032
20 36 -0.01603296583370711
20 37 0.011723831467426487
20 38 0.07482329946820473
20 39 0.0459956168509849
21 21 0.0
21 22 -0.008626881116273057
21 23 -0.07985139034362229
21 24 0.025038456902626294
21 25 -0.08891109830205547
21 26 -0.009869975037903777
21 27 -0.09937566113112668
21 28 0.003025798145126611
21 29 0.05256614838220257
21 30 0.040363921710720896
21 31 -0.1448504284854146
21 32 0.05615648296071198
21 33 -0.04599506670895101
21 34 -0.10435722945981525
21 35 0.10733541934017014
21 36 0.02897363069796922
21 37 0.024854777696164128
21 38 -0.022926235861556062
21 39 -0.08553263902739877
22 22 0.0
22 23 -0.04946736356181667
22 24 -0.011638890381138096
22 25 0.06375249005361068
22 26 0.04809464952480172
22 27 -0.02780328582099969
22 28 -0.000772704631354139
22 29 -0.05438411440127004
22 30 -0.015926395869359507
22 31 0.0003824529310587129
22 32 -0.0168996074628014
22 33 -0.08574347014409235
22 34 0.03694262475002164
22 35 -0.03571469543153029
22 36 -0.0644513140134899
22 37 0.019133298343248582
22 38 0.07459964661512505
22 39 0.014149358025604537
23 23 0.0
23 24 -0.08607862542275974
23 25 0.009846788437999642
23 26 0.021695957232170215
23 27 0.025358745239514053
23 28 -0.04907389818693823
23 29 0.06774828762896168
23 30 -0.020816604099458215
23 31 -0.031156872881782843
23 32 -0.13600289925044845
23 33 0.06056141385213567
23 34 -0.08127043502812406
23 35 0.025943970070740896
23 36 0.16627784215686114
23 37 0.12696368474884687
23 38 -0.13009925110894868
23 39 0.070315157874371
24 24 0.0
24 25 -0.05433782129281656
24 26 -0.15780201386930576
24 27 0.036922447599640786
24 28 -0.0039030809877195352
24 29 -0.07772768263880755
24 30 0.12680295336965078
24 31 -0.13321806420067095
24 32 0.02221112325542892
24 33 0.03418650185172059
24 34 -0.022925024097058523
24 35 -0.01013155735752294
24 36 0.13400015534448692
24 37 -0.0872429930047772
24 38 -0.010116261447875554
24 39 0.1020402634762962
25 25 0.0
25 26 0.01329068267620932
25 27 -0.026691460750160635
25 28 -0.047320448473743615
25 29 -0.09950828856751937
25 30 -0.08560000285941423
25 31 0.10120507008412279
25 32 0.0010650478120785114
25 33 -0.06462194595044911
25 34 0.05076849470082575
25 35 -0.16878603168837694
25 36 -0.07282534896516338
25 37 0.07900272736066362
25 38 0.1310128530716059
25 39 0.06369287775555496
26 26 0.0
26 27 -0.036959413419525064
26 28 -0.007847764358606901
26 29 0.047774216470846446
26 30 -0.1144219399122371
26 31 0.05967662599517411
26 32 -0.030518385031867566
26 33 -0.07114986510608162
26 34 0.051380803023163266
26 35 0.03939115496428229
26 36 -0.14188878993635473
26 37 0.07009488062941575
26 38 0.04516256005928866
26 39 -0.0423205272220374
27 27 0.0
27 28 0.10343972535265149
27 29 -0.013138524036612979
27 30 0.013097392158791937
27 31 0.043842446975887996
27 32 0.017638085223493027
27 33 0.04654156912943669
27 34 0.04599216246363549
27 35 0.07048915584700093
27 36 0.06456263681253022
27 37 -0.04040514595800807
27 38 -0.03270729071672273
27 39 -0.007685276502661582
28 28 0.0
28 29 0.01618462099436562
28 30 0.05596720991284835
28 31 0.007237699463151369
28 32 0.002391422979759435
28 33 -0.007507927773013694
28 34 0.017428883203260907
28 35 0.10720466636703578
28 36 0.05064406005728356
28 37 -0.05724727317771724
28 38 -0.01648551463813133
28 39 -0.10160869630486073
29 29 0.0
29 30 -0.03287786624906651
29 31 -0.01139418404938627
29 32 -0.045830981850156924
29 33 0.08426819872088666
29 34 -0.020489374922223143
29 35 0.10219475628876502
29 36 -0.007581465354104142
29 37 -0.007574428789350264
29 38 -0.07024947242704717
29 39 -0.05963526033940608
30 30 0.0
30 31 -0.10496984925248085
30 32 -0.013299680121056614
30 33 -0.004938244817293685
30 34 -0.07650465715765589
30 35 0.0057438020597134175
30 36 0.14760424752281526
30 37 -0.10485214544673245
30 38 -0.08383809763231087
30 39 -0.021251586712949393
31 31 0.0
31 32 0.023503816917241835
31 33 0.0420007212738484
31 34 0.11444682702938676
31 35 -0.10734492279828589
31 36 -0.16403100830549516
31 37 -0.014838302939974138
31 38 0.055709382150608756
31 39 -0.040623462671561694
32 32 0.0
32 33 -0.0691498446055864
32 34 -0.03631691378891662
32 35 0.012630730918506606
32 36 -0.05038369340357516
32 37 0.011554337267190708
32 38 0.010058339278097062
32 39 -0.07966885896628251
33 33 0.0
33 34 0.033070449796394764
33 35 0.0006688261796086898
33 36 0.021513351853694115
33 37 -0.08511159713433403
33 38 -0.06891819512925937
33 39 0.03495755351063358
34 34 0.0
34 35 -0.04316189961872059
34 36 -0.11775015496916814
34 37 -0.037736239573878665
34 38 0.09759001873544296
34 39 0.04508649908015454
35 35 0.0
35 36 0.10401348836683029
35 37 0.04088493982937705
35 38 -0.06872196619130136
35 39 -0.08469184951008919
36 36 0.0
36 37 0.079335392685457
36 38 -0.08604276989744883
36 39 0.09623086389491853
37 37 0.0
37 38 0.04969638047354024
37 39 0.050663706194691335
38 38 0.0
38 39 0.06342640163182546
39 39 0.0
