0 0 0.0
0 1 -0.07438728121518319
0 2 -0.14777204446831144
0 3 -0.07765124451457378
0 4 -0.07127484577088522
0 5 0.0068703490296141475
0 6 0.04792851038271811
0 7 -0.007731651198683759
0 8 0.15276200749243576
0 9 -0.081142858015214
0 10 -0.06236475087217071
0 11 -0.12737235117694273
0 12 0.004031408025585254
0 13 0.006454670668433181
0 14 0.029818957943757197
0 15 -0.13752732035923182
0 16 0.017309429975365196
0 17 -0.07533430782827026
0 18 -0.0924680712165639
0 19 -0.02388481953300382
0 20 0.007292076929215008
0 21 0.03186695195021785
0 22 -0.035717502076506494
0 23 0.0550778763027049
0 24 -0.048481527383548176
0 25 0.17899188331175486
0 26 -0.08849150486617946
0 27 -0.02939560482965404
0 28 -0.03936346340046307
0 29 0.012545385996192638
0 30 -0.03608789599679548
0 31 0.1005648284129339
0 32 0.038890343029027954
0 33 0.07362904808959832
0 34 0.028919619923785028
0 35 0.009462856027843101
0 36 0.09657149976388332
0 37 -0.08052743557655419
0 38 0.09959271918777697
0 39 -0.11602685788084917
1 1 0.0
1 2 0.02658963622827202
1 3 0.10687921537155957
1 4 0.15755548877431574
1 5 -0.13501622508983424
1 6 0.03619430303774942
1 7 -0.15939288785100547
1 8 0.06382081752372645
1 9 0.011314882602762286
1 10 0.07217454230044226
1 11 0.12304591275296081
1 12 -0.13061143358251617
1 13 0.0857396570354498
1 14 -0.054739516000627354
1 15 0.11416930776797918
1 16 0.15211110981540854
1 17 -0.07861120000943753
1 18 -0.14832182841020908
1 19 0.20789294234990244
1 20 0.027122783448677957
1 21 0.20976623362553687
1 22 0.015229806495077625
1 23 -0.07193580853022619
1 24 0.025487388564193185
1 25 0.006545995263722686
1 26 0.08907368388326137
1 27 -0.03701776965865687
1 28 -0.17478419457926936
1 29 0.14617589106789994
1 30 -0.1290640903246172
1 31 -0.21202978971345393
1 32 -0.009939826086748262
1 33 0.12709427101208592
1 34 0.09672769930290534
1 35 0.13351881752481576
1 36 -0.23385674287362304
1 37 -0.0543739158988389
1 38 -0.07236872994592625
1 39 -0.004978202765482496
2 2 0.0
2 3 0.09329833204587498
2 4 0.01230924662358427
2 5 0.0258618550636881
2 6 0.03090025654836399
2 7 0.014664808153864117
2 8 -0.14995549960329485
2 9 0.03029909245112724
2 10 0.04958987597213542
2 11 0.04918283790087698
2 12 -0.07368243048567466
2 13 0.0999138354155786
2 14 -0.0888295930747989
2 15 0.036297188509094594
2 16 -0.007661434829884503
2 17 -0.011155942638935924
2 18 0.0937899015038881
2 19 -0.07836143148737065
2 20 -0.03727660148792898
2 21 -0.0005344517635251501
2 22 0.060421442381045465
2 23 0.03906590027008201
2 24 0.03755045554842719
2 25 -0.013020531228355895
2 26 -0.009741342288858305
2 27 -0.022064026171092384
2 28 0.03512450484899683
2 29 -0.008643314686454788
2 30 0.055429713673105376
2 31 -0.013159239514742158
2 32 0.024659231370989583
2 33 -0.05086481985891232
2 34 -0.10079176586305476
2 35 -0.011160109888683096
2 36 -0.04241848165150208
2 37 0.034305847107879164
2 38 -0.0035798068445159056
2 39 0.05338717916218688
3 3 0.0
3 4 0.05055605250680815
3 5 0.1463999533806276
3 6 -0.09825151923030931
3 7 -0.05876513138000479
3 8 -0.1744785338630051
3 9 0.06153554750180499
3 10 0.024135488545777285
3 11 0.15125716365311892
3 12 0.06813770700956794
3 13 0.06261110844431879
3 14 -0.15903087552457046
3 15 0.02379225249317716
3 16 0.14078906792865503
3 17 0.08552697246785726
3 18 0.15167566319533918
3 19 -0.04066155591279051
3 20 0.0827159899794061
3 21 0.030131868404925998
3 22 -0.08086293313370306
3 23 -0.05257018256283952
3 24 -0.052098627792910426
3 25 -0.039251493826438597
3 26 0.08841398330531287
3 27 -0.0989047456491938
3 28 -0.012495838146786457
3 29 0.2642873928944585
3 30 0.18779196662740263
3 31 -0.13412303357356764
3 32 -0.024223254196706224
3 33 0.006846793478586344
3 34 -0.04085404702254069
3 35 0.011840766196226905
3 36 0.06781518805790158
3 37 -0.07122141411818056
3 38 0.09019485008003114
3 39 0.1449757873228969
4 4 0.0
4 5 -0.03352700185482731
4 6 0.07325906420150606
4 7 0.09941465453029182
4 8 -0.042132081055224396
4 9 0.03820135501913081
4 10 0.1737941517403073
4 11 0.09451075387185132
4 12 -0.00171437530655444
4 13 -0.12080890718152018
4 14 0.24727548966463814
4 15 0.1701238790994072
4 16 0.16320945018304148
4 17 0.09548812301072153
4 18 0.043363280022203785
4 19 0.17604173434853282
4 20 0.023820806006019032
4 21 0.1645113045099826
4 22 0.0008641575497692051
4 23 -0.10118591759074405
4 24 0.119734634326923
4 25 -0.07181142120169398
4 26 0.06805835074792468
4 27 0.009388198165249275
4 28 -0.069875088158917
4 29 -0.019586364409172417
4 30 -0.024834959456237555
4 31 -0.10737134839261042
4 32 -0.209241003296395
4 33 -0.004443796687384816
4 34 0.07147738855090219
4 35 0.05477636281740043
4 36 -0.19393157815547993
4 37 -0.0841367166416899
4 38 -0.23110031762658742
4 39 -0.019037353084636936
5 5 0.0
5 6 -0.0056847253689976535
5 7 0.03385040710400398
5 8 0.04299396724841616
5 9 0.11794009763775899
5 10 0.022067453481965225
5 11 -0.029095772317896895
5 12 0.04353115213729411
5 13 -0.15165146684738917
5 14 -0.2993620461243145
5 15 0.004067975639971196
5 16 -0.12078769195200634
5 17 0.09539989227779733
5 18 0.2396285147083533
5 19 -0.2343697310246465
5 20 0.09780281557632257
5 21 -0.09901893793522902
5 22 0.014945148417667083
5 23 0.07166981853779832
5 24 0.04920440311403268
5 25 -0.026287173872867088
5 26 0.03578065263662978
5 27 -0.11656718139529057
5 28 0.2473977247879538
5 29 -0.11903975300044076
5 30 0.019850073233184124
5 31 -0.1829179202107853
5 32 -0.03364598574652917
5 33 -0.05082130447902773
5 34 -0.18596215369131955
5 35 -0.096262125075814
5 36 0.20478002548557012
5 37 -0.050160613970315335
5 38 0.058653658608604706
5 39 0.23179680478282844
6 6 0.0
6 7 -0.0027233609317567006
6 8 0.12837225637429237
6 9 -0.0016936539873675404
6 10 -0.052269295916569626
6 11 0.13239678440386407
6 12 -0.09261979264243145
6 13 -0.10548459370962751
6 14 0.07697628134295709
6 15 -0.0024255725098436035
6 16 -0.057553315574942934
6 17 -0.06602006717990891
6 18 -0.11461248223083287
6 19 0.03262495115960711
6 20 0.06708461586563262
6 21 0.08747249323923079
6 22 0.05321519623448177
6 23 0.09104945608667281
6 24 0.01093541213435369
6 25 0.13741540747622039
6 26 -0.027790102207734126
6 27 -0.095402695312334
6 28 0.010844534342251718
6 29 -0.051852543387100804
6 30 0.03821537524792943
6 31 0.006668204566592786
6 32 0.14847624671837098
6 33 0.15666621526992747
6 34 -0.017318746736923962
6 35 -0.15234008588250247
6 36 -0.021012819683762916
6 37 -0.107358281851972
6 38 0.002523527058882525
6 39 -0.07390940672186444
7 7 0.0
7 8 -0.04278712436701035
7 9 0.031555739069718536
7 10 0.06013436093035103
7 11 -0.07147726056693567
7 12 0.01731638583506686
7 13 -0.106205395740849
7 14 0.14009323562905707
7 15 0.16873491151627132
7 16 0.19702982497459381
7 17 0.03548516181242032
7 18 0.0571185035669423
7 19 0.03811716605389437
7 20 0.04139008701980122
7 21 -0.029656505175617753
7 22 0.06493987438614528
7 23 0.0020208340305124394
7 24 0.10783495094558275
7 25 0.03189070829285838
7 26 0.022265922034527864
7 27 0.03685506692235498
7 28 -0.05270879157635514
7 29 -0.04017373220186333
7 30 0.03869115128598914
7 31 0.0029372178387365826
7 32 -0.07918313685201377
7 33 0.0315501840915984
7 34 0.10023616836581044
7 35 -0.032331039717136356
7 36 0.058415675288257154
7 37 -0.04372027252540756
7 38 -0.04979728729957926
7 39 0.027505359354960963
8 8 0.0
8 9 -0.012777777583281963
8 10 -0.01567344930789289
8 11 -0.13069757719782946
8 12 -0.04155298187272515
8 13 -0.08439377552649936
8 14 0.10599656672203395
8 15 -0.06605960657330281
8 16 -0.04797442489049153
8 17 -0.07178613007945
8 18 -0.30510673570466057
8 19 0.11823827776563953
8 20 -0.0132522193883297
8 21 0.1522441021857271
8 22 -0.08004477175712384
8 23 0.02382190996858455
8 24 0.052471359552712274
8 25 0.18022361810006002
8 26 -0.03412722251049618
8 27 -0.12220862209198746
8 28 -0.017570686714261846
8 29 -0.12263504363293935
8 30 -0.13379877420161607
8 31 0.0001365669377339991
8 32 0.05073900504424487
8 33 0.12336854292635066
8 34 -0.030222336268928986
8 35 -0.09817897462519591
8 36 0.06084834393446684
8 37 -0.04821557127867901
8 38 0.05605813730592589
8 39 0.11439182337462421
9 9 0.0
9 10 -0.030502032212730085
9 11 -0.05309270373447248
9 12 0.01736189356302499
9 13 0.014659835556271442
9 14 -0.1832704077537561
9 15 0.12257062264960665
9 16 -0.038327526465768695
9 17 0.1208373910153222
9 18 0.09748098017823978
9 19 0.01901264695532919
9 20 -0.03430155114185299
9 21 0.006414482842859688
9 22 0.010989190158112724
9 23 0.012956881800588214
9 24 0.1037042293764598
9 25 -0.05791425520582842
9 26 -0.0018274114750818904
9 27 -0.023121943452639255
9 28 0.013168771478201275
9 29 -0.06494626669234323
9 30 -0.08094154538230142
9 31 -0.09753148699949915
9 32 -0.0024678930839237938
9 33 -0.030081848709580576
9 34 -0.028125884434388553
9 35 0.12038740540306551
9 36 -0.03214079910062781
9 37 0.012524914123237252
9 38 -0.15851671980565749
9 39 0.07490324622161924
10 10 0.0
10 11 -0.033370236662061924
10 12 -0.05117566954458576
10 13 -0.0068353309861818685
10 14 0.10349380377488526
10 15 0.13604557428489988
10 16 0.10565087575785292
10 17 0.027074108562229804
10 18 0.08228204808095116
10 19 -0.029111123618221834
10 20 -0.1129692371966076
10 21 0.09898801572168815
10 22 0.019211415480063103
10 23 -0.10966077394003201
10 24 0.1913229199646882
10 25 -0.033802544134881235
10 26 0.06495421536482894
10 27 0.03776957205466634
10 28 0.06669072423492496
10 29 -0.03640452725876435
10 30 0.018667190462471093
10 31 0.02620793478015227
10 32 -0.09293757942888989
10 33 -0.15773816229029664
10 34 0.05759092398282635
10 35 0.0118058164152318
10 36 -0.18675767175162647
10 37 0.055834063455037185
10 38 -0.10661876992615742
10 39 0.0747324863827748
11 11 0.0
11 12 0.20499379747364893
11 13 -0.11712583700818727
11 14 0.14458484104351216
11 15 -0.11981067192936504
11 16 0.018246238531312662
11 17 0.19743079914031564
11 18 -0.0326479598322663
11 19 0.03441458781578371
11 20 0.1277873002948503
11 21 -0.250518995200049
11 22 0.04990294031279391
11 23 -0.059880808795744145
11 24 0.02626263696274122
11 25 -0.1463048814424084
11 26 0.10112510009747515
11 27 -0.03386997280839435
11 28 -0.052245516599995226
11 29 0.2049500005055552
11 30 0.12765114996130478
11 31 -0.24119072461796237
11 32 0.08722282336042589
11 33 0.08829913866269129
11 34 -0.029217107631028926
11 35 -0.1155087804109105
11 36 0.13857648416276483
11 37 -0.15984059868805253
11 38 0.07771798437880893
11 39 0.07074906888792173
12 12 0.0
12 13 0.03132981593855168
12 14 0.06051198769740849
12 15 -0.1328645244426505
12 16 -0.0340404232239758
12 17 0.20181720175079274
12 18 0.008642092847535428
12 19 0.049403271551440135
12 20 0.018284456429010235
12 21 -0.18713406321715034
12 22 -0.15989639466459377
12 23 -0.043603755680580156
12 24 0.03376103218617154
12 25 -0.0474539966873569
12 26 -0.009411711874200823
12 27 0.15045378179906507
12 28 -0.1858193213350911
12 29 0.09815884482124947
12 30 0.019992020788442377
12 31 -0.15036481963829992
12 32 0.008339138983587704
12 33 -0.017233045582875
12 34 -0.007125293612513732
12 35 0.09863318916062434
12 36 0.190913050231519
12 37 -0.21142857512720203
12 38 0.08104971895193495
12 39 0.0676719877646751
13 13 0.0
13 14 -0.21351451095124707
13 15 -0.06319288102525544
13 16 -0.09341012789592765
13 17 -0.0726327991877144
13 18 -0.03234850124229468
13 19 -0.03314624672257761
13 20 -0.26773205975246045
13 21 0.09958826576773525
13 22 -0.02560041711667077
13 23 0.07674994397539567
13 24 0.006877872145478243
13 25 0.14920536730522943
13 26 -0.17204541995694375
13 27 0.11662677127129495
13 28 -0.1825190745016131
13 29 0.14574355996717925
13 30 -0.04900913297929654
13 31 0.039988949188196184
13 32 0.1470455265785425
13 33 -0.05731613161861019
13 34 -0.019793825672362833
13 35 0.2885708588151946
13 36 -0.0945085809378109
13 37 -0.035950931187362756
13 38 0.05804724011534714
13 39 -0.10112201538343994
14 14 0.0
14 15 -0.08535246606410116
14 16 0.23570856221617809
14 17 0.07603655018198725
14 18 -0.1840698483969873
14 19 0.27461653420320525
14 20 0.1852405300786674
14 21 0.023941622706017483
14 22 -0.05202868374733016
14 23 -0.08875208733442073
14 24 0.021494561840933922
14 25 0.04911508140658595
14 26 0.03095865931182843
14 27 0.004066679777463304
14 28 -0.08877353008998803
14 29 -0.01911581847351159
14 30 0.1029319654210363
14 31 0.07724065060958371
14 32 -0.2441042136975347
14 33 0.027113211424442524
14 34 0.11864479077971093
14 35 -0.10702238966753057
14 36 0.05000018854465543
14 37 -0.10349227503163819
14 38 -0.12908275038944572
14 39 -0.01862992951538365
15 15 0.0
15 16 0.16889415529414717
15 17 -0.0773342730157154
15 18 0.12792459257753216
15 19 0.07229007665750406
15 20 -0.12153382104123966
15 21 0.20078502299897782
15 22 0.09780058289306903
15 23 -0.06356314497994411
15 24 0.09196429273609585
15 25 -0.0974067545975924
15 26 0.13015810303697317
15 27 0.033852916784497075
15 28 0.04248326480997044
15 29 0.018227667985209698
15 30 0.005138283251381989
15 31 -0.02684498473393964
15 32 -0.006464222113924461
15 33 0.05598791244358313
15 34 0.20983443316584588
15 35 0.018759221359788112
15 36 -0.2335147162954116
15 37 0.05290839343962909
15 38 -0.19827084220149643
15 39 -0.013319117368230854
16 16 0.0
16 17 -0.05761287547434376
16 18 -0.07044816097160549
16 19 0.20271553803004383
16 20 0.14013414874386546
16 21 0.015868998445329817
16 22 -0.05294574861843595
16 23 -0.17344940465285497
16 24 -0.036900230401324965
16 25 0.017543569286413256
16 26 0.19603278210832695
16 27 -0.01863708829211696
16 28 -0.18915490978976215
16 29 0.1972784061102646
16 30 0.00003667886478498813
16 31 0.044190725808380946
16 32 -0.166013023785586
16 33 0.14203460914789107
16 34 0.20502445886663487
16 35 -0.06454997588229751
16 36 -0.06071967097707144
16 37 -0.049260239315597344
16 38 -0.06573969133061089
16 39 0.048330216542254376
17 17 0.0
17 18 0.09332486229461175
17 19 0.0026107522239652995
17 20 0.04834595584887155
17 21 -0.18273397499200994
17 22 -0.041762445494560665
17 23 -0.02531571911757744
17 24 0.1552964061991195
17 25 -0.13501623166898752
17 26 -0.012157301134526023
17 27 0.010215330341772574
17 28 -0.0015650857339266726
17 29 -0.05681642797704032
17 30 0.0010520551916555726
17 31 -0.16596408923077127
17 32 -0.12625509729971676
17 33 -0.12452291244261922
17 34 -0.08428003239907597
17 35 0.09374450144277853
17 36 0.12198849199479536
17 37 -0.06631138280612676
17 38 -0.04744290543244727
17 39 0.13056452241960798
18 18 0.0
18 19 -0.23108990738504862
18 20 -0.020982906089547185
18 21 -0.04640415225372071
18 22 0.06638065614309764
18 23 0.06260156943858844
18 24 0.08754220268243545
18 25 -0.18150459944138114
18 26 0.022898365204381935
18 27 0.00959542197301452
18 28 0.3010672901252472
18 29 -0.10529861620542964
18 30 0.18249850531006762
18 31 -0.06648437535035881
18 32 -0.06722802954142162
18 33 -0.15938379840464076
18 34 -0.05530133894949252
18 35 0.049594084471178995
18 36 0.13719020156863587
18 37 -0.01169277537580901
18 38 -0.08453759083359672
18 39 0.047823335731148
19 19 0.0
19 20 0.08894553764279346
19 21 0.13602539583924456
19 22 -0.13636710565899574
19 23 -0.08021936165565302
19 24 -0.06889446506627502
19 25 0.030044522711624822
19 26 0.046638688929067945
19 27 0.049992898849279356
19 28 -0.2890800935953742
19 29 0.06401399526875173
19 30 -0.1262625061558079
19 31 -0.06056645352845892
19 32 -0.15140444146136067
19 33 0.15719889962954398
19 34 0.13057532570495567
19 35 0.09203890358416567
19 36 -0.12011130786413579
19 37 -0.12258328106220759
19 38 -0.13319421550522506
19 39 -0.04007685079357752
20 20 0.0
20 21 -0.08706070628756465
20 22 -0.09482760413606256
20 23 0.010325490961362059
20 24 -0.1097526939289755
20 25 0.09518940328526924
20 26 0.10856139092049202
20 27 -0.07874113196929136
20 28 -0.026261488902166473
20 29 0.015567237352491053
20 30 0.21565305480481328
20 31 -0.10611199234296782
20 32 -0.09413126004087413
20 33 0.0790725807323428
20 34 0.03136310264389552
20 35 -0.19548368704278687
20 36 0.2517992131000145
20 37 -0.09572914393942435
20 38 0.10479770448700296
20 39 0.1379856749289674
21 21 0.0
21 22 -0.029615502902383083
21 23 0.022971030783750186
21 24 0.02415254321750741
21 25 0.1768690565036125
21 26 -0.047482691495693015
21 27 -0.026597395579340617
21 28 -0.050040860008664236
21 29 0.0168525878410318
21 30 0.0587857462124025
21 31 0.037520834680850636
21 32 0.013223256431221606
21 33 0.05225489178106517
21 34 0.11065704083209282
21 35 0.08311980246410408
21 36 -0.24090676204691483
21 37 -0.027908967757651983
21 38 -0.10217861003411965
21 39 -0.09720869173220523
22 22 0.0
22 23 0.033148633606763137
22 24 0.10723142529141354
22 25 -0.008853080101403179
22 26 -0.030826483526922722
22 27 -0.11122549771508997
22 28 0.1946100083118804
22 29 0.10969534466056723
22 30 0.06615091882459892
22 31 -0.053194362729653645
22 32 0.15747303244997535
22 33 -0.00494965956717635
22 34 0.053910131704973274
22 35 -0.05721547468406689
22 36 -0.04278225660751622
22 37 0.1828159166057664
22 38 -0.13629347585403703
22 39 -0.09028302499415292
23 23 0.0
23 24 -0.039725269486238925
23 25 0.15842050450906114
23 26 -0.17156346134921338
23 27 -0.05741890787632929
23 28 0.10524187364997376
23 29 -0.08769230242508307
23 30 0.07401590356835774
23 31 -0.046461831635259174
23 32 0.05518657290874972
23 33 0.07290702615158486
23 34 -0.08166929964400191
23 35 0.08043936354452946
23 36 0.23561772219300714
23 37 -0.16088834231637433
23 38 0.08508477533273148
23 39 -0.034604793002051645
24 24 0.0
24 25 -0.01332741312638935
24 26 -0.021248895535642874
24 27 0.03714136036951827
24 28 0.021354058818774106
24 29 -0.1191907807326621
24 30 0.043776424243004035
24 31 -0.09928091984543115
24 32 0.08030979156954965
24 33 -0.1699891388782556
24 34 0.024128922240275345
24 35 0.05797492056786896
24 36 -0.024230491326530636
24 37 0.02051539194285476
24 38 -0.059262600269947986
24 39 0.11069521499876318
25 25 0.0
25 26 -0.15329630835381672
25 27 -0.022335100628298056
25 28 -0.13587660974809737
25 29 0.13575158114321778
25 30 0.136261522346728
25 31 0.052624676748401614
25 32 0.17163419115134587
25 33 0.09379789197755523
25 34 0.09125588421300529
25 35 0.0376724725516418
25 36 0.08890130384238001
25 37 -0.15795619049060722
25 38 0.13003037353802807
25 39 -0.037625370588524054
26 26 0.0
26 27 -0.011011414167053663
26 28 0.023414305514960064
26 29 0.05907395868048887
26 30 0.02268127875734135
26 31 -0.015529642972185767
26 32 -0.0395529975020248
26 33 0.028663344224250535
26 34 0.08487455383053563
26 35 -0.16456030823424606
26 36 -0.07487920424768618
26 37 0.07050215481686128
26 38 -0.03742897380859474
26 39 0.10170869685608037
27 27 0.0
27 28 -0.19785373466777106
27 29 -0.0015804922084153978
27 30 -0.053495820647133006
27 31 0.02474374417252912
27 32 0.01833095237681257
27 33 -0.0798097518819447
27 34 0.10455471056961643
27 35 0.1444228055242344
27 36 -0.1112703063878839
27 37 -0.04876490823770132
27 38 -0.003538277691736294
27 39 -0.08557818820556483
28 28 0.0
28 29 -0.18539743820254995
28 30 0.1692222568010096
28 31 0.053193025682236515
28 32 -0.011193276215874947
28 33 -0.12050194326815296
28 34 -0.11304249940800752
28 35 -0.17814345143509136
28 36 0.16131628906748993
28 37 0.15139750575264507
28 38 -0.08398028753225993
28 39 0.09360242395909832
29 29 0.0
29 30 0.1909495647037128
29 31 -0.0732147107472312
29 32 0.20800409715351442
29 33 0.13470903555676245
29 34 0.21581301773491815
29 35 0.020171825237571765
29 36 -0.027233377069701248
29 37 -0.056018709962026146
29 38 0.06525808271268155
29 39 -0.05721820642940163
30 30 0.0
30 31 -0.01585336062447957
30 32 0.19786682175405076
30 33 -0.030301262174562832
30 34 0.11993566126625424
30 35 -0.1693934806046533
30 36 0.2748628087764792
30 37 -0.07977961610054433
30 38 0.1516749215509947
30 39 0.08140138772858971
31 31 0.0
31 32 0.013475345089863505
31 33 -0.0754777082578256
31 34 0.035631202634223966
31 35 -0.10552006039166073
31 36 -0.16925435386681598
31 37 0.20331901041526262
31 38 0.005859287423204145
31 39 -0.13446854706682698
32 32 0.0
32 33 0.06453664513800225
32 34 0.10091596954584281
32 35 -0.097202693605951
32 36 0.04610020104358582
32 37 0.015572530111940906
32 38 0.18131546156314754
32 39 -0.052839549945109685
33 33 0.0
33 34 0.0737959013774099
33 35 -0.06255603542123454
33 36 0.10439796794936748
33 37 -0.18804743712125682
33 38 0.06206877156320575
33 39 -0.06549122279515436
34 34 0.0
34 35 0.025905197805459922
34 36 -0.11345256322567172
34 37 -0.020346268695817026
34 38 -0.06984410632668511
34 39 -0.09978244421079088
35 35 0.0
35 36 -0.07958554291934675
35 37 -0.13341193061068532
35 38 -0.12693890243441114
35 39 -0.11238822947169744
36 36 0.0
36 37 -0.2927690083629416
36 38 0.2575739756475539
36 39 0.18994029552648722
37 37 0.0
37 38 -0.09514825239782995
37 39 -0.017299076914815033
38 38 0.0
38 39 0.07544814313499436
39 39 0.0
