0 0 0.0
0 1 -0.035876280393133606
0 2 -0.014399320236552545
0 3 -0.033921602939815096
0 4 0.0944485092540294
0 5 -0.06374873289104416
0 6 -0.06559361346486198
0 7 -0.013932610276439387
0 8 0.027576423178153942
0 9 0.06393672800081453
0 10 0.08423527595565382
0 11 0.009501121160562344
0 12 0.014523419918309072
0 13 0.024092977234784266
0 14 0.03532089551320243
0 15 -0.10356895955946158
0 16 0.005292021846955284
0 17 0.12088983236089708
0 18 0.18672102455541448
0 19 0.12482577500785023
0 20 0.05069498818402949
0 21 0.036633923583992485
0 22 -0.006500504363415295
0 23 -0.05928010834090469
0 24 0.08217515047486966
0 25 -0.01812927702634019
0 26 0.11963455223198138
0 27 0.0449762437714729
0 28 -0.013680994179384915
0 29 -0.014626809748043998
0 30 -0.07145163122580003
0 31 0.02888729320632787
0 32 -0.005485292605294042
0 33 -0.20983544003622812
0 34 -0.03584228792707878
0 35 0.06809014928368305
0 36 0.07103029755653387
0 37 -0.08989709593854914
0 38 -0.06364458029421513
0 39 0.04167045699756416
1 1 0.0
1 2 -0.17493729652436207
1 3 0.2197777204597061
1 4 -0.1190256335277744
1 5 -0.08617822157949927
1 6 -0.09537193682637798
1 7 0.12307518314082436
1 8 -0.11705431269016682
1 9 -0.08171567674767369
1 10 -0.13700533652902377
1 11 0.06239722484940251
1 12 0.05819139144453037
1 13 -0.031735923216050226
1 14 0.1336815445562963
1 15 0.008248201380377929
1 16 -0.06026268953519463
1 17 0.04868206249942937
1 18 -0.030054328797116503
1 19 0.10483704669660705
1 20 0.0637507900343025
1 21 0.00897209569671224
1 22 -0.022347704217642046
1 23 -0.013465984052433835
1 24 -0.02071063513820389
1 25 0.038709531175963326
1 26 -0.01486967997853822
1 27 -0.04505826015859326
1 28 -0.005393870944800748
1 29 -0.10077882453768003
1 30 -0.16527328279351738
1 31 0.010085065474425708
1 32 -0.006171508858745367
1 33 0.07768471686034739
1 34 0.11094154338381881
1 35 -0.07515854326434676
1 36 0.08871394293466671
1 37 0.05702435229074413
1 38 -0.02979338768330491
1 39 -0.026329457306611913
2 2 0.0
2 3 -0.17944587018614858
2 4 0.0017766387370561384
2 5 0.07772870362544794
2 6 0.09979106473847917
2 7 -0.25964119737786895
2 8 0.02731822191188073
2 9 0.08650741563099298
2 10 0.16727678491232154
2 11 -0.003431289003635857
2 12 -0.04280752928525016
2 13 -0.09002444352404973
2 14 -0.16596475332985308
2 15 0.11347677355007388
2 16 0.15828640012237388
2 17 -0.06523487266890647
2 18 0.10583145953599087
2 19 -0.15473411260499847
2 20 -0.15535977159775338
2 21 -0.06180731759721213
2 22 -0.012417124829154701
2 23 -0.12327633640547968
2 24 0.057877982228831185
2 25 0.016033588065914952
2 26 0.038817223012526145
2 27 -0.0186027865828261
2 28 -0.048949023392014915
2 29 0.13671705249760924
2 30 0.06547960190467754
2 31 -0.11050046826531305
2 32 0.0224041319081205
2 33 -0.004403656954979912
2 34 -0.1654590925870829
2 35 0.03283435877851099
2 36 -0.16398504397803554
2 37 0.0072183441064718355
2 38 0.03734319153602548
2 39 -0.055618311959643695
3 3 0.0
3 4 0.17724761720539287
3 5 -0.050355808327661386
3 6 -0.022328045070950493
3 7 0.022373178672174178
3 8 -0.04534296427521624
3 9 -0.0563993328960643
3 10 -0.15321966268232332
3 11 -0.1014546700499062
3 12 0.07403130862330085
3 13 0.09418111754294212
3 14 0.23072772830617017
3 15 0.14687212277195724
3 16 -0.17483872980199588
3 17 0.03235313898489285
3 18 -0.15259868903052964
3 19 0.18645045253124382
3 20 0.056439204602615055
3 21 0.051895643471530306
3 22 -0.2073432741222166
3 23 0.0347879651059631
3 24 0.019374678382189266
3 25 0.05926701777722554
3 26 -0.06314569101063129
3 27 -0.16539660025188258
3 28 0.20180328224955715
3 29 -0.16510205923781487
3 30 -0.20343733944006637
3 31 0.11395894744983819
3 32 -0.1309313058316051
3 33 0.16956429345471455
3 34 0.06418783786015778
3 35 0.1555979826082295
3 36 0.09391364504362007
3 37 -0.025498150253211206
3 38 -0.14710901756988165
3 39 -0.030903543046926607
4 4 0.0
4 5 -0.11343284672473326
4 6 -0.028977372897685975
4 7 -0.02823555900404388
4 8 -0.0893750028941261
4 9 0.11811849194273694
4 10 0.1258067626822661
4 11 -0.14459780388341195
4 12 0.05741495496460279
4 13 0.23829078283301208
4 14 0.11840186875416896
4 15 -0.01410151552051441
4 16 -0.12089234568637083
4 17 0.16286867158519586
4 18 0.16880043879996748
4 19 0.11021726516038352
4 20 -0.13199547168652376
4 21 0.12349296264420184
4 22 -0.1410633852138008
4 23 0.04186391138499111
4 24 0.08952705721223335
4 25 -0.0395514105483374
4 26 -0.02214371740702553
4 27 -0.029997255910764926
4 28 0.09165696113671207
4 29 -0.03672126223530123
4 30 0.11338273782658918
4 31 0.1965519626679138
4 32 0.03765366923779005
4 33 -0.015492094741476722
4 34 -0.03628380117909447
4 35 0.08066210126146908
4 36 0.1381773462082415
4 37 -0.0067564524668442556
4 38 -0.05913770942921259
4 39 -0.07461140047670581
5 5 0.0
5 6 0.05323791358919897
5 7 -0.1256119795673217
5 8 0.03806969712903526
5 9 0.02167229937746993
5 10 -0.023101413108605615
5 11 -0.10489750196640865
5 12 -0.11697245891039294
5 13 -0.05182483385844576
5 14 -0.0625223732438159
5 15 0.0558156544985995
5 16 0.06530784788650015
5 17 -0.2151905838117107
5 18 -0.06524581376778493
5 19 -0.11337462724349807
5 20 0.10385748540084108
5 21 -0.052372895010374176
5 22 -0.03221423121075157
5 23 0.05411906877627911
5 24 -0.0069054564840398056
5 25 0.07785863296580445
5 26 0.011671645002382857
5 27 -0.06581647043202046
5 28 0.029235219135464806
5 29 0.0255828821477276
5 30 0.02999887921160894
5 31 -0.242971199637425
5 32 -0.14845549480974352
5 33 0.02890437438645631
5 34 0.08526766157587994
5 35 0.07799560446523096
5 36 0.05739398140322215
5 37 0.016934240786559442
5 38 0.04641846978049527
5 39 0.10227452863347608
6 6 0.0
6 7 -0.030350718657709087
6 8 0.12251191030926083
6 9 -0.08288587592618296
6 10 0.14272145161895056
6 11 -0.07884838290275656
6 12 -0.04831226215955765
6 13 -0.009553892524934837
6 14 -0.15198713588093749
6 15 0.22666434575423744
6 16 -0.015134535390133624
6 17 -0.0993817601690691
6 18 -0.12628816057725603
6 19 -0.008482520883255233
6 20 -0.033784044272799865
6 21 0.03035579755329204
6 22 -0.09560244602298434
6 23 -0.11858787395991202
6 24 -0.1962215384528472
6 25 -0.16046191476975374
6 26 0.06511847717374217
6 27 -0.00043641415691032467
6 28 0.055459285368774945
6 29 0.17021619952532974
6 30 -0.18486111686466106
6 31 0.08648792620316686
6 32 0.0879296533833735
6 33 0.16926246668791706
6 34 -0.08018007791051882
6 35 0.11981694042538368
6 36 -0.011328677434450186
6 37 -0.028110984165036667
6 38 0.0739552588473295
6 39 0.16342643710095084
7 7 0.0
7 8 0.020201160488958293
7 9 -0.096695954487075
7 10 -0.06404542362768298
7 11 0.0786451414102882
7 12 0.01813735088444388
7 13 0.01753311466921506
7 14 0.08049509870525151
7 15 -0.1349228401212546
7 16 -0.11092421383337836
7 17 0.10964219059489175
7 18 -0.11297532531339208
7 19 0.14002478196830478
7 20 0.08443206145987563
7 21 0.0826676237329519
7 22 0.03723927586115129
7 23 0.15216115269062375
7 24 -0.1452370577300741
7 25 -0.04380330716976159
7 26 -0.0031807903263050873
7 27 0.07392951911897568
7 28 -0.042708649198399604
7 29 0.014110986376736306
7 30 -0.06605243827391157
7 31 0.1571909125110869
7 32 0.11743926699342366
7 33 0.0491659230280367
7 34 -0.009456089440179297
7 35 -0.09397975001221293
7 36 0.020711581311326274
7 37 0.05142482135362638
7 38 -0.005804855995966212
7 39 0.024652252774516707
8 8 0.0
8 9 0.0043034328134698985
8 10 -0.02037340777540566
8 11 -0.004508074310792038
8 12 -0.07669883509314104
8 13 -0.05011173153477681
8 14 -0.11133561583284876
8 15 -0.03418353549743008
8 16 -0.02442137293142981
8 17 -0.025733703298782568
8 18 -0.20494513128333264
8 19 0.031210417588374173
8 20 0.07968263796155267
8 21 -0.01487116342024547
8 22 0.05497571122638939
8 23 0.06772258482694041
8 24 -0.08774242008939827
8 25 -0.10741061548378113
8 26 -0.005449993373324341
8 27 0.05121430596849248
8 28 0.03899005506001462
8 29 0.05357726940518961
8 30 0.012733217408618635
8 31 0.09850050011082111
8 32 0.02332312433510509
8 33 -0.0687235603695989
8 34 -0.1777670200651234
8 35 0.1636259655271383
8 36 -0.17078750966994874
8 37 -0.10609371745118923
8 38 -0.043570928397998046
8 39 0.0435758292818922
9 9 0.0
9 10 0.02527425572258985
9 11 0.00019708152439104525
9 12 -0.07923597838461022
9 13 -0.012169413662788627
9 14 -0.02773719336375719
9 15 0.01592099073735882
9 16 -0.04730214484329399
9 17 0.06515564363166293
9 18 0.1507790297438846
9 19 0.02818891721822244
9 20 -0.008945938077657438
9 21 0.09394558322279434
9 22 0.03987892542812298
9 23 -0.1099886641750979
9 24 0.12624985937665517
9 25 0.01729147423753019
9 26 -0.02407369648922539
9 27 -0.023193770787166914
9 28 0.008873955937605262
9 29 -0.00983698105620325
9 30 0.1212807049262902
9 31 -0.084677241281544
9 32 0.06348560334964577
9 33 -0.13726496885092024
9 34 -0.027994219697902983
9 35 0.06654627276882483
9 36 0.12302102954473093
9 37 -0.029431756519721415
9 38 -0.0127445557752461
9 39 -0.00496519045084418
10 10 0.0
10 11 -0.0025213329219256394
10 12 -0.03376960505833042
10 13 0.018460179932774313
10 14 -0.10205708559037567
10 15 0.037610149840839956
10 16 0.08534380340308897
10 17 0.10834106099176406
10 18 0.1333046885899048
10 19 0.024446306507147304
10 20 -0.05513772194948101
10 21 0.045678749012316625
10 22 -0.11726499274104965
10 23 -0.06277053662622009
10 24 -0.00044471245963986235
10 25 -0.03385868608542629
10 26 0.1042179811557474
10 27 0.0814712397654426
10 28 -0.042323752220689174
10 29 0.1863938545544653
10 30 -0.03980575869084567
10 31 -0.009900252701244408
10 32 0.15071445623269886
10 33 -0.019831737903355448
10 34 -0.11127826274814742
10 35 0.0027327701237304406
10 36 -0.021766787508182037
10 37 0.0604573082127179
10 38 0.07457017500394669
10 39 0.0422475878533486
11 11 0.0
11 12 0.01906179681259917
11 13 -0.08200691028073553
11 14 -0.00479661741345005
11 15 -0.05154773209430913
11 16 0.013366640784065789
11 17 0.10098628923721309
11 18 0.00447776758113668
11 19 0.028948664757413638
11 20 -0.028903262836761236
11 21 0.0243632375865557
11 22 0.09045234457372926
11 23 -0.03696345022005965
11 24 0.0023629602697477635
11 25 0.026049120338912678
11 26 0.005283326525893699
11 27 0.06369275493068452
11 28 -0.08044108257666395
11 29 0.041263945450014654
11 30 -0.012128873715404668
11 31 0.03909142526373954
11 32 0.1223706386732083
11 33 -0.026863429973011898
11 34 -0.0974433307452475
11 35 -0.10813728078606719
11 36 -0.10339663323547306
11 37 0.004991010550079724
11 38 -0.01072252529544052
11 39 -0.04832995626436502
12 12 0.0
12 13 0.027506374915317256
12 14 0.036675244887182365
12 15 0.0096287130099145
12 16 -0.03690963812982716
12 17 0.038767053456819876
12 18 0.10005937983091603
12 19 -0.06854112376539377
12 20 -0.12296355899034021
12 21 -0.005794260182231768
12 22 0.04505384026872901
12 23 -0.011216887315736185
12 24 0.009654539516029454
12 25 0.006556630359522707
12 26 -0.03239705318780655
12 27 -0.04985257238412797
12 28 0.031034996409424337
12 29 -0.06513089436444022
12 30 0.013009561590356123
12 31 0.09340223203197165
12 32 -0.1141930907431109
12 33 0.0029118708776556925
12 34 0.03204880248708599
12 35 -0.05890282195250764
12 36 -0.12339504594998703
12 37 -0.03885293026952204
12 38 -0.06291509129640949
12 39 -0.06813777815923602
13 13 0.0
13 14 0.09403658212536478
13 15 -0.04001911356130862
13 16 -0.020059640676791994
13 17 0.0407347382244424
13 18 -0.017488339644320533
13 19 0.058294357309074694
13 20 -0.03592765463058897
13 21 -0.02810850296524301
13 22 -0.07031191630755322
13 23 0.02372546463967242
13 24 0.04978604107708408
13 25 -0.060098580340170404
13 26 -0.02258924161328936
13 27 0.03966836026535551
13 28 0.04185007425996433
13 29 -0.08533786715708543
13 30 0.04530951936735918
13 31 0.1523481229677569
13 32 0.020086937528408046
13 33 0.010400673051649201
13 34 0.05680216292171458
13 35 0.011726416866094257
13 36 0.10539665271182526
13 37 -0.02236474849903494
13 38 0.0016180650083354067
13 39 -0.04463413205668977
14 14 0.0
14 15 -0.06325533031925482
14 16 -0.06932049466089887
14 17 0.008830846211119061
14 18 -0.0428487257029878
14 19 0.14172077454532683
14 20 0.020799337958509374
14 21 0.01291189997480153
14 22 -0.04224114311127391
14 23 0.05274752809682946
14 24 0.03969923390370928
14 25 0.07939334020999202
14 26 0.02217149011818016
14 27 -0.038355862683160775
14 28 0.02262248223698673
14 29 -0.13410182701941065
14 30 -0.10177524644213642
14 31 0.11532613335359088
14 32 -0.052124459638228884
14 33 0.0655947328299395
14 34 0.04954847504197138
14 35 -0.02677601431883685
14 36 0.15037666402633562
14 37 -0.047447650599113635
14 38 -0.09786482267381574
14 39 -0.0329305410264534
15 15 0.0
15 16 -0.06399353900870208
15 17 -0.09292094134729008
15 18 -0.013984464419251266
15 19 -0.05289478049035799
15 20 -0.08996506397604179
15 21 0.06957749335318206
15 22 -0.08417943465806967
15 23 -0.21164293175888932
15 24 -0.03871140630231846
15 25 -0.0038687472660035847
15 26 -0.01804098481276801
15 27 -0.1328494932491558
15 28 0.11295085491005052
15 29 0.056223405935325745
15 30 -0.1289300894656116
15 31 -0.04508331660728282
15 32 -0.018677229107350497
15 33 0.17382468663626532
15 34 0.006188505892552305
15 35 0.09682138582157496
15 36 0.03448559855668492
15 37 -0.030545727614109775
15 38 0.008682492936218571
15 39 0.08689756903996486
16 16 0.0
16 17 -0.04575155681212892
16 18 0.009703420602950727
16 19 -0.09553568716169744
16 20 -0.005880572126325209
16 21 -0.1720374668656525
16 22 -0.025835071924820596
16 23 0.00467204248784163
16 24 0.06634786234915303
16 25 0.016523086551641017
16 26 0.04638825335612331
16 27 0.08931489485209815
16 28 -0.09511719183851447
16 29 0.035065072898586756
16 30 0.039815644724510116
16 31 -0.10434308279477186
16 32 0.0074874816450819295
16 33 -0.0417306104555595
16 34 0.0008321238552531206
16 35 -0.06945301232879547
16 36 -0.09004582297122837
16 37 0.059718455424702444
16 38 0.08471932479160087
16 39 -0.0622374676916602
17 17 0.0
17 18 0.13401542000882238
17 19 0.17382487761529247
17 20 0.0027455479536028318
17 21 0.1076603512904329
17 22 -0.06090878102298182
17 23 -0.006742316211974015
17 24 0.07988968412144538
17 25 -0.04015629782483752
17 26 -0.014810429569778447
17 27 0.1092592699473632
17 28 -0.024345500719850966
17 29 0.03778114653611831
17 30 0.029291190388558114
17 31 0.10201152372148647
17 32 0.22564038048187246
17 33 -0.13471611516989673
17 34 -0.08706147687039523
17 35 -0.03891614349363808
17 36 -0.031319209732306515
17 37 0.08715503955930382
17 38 -0.0014508526465638963
17 39 -0.09359903487429053
18 18 0.0
18 19 -0.055132183679846666
18 20 -0.09438432758677286
18 21 0.09926925672473298
18 22 0.040976208828014726
18 23 -0.17274998704966696
18 24 0.15071336309718975
18 25 0.04000932809815534
18 26 0.06828040320619178
18 27 -0.050517684030195784
18 28 -0.050986262177600036
18 29 0.0009403122153757964
18 30 0.07022830016909785
18 31 -0.1700342392438807
18 32 -0.0516272146248277
18 33 -0.2272802120309274
18 34 0.10573010079796899
18 35 -0.05833533322513793
18 36 0.12907954914812547
18 37 0.027441111468991114
18 38 0.008868970906312827
18 39 0.0035661589926587072
19 19 0.0
19 20 0.12273211800324588
19 21 0.10108516554096778
19 22 -0.11124593240905774
19 23 -0.01156657476724175
19 24 -0.01351358841409168
19 25 -0.04464401800899838
19 26 0.08086832672154666
19 27 0.06012664701953947
19 28 0.010255243440820561
19 29 -0.007518517472911787
19 30 -0.20553528284106734
19 31 0.15678878899317333
19 32 0.1748500766435892
19 33 -0.014394823222577537
19 34 -0.0694435153218723
19 35 0.07075987698948522
19 36 0.18418050751471265
19 37 -0.01608749253404091
19 38 -0.05304692953556779
19 39 0.04401689918768311
20 20 0.0
20 21 0.007296538390541042
20 22 -0.06829650236322173
20 23 0.121992400905327
20 24 -0.025317692704329077
20 25 0.028393501188744907
20 26 0.04022392370153967
20 27 0.02946110432426376
20 28 0.008696994103275131
20 29 -0.006965544458418987
20 30 -0.08573924297363586
20 31 -0.14295645515302874
20 32 -0.017956655870330896
20 33 -0.0691646116657671
20 34 0.08440689515895049
20 35 0.0733016374295409
20 36 0.12304919300069124
20 37 0.056475371629849516
20 38 0.020588821821268945
20 39 0.10656750527820202
21 21 0.0
21 22 -0.014250258324059828
21 23 -0.025234193017268126
21 24 -0.05445989078528041
21 25 0.0317800171945923
21 26 0.015466257026081754
21 27 -0.05998181149409163
21 28 0.04529881951899688
21 29 0.0881670451126986
21 30 -0.05129663252132429
21 31 0.00302971966401894
21 32 0.07231511200315077
21 33 0.015237453515086966
21 34 -0.05572080022991529
21 35 0.037873839214021786
21 36 0.0885152236352067
21 37 0.005504044541389657
21 38 -0.04232046988052164
21 39 0.09758781402513605
22 22 0.0
22 23 -0.04026842852827719
22 24 -0.007885027012921078
22 25 -0.029527683714966703
22 26 -0.04406099668287554
22 27 0.006076188245088852
22 28 -0.06371859539141564
22 29 -0.05923638551783722
22 30 0.13496887978419417
22 31 0.037429925179465334
22 32 -0.038346298247054614
22 33 -0.10141604611024373
22 34 -0.014434073906670855
22 35 -0.07470286515929114
22 36 -0.0748792388010638
22 37 -0.10627277108999975
22 38 -0.03327737110383777
22 39 -0.028871041459858016
23 23 0.0
23 24 -0.08717705982201361
23 25 0.09595764974847873
23 26 -0.04362309657701989
23 27 0.02586723830564357
23 28 -0.00835477328274586
23 29 0.02708232594140662
23 30 0.11820602565893128
23 31 -0.022947944661716242
23 32 -0.09721112771735547
23 33 0.04354705577227533
23 34 -0.02111893414766365
23 35 -0.041764219795154205
23 36 -0.16032082428768663
23 37 0.12151928856186615
23 38 -0.017690631411947395
23 39 -0.04579111466936847
24 24 0.0
24 25 0.06486538022977288
24 26 -0.040466828010766
24 27 0.008132807636399857
24 28 0.009256847987186874
24 29 -0.11612311430616895
24 30 0.13750736600525296
24 31 -0.0875227730808131
24 32 -0.029365062849486107
24 33 -0.16160758982164278
24 34 0.06108745182355454
24 35 0.002696751180699718
24 36 0.04828954904618318
24 37 -0.01705422194506767
24 38 -0.015895886067093322
24 39 -0.11228929555985193
25 25 0.0
25 26 0.005282085790437556
25 27 -0.08508814877399709
25 28 0.008588202987217304
25 29 0.008137122111506082
25 30 0.015726603548442932
25 31 -0.18665631619594797
25 32 -0.13227256876416615
25 33 0.03711178050494342
25 34 0.0212479317201971
25 35 -0.047907461975345476
25 36 -0.032287352049760736
25 37 0.04455749164329721
25 38 -0.04992088547919291
25 39 -0.0058688644110556085
26 26 0.0
26 27 0.02470311661546162
26 28 -0.04815693452377563
26 29 0.075251548843663
26 30 -0.18029074293859154
26 31 -0.005347256546491172
26 32 0.013571291164852667
26 33 -0.016949783218928913
26 34 -0.045442453636868385
26 35 0.01813746484273244
26 36 0.07671944018591628
26 37 -0.03672082188041504
26 38 -0.008871903874375784
26 39 0.10190803771450899
27 27 0.0
27 28 -0.0879530971371066
27 29 0.04372650093531976
27 30 0.03844763412756662
27 31 0.08998547314028749
27 32 0.18282072198965071
27 33 -0.07484492919028408
27 34 -0.060464603998645595
27 35 -0.0636841165624785
27 36 -0.034494259089745787
27 37 0.03486208204423134
27 38 0.07103108967942047
27 39 -0.04089939954842135
28 28 0.0
28 29 -0.045411495958896805
28 30 -0.01782379479244153
28 31 0.01789554181045135
28 32 -0.10093221723887531
28 33 0.03845177971944258
28 34 0.026560217764385007
28 35 0.12506156538509633
28 36 0.005439123691709958
28 37 -0.05757033462719254
28 38 -0.05794414077978046
28 39 0.035157546268385166
29 29 0.0
29 30 -0.05626902774108987
29 31 -0.05483418534971028
29 32 0.1340171143728603
29 33 0.06682877284615031
29 34 -0.1570337692911807
29 35 -0.009521978644826968
29 36 -0.10876863889582997
29 37 0.08297065862580301
29 38 0.06378193013859779
29 39 0.08679634168700147
30 30 0.0
30 31 -0.07674967515562438
30 32 -0.028423345726821158
30 33 -0.14831574008321374
30 34 0.03022621518214893
30 35 -0.06926253810379006
30 36 -0.1405334982877112
30 37 0.052138428673345824
30 38 0.047326279928827465
30 39 -0.16516070352830906
31 31 0.0
31 32 0.15791840240622462
31 33 0.08024224174112579
31 34 -0.17782139422684423
31 35 0.008459487818848466
31 36 -0.06346694377888551
31 37 -0.15321103603558203
31 38 -0.09085171185991674
31 39 -0.08230267113994137
32 32 0.0
32 33 0.016510076370388753
32 34 -0.1564706220989843
32 35 -0.07019779424585142
32 36 0.05862262771400497
32 37 0.0916858709523155
32 38 0.1047370375494042
32 39 -0.03441719785112879
33 33 0.0
33 34 -0.024649848782092955
33 35 -0.042369841494984045
33 36 -0.011860680279639947
33 37 0.05467555303413395
33 38 0.015903701057457413
33 39 0.02970980203630909
34 34 0.0
34 35 -0.050180223839808344
34 36 0.23857294029912368
34 37 0.0668702615484381
34 38 0.07114426000353642
34 39 0.038419516122929986
35 35 0.0
35 36 0.038766356028711854
35 37 -0.10637936637674295
35 38 -0.06573012365023378
35 39 0.08645104686415044
36 36 0.0
36 37 -0.002074955347477439
36 38 0.04896017631730081
36 39 0.14669916470511443
37 37 0.0
37 38 0.11806118353580361
37 39 -0.044156218205210505
38 38 0.0
38 39 0.01303384097616479
39 39 0.0
