0 0 0.0
0 1 -0.05405553855884039
0 2 -0.07561478352040342
0 3 0.14356468539235795
0 4 -0.08574974379588518
0 5 0.013241629967539864
0 6 0.12398273986451736
0 7 -0.024406129872636618
0 8 -0.10710768980130503
0 9 0.10591864017250974
0 10 -0.05703663619984125
0 11 -0.08900151865211384
0 12 -0.07427752502550687
0 13 -0.011599261936776066
0 14 0.010026822667886952
0 15 -0.2017082716175132
0 16 0.2169612701156526
0 17 0.060498343061034555
0 18 0.040144747114446364
0 19 -0.09439237280966864
0 20 0.17756808092977733
0 21 -0.08602684156962803
0 22 -0.02838001574182278
0 23 -0.011385324444106056
0 24 0.07522348465818987
0 25 -0.0974235451568136
0 26 0.17078228207421184
0 27 -0.16414835883390896
0 28 -0.00025898512429571417
0 29 -0.00029738894091606847
0 30 -0.10794551843849917
0 31 -0.017323696982292674
0 32 0.05194797505878392
0 33 0.10038770692282169
0 34 0.07859913227319625
0 35 -0.17618760349635654
0 36 0.08007326191332058
0 37 -0.014380732317915531
0 38 0.09308556700781322
0 39 0.014508517418655931
1 1 0.0
1 2 -0.0520625340206254
1 3 -0.16855232602408715
1 4 -0.08649509211685355
1 5 0.054589115110616135
1 6 0.13708202815106948
1 7 0.0160636675665312
1 8 -0.0006950560519774468
1 9 0.05604246362906255
1 10 -0.007477143392581242
1 11 0.04790514376515244
1 12 0.01148941465917821
1 13 -0.019175468855180955
1 14 -0.17331696401084878
1 15 0.07767238340888617
1 16 -0.04825484494736483
1 17 -0.0492192750068147
1 18 -0.14054745694540804
1 19 0.08421942894588512
1 20 -0.0529277201371556
1 21 -0.04422434296299888
1 22 -0.13664708634542666
1 23 -0.05964903813153096
1 24 -0.03615297010710085
1 25 -0.04022077015061111
1 26 -0.04246748986327968
1 27 -0.1257060562313938
1 28 -0.14804038671581118
1 29 -0.22572988533948996
1 30 -0.1734926865484789
1 31 -0.13283606069985612
1 32 0.0046846506429954245
1 33 0.08601233707872534
1 34 -0.06555134245863889
1 35 0.08246684722240707
1 36 0.1855229593536048
1 37 -0.24430882027889486
1 38 0.08592544593265046
1 39 -0.05380821695868317
2 2 0.0
2 3 -0.03594361574824985
2 4 0.033596787556669935
2 5 -0.10491668481461905
2 6 0.023180261458786967
2 7 0.07509034212500823
2 8 0.020392395052425842
2 9 0.037369066751156324
2 10 0.05611184092512185
2 11 -0.031381855483324464
2 12 0.06209500466988518
2 13 0.09849567960411354
2 14 0.09517316219244751
2 15 0.016621764870538194
2 16 -0.12617004533010168
2 17 -0.035351636330089524
2 18 -0.1520065924054351
2 19 0.015854353779068596
2 20 0.18485153225421105
2 21 -0.008554320032016404
2 22 -0.07057032723318205
2 23 0.034270232407395004
2 24 0.04717785512492744
2 25 0.044501215972302395
2 26 -0.10493724571042296
2 27 0.21900049128053894
2 28 0.06000010947790611
2 29 0.16508202675354394
2 30 -0.002765042500446529
2 31 0.0372955506466783
2 32 -0.07131076959776236
2 33 -0.17268143644792802
2 34 -0.05289333364846192
2 35 -0.03554555910395858
2 36 -0.12302083186241748
2 37 0.10663415964847629
2 38 0.0653634980003909
2 39 -0.020996151228879666
3 3 0.0
3 4 0.0026186445898059964
3 5 -0.09766320206992896
3 6 0.09099620257045749
3 7 -0.08520625975499435
3 8 -0.032795078025260924
3 9 -0.11298236635044409
3 10 0.0203939633816869
3 11 0.08840235269873077
3 12 -0.08781051427137701
3 13 0.11253855655000647
3 14 0.11323917747245434
3 15 -0.20905494987504575
3 16 0.09853794444108055
3 17 -0.12626831836921623
3 18 -0.012901762566508384
3 19 -0.043829583490563775
3 20 0.12862227905540105
3 21 -0.04657116894752372
3 22 0.1985687444830555
3 23 -0.10225289466943883
3 24 -0.045801215423076795
3 25 0.09333259791172462
3 26 0.19178901990872274
3 27 -0.044913773070150015
3 28 0.03000831423930799
3 29 0.0676774216158926
3 30 0.08541053422231284
3 31 -0.17533663896624668
3 32 0.06942019239539025
3 33 0.000021198416040717826
3 34 0.15898568668821916
3 35 0.00047918724143242565
3 36 -0.08568106701075433
3 37 0.163907282957179
3 38 -0.08176503720963309
3 39 0.1006140694320636
4 4 0.0
4 5 0.08361451600830036
4 6 -0.15757869426033963
4 7 -0.10180829899272434
4 8 -0.06913618862653458
4 9 -0.22587744497425372
4 10 -0.024486109510420274
4 11 0.022246911916313034
4 12 -0.032132238135090106
4 13 -0.12372954907343528
4 14 0.1803815447594403
4 15 0.002370098156521335
4 16 0.12813514765744494
4 17 -0.0767840250549893
4 18 -0.0937593347570828
4 19 0.03839613762975466
4 20 -0.0289203441308807
4 21 0.16993160302532953
4 22 0.02023141791900155
4 23 0.04644505966924068
4 24 0.0006053617563085858
4 25 0.026991999796984096
4 26 0.11215978940595443
4 27 0.2926450742241466
4 28 0.14109058372369332
4 29 -0.021344586531289338
4 30 0.09208726301069266
4 31 -0.19066448570412375
4 32 0.045127546013822455
4 33 0.07969649315039609
4 34 0.1587245035296268
4 35 0.10493587241974056
4 36 -0.22011656355565826
4 37 0.004956722215726524
4 38 -0.12718002133964879
4 39 0.10323953622609323
5 5 0.0
5 6 0.0021993496811720113
5 7 -0.10992075946966036
5 8 -0.03875752363287262
5 9 0.033858886494667506
5 10 0.02253025698602093
5 11 0.01664058382440272
5 12 0.05914549236247154
5 13 -0.04663030181249482
5 14 -0.021766262218727784
5 15 0.09441552134277047
5 16 0.09752470444241106
5 17 0.20181283434277528
5 18 0.06963962664049941
5 19 -0.10645895908433911
5 20 -0.21327847564078076
5 21 0.05748648459969522
5 22 -0.20525395324814966
5 23 0.047329983905049805
5 24 0.04220847768220125
5 25 -0.07650636183181243
5 26 -0.014632673368423593
5 27 -0.03257321594840975
5 28 -0.03852132257775066
5 29 -0.04262362542034651
5 30 -0.16942325926022575
5 31 -0.03729209026942827
5 32 -0.024969939383023575
5 33 0.16994040766842983
5 34 0.01048009218321835
5 35 0.03528618701858296
5 36 0.07594659852912862
5 37 -0.04932169424419724
5 38 0.0645755744453576
5 39 -0.18581309107456137
6 6 0.0
6 7 0.03347595611318156
6 8 0.12660512797800627
6 9 0.04377051405573991
6 10 0.036379381013221114
6 11 -0.12896021424360682
6 12 0.15684366701088912
6 13 0.2072192701455688
6 14 0.14616796844535404
6 15 -0.1738817248814374
6 16 0.22706876337934828
6 17 -0.09215727599934982
6 18 -0.19906401104067606
6 19 -0.38169964386027805
6 20 0.0012819479066929786
6 21 0.06444146627767065
6 22 0.15755764275416795
6 23 -0.030385521731970865
6 24 -0.30434537560792074
6 25 -0.2178846826321184
6 26 0.050125438472267456
6 27 0.15776771469555137
6 28 -0.25602365716594566
6 29 -0.06519869346075854
6 30 0.0133959501572059
6 31 -0.1483506682227843
6 32 -0.01120760063636465
6 33 -0.26624172060758816
6 34 -0.215714148577836
6 35 -0.1144842547246587
6 36 -0.09013208350268541
6 37 -0.0873789512691714
6 38 0.2793373227219075
6 39 0.14982966648811044
7 7 0.0
7 8 0.19668354391377668
7 9 0.10340597021151374
7 10 0.04426155436615035
7 11 -0.2201671497777422
7 12 0.08782922197478935
7 13 -0.042413243541988645
7 14 -0.062150821232756656
7 15 0.1124436171600145
7 16 0.039731066953648295
7 17 -0.09017113111808069
7 18 0.12284737287010719
7 19 0.061509696118596344
7 20 -0.17815582832665924
7 21 0.037118247364017844
7 22 -0.08549993922256865
7 23 0.10917542044107782
7 24 0.08302999907463152
7 25 0.03515732610683623
7 26 -0.08796498194389409
7 27 0.12254588858991793
7 28 0.1640663009692418
7 29 0.04382551682606757
7 30 -0.1309295837563397
7 31 0.15553879320544378
7 32 0.04276667425890288
7 33 -0.05652999810690277
7 34 -0.12854318325126862
7 35 0.08096472830217138
7 36 0.07970673378906158
7 37 0.03380711535859546
7 38 0.011863961310819165
7 39 -0.00948519054737761
8 8 0.0
8 9 0.009291474522006102
8 10 -0.06045096868838301
8 11 0.051300546450099585
8 12 -0.07655394800997625
8 13 -0.00986405001478796
8 14 0.18490825671403804
8 15 0.04830677050374836
8 16 0.19414487583704626
8 17 -0.0898281720513067
8 18 -0.03810321307279452
8 19 0.05074011590794657
8 20 -0.2298251824230595
8 21 0.11712430942991217
8 22 -0.06692584098704966
8 23 -0.027064281037700994
8 24 0.08612377528722098
8 25 0.09271235755138404
8 26 -0.25934783472574024
8 27 0.06558439185326097
8 28 0.20051460007248695
8 29 0.09875945233298779
8 30 0.04968654206618377
8 31 0.1105650098351062
8 32 -0.04072543289735711
8 33 -0.22933427459001213
8 34 -0.055893336175544414
8 35 0.10859024387948482
8 36 -0.11201378854855586
8 37 -0.05364967450385324
8 38 0.06265811834569843
8 39 -0.11549939311996608
9 9 0.0
9 10 0.01800132757491678
9 11 -0.039491072738046314
9 12 0.11369483720535534
9 13 -0.02823215060883217
9 14 -0.09381503959442604
9 15 0.10923907072946457
9 16 0.03919221085262274
9 17 0.15656113823983436
9 18 0.12628692011786827
9 19 -0.04286871876814577
9 20 0.09288444411609642
9 21 -0.16240079014516612
9 22 -0.23723512704614702
9 23 0.051564386621675715
9 24 0.1084040951817438
9 25 -0.08699277155587029
9 26 -0.03261679212458029
9 27 -0.11863152986674382
9 28 -0.008065586495535636
9 29 0.136958174453247
9 30 -0.22077914739974328
9 31 0.10565481340211876
9 32 -0.18495638223811012
9 33 0.026271242040170135
9 34 -0.022728396050544757
9 35 -0.17798566023582882
9 36 0.16938612298175276
9 37 0.12602199288681443
9 38 0.21404448960098676
9 39 -0.06996875260700018
10 10 0.0
10 11 -0.06461668781422923
10 12 0.14910786077567684
10 13 0.01287363260484398
10 14 -0.05576331291192617
10 15 -0.008845984509454197
10 16 -0.17912642436406156
10 17 0.0208016688401252
10 18 0.09903571724098063
10 19 -0.10351085677148841
10 20 -0.16314105923182565
10 21 -0.07586090067587907
10 22 0.008059757854183704
10 23 0.04369499053429091
10 24 -0.0932629043055964
10 25 -0.0012145590737923705
10 26 0.08713072311275823
10 27 0.0973010800182992
10 28 -0.11243835981173826
10 29 -0.06880261045119279
10 30 -0.16647220653240044
10 31 -0.051288344103554165
10 32 -0.04790026374841579
10 33 -0.02641191338749519
10 34 -0.010676028473099805
10 35 0.11916715984773785
10 36 0.10161215686937988
10 37 0.17471595397999903
10 38 -0.060030475785277884
10 39 0.07647688663378344
11 11 0.0
11 12 0.023488613059236416
11 13 0.030938094037695613
11 14 0.06720408669076086
11 15 0.09237732064225705
11 16 -0.05515669245308532
11 17 -0.006346498483707677
11 18 -0.10809869266798969
11 19 0.06956856994556912
11 20 0.04378703334849417
11 21 -0.02313489644953535
11 22 0.028589985699930036
11 23 -0.13043678862860036
11 24 -0.06467464125059999
11 25 0.14239184254811568
11 26 0.03525278692406376
11 27 -0.09950260159532778
11 28 -0.021509227562975682
11 29 0.025770844068712846
11 30 0.18852337737596897
11 31 -0.0982269770607777
11 32 -0.20710190101614107
11 33 -0.14057055551837988
11 34 0.016674324651172377
11 35 0.05732921165907974
11 36 -0.03204135596861045
11 37 0.12458170104656663
11 38 -0.05510062354717897
11 39 -0.06274183737382898
12 12 0.0
12 13 0.06295763928878564
12 14 -0.1398301049848688
12 15 0.23257053237878722
12 16 -0.14292716847476764
12 17 0.013018897405510646
12 18 0.10065864505738742
12 19 -0.07717995827817657
12 20 -0.1419946253339262
12 21 -0.011403356086378054
12 22 -0.0723595958209532
12 23 0.12142994478115324
12 24 -0.184613636098445
12 25 0.0004938292088202199
12 26 0.08104168339897441
12 27 0.12920116084694794
12 28 -0.095788189335029
12 29 0.03283476500699938
12 30 -0.06980626899253742
12 31 -0.04292606209893647
12 32 -0.1277190074623082
12 33 -0.020341002039268547
12 34 -0.14890455866670863
12 35 0.025921518804025618
12 36 0.07824365156567661
12 37 0.173389861568673
12 38 0.027361319804132877
12 39 0.04648358692314532
13 13 0.0
13 14 -0.011968384660272259
13 15 -0.021523413267934402
13 16 -0.10679755242570163
13 17 -0.1204209341866592
13 18 -0.17690734559524154
13 19 -0.04309245340979751
13 20 0.147502523505643
13 21 0.0034777827577556924
13 22 0.003337140700131293
13 23 -0.020372083420688653
13 24 -0.13352661377417283
13 25 0.12110027722370016
13 26 -0.059025874860557714
13 27 -0.02544733095195359
13 28 -0.10445414731804817
13 29 0.12727663342430223
13 30 0.12371552017565654
13 31 -0.04624915688456607
13 32 0.06144543672177875
13 33 -0.07361854397845173
13 34 -0.11617012392479224
13 35 -0.0543625516447413
13 36 -0.10976389577062548
13 37 -0.077161872250389
13 38 0.04163065139931394
13 39 -0.10186197893947246
14 14 0.0
14 15 -0.1121248334822986
14 16 0.2678602086859177
14 17 -0.0692467286725544
14 18 -0.22750241468292365
14 19 -0.1703063480850201
14 20 0.15842266916304992
14 21 0.12152789213780979
14 22 0.07947856199626004
14 23 -0.008471734989741495
14 24 0.0792332365613341
14 25 0.034221284776470906
14 26 0.009481165652384415
14 27 0.2670920502939769
14 28 0.17126537293442484
14 29 0.15033593011774396
14 30 0.18505478601081915
14 31 -0.023248902208474448
14 32 -0.043155015388127646
14 33 -0.2562438505574654
14 34 0.08591170948059813
14 35 -0.10989564625550326
14 36 -0.26289370422206904
14 37 0.11307750844274425
14 38 0.01926746914758944
14 39 0.08415628777702096
15 15 0.0
15 16 -0.12465721118686994
15 17 0.07127333815678444
15 18 0.12234278072652885
15 19 0.08798554671402338
15 20 -0.1480201740788263
15 21 0.0575496464704545
15 22 -0.05959943926848445
15 23 0.09387732064873147
15 24 0.005402504621241344
15 25 0.0436917216578018
15 26 -0.08573828352642061
15 27 0.10173715336254319
15 28 0.11247577642508211
15 29 0.12457072443238781
15 30 0.02324659498878411
15 31 -0.02409863751812267
15 32 -0.14944398246504037
15 33 0.07520477477346803
15 34 -0.09805523265614016
15 35 0.027487927070533623
15 36 0.06222411393388082
15 37 0.2156084862995203
15 38 -0.026449122043010132
15 39 0.013505066273260105
16 16 0.0
16 17 -0.0512296028601548
16 18 -0.0664303810417817
16 19 -0.08930056870183409
16 20 0.029146792195536696
16 21 0.1159875994508383
16 22 -0.1215543118505008
16 23 0.022222705843823964
16 24 0.12924512013145753
16 25 -0.04617264032186418
16 26 0.09772780642000857
16 27 0.013939042281999079
16 28 0.229953597962489
16 29 0.07022085666367131
16 30 -0.016595874730622157
16 31 -0.09119284787924037
16 32 0.04817506537759238
16 33 0.037794389317506324
16 34 0.14350667519248708
16 35 -0.1404036891389847
16 36 -0.11658876434841618
16 37 -0.10439617342494231
16 38 0.1329532060147793
16 39 0.0014730416817531323
17 17 0.0
17 18 0.2242819580589653
17 19 -0.08494993808198614
17 20 -0.06654949912173883
17 21 -0.09228939709161917
17 22 -0.02709028682823335
17 23 -0.0271131341936851
17 24 0.1600017022769336
17 25 -0.24416371603920495
17 26 -0.03795416175632442
17 27 -0.15383518785698708
17 28 -0.04882852160377026
17 29 -0.05339616641506979
17 30 -0.2040080538461059
17 31 0.07838449630915942
17 32 -0.12985215097257524
17 33 0.11971603883256969
17 34 -0.0023567998438987344
17 35 -0.03590041951724097
17 36 0.1692374369993307
17 37 0.11860218343123556
17 38 0.06461764462789456
17 39 -0.05947844615389756
18 18 0.0
18 19 0.060734201256271124
18 20 -0.3301624105477711
18 21 -0.10711189956397546
18 22 0.056924143323908646
18 23 0.026427194007079546
18 24 0.059130212033751885
18 25 -0.1329026019375678
18 26 0.04781544993782531
18 27 -0.12366260202861834
18 28 0.038620566082496074
18 29 -0.04753766939942779
18 30 -0.22484054302815873
18 31 0.08445250576847546
18 32 -0.0826537972594559
18 33 0.19910128537024305
18 34 0.08570135702197604
18 35 0.11633246648089912
18 36 0.2341416170367277
18 37 0.2750116090616008
18 38 -0.05345128601917408
18 39 0.07617613665526173
19 19 0.0
19 20 -0.05945715882415302
19 21 -0.013846080566414676
19 22 -0.08014212825828057
19 23 -0.05531979897350172
19 24 0.07135424049251073
19 25 0.11535532833347636
19 26 -0.13494705373637098
19 27 -0.13225204409244234
19 28 0.15130684384615514
19 29 0.006742713180889749
19 30 -0.004236505175066777
19 31 -0.024064158512670346
19 32 0.023867277340715417
19 33 0.12743496971847984
19 34 0.12242302306499198
19 35 0.13398918365730667
19 36 -0.0006482404685655371
19 37 -0.08736408867803655
19 38 -0.04473246070414313
19 39 -0.07098599184186759
20 20 0.0
20 21 -0.12515256686640797
20 22 0.010655062272540875
20 23 -0.050096485719612616
20 24 0.10103269276189848
20 25 0.02739809175736229
20 26 0.08077483985141701
20 27 -0.016995284699390226
20 28 -0.02058312636630053
20 29 0.2623945839872574
20 30 0.18812490422800232
20 31 -0.018546473042298586
20 32 -0.019728434678840986
20 33 -0.05198614435034784
20 34 0.07083879048091239
20 35 -0.4050074888057941
20 36 -0.16223199536229221
20 37 0.02304820471516805
20 38 0.12507299985526682
20 39 0.04016741239816136
21 21 0.0
21 22 0.03225817115557663
21 23 0.054788782707012075
21 24 -0.034403734250449285
21 25 0.04939930608033492
21 26 -0.05464424669181049
21 27 0.170325122046761
21 28 0.10150519202329582
21 29 -0.013264411718000852
21 30 0.1579140572666119
21 31 0.004948293220647026
21 32 0.10660194290376106
21 33 -0.05684990769783649
21 34 -0.08583391815631303
21 35 0.06598533818795796
21 36 -0.15485260669641698
21 37 -0.13962422362115778
21 38 -0.06530594336617566
21 39 -0.02626301632305527
22 22 0.0
22 23 -0.11879045681217393
22 24 -0.13658209932291926
22 25 -0.09267713749829506
22 26 0.13483322025764805
22 27 0.08323025916239295
22 28 -0.06201888811008703
22 29 -0.14006304401936565
22 30 0.25652713162151236
22 31 -0.07932455077654464
22 32 0.060354892991605
22 33 -0.11508863016208179
22 34 0.006034940535063502
22 35 0.05956025598708551
22 36 -0.05359766649462452
22 37 0.21007910929160226
22 38 -0.20658155256062619
22 39 0.3540009624170902
23 23 0.0
23 24 -0.020099590053388582
23 25 0.02651745399191465
23 26 0.03237740777055932
23 27 0.1414846005061368
23 28 0.046577420742518916
23 29 0.05339067775029203
23 30 -0.02308490354020842
23 31 0.08760474827105733
23 32 0.00971107398542698
23 33 -0.00688395507283168
23 34 -0.06728492767610841
23 35 -0.0586789461907428
23 36 0.0088712655593484
23 37 0.019566370834593397
23 38 0.007848241891581061
23 39 0.000021067488771612675
24 24 0.0
24 25 -0.041225192501626574
24 26 -0.11116614424660946
24 27 -0.06455648612315437
24 28 0.21751512456436845
24 29 0.09795119856617127
24 30 -0.14733008181663293
24 31 0.12453392100021991
24 32 -0.004594354663294602
24 33 0.09125820737323011
24 34 0.08670831950967747
24 35 -0.03768909695320626
24 36 0.04133002575727447
24 37 0.028245037932782307
24 38 0.03326300626161631
24 39 -0.13480800265898213
25 25 0.0
25 26 -0.038606432120592754
25 27 0.0394309826564581
25 28 0.09068294815238415
25 29 0.14346501430330877
25 30 0.15914967885678363
25 31 0.007085268821771721
25 32 0.05093065819302657
25 33 -0.06817854436490425
25 34 -0.0021850072933718473
25 35 0.05571557241347769
25 36 -0.11256542748678147
25 37 -0.031358418434949506
25 38 -0.09819550179941493
25 39 -0.11756575345210177
26 26 0.0
26 27 0.015405104711651482
26 28 -0.04870729475145156
26 29 -0.1267600230718918
26 30 -0.03569786130938334
26 31 -0.2302877028914617
26 32 0.019524582173794967
26 33 0.10910008409935659
26 34 0.11305558748762241
26 35 -0.06053852757183166
26 36 0.09373774939027227
26 37 0.17926257836276643
26 38 -0.11152626973081714
26 39 0.26138595668072306
27 27 0.0
27 28 0.12444796841978259
27 29 0.12667334166298402
27 30 0.12381462812080643
27 31 0.008085887164177935
27 32 -0.05799583357875704
27 33 -0.2503524997803441
27 34 -0.03266202849573912
27 35 0.026323260342653993
27 36 -0.2228125382070544
27 37 0.24971533614891692
27 38 -0.03831874642308291
27 39 0.19247915911723984
28 28 0.0
28 29 0.1718086900117564
28 30 0.02843284738904588
28 31 0.023967924888219465
28 32 0.0025710579179347
28 33 -0.006272624388070214
28 34 0.1330255163237731
28 35 -0.0024504468090550875
28 36 -0.10941816703743909
28 37 0.12964035024197604
28 38 -0.031150385536013975
28 39 0.00790716140996076
29 29 0.0
29 30 0.12003773211254432
29 31 0.08454874463408796
29 32 -0.12050138330220979
29 33 -0.08345492584541758
29 34 0.058502938623149134
29 35 -0.19662579439049016
29 36 -0.20289153157075943
29 37 0.2124496236571746
29 38 0.1276109807784399
29 39 -0.09516572071600714
30 30 0.0
30 31 0.05285570319175047
30 32 0.05039904988001279
30 33 -0.22198839359787134
30 34 -0.07659353461423536
30 35 -0.09298747774523927
30 36 -0.28414805954384464
30 37 -0.04452859865255959
30 38 -0.1153299368859996
30 39 0.07448866781801584
31 31 0.0
31 32 -0.016443547929665587
31 33 -0.20357726245720875
31 34 -0.19481521574831057
31 35 -0.08811621467894844
31 36 0.06394047571308889
31 37 -0.047424596954136214
31 38 0.047968836545746914
31 39 -0.17735339085264368
32 32 0.0
32 33 0.1354104614511986
32 34 -0.05718436192802229
32 35 0.07092876763344877
32 36 -0.043419902389807905
32 37 -0.3174864416707434
32 38 -0.1227883081875331
32 39 -0.060082409373502045
33 33 0.0
33 34 0.14959745450613202
33 35 0.06572811783702584
33 36 0.13125533511420368
33 37 -0.1276824694396225
33 38 -0.052881250604422024
33 39 -0.06599865982530147
34 34 0.0
34 35 -0.03265280911918989
34 36 -0.044196500777610045
34 37 0.19032421893549523
34 38 0.008946423318708537
34 39 0.14086904848771772
35 35 0.0
35 36 0.03698609980618696
35 37 -0.059192579958454436
35 38 -0.18760552753950263
35 39 -0.05255788866140863
36 36 0.0
36 37 0.06592706383096256
36 38 0.00024476837735832235
36 39 0.0032684687687915227
37 37 0.0
37 38 -0.03554651892013232
37 39 0.32283009610472074
38 38 0.0
38 39 -0.08783499937396662
39 39 0.0
