0 0 0.0
0 1 -0.2283990793427806
0 2 -0.161347578623748
0 3 -0.04124366421985025
0 4 -0.10701251681860838
0 5 -0.06876185719289288
0 6 -0.06907203049701788
0 7 -0.1090270288092208
0 8 0.03952686406240737
0 9 -0.015009730279703131
0 10 0.07644970474776011
0 11 0.08857055062463345
0 12 0.06341709628796788
0 13 -0.04777374156365208
0 14 0.06281238517210905
0 15 -0.0057553221919712265
0 16 0.08682241635609725
0 17 0.08278727449998984
0 18 0.062180816304916176
0 19 -0.12262338900387781
0 20 -0.03260027999449043
0 21 -0.0603995415588973
0 22 0.054929619828057295
0 23 -0.09818539066821506
0 24 0.13032541480151744
0 25 -0.07345112578015225
0 26 -0.03662882313272202
0 27 0.21379770055404781
0 28 -0.11601743725773742
0 29 0.049536117048930885
0 30 0.04283915960059898
0 31 0.10483881186687034
0 32 0.13494604596010468
0 33 0.03950262884261087
0 34 -0.11124546995824751
0 35 -0.1525336036475827
0 36 0.0104248873496311
0 37 -0.022893030782484076
0 38 0.21509791955070345
0 39 0.11670923266130964
1 1 0.0
1 2 0.020837049168585982
1 3 0.1883491053205646
1 4 -0.09191057885564628
1 5 -0.01752072569638832
1 6 0.002328915051558875
1 7 0.18688508313397884
1 8 0.06814956164215191
1 9 -0.04167448505890344
1 10 -0.11986119574079686
1 11 -0.2115840066298967
1 12 -0.10707879518938417
1 13 0.2392284738005733
1 14 -0.0981391785471213
1 15 0.06496764305749389
1 16 -0.0113625653571903
1 17 -0.0866864105655776
1 18 -0.12332069425088202
1 19 0.2518378196621667
1 20 -0.02692457609918867
1 21 -0.06612679933529192
1 22 -0.04890121255507742
1 23 0.27244414280726603
1 24 -0.24801496769092024
1 25 0.2137433110351717
1 26 -0.010392793163544634
1 27 -0.10596784495791464
1 28 0.01617656475815371
1 29 -0.012276024020090126
1 30 -0.10638049721619654
1 31 -0.024269741767961376
1 32 -0.13519114725715567
1 33 0.0926794983366198
1 34 0.10172665166131475
1 35 -0.02617515065342631
1 36 -0.08659051064573445
1 37 -0.035345669251808
1 38 -0.1341464089946345
1 39 -0.07489590531256032
2 2 0.0
2 3 -0.058507537054550286
2 4 0.1257400497532351
2 5 0.13068203001334375
2 6 0.06208932403362373
2 7 -0.05982165656697943
2 8 -0.13122644617804177
2 9 -0.15981404008519792
2 10 0.14826578142534685
2 11 -0.0021696467920991674
2 12 0.08724438823974043
2 13 -0.1035887324011946
2 14 -0.0654525459300292
2 15 -0.20036649672696805
2 16 -0.2000114397853226
2 17 0.07287694157738664
2 18 0.02185694919968457
2 19 0.11041528078972533
2 20 0.1571460198123647
2 21 0.04465206645996157
2 22 -0.1393469118466006
2 23 -0.07850592307223853
2 24 -0.15308298127852593
2 25 -0.035566632395449944
2 26 0.051482425649988096
2 27 -0.10558140657224406
2 28 -0.044919028706068745
2 29 0.06334330394568598
2 30 0.11535675505345791
2 31 0.0034414789154866496
2 32 0.044660086062444114
2 33 -0.08229250951026278
2 34 -0.08343559243627152
2 35 0.1382654194395386
2 36 -0.0033753574508434527
2 37 0.08467420644550552
2 38 -0.1379125878473661
2 39 -0.06556139253958305
3 3 0.0
3 4 0.05047084133656676
3 5 0.010650769274587728
3 6 -0.027110498457210325
3 7 0.027557114767332736
3 8 0.024905223091475293
3 9 -0.049060761613852845
3 10 -0.19090028677412701
3 11 -0.12527070820496217
3 12 -0.10335329625538725
3 13 0.20738133649270257
3 14 -0.11044423516420065
3 15 0.10898275680479357
3 16 0.08513859651007685
3 17 0.006597902103331744
3 18 0.004030194634735794
3 19 0.04355817906648914
3 20 -0.07160117139031444
3 21 -0.02847816303860068
3 22 -0.05664720639548787
3 23 0.12439448738514858
3 24 -0.018103983113762483
3 25 0.12108653749531942
3 26 -0.012249704209557644
3 27 -0.03877849381971095
3 28 -0.029520235867205785
3 29 -0.07071397789046796
3 30 -0.051537092141462314
3 31 -0.012217675002539959
3 32 0.06481587741910787
3 33 -0.01806613851070647
3 34 0.10651528776624553
3 35 0.00898184249765199
3 36 -0.09727238583585703
3 37 -0.09238045327533563
3 38 0.02860728594129101
3 39 -0.020784813814582206
4 4 0.0
4 5 0.10191946866738
4 6 0.00826302528367838
4 7 -0.09396041847396372
4 8 -0.10342496250968099
4 9 -0.04428399494582224
4 10 -0.0005979591169045004
4 11 -0.16809047685568554
4 12 0.03696766410254192
4 13 -0.02741447255973693
4 14 0.01786148593169467
4 15 0.030884220834772668
4 16 -0.04046349807540591
4 17 0.06626338666195951
4 18 -0.07791930372048403
4 19 0.06138990837335277
4 20 -0.07610042705652198
4 21 0.10952756798867144
4 22 0.007143274891156748
4 23 0.04927004831736867
4 24 0.04518860657272405
4 25 -0.06111359117188688
4 26 0.0799276602989342
4 27 -0.10304265864694853
4 28 0.03089085767764923
4 29 -0.0486692266523507
4 30 0.0353973830308466
4 31 -0.16465899028671388
4 32 0.21650345282414757
4 33 -0.11985992568351145
4 34 0.08987722665866349
4 35 -0.01685863884701247
4 36 0.06008899784665582
4 37 -0.010854575070824999
4 38 0.19262291689688937
4 39 -0.1531900859302705
5 5 0.0
5 6 -0.006468064595054289
5 7 -0.06848618220206237
5 8 -0.059296491825917966
5 9 -0.055146127715388904
5 10 0.06992686342155473
5 11 -0.023667220724319586
5 12 0.058357814018760445
5 13 0.014861097121471836
5 14 -0.0708395428571333
5 15 -0.11253779443586624
5 16 -0.07075320886782849
5 17 -0.11812317675198644
5 18 0.03051678945611937
5 19 -0.12275892718991141
5 20 -0.025965169613830125
5 21 0.1634610281366475
5 22 0.04795095136135545
5 23 -0.08634288562032613
5 24 0.05864785334176127
5 25 0.04498836665048248
5 26 -0.0027524889522251503
5 27 0.07424435150663672
5 28 0.06859209825909403
5 29 -0.0038947747423906573
5 30 0.03354295605397044
5 31 -0.015359392051091977
5 32 0.18078361580209004
5 33 -0.022200841708007343
5 34 -0.10491395810216808
5 35 0.04047584039231567
5 36 0.07877217499972586
5 37 0.038122183097753934
5 38 0.08691905735375983
5 39 0.02283503605472096
6 6 0.0
6 7 -0.03845926551750535
6 8 -0.0384066248527115
6 9 -0.01769367775642402
6 10 -0.11361749258880072
6 11 0.17503903989137787
6 12 -0.054461182612573954
6 13 -0.018433519282344067
6 14 0.0063051355632493715
6 15 0.01486562956728403
6 16 -0.038362802979674614
6 17 0.00519230880268212
6 18 0.041870660939134316
6 19 0.06123967149577005
6 20 0.038195533619137065
6 21 0.002871407488130267
6 22 -0.09893572341187043
6 23 0.08154674688590738
6 24 -0.009922450794096014
6 25 -0.035634929757734836
6 26 0.029904500934963774
6 27 -0.06729876218307498
6 28 0.07720246665773108
6 29 -0.03245500450289078
6 30 -0.009550216984835158
6 31 0.09862890962843884
6 32 -0.2056130811300469
6 33 -0.14480692301330295
6 34 -0.054840683530831845
6 35 0.07533897084431415
6 36 -0.03590544840344861
6 37 -0.026169467552609776
6 38 0.03515671767139393
6 39 0.09637282929780075
7 7 0.0
7 8 0.09495280811117118
7 9 0.11696795592418285
7 10 -0.1209774727600161
7 11 -0.06263870198541376
7 12 -0.1147508343491694
7 13 0.12714132658773777
7 14 -0.07011318218564001
7 15 0.14835517602714546
7 16 0.018888275757428814
7 17 0.023291192134803552
7 18 -0.013268031842770539
7 19 0.08327414710144472
7 20 0.0008174483786941753
7 21 -0.007590930866492172
7 22 -0.06123684220369281
7 23 0.13359266281722412
7 24 -0.23388146959551226
7 25 -0.014720581715347025
7 26 -0.04661199314305045
7 27 -0.0964172003349851
7 28 0.03138780878252001
7 29 0.032692690785875486
7 30 -0.0225327169446303
7 31 -0.10437930440733693
7 32 -0.05243474430409225
7 33 -0.0032586134608490933
7 34 0.0062129266180700185
7 35 -0.007926798445093565
7 36 -0.07569225755755286
7 37 0.016509298117705736
7 38 -0.09260993767301409
7 39 -0.02791538095543795
8 8 0.0
8 9 0.020989074033266508
8 10 -0.06967033390450603
8 11 0.0966894050485214
8 12 -0.14711956220496927
8 13 0.04327795712501703
8 14 -0.0017736782964302808
8 15 0.16956226696822957
8 16 0.09189864749753089
8 17 -0.03434183866193978
8 18 0.0831203091778938
8 19 0.020300368721700778
8 20 -0.15587689340236682
8 21 0.10961006951759726
8 22 -0.002910721283331802
8 23 0.006015553903068439
8 24 0.05446535016985299
8 25 -0.0013216925458871818
8 26 -0.00019606055359027867
8 27 -0.03429325763169178
8 28 -0.05050296825812069
8 29 0.05498858843885153
8 30 0.009144864264715022
8 31 -0.0365697083505856
8 32 0.01590774610693748
8 33 0.024746190554074537
8 34 0.042007130448964355
8 35 -0.05054106869824998
8 36 -0.05874272147472352
8 37 0.06535656070461207
8 38 -0.07926338126253739
8 39 0.013830630799746325
9 9 0.0
9 10 -0.14006073692798632
9 11 -0.05132638385149542
9 12 0.03454995958455822
9 13 -0.07713283385055891
9 14 -0.044068105328507565
9 15 0.05905322281426327
9 16 -0.010428250082930829
9 17 -0.03263017466522326
9 18 -0.06502014347467425
9 19 -0.15739257091241146
9 20 -0.05377405453913636
9 21 0.11352312205888379
9 22 0.11868132606724684
9 23 0.07657852147856853
9 24 0.01603992889567848
9 25 -0.09774409346469434
9 26 0.006013025297159049
9 27 0.05730145549474486
9 28 0.1374348850366632
9 29 -0.05979998769577956
9 30 -0.018324100562740663
9 31 -0.10637686817418271
9 32 -0.12653544668406017
9 33 -0.02951875802199223
9 34 -0.02690743418610394
9 35 -0.02878750610985683
9 36 0.04467324767002919
9 37 -0.007586432853283941
9 38 -0.007832116619693083
9 39 0.011302343219233266
10 10 0.0
10 11 -0.030221653727602705
10 12 0.2142596488712527
10 13 0.07661738100501406
10 14 0.25311531928879083
10 15 -0.24478779958745278
10 16 -0.1654957538239134
10 17 0.006806012473427691
10 18 -0.028135451914965703
10 19 -0.07960612127247475
10 20 0.14499712293366546
10 21 -0.1611542824577638
10 22 0.151054342156483
10 23 -0.2856096546483785
10 24 0.24776551478071673
10 25 0.021839365380632626
10 26 0.16156090188445812
10 27 0.05642857235808809
10 28 -0.20559179303745
10 29 0.1049093013703685
10 30 0.07355588620679082
10 31 -0.006537228227017482
10 32 0.1468865867851757
10 33 0.1888006367531339
10 34 -0.03483409665251021
10 35 -0.06553476251548443
10 36 0.1574133873651331
10 37 0.30282387596791566
10 38 0.0485623802471087
10 39 -0.02704936814338265
11 11 0.0
11 12 -0.10056863055496887
11 13 -0.03331502734500368
11 14 0.07642919308297251
11 15 0.13800689119144724
11 16 0.027336480082156788
11 17 -0.08657490844980477
11 18 0.2545287323442287
11 19 -0.08516906636633029
11 20 0.0007860086408840682
11 21 0.14288861591777627
11 22 -0.05691662550336794
11 23 -0.17546554449279222
11 24 0.12852179951638706
11 25 -0.21352846499732453
11 26 -0.045856782057666606
11 27 -0.17613081984681395
11 28 -0.026778907103639244
11 29 0.04392468807190756
11 30 0.1758133152914946
11 31 0.10546117121382237
11 32 -0.17911133689323716
11 33 -0.048792638851057855
11 34 -0.04695006821013791
11 35 0.10995067725902744
11 36 -0.06631563844123779
11 37 0.1284277013470476
11 38 -0.1029449408168043
11 39 0.29657404435260437
12 12 0.0
12 13 -0.08793634320980083
12 14 0.06078103834804973
12 15 -0.18477205078328904
12 16 -0.10777766010698431
12 17 -0.04404556378035664
12 18 -0.07001290111693437
12 19 -0.09086727923254509
12 20 0.09184613675400412
12 21 -0.02163219640702693
12 22 0.05426614154939141
12 23 -0.047456245770775334
12 24 0.04736637547221471
12 25 0.016294733400771543
12 26 -0.07752676696553484
12 27 0.02718777352735092
12 28 0.07887144479175767
12 29 0.035768364969203006
12 30 0.06999226086014008
12 31 -0.0669590209347399
12 32 0.0511896443781499
12 33 0.15489535000338966
12 34 -0.1354628751688864
12 35 -0.1738560800069469
12 36 0.15336748841858153
12 37 0.02814556527936545
12 38 0.1001062688784081
12 39 0.07090178981654417
13 13 0.0
13 14 0.07957165368344686
13 15 0.11856123552467543
13 16 0.031603480318157316
13 17 -0.12328232358430342
13 18 -0.0034744214013447466
13 19 0.04123839068235836
13 20 -0.02933617199766112
13 21 -0.1327756276786606
13 22 0.049861257409699926
13 23 0.03986864420426813
13 24 0.057946415376614754
13 25 0.17527785114245836
13 26 0.07025806768755727
13 27 -0.12982014996406738
13 28 -0.10318845098399043
13 29 -0.03471933674289411
13 30 0.027288171338212354
13 31 -0.013535919617741792
13 32 0.024810944828926616
13 33 0.11460611300464578
13 34 0.10629554181367395
13 35 -0.06107749360154228
13 36 0.014596899384829077
13 37 0.12242089401332701
13 38 0.09808878792936403
13 39 0.08680336071024033
14 14 0.0
14 15 0.009083098737259602
14 16 -0.03421509912842659
14 17 0.009283677664088563
14 18 0.0009319161566859107
14 19 -0.006824091421351654
14 20 0.09148656557362031
14 21 -0.12413824635326862
14 22 0.08735423040234794
14 23 -0.057116662851735125
14 24 0.17475528320970896
14 25 0.04446921857064051
14 26 0.03988015520310272
14 27 0.007944237606383037
14 28 -0.03632574823136352
14 29 0.027420315190324968
14 30 -0.04923888905970133
14 31 0.02761524948769676
14 32 -0.11620708568027246
14 33 0.0963579044992119
14 34 0.06600681586917306
14 35 -0.0801219952398034
14 36 0.15505674820692442
14 37 0.13547824324614355
14 38 0.13015676827028522
14 39 0.0057103733909583876
15 15 0.0
15 16 0.16024933746663347
15 17 -0.024348485714503043
15 18 0.060869920000555335
15 19 0.044230545438629955
15 20 -0.14625081358353242
15 21 0.08578325081169685
15 22 -0.03606265314039681
15 23 0.16591099514992788
15 24 0.005313491208338054
15 25 -0.09358225417716869
15 26 -0.08230678895562898
15 27 -0.18998887610515483
15 28 0.04425251679062122
15 29 -0.005525318569478068
15 30 -0.01784466044915657
15 31 -0.10333451540262213
15 32 -0.05951085304832353
15 33 -0.018785534309921758
15 34 0.1757639047533787
15 35 -0.0429779489230602
15 36 -0.14053833280047828
15 37 -0.034216368596394056
15 38 -0.0014215901415569926
15 39 0.06624931645235056
16 16 0.0
16 17 -0.01397321118995382
16 18 0.03294749254068605
16 19 0.005113380264909188
16 20 -0.12566775835291683
16 21 -0.034487242442560524
16 22 -0.011811938065714503
16 23 0.03845227755518483
16 24 0.044791137562012744
16 25 0.0195681754693214
16 26 -0.08596881588210922
16 27 0.0011212668483348276
16 28 0.0013289166275686462
16 29 -0.031242750267545333
16 30 -0.0699437271658937
16 31 0.0049190236276363776
16 32 0.06596034144821071
16 33 0.027738866770343422
16 34 0.07993603039002128
16 35 -0.04856571919457493
16 36 -0.08850463854191074
16 37 -0.12889771905806774
16 38 0.04175662817179732
16 39 0.024797472392004652
17 17 0.0
17 18 0.06916954040974042
17 19 0.12681575242226656
17 20 0.11639990943003628
17 21 -0.18590970680738572
17 22 -0.18636752053829014
17 23 0.03381594554922862
17 24 -0.060680946331870725
17 25 -0.07945694690899029
17 26 0.035780746840391016
17 27 0.12718846348797666
17 28 -0.17796640634618793
17 29 -0.04244337726159157
17 30 -0.16293748833406851
17 31 0.01104743948372852
17 32 0.026955379861251922
17 33 -0.16253537050019898
17 34 -0.12300841136480034
17 35 0.01367244726924538
17 36 -0.09486711503898007
17 37 -0.0502330201324059
17 38 0.19240457649038917
17 39 -0.14727565349043575
18 18 0.0
18 19 -0.08711240311409843
18 20 0.011380914409203163
18 21 0.06763238787467926
18 22 -0.12219872576817943
18 23 -0.1313404847602549
18 24 0.10742842467961411
18 25 -0.05142842105780765
18 26 -0.03698367044815552
18 27 -0.018121090373491404
18 28 -0.05183960462286321
18 29 0.030015956029039448
18 30 0.03695844564991681
18 31 0.05052171224532513
18 32 0.024439990632028563
18 33 -0.08215165653512506
18 34 -0.08242653765728544
18 35 0.07668457596347372
18 36 -0.05554926504871547
18 37 0.05952781190012181
18 38 -0.010407413696475673
18 39 0.10800430406702018
19 19 0.0
19 20 -0.017212342523250164
19 21 -0.11888698275642
19 22 -0.1328395292788737
19 23 0.1611587501258806
19 24 -0.33694174685653333
19 25 0.05979012183400223
19 26 -0.015712830994459304
19 27 -0.17793756946421715
19 28 -0.13470539576705504
19 29 -0.016387359456368357
19 30 -0.034288016513456004
19 31 -0.024555465973314757
19 32 -0.06411464868620759
19 33 0.052114577513822466
19 34 0.025076487303383726
19 35 -0.07060622292407134
19 36 -0.05464390826311162
19 37 -0.05167412944698674
19 38 -0.008769192124195897
19 39 -0.12956686370200837
20 20 0.0
20 21 -0.19972527721206848
20 22 -0.10363184234102715
20 23 -0.01236284179081942
20 24 -0.08240353587556414
20 25 0.01992407483596452
20 26 -0.015441238758416517
20 27 0.032124711944202675
20 28 0.020658382759088108
20 29 0.04388782943351048
20 30 -0.05053537627498574
20 31 0.1088484609877505
20 32 -0.1676821583471605
20 33 -0.03819247408415761
20 34 -0.026374386963340223
20 35 0.11561607700246815
20 36 0.008136310222925169
20 37 0.011040458852990473
20 38 -0.07076982060304196
20 39 -0.005854670278137205
21 21 0.0
21 22 0.08511132039871297
21 23 -0.05285612948475883
21 24 0.006807819920099836
21 25 -0.14124797417529367
21 26 -0.0316177545785213
21 27 -0.07089744121668125
21 28 0.11140263752049598
21 29 0.02316491450883266
21 30 0.18399083266280042
21 31 -0.13878557832443542
21 32 0.1001380575579041
21 33 -0.046272858217147154
21 34 -0.040948368624601834
21 35 0.018349990967461087
21 36 0.05366584463865259
21 37 0.0797619926969749
21 38 -0.08816112973594267
21 39 0.05104553372340692
22 22 0.0
22 23 -0.09611178788954053
22 24 0.1395507317673232
22 25 -0.010048499219239681
22 26 0.06340535869032242
22 27 0.08971764501745873
22 28 -0.017740410034451436
22 29 -0.05315244741885883
22 30 0.04348131395078979
22 31 -0.06815831683730991
22 32 0.05419617669891637
22 33 0.16999890709892956
22 34 0.05478516164787865
22 35 -0.08463641658578419
22 36 0.16260124321629413
22 37 0.09707795688170844
22 38 0.0680366103776214
22 39 -0.0033255129430593646
23 23 0.0
23 24 -0.19400551689293197
23 25 0.056308144661311496
23 26 -0.0846439310337612
23 27 -0.024063655905929605
23 28 0.19240766355098643
23 29 -0.022421541006048783
23 30 -0.1853791118192219
23 31 -0.01697073346709395
23 32 -0.2030703958437718
23 33 -0.07505547257544656
23 34 0.07539982829639788
23 35 -0.08424934754346405
23 36 -0.1168636813068948
23 37 -0.19409171073043915
23 38 0.08805847513674606
23 39 -0.027687402874249332
24 24 0.0
24 25 0.008461791175331652
24 26 0.15539371322024484
24 27 0.10722907610564418
24 28 -0.017687838926868836
24 29 -0.023733149146888427
24 30 -0.03721357815751125
24 31 0.027937008013426447
24 32 0.07425951185460603
24 33 -0.019989732498755828
24 34 0.06290890721175285
24 35 -0.005987815912140276
24 36 0.056642944440017176
24 37 0.14095052677388153
24 38 0.1449680615431416
24 39 0.09411779316967636
25 25 0.0
25 26 -0.006568711728705871
25 27 0.09890722819281866
25 28 0.03273989620419221
25 29 -0.01903431002985981
25 30 -0.1434023856954075
25 31 0.08073055812178836
25 32 -0.0050333804330636505
25 33 0.09096650652726879
25 34 0.019051309638307666
25 35 -0.047136260846192296
25 36 0.09351271092104342
25 37 -0.05247973152293732
25 38 0.035033396139793074
25 39 -0.07352544739902225
26 26 0.0
26 27 0.013859206235145926
26 28 -0.12200185411794798
26 29 -0.01678344024497431
26 30 0.047709779174624455
26 31 0.018222549385681186
26 32 0.013046419696642853
26 33 -0.09374124663416653
26 34 0.04053343062529434
26 35 0.07719107914250736
26 36 0.025047799776954604
26 37 0.14441007020624885
26 38 -0.019162903435481243
26 39 -0.08057792526915217
27 27 0.0
27 28 0.007447894002991869
27 29 -0.031824461744014564
27 30 -0.2144220872164932
27 31 0.1544372703634976
27 32 0.08679350001859672
27 33 -0.05987435484105256
27 34 -0.20566885369303609
27 35 -0.04895051243435757
27 36 0.09373328551275009
27 37 -0.09863554074232485
27 38 0.2851285852268219
27 39 -0.06598663723180667
28 28 0.0
28 29 0.015929948376864865
28 30 -0.07761212689698925
28 31 -0.001598046040805687
28 32 -0.1573705439409704
28 33 -0.08004796160902791
28 34 0.02203574804076122
28 35 0.018500118007397884
28 36 0.022451724216848247
28 37 -0.1446050883849465
28 38 -0.030381699655271537
28 39 0.06362278375367023
29 29 0.0
29 30 0.08796850380424369
29 31 0.02216667947332821
29 32 0.03593827799575447
29 33 0.008796666619381086
29 34 0.012113574040005464
29 35 -0.01481111952894933
29 36 -0.02480751485834121
29 37 0.06068413794667656
29 38 -0.12627967107866908
29 39 0.026473310075700786
30 30 0.0
30 31 -0.05840533904678019
30 32 0.114621752295117
30 33 0.047227665450828855
30 34 0.0020878931629785937
30 35 0.008478205483364667
30 36 0.036842937932418
30 37 0.16163983747748137
30 38 -0.18943802471291593
30 39 0.11839073264362716
31 31 0.0
31 32 -0.12465106497199188
31 33 -0.08385394406855441
31 34 -0.055280333334014484
31 35 0.08778561911054183
31 36 -0.029477132032833614
31 37 -0.07036631418216724
31 38 0.006104831385576248
31 39 0.07367327285186068
32 32 0.0
32 33 0.04601598048977669
32 34 -0.07047125690734549
32 35 -0.10235070500131042
32 36 0.02881765676806638
32 37 0.02104139488578969
32 38 0.17396423438052339
32 39 -0.09019843739602271
33 33 0.0
33 34 0.04822762940735775
33 35 -0.17962954230613729
33 36 0.11181635953088657
33 37 0.07483949588573667
33 38 -0.03368856712576101
33 39 0.03241928316833832
34 34 0.0
34 35 0.09142863939061101
34 36 -0.08819637398076688
34 37 -0.00993474069768951
34 38 -0.25429022352827435
34 39 -0.09067204973856663
35 35 0.0
35 36 -0.09879994499155106
35 37 0.002148472927265338
35 38 -0.26564262694363777
35 39 -0.04516193627869539
36 36 0.0
36 37 0.10105658880531809
36 38 0.14087744267879448
36 39 -0.028402240256892565
37 37 0.0
37 38 -0.06829605808167943
37 39 0.03200143537374604
38 38 0.0
38 39 0.04550305820098007
39 39 0.0
