0 0 0.0
0 1 0.0033564128449318767
0 2 0.0274005676976067
0 3 0.0973746763105233
0 4 0.020898087295763135
0 5 0.12356385428562948
0 6 -0.14074540918327644
0 7 0.05723803283075306
0 8 -0.09232997709839119
0 9 0.053310579967484464
0 10 -0.14667526917433119
0 11 -0.04465147994751965
0 12 0.06352610861499541
0 13 0.16339979910806773
0 14 0.05157718285232189
0 15 0.12088511999982524
0 16 0.35566725012925693
0 17 -0.06693180901044625
0 18 -0.08410611820834946
0 19 0.022755797340673907
0 20 0.04935516437039012
0 21 0.013522312650592078
0 22 -0.12410063340135631
0 23 0.07337376981965758
0 24 -0.014585005488300481
0 25 -0.008403209559467542
0 26 0.15712314159323346
0 27 -0.028853844452418093
0 28 -0.1910956596947247
0 29 0.018978030382001805
0 30 -0.011860896911393349
0 31 -0.08103824039133736
0 32 -0.19338371720982478
0 33 -0.1436350558193028
0 34 0.16356020919604838
0 35 -0.06494966259207201
0 36 0.016616257671898026
0 37 -0.04464449293379576
0 38 -0.060726446062671205
0 39 -0.009945613487935379
1 1 0.0
1 2 0.10226220866674567
1 3 0.0789484847281153
1 4 0.010398135736518859
1 5 -0.08735306551459253
1 6 0.00896853696578855
1 7 -0.02140130302342311
1 8 -0.016186092905088843
1 9 -0.10637704128659349
1 10 0.035976355418451886
1 11 0.028513615559384493
1 12 0.013970535800211268
1 13 0.03896721253568009
1 14 -0.0021561906549551974
1 15 0.11381086395544729
1 16 0.08546405963265793
1 17 0.004417387791123972
1 18 0.02358170104434156
1 19 -0.06895010661129225
1 20 -0.20518924691482415
1 21 -0.07929915179169561
1 22 0.0365899954909643
1 23 0.10706354504255171
1 24 -0.03743623498437845
1 25 -0.07383039218910564
1 26 -0.06775712638105505
1 27 -0.06672955794828238
1 28 -0.020165187716714474
1 29 0.028060614906364405
1 30 -0.04157578524657329
1 31 -0.01642756113290874
1 32 0.06808416424105188
1 33 -0.08033465443893445
1 34 0.15579421492623258
1 35 0.020769588777684648
1 36 -0.014591383075028923
1 37 0.11266968549168473
1 38 0.0708965618995041
1 39 0.10955632632790538
2 2 0.0
2 3 0.10512704014886472
2 4 0.16153010087896463
2 5 -0.02464654355262408
2 6 -0.13340981795690796
2 7 -0.036240613657644215
2 8 -0.017387157375389532
2 9 0.01646871474225756
2 10 0.05550137421492589
2 11 -0.05883066585920742
2 12 -0.01937159628419554
2 13 0.10198899912592492
2 14 0.01865242774663881
2 15 0.06574752345988673
2 16 0.06419028537463015
2 17 -0.04217235777228237
2 18 0.002939555322890694
2 19 -0.07900042001387726
2 20 -0.02428745450539738
2 21 -0.18127002400616662
2 22 -0.0996707729689452
2 23 -0.049328432381289825
2 24 0.02590601913973361
2 25 0.08839781601974424
2 26 -0.10219653104583437
2 27 0.062248587260102836
2 28 0.0203871174186182
2 29 -0.1383463543311801
2 30 0.0106061701551467
2 31 -0.05522987350583739
2 32 -0.07570918228895919
2 33 0.07525828963833771
2 34 0.16483719288153398
2 35 0.04262000110894999
2 36 0.09821691815774035
2 37 -0.00534249293185218
2 38 0.08001905905874765
2 39 0.009737653190659156
3 3 0.0
3 4 0.060601675834993304
3 5 0.10577491531856406
3 6 -0.020141421413998765
3 7 0.008445696599938138
3 8 -0.0030129744518298473
3 9 -0.04144186761725932
3 10 0.05024758285413909
3 11 -0.026916487942841412
3 12 -0.06268669388423395
3 13 0.14646959345399255
3 14 0.09401020671361753
3 15 0.1517850185323366
3 16 0.20190974217719299
3 17 -0.037980495810989376
3 18 -0.013412867811067652
3 19 0.0183327493342065
3 20 -0.041471406046541245
3 21 -0.06170299997523691
3 22 -0.05250522097462466
3 23 0.048726541557427575
3 24 0.05482335131992407
3 25 -0.009822040343337241
3 26 -0.05931003679861148
3 27 -0.054211130670390885
3 28 0.015192707243745777
3 29 -0.013471651611455002
3 30 0.03600527589722682
3 31 -0.011794003162492812
3 32 -0.08621955608204204
3 33 -0.019986220580066237
3 34 0.19217281780500847
3 35 -0.05982390536679294
3 36 -0.03548360515953106
3 37 0.06635660198124119
3 38 0.016815304109473926
3 39 -0.02062274853900173
4 4 0.0
4 5 0.06987491572328743
4 6 -0.18549444916654725
4 7 -0.04843084148836843
4 8 0.009414364275858915
4 9 0.12671670284088815
4 10 -0.02079808733382547
4 11 0.0946383329235428
4 12 0.007223283955081493
4 13 0.1064777441855419
4 14 -0.02261885828475711
4 15 0.14383637195525512
4 16 0.04174232294201915
4 17 -0.03403967595607481
4 18 -0.021775642273656883
4 19 0.027030746764067144
4 20 -0.03926387653081355
4 21 -0.17467784100048528
4 22 0.08441166591341735
4 23 -0.028871503817286114
4 24 -0.012566465313978717
4 25 0.002356229781918218
4 26 -0.10966850429432298
4 27 -0.013955060391576405
4 28 0.23087864478234116
4 29 -0.016158654383717348
4 30 -0.002572583655606084
4 31 -0.21558129958447964
4 32 -0.03232906751677315
4 33 0.21870623359960048
4 34 0.12850208601017482
4 35 0.10275098311404747
4 36 0.16747000436469878
4 37 -0.15209712387322089
4 38 0.0761862272030892
4 39 -0.05152844984597812
5 5 0.0
5 6 0.01597425596918839
5 7 -0.01068858810645241
5 8 -0.00661710204767643
5 9 0.05764522369927052
5 10 0.04158575254599965
5 11 -0.10230355916171122
5 12 -0.06420299137786807
5 13 0.1386612225338287
5 14 0.06596837585313939
5 15 0.04446723413160107
5 16 0.19733175922612972
5 17 -0.023136416915874456
5 18 0.036243066548495226
5 19 0.08601103152067952
5 20 0.13629608264759926
5 21 0.020413406939116828
5 22 -0.0844840476148748
5 23 -0.005971762547794076
5 24 0.0017707503688123298
5 25 -0.0020977725512726546
5 26 0.05357971722127253
5 27 -0.06696615917508872
5 28 0.01795892248268789
5 29 -0.00192833615535279
5 30 0.05856488546467111
5 31 0.011413897619895043
5 32 -0.11844983081296405
5 33 0.022873792241944704
5 34 0.03432133679719142
5 35 -0.11232633493280875
5 36 0.00776489987876733
5 37 -0.13245180249170568
5 38 -0.08384655566201868
5 39 -0.053426499028479624
6 6 0.0
6 7 0.02074294692105236
6 8 0.12240949574585047
6 9 -0.08386800246567946
6 10 0.11303350468130371
6 11 -0.10824378585287693
6 12 -0.07201241654013447
6 13 -0.1797164603465297
6 14 0.03907314358534622
6 15 -0.010282119791904232
6 16 -0.07632202109192819
6 17 0.08595429294518193
6 18 0.19807446060970377
6 19 0.06305552896895186
6 20 0.04532790235513081
6 21 0.06956284932779608
6 22 -0.017558731531351734
6 23 -0.03667825792490528
6 24 -0.03514168378985122
6 25 -0.09383162659398134
6 26 -0.035814229564081146
6 27 0.011006300283327936
6 28 0.03373659788632092
6 29 -0.09558928650192725
6 30 -0.10370764992229327
6 31 0.10494247229221028
6 32 0.16365594358891875
6 33 0.028668585633123262
6 34 -0.19483117071624273
6 35 -0.07693187502098282
6 36 -0.10884768352784573
6 37 0.07063924552997995
6 38 -0.07273510679641372
6 39 0.143250754203487
7 7 0.0
7 8 0.16253254263952835
7 9 0.16141209711282783
7 10 -0.22071034038138287
7 11 -0.11433965491087161
7 12 -0.0036073802393039823
7 13 -0.12663944398305077
7 14 0.1228390123786804
7 15 0.09304708601529253
7 16 0.056715170540366365
7 17 -0.125756263801784
7 18 0.010176112540461392
7 19 -0.082074360121393
7 20 -0.05298794882683083
7 21 -0.051744441829772746
7 22 -0.01552791482852427
7 23 -0.053937148237764354
7 24 -0.03252192038992033
7 25 0.027904182107391724
7 26 0.2561579330201015
7 27 0.2112189693011343
7 28 -0.01365412339443963
7 29 -0.16326314129481362
7 30 -0.08626584052455279
7 31 -0.11034649101153793
7 32 0.029386297642181425
7 33 -0.03459230329044837
7 34 0.07050003928152158
7 35 -0.12062770144113448
7 36 -0.0453457562270079
7 37 0.23211761002537376
7 38 0.10927641378591565
7 39 0.08884631695248019
8 8 0.0
8 9 0.061943082413237004
8 10 -0.011018985172226818
8 11 -0.06837123290958749
8 12 -0.0593207579012597
8 13 -0.12610539879460886
8 14 0.04924960195078787
8 15 0.0479829731095026
8 16 -0.06178536487880337
8 17 -0.03531124523844549
8 18 0.06762428191377781
8 19 -0.011177376750168446
8 20 0.0025884935573860057
8 21 -0.04195841412809085
8 22 0.023616349194250614
8 23 -0.05749906501747169
8 24 -0.013294207070066358
8 25 -0.0033154120679604543
8 26 0.034805643567897004
8 27 0.11718363361028965
8 28 0.1144768251637445
8 29 -0.13423073014397596
8 30 -0.05071114036872978
8 31 -0.030605877978185526
8 32 0.11277189207927493
8 33 0.07464946633053125
8 34 -0.06532635937617236
8 35 -0.054250238373392566
8 36 -0.024538621343243434
8 37 0.10960114335382327
8 38 0.04969222474398212
8 39 0.07510715733757237
9 9 0.0
9 10 -0.11468324620059471
9 11 -0.1137029635866651
9 12 -0.026463183209397566
9 13 -0.04318276242685278
9 14 0.0483450055807002
9 15 0.02841211873264109
9 16 0.07841372984598624
9 17 0.018487259032882127
9 18 0.006781420827837982
9 19 -0.09106245502537955
9 20 0.0013549955651784536
9 21 -0.08524232619609214
9 22 -0.015343911517004085
9 23 0.07055917274678741
9 24 0.0004866278004828548
9 25 0.11085280949373189
9 26 0.11631115597772275
9 27 0.07592610149045204
9 28 -0.12910208322585567
9 29 -0.08476917970657237
9 30 -0.07963159952584961
9 31 -0.18601735213663267
9 32 -0.022017029880788328
9 33 -0.0035260770268620107
9 34 0.007308465440425131
9 35 -0.1441082805305233
9 36 0.12984247588119052
9 37 -0.037029587469808986
9 38 0.18286186833474669
9 39 0.06254588825939218
10 10 0.0
10 11 -0.01866199654132445
10 12 -0.1306717327427601
10 13 0.07129213844664416
10 14 -0.06159310673757986
10 15 -0.026309635473656535
10 16 -0.047657049447836206
10 17 0.03557720632801182
10 18 0.024840118863793868
10 19 0.04040780420308082
10 20 0.09209270813955064
10 21 0.023159468406701807
10 22 0.041835881698657866
10 23 0.05673600197310591
10 24 0.026990739384063538
10 25 -0.00550621920146072
10 26 -0.24097541972808564
10 27 -0.12323867271628804
10 28 0.14083849085429181
10 29 0.0025955731382476675
10 30 0.10891812155592814
10 31 0.14085784947191654
10 32 0.11131131493640203
10 33 0.05240397851538362
10 34 -0.1129744108017297
10 35 0.009590653013179795
10 36 0.012949931502973772
10 37 -0.06853932146910022
10 38 -0.06896895172888862
10 39 -0.0035227814843751064
11 11 0.0
11 12 0.06921946458194037
11 13 -0.13190376674972903
11 14 -0.012817575141957475
11 15 0.12974314131912304
11 16 -0.05903354079510613
11 17 -0.005045750244611664
11 18 -0.18984462586444512
11 19 0.15973758060824353
11 20 -0.12029937593310584
11 21 -0.039514247740235695
11 22 0.15550670555764676
11 23 -0.019376558987867307
11 24 0.10715802090747853
11 25 -0.1495542858748262
11 26 -0.11089155695474731
11 27 -0.112995764456665
11 28 0.0850619525315253
11 29 0.13888925647258246
11 30 0.0677690508750917
11 31 -0.06816643489534949
11 32 -0.07827007072026093
11 33 0.025037367887997146
11 34 -0.053638441534862545
11 35 0.1281830975256007
11 36 0.005611900033544692
11 37 -0.09782225366179934
11 38 -0.0991200367615391
11 39 -0.14765309213332495
12 12 0.0
12 13 -0.022798229755402966
12 14 -0.019723151271751563
12 15 -0.04142431998409081
12 16 -0.028613297316197068
12 17 0.03830649178697843
12 18 0.0025717857005404794
12 19 -0.002235920250692274
12 20 -0.07529557998835026
12 21 -0.0003353707699464313
12 22 -0.0358328088058757
12 23 -0.0441908491459357
12 24 -0.02153186011821776
12 25 -0.021722101544767024
12 26 0.07759978070244658
12 27 0.020579064039917265
12 28 -0.09490689435247916
12 29 0.07166342005015366
12 30 -0.06008702249899021
12 31 -0.03925268995831197
12 32 -0.07917017221347791
12 33 -0.020511758739908764
12 34 0.04844615882250735
12 35 0.06678386499758077
12 36 -0.008886257608827273
12 37 -0.03618404933136425
12 38 0.007035182072335626
12 39 -0.01978543069216086
13 13 0.0
13 14 -0.12207991560353952
13 15 -0.10147322397476469
13 16 0.1738249819106245
13 17 -0.03836235738177655
13 18 -0.03946832606106268
13 19 -0.11909198795894486
13 20 0.07603338208734674
13 21 0.05397068391193244
13 22 -0.09931382054366168
13 23 0.1548996185572793
13 24 -0.05651788978265373
13 25 0.15770961203298528
13 26 -0.026266702174530237
13 27 -0.048227079653202456
13 28 0.040983980125627886
13 29 0.1549730840190223
13 30 0.14042755479666263
13 31 0.08900007712839487
13 32 -0.022934277858301717
13 33 -0.052352652000955055
13 34 0.2435315020055547
13 35 0.021726913857070342
13 36 0.010390568019273922
13 37 -0.01969710666758808
13 38 0.09397933732709043
13 39 -0.06003823626249634
14 14 0.0
14 15 0.11959310263532416
14 16 0.07954921348871812
14 17 -0.011429378052072761
14 18 0.048226675167311474
14 19 0.04679954986596999
14 20 -0.076305378632022
14 21 -0.0671402884043394
14 22 -0.027446121096305048
14 23 -0.08223798290528248
14 24 0.05922358136420132
14 25 -0.05624998723171767
14 26 0.06290764241826811
14 27 -0.020522768773519193
14 28 -0.09123402114755527
14 29 -0.08551967651962662
14 30 -0.052556327668960845
14 31 -0.05987847405610913
14 32 -0.1479849660435334
14 33 -0.0043997834247713734
14 34 0.10278914465191566
14 35 -0.10004239762253606
14 36 -0.03025986068700482
14 37 0.04948104714790246
14 38 -0.02530065263338162
14 39 -0.012799035881597382
15 15 0.0
15 16 0.3473185579664927
15 17 -0.1161986790159654
15 18 -0.14618524636368388
15 19 0.14302505249352093
15 20 -0.04773738976852318
15 21 -0.12502151987013746
15 22 0.06811420574099919
15 23 0.08542667274656347
15 24 0.06565038408219499
15 25 -0.17687897600248464
15 26 -0.03853862776253979
15 27 -0.06347041445644226
15 28 0.031076080913548233
15 29 -0.11893007571309802
15 30 -0.025654386904098346
15 31 -0.18671489988095194
15 32 -0.046032969334913784
15 33 -0.051568144918524704
15 34 0.03080847430067818
15 35 -0.0648397404115224
15 36 0.04187621632347459
15 37 0.024042640495502022
15 38 -0.10163103222148992
15 39 0.05613997366065365
16 16 0.0
16 17 -0.11536352335293135
16 18 -0.14510140256807677
16 19 0.08774850920820607
16 20 0.08797487878945855
16 21 -0.028722873648242775
16 22 -0.1075085200396854
16 23 0.21694296119794476
16 24 0.004510462791725931
16 25 -0.08878072976896356
16 26 0.09155151667594039
16 27 -0.10115384560862188
16 28 -0.17554751435934968
16 29 -0.054229508812655716
16 30 0.0032278262130273107
16 31 -0.12930513522938777
16 32 -0.14075992001510176
16 33 -0.21347231897453392
16 34 0.11950703794229148
16 35 -0.16524124274299132
16 36 0.04860307775452493
16 37 -0.050565666451649796
16 38 -0.11419593151120917
16 39 0.07977022518345664
17 17 0.0
17 18 0.15503719133194557
17 19 -0.015208615280268775
17 20 -0.11085684425796169
17 21 -0.009545365593546181
17 22 -0.06540814248526974
17 23 0.01990159420382822
17 24 0.018139615206964436
17 25 0.010220797734025637
17 26 -0.06899449241288017
17 27 -0.05453110595453522
17 28 -0.1450243496382878
17 29 0.10545306412082178
17 30 -0.10489701311714898
17 31 0.012622811726061217
17 32 -0.01868510415616774
17 33 0.01977591488307119
17 34 -0.016485521127394136
17 35 -0.01886300471688903
17 36 -0.018871980204092996
17 37 -0.08276420758932816
17 38 0.11240743603179146
17 39 0.029336944032626888
18 18 0.0
18 19 -0.06903868101971522
18 20 -0.07069911422389667
18 21 -0.018914287348994214
18 22 -0.10818041094005353
18 23 -0.10091523408474508
18 24 -0.07874297794528934
18 25 0.02306805553233552
18 26 0.021969656413075165
18 27 0.03852029541186132
18 28 -0.04881684388324192
18 29 -0.04103209535727948
18 30 -0.1521841015599225
18 31 0.05223800105529247
18 32 0.03791719651120752
18 33 0.09528490176870755
18 34 0.042621502770135676
18 35 -0.047347070270196835
18 36 -0.049767021364932294
18 37 0.015405118160744849
18 38 0.09900044800582646
18 39 0.11070738833963215
19 19 0.0
19 20 0.10297125393391462
19 21 0.011348655168276694
19 22 0.007425771218890394
19 23 -0.08803703433293457
19 24 0.07542464289519304
19 25 -0.159494475074134
19 26 -0.04223626868287126
19 27 -0.08018191782571694
19 28 0.08246355748254622
19 29 0.0005397409517808305
19 30 0.046409107543153395
19 31 -0.007000309586217718
19 32 -0.10750754140646687
19 33 0.05764866407748255
19 34 -0.16163021823086615
19 35 0.009166772930047744
19 36 -0.020354674094121308
19 37 -0.17562019840174253
19 38 -0.23653944402966803
19 39 -0.09708368043010189
20 20 0.0
20 21 0.1424200041609181
20 22 -0.06714148912778785
20 23 -0.04979861433952527
20 24 -0.023333042919314623
20 25 0.05440973892028548
20 26 0.005332966979656321
20 27 0.05819608875348405
20 28 0.10875189483284013
20 29 -0.13689313286543037
20 30 0.10122004826845457
20 31 0.09645733568873296
20 32 0.031859448107345506
20 33 0.04436767379628872
20 34 -0.24842931635395807
20 35 0.003946105068399329
20 36 0.038140613266338504
20 37 -0.12369335774578391
20 38 -0.24002735031330635
20 39 -0.03572441226443879
21 21 0.0
21 22 0.030013344567656176
21 23 0.0466686762814839
21 24 -0.04741020801311783
21 25 0.002928491453332362
21 26 0.029812732155708167
21 27 -0.045862242971652464
21 28 -0.027753976687063392
21 29 0.06687042555746679
21 30 0.037717815489253174
21 31 0.13162151604212827
21 32 0.0688913211051054
21 33 -0.08417066440619
21 34 -0.10326203170255015
21 35 0.02073757335851668
21 36 -0.06338664080648392
21 37 0.026778630692124626
21 38 -0.12315891624427977
21 39 -0.007997874816440029
22 22 0.0
22 23 0.07219372693138995
22 24 -0.005674954300088247
22 25 -0.07973105814435169
22 26 -0.09997963343539312
22 27 -0.1076392059231367
22 28 0.14317458129498933
22 29 0.036781811453196436
22 30 0.049164295672567054
22 31 -0.03505229448523828
22 32 0.14160634873219444
22 33 0.0018550496759391264
22 34 -0.05236924111933385
22 35 0.07333260067067057
22 36 0.04181923378690262
22 37 0.06495995918913186
22 38 -0.040716893857878037
22 39 -0.007514176060392311
23 23 0.0
23 24 -0.02203998417175453
23 25 0.013710542276821757
23 26 -0.06300713124389731
23 27 -0.12245190802062629
23 28 -0.12236001865601712
23 29 0.10340543014026152
23 30 0.006544277836849371
23 31 -0.03542055562718679
23 32 0.1284030345565436
23 33 -0.20110549352778334
23 34 0.039289246566566786
23 35 -0.07289016979387905
23 36 0.04015001913866435
23 37 0.0625872588529859
23 38 0.10291914620064205
23 39 0.11361187921056919
24 24 0.0
24 25 -0.011863746907880817
24 26 -0.06945155681124118
24 27 -0.028136885148146867
24 28 -0.01710350365180527
24 29 0.013985206266427765
24 30 0.04461919150926308
24 31 -0.01973429221823505
24 32 -0.10385743075551035
24 33 0.014805852715903959
24 34 -0.012206227815404388
24 35 -0.018765876521023895
24 36 -0.009836856352087187
24 37 -0.033909930696527604
24 38 -0.009471182089299274
24 39 -0.0946413602652077
25 25 0.0
25 26 0.022272126660804935
25 27 0.11336051151531013
25 28 -0.025903743652391294
25 29 -0.011101056732934095
25 30 0.027191027916878645
25 31 0.03184516540671588
25 32 0.020988021743203834
25 33 0.021286500072216587
25 34 0.07053726317528669
25 35 -0.009646175490645907
25 36 0.03088978549612346
25 37 0.049259210219031166
25 38 0.17173217539477073
25 39 -0.014416799070936745
26 26 0.0
26 27 0.1300531984202447
26 28 -0.13012807696262765
26 29 -0.019916326966939617
26 30 -0.04874439266177586
26 31 -0.04172585103073466
26 32 -0.09265637565562113
26 33 -0.08726438861671348
26 34 0.05524345252262014
26 35 -0.10413926850745783
26 36 -0.04229595720386984
26 37 0.040828463249940036
26 38 0.0222779047582232
26 39 0.019452848073721152
27 27 0.0
27 28 0.07591765164650364
27 29 -0.14722471572225054
27 30 -0.057447531324871313
27 31 -0.02769656305694156
27 32 0.07094104954230017
27 33 0.08379610854214439
27 34 -0.041568049386347186
27 35 0.004312073696208009
27 36 -0.02794296819721277
27 37 0.12033584300181883
27 38 0.11759185854973471
27 39 0.04735184747367052
28 28 0.0
28 29 -0.04713881184902914
28 30 0.15909488055387902
28 31 0.05617734869254802
28 32 0.18696692791026442
28 33 0.24749174535468277
28 34 -0.11323074362831127
28 35 0.13287611464814267
28 36 -0.005756027982089248
28 37 -0.000181202618851789
28 38 -0.06888252238632062
28 39 -0.08531091393772988
29 29 0.0
29 30 0.07499919465138406
29 31 0.05979145999291417
29 32 -0.05487938843734956
29 33 -0.06724900383274408
29 34 0.08310325718633803
29 35 0.044903079360099116
29 36 -0.04831409739535174
29 37 -0.09231360042845525
29 38 0.06472298332834672
29 39 -0.11465589535250106
30 30 0.0
30 31 0.09861425068243457
30 32 -0.026924229613142326
30 33 0.008159077433607043
30 34 -0.019798736345787497
30 35 0.029583590237380497
30 36 0.0041874060134136516
30 37 -0.06651979291596392
30 38 -0.08493477636797812
30 39 -0.15097187339838433
31 31 0.0
31 32 0.056945805790794835
31 33 -0.013256651132853379
31 34 -0.06345240610379385
31 35 0.02787580870980024
31 36 -0.09918876071987524
31 37 0.02390073949935543
31 38 -0.08368798696640783
31 39 -0.042608640561197356
32 32 0.0
32 33 0.008745314246245094
32 34 -0.16497305810538185
32 35 0.03758729102726635
32 36 -0.008922127233067696
32 37 0.1748930264357993
32 38 0.08047972399203937
32 39 0.17947858270243747
33 33 0.0
33 34 -0.05941605051694789
33 35 0.0857151935036042
33 36 0.029023330482247967
33 37 -0.09635421082332468
33 38 0.007124491589408076
33 39 -0.07400775466015361
34 34 0.0
34 35 -0.008277232596993363
34 36 -0.014401401224005333
34 37 0.14340148258532853
34 38 0.19114566495770774
34 39 -0.027797914257464355
35 35 0.0
35 36 0.014049838666688191
35 37 -0.016628399310085598
35 38 -0.058947460354296086
35 39 -0.06421202654454165
36 36 0.0
36 37 -0.10852539971116815
36 38 0.013230514740783123
36 39 0.011850486617064827
37 37 0.0
37 38 0.1394206617604522
37 39 0.12834314612460793
38 38 0.0
38 39 0.07739216368925295
39 39 0.0
