0 0 0.0
0 1 -0.07185809145036823
0 2 -0.04895918320676597
0 3 -0.0164697543604322
0 4 -0.1337267623438538
0 5 -0.0020202061161239196
0 6 -0.11333971566722456
0 7 -0.08924717291779381
0 8 -0.12157039214098493
0 9 0.0031425339248151987
0 10 -0.07408634961289387
0 11 -0.052510677763322466
0 12 0.03380028544628045
0 13 0.02621835714798574
0 14 -0.05371333381067715
0 15 -0.048109361283334415
0 16 -0.018781136758619612
0 17 0.029589461833826956
0 18 0.00910471027328633
0 19 -0.21770593857918855
0 20 -0.13979780437495332
0 21 -0.03017913382840633
0 22 -0.03615474506934637
0 23 -0.053480812822319104
0 24 0.0068688677517377075
0 25 -0.014382461210727431
0 26 -0.02499271189507715
0 27 -0.11763478115462131
0 28 0.04037260897146321
0 29 0.12400299779965859
0 30 0.05878040490800988
0 31 -0.07275198354828608
0 32 0.009545824083289939
0 33 0.062151843043883284
0 34 0.03666295813952013
0 35 0.07911179364082088
0 36 -0.04114368008048844
0 37 -0.02861231423559546
0 38 -0.05344171970700148
0 39 -0.05303784824591966
1 1 0.0
1 2 0.043159107456188464
1 3 0.0587656710497728
1 4 -0.06251797797125228
1 5 -0.10836704117844491
1 6 0.05413824059049359
1 7 0.05122697929691154
1 8 0.06707945150860643
1 9 0.041202569429722884
1 10 -0.0894175645964049
1 11 -0.04398110087446573
1 12 -0.061770701719805796
1 13 -0.04887872019541991
1 14 0.11227407440556252
1 15 -0.16442996211296412
1 16 -0.04242842382683883
1 17 -0.04053508854219065
1 18 -0.0030346525237507217
1 19 -0.06632780691727028
1 20 0.1150096087062199
1 21 0.021166984916752455
1 22 -0.12821455003366483
1 23 -0.00000005519564405705947
1 24 0.09607184688460492
1 25 -0.03341878799077179
1 26 -0.03712232061664211
1 27 0.1575035719309286
1 28 0.07717246836388046
1 29 -0.07135991221824647
1 30 -0.07526064296717275
1 31 0.010320868299156818
1 32 -0.049017151610655466
1 33 -0.09887672278626383
1 34 -0.055630392127479424
1 35 -0.12054281916749543
1 36 -0.017565861046743812
1 37 0.039078374610317004
1 38 -0.004047186298673172
1 39 -0.009885521462290086
2 2 0.0
2 3 0.012266579589303776
2 4 -0.05394290907778867
2 5 0.006650300660863015
2 6 0.010586393792972415
2 7 -0.15267654978801282
2 8 -0.05474179712781226
2 9 -0.013417445207070777
2 10 -0.0905965490494629
2 11 0.0013312896957855278
2 12 0.0692074956542731
2 13 0.008643772019899725
2 14 -0.02510596110487594
2 15 0.014472371291394396
2 16 0.05173801138571721
2 17 -0.0285714821145649
2 18 0.19648605537277547
2 19 -0.040917837097151064
2 20 -0.08876186778380168
2 21 0.037886681556328725
2 22 -0.13673835463519354
2 23 -0.015677616675168447
2 24 -0.07873113086772376
2 25 0.013406212154630717
2 26 0.06281700455763661
2 27 -0.06324967923249611
2 28 0.13653358165066648
2 29 -0.01964941674566935
2 30 -0.16608687219660473
2 31 0.04677449939781171
2 32 -0.10186863430171111
2 33 0.1660806878450745
2 34 0.00514849361617536
2 35 -0.1389095973840641
2 36 0.02340521689284561
2 37 -0.06892490963288976
2 38 0.037269300354148195
2 39 0.08218122658032473
3 3 0.0
3 4 -0.020032541149617288
3 5 0.008748108108177149
3 6 0.039207674752574403
3 7 -0.02962733071999209
3 8 -0.0824504815766788
3 9 0.08050820269212582
3 10 0.0023119739468983346
3 11 -0.018089146437110924
3 12 0.006240801003434213
3 13 -0.02070507581752349
3 14 0.10349479877478876
3 15 -0.12048346113734823
3 16 0.013477455902767766
3 17 -0.074835405196811
3 18 -0.0036465797253257782
3 19 0.010225421213612423
3 20 0.07054008515764525
3 21 0.006677137462940219
3 22 0.011680333210715817
3 23 -0.007921354472429348
3 24 0.013779141110692904
3 25 -0.03665754419169373
3 26 0.011744641806152749
3 27 0.039509088980912356
3 28 0.07573468092047152
3 29 -0.02732605369587997
3 30 -0.10951378043127143
3 31 0.005844817489235085
3 32 -0.029202698559540514
3 33 -0.11087015474353816
3 34 -0.0083446786649354
3 35 -0.11588108082271967
3 36 -0.11663979181157572
3 37 0.040031526987292204
3 38 0.049351991154120665
3 39 -0.05808502362862807
4 4 0.0
4 5 0.006858958725687768
4 6 0.05996285796877789
4 7 0.0010633837638646336
4 8 0.03987831280303365
4 9 -0.05169564170745252
4 10 0.11561684016592377
4 11 0.029848297256884
4 12 -0.11587224420357825
4 13 -0.07314714461698238
4 14 -0.01724814645929821
4 15 0.10676503335822314
4 16 -0.017913965668927563
4 17 0.003976236269324879
4 18 -0.06336001165061905
4 19 0.09314215728442087
4 20 0.07328878340498678
4 21 0.012776656682961074
4 22 0.08776569286211414
4 23 -0.027689281261142985
4 24 -0.0021988484613288685
4 25 0.0636322552786258
4 26 -0.06315184737990392
4 27 0.060184165744412134
4 28 -0.08083271512017035
4 29 -0.11461630968555099
4 30 0.0656829024550075
4 31 0.027853611984620608
4 32 0.053024175268089724
4 33 -0.08404134910792002
4 34 -0.02711253382514146
4 35 -0.04662469706756829
4 36 0.0701726106187116
4 37 0.10659719413844078
4 38 0.10350450561658855
4 39 0.042864155101993935
5 5 0.0
5 6 -0.025902982864568973
5 7 0.06162359117558801
5 8 0.03283413152974661
5 9 0.04444781741253784
5 10 -0.06150233339483999
5 11 0.10986942411903378
5 12 0.09249983490575878
5 13 0.07577951566527491
5 14 -0.13145985836271276
5 15 0.014587751763882254
5 16 -0.06019724417221304
5 17 0.02435648197376179
5 18 -0.045900872663334764
5 19 0.13925819182548133
5 20 -0.07283588509521911
5 21 -0.0590906006426626
5 22 0.0067785053546872325
5 23 0.08955002652592417
5 24 -0.012026241447209735
5 25 -0.13320276580579637
5 26 0.060980978245670184
5 27 -0.03129431621411323
5 28 0.09825729272193175
5 29 0.09697826745717555
5 30 0.0004478272019502715
5 31 0.0544140518105856
5 32 0.16518814451833438
5 33 0.048624485407080795
5 34 0.14655493297591918
5 35 -0.17166151503614357
5 36 0.04197979156798061
5 37 0.02239559248293731
5 38 0.00677707532621528
5 39 -0.016598255855216442
6 6 0.0
6 7 0.003442801661757931
6 8 0.00510286678457552
6 9 0.021258045699170204
6 10 -0.02882970099134316
6 11 -0.017299813465276516
6 12 -0.13730207038265577
6 13 0.03789818357117199
6 14 0.0266760452138202
6 15 -0.03564245532950886
6 16 0.0301951125543631
6 17 0.08354884860641762
6 18 0.16195401208642152
6 19 0.2308639395745163
6 20 0.02181827337583196
6 21 0.10903540935521949
6 22 0.0015672613298683073
6 23 -0.03266890334222834
6 24 -0.0775494604876863
6 25 0.06319694295580372
6 26 0.080210471647503
6 27 -0.11085307877196862
6 28 -0.02262376796663968
6 29 0.004575576249487704
6 30 0.03134526819815407
6 31 0.09623634919849242
6 32 0.059068473969452286
6 33 -0.017325742472891335
6 34 -0.15381483087732079
6 35 -0.05852849395579588
6 36 0.014277494405600406
6 37 -0.13103357978736116
6 38 0.09663204790327999
6 39 -0.018017216003608248
7 7 0.0
7 8 0.12793216661985338
7 9 0.0143188581848589
7 10 0.02392138807633189
7 11 0.014750673244422679
7 12 0.03200199417217465
7 13 0.0375765897242851
7 14 0.011236271287237667
7 15 -0.0978457608801027
7 16 -0.0354425931497037
7 17 0.005255404624872708
7 18 -0.18422733262916496
7 19 0.126245593792605
7 20 0.10374218547147922
7 21 -0.019326112263362897
7 22 0.02305065015687812
7 23 0.07164059268489012
7 24 0.10343388269266054
7 25 -0.04725859106639358
7 26 0.01684316129014491
7 27 0.07594664137327935
7 28 -0.06519453639626617
7 29 0.07394349601270125
7 30 0.05592708911423446
7 31 -0.0426400564194646
7 32 0.10675347524632292
7 33 -0.14025542536565536
7 34 0.061913750693751546
7 35 0.08730323674301443
7 36 0.024261259530031738
7 37 0.05616859666979494
7 38 -0.03934239767321083
7 39 -0.03611470665639231
8 8 0.0
8 9 -0.02803440532833243
8 10 0.041206394318300414
8 11 0.05344403689768029
8 12 0.027215372130568554
8 13 0.024408562580245367
8 14 -0.11483491488885873
8 15 0.00961776753359678
8 16 -0.04598940184407134
8 17 0.005727338986848464
8 18 -0.023292252772622403
8 19 0.11349894307421664
8 20 0.10512848548824143
8 21 0.0824567776021595
8 22 0.042652500962214915
8 23 0.0620289435390418
8 24 -0.021809076862218026
8 25 -0.05012499181461144
8 26 0.0662989803764901
8 27 0.11168729108575018
8 28 -0.02785239890241902
8 29 -0.0646280866859221
8 30 0.056654444271374546
8 31 -0.010181218732227057
8 32 -0.014854918911860221
8 33 0.03929654914330818
8 34 0.11317378375816393
8 35 0.13148887780469792
8 36 0.08407372715463639
8 37 0.010366756187522178
8 38 -0.13083748220121455
8 39 -0.1447422769183024
9 9 0.0
9 10 -0.07790450010540277
9 11 0.008020110352966153
9 12 -0.006698101140119195
9 13 0.03147589183864386
9 14 0.0003340190755191556
9 15 -0.13251227585992276
9 16 -0.03571010608209243
9 17 -0.008248777353895165
9 18 -0.023490161731184147
9 19 0.05954698812471952
9 20 0.029237704781770634
9 21 -0.008263493193178388
9 22 0.005084470129363701
9 23 0.011101022565851937
9 24 0.014417092581223478
9 25 -0.09027585606733846
9 26 0.006254862173872079
9 27 0.00017947445102083352
9 28 0.0743010177800527
9 29 -0.0011032840820116706
9 30 -0.044529345138524315
9 31 0.0389511782279943
9 32 0.005172197924238236
9 33 -0.06525962054841906
9 34 -0.0377804531343886
9 35 -0.04781439884327931
9 36 -0.09461043382809643
9 37 0.049884238577562065
9 38 -0.01194963078979786
9 39 -0.059973570312950385
10 10 0.0
10 11 -0.007095766874280057
10 12 -0.03382170381122672
10 13 -0.03633514225310415
10 14 0.09750632842748656
10 15 0.16412578122633442
10 16 0.04167749826003253
10 17 -0.017347391647945822
10 18 -0.10618325371816377
10 19 0.03188963529025015
10 20 0.030911818283094007
10 21 -0.020673484077618546
10 22 0.16597408937477745
10 23 -0.0026782318261309003
10 24 -0.042460013907906144
10 25 0.06901181626098855
10 26 -0.01860755138386905
10 27 0.04969074468100344
10 28 -0.11385124547070702
10 29 -0.04983689489497764
10 30 0.051186486038009536
10 31 -0.07210116897771865
10 32 -0.032617152917932934
10 33 -0.07034181646446393
10 34 0.051562658991079854
10 35 0.0989920815176415
10 36 0.01795753188501442
10 37 0.041581368956472124
10 38 0.02572135652781382
10 39 -0.012219547063242072
11 11 0.0
11 12 0.06557568064028245
11 13 0.010501299969065733
11 14 -0.0541836184449598
11 15 0.0624613575243412
11 16 -0.014893114744983584
11 17 -0.02340790356096179
11 18 -0.017704373643205804
11 19 0.04771406799442825
11 20 0.017219183338245066
11 21 -0.014349749859717612
11 22 0.014449509297459006
11 23 0.03785140632345198
11 24 0.04921247207620262
11 25 -0.06997783761460401
11 26 0.010318897639957103
11 27 0.05367600922452448
11 28 -0.012129513376160118
11 29 0.02103578551870124
11 30 -0.010748138143598743
11 31 0.06484530456397322
11 32 0.03589307869091687
11 33 0.04575256898423873
11 34 0.04453492425250789
11 35 -0.02990619040169854
11 36 0.05084990741699639
11 37 -0.07103430412372538
11 38 -0.03338423564921166
11 39 -0.020194641567459298
12 12 0.0
12 13 0.022744948135524405
12 14 -0.06109565716734353
12 15 0.009152977449685023
12 16 0.07551733410491361
12 17 -0.11068412762948429
12 18 0.09733273888400248
12 19 -0.08490734690821135
12 20 0.07095909871209972
12 21 -0.007302008487726079
12 22 -0.08511622355304212
12 23 0.1294024838826472
12 24 0.03724154723858777
12 25 -0.013125374330643817
12 26 0.09481351351968983
12 27 0.06186321591888254
12 28 -0.042903811572378145
12 29 0.0558198646295302
12 30 -0.0869720050670754
12 31 -0.012788633147615708
12 32 -0.0343664584454441
12 33 0.16673914945664522
12 34 0.15608168415206208
12 35 0.06493277635979383
12 36 -0.023282524576182757
12 37 -0.16318477129584685
12 38 -0.15983050076166067
12 39 0.017617776131334938
13 13 0.0
13 14 -0.07579518875157439
13 15 -0.00824447358562323
13 16 0.020731936590328303
13 17 0.06367153487097668
13 18 0.05244556924196384
13 19 0.08853306169261227
13 20 -0.0930232491386406
13 21 0.04172684762058128
13 22 0.012535847245354004
13 23 -0.010753099166325563
13 24 -0.09546332807115505
13 25 -0.047239481230554034
13 26 0.10977026485628665
13 27 -0.1372896224042701
13 28 0.07955892172087736
13 29 0.11538177195746153
13 30 0.01428008985190841
13 31 0.007636058318320019
13 32 0.0020308627727599043
13 33 0.07326158012834426
13 34 0.03547540200282448
13 35 0.07193555544479616
13 36 -0.010097293393083188
13 37 -0.08022307209648913
13 38 -0.03961260100472848
13 39 -0.08315713675116058
14 14 0.0
14 15 0.04855523764231305
14 16 0.03371709021791436
14 17 -0.026126473037030563
14 18 -0.10338935760010357
14 19 -0.02095979283098381
14 20 0.02070298666277561
14 21 -0.14717998917850775
14 22 0.04244140072504911
14 23 0.04690905465593596
14 24 0.08405236979915581
14 25 0.042189942878727196
14 26 -0.09381576690827519
14 27 0.10030499093552776
14 28 -0.09283370405364441
14 29 -0.011806606357554544
14 30 -0.04457529181591985
14 31 -0.018465269405082724
14 32 0.006823375266190123
14 33 -0.16417297640927286
14 34 -0.11275658116169056
14 35 -0.14447651440006665
14 36 -0.06641121290755213
14 37 -0.019221668069982708
14 38 0.09454097969016985
14 39 0.15269353094087795
15 15 0.0
15 16 0.08912594076164818
15 17 0.03483381735894174
15 18 -0.00018116674298993522
15 19 0.005351825672025743
15 20 -0.053756671766256946
15 21 -0.07455392319573226
15 22 0.08604059824274794
15 23 0.06006091093573449
15 24 -0.06441860504870021
15 25 0.10707924727270139
15 26 0.0035686834390637615
15 27 0.038642694322016696
15 28 -0.13472716918978495
15 29 -0.017709105752210227
15 30 0.10344973129610621
15 31 0.026049823566603035
15 32 0.040115416774872084
15 33 0.13138731794255304
15 34 -0.008172425145520449
15 35 -0.008002136124484586
15 36 0.09895593484491043
15 37 -0.13509050929502756
15 38 -0.000007752010159837022
15 39 0.18070447520112287
16 16 0.0
16 17 -0.05340857473402104
16 18 0.06520369678672848
16 19 -0.005390928601455704
16 20 0.08519715216895998
16 21 0.08069894801438311
16 22 -0.0238323684393225
16 23 0.019241491790781273
16 24 -0.03769240967691957
16 25 0.10013857537892527
16 26 0.11529026656657733
16 27 0.027664364014190486
16 28 -0.016336738293684795
16 29 -0.012030385303347324
16 30 -0.03570388683448431
16 31 0.00437273346394332
16 32 -0.0457139024552054
16 33 0.07186385689815068
16 34 -0.06968445982213348
16 35 0.0828748446313358
16 36 -0.04883669541898944
16 37 -0.13567224951155796
16 38 -0.052464171503322096
16 39 0.05621575929942744
17 17 0.0
17 18 0.08027647951288856
17 19 0.09243778858268832
17 20 -0.16845319524763605
17 21 -0.04839306699416625
17 22 0.03164245516442953
17 23 -0.019355858104073184
17 24 -0.1046143452937841
17 25 0.018907503293865674
17 26 -0.022824213614988036
17 27 -0.1931636059759945
17 28 -0.03629239064325913
17 29 0.08024761085410839
17 30 0.11974052760270593
17 31 0.009063486431018796
17 32 0.07059422815802849
17 33 0.03256696590355277
17 34 -0.009174602042936696
17 35 -0.02228877734170749
17 36 0.05458378976930065
17 37 -0.0187959120357366
17 38 0.07141558880498938
17 39 0.028009837551911672
18 18 0.0
18 19 -0.07732326725757956
18 20 -0.09589940551815561
18 21 0.059996221914169715
18 22 -0.18869834066248528
18 23 -0.021406312696456164
18 24 -0.21586974291379848
18 25 0.18397650365757492
18 26 0.04849052221676301
18 27 -0.29681575034415386
18 28 -0.10757847021215239
18 29 0.055387781981198335
18 30 0.015945027800146113
18 31 0.07203257727267566
18 32 -0.09753940676481461
18 33 0.29971806743109225
18 34 0.08274388085217635
18 35 -0.07593392027423748
18 36 0.04058590748227796
18 37 -0.3320134061941036
18 38 0.05085967961296027
18 39 0.07814772108784808
19 19 0.0
19 20 0.03062061206331655
19 21 0.07516213658912971
19 22 0.18214911650922355
19 23 0.10921677064008624
19 24 -0.11453894018544893
19 25 -0.07159425206670245
19 26 0.1706586809892427
19 27 -0.0506356081102987
19 28 0.002853621015861267
19 29 -0.03806978322313602
19 30 0.01723944352621059
19 31 0.09462410759800978
19 32 0.13963305035956078
19 33 -0.04654573589168346
19 34 -0.12379777277049805
19 35 0.010846762141344843
19 36 -0.010961004157550835
19 37 0.02003818273028015
19 38 0.010604184090062583
19 39 -0.07212602395347445
20 20 0.0
20 21 0.11378141051582333
20 22 -0.028453616368303774
20 23 0.1233174856121505
20 24 0.12749490709225636
20 25 0.07089830283546852
20 26 0.05723934432622291
20 27 0.37554341191971113
20 28 -0.08486726337651676
20 29 -0.23559134891081346
20 30 -0.005380411432336165
20 31 0.0317246337611815
20 32 0.010392107490335228
20 33 -0.11721746012767012
20 34 -0.11124094476156232
20 35 0.06278570308494809
20 36 -0.11680982229148931
20 37 0.04784670181932841
20 38 -0.14932190304268833
20 39 0.023078288265172837
21 21 0.0
21 22 -0.011813332354099586
21 23 -0.08827032408450046
21 24 -0.05712540261848866
21 25 0.014845096488957387
21 26 0.18242826471957202
21 27 0.004414384786181677
21 28 0.11470252069199982
21 29 -0.0513121460994331
21 30 -0.055791244661616654
21 31 0.010711479352677435
21 32 -0.09755059721397534
21 33 0.06279711046200445
21 34 -0.06320133984564716
21 35 0.21179307765266833
21 36 -0.0077293454476373745
21 37 -0.0629037299068709
21 38 -0.09231061417566491
21 39 -0.20938947384436163
22 22 0.0
22 23 -0.00199434332734073
22 24 -0.054760704932024395
22 25 -0.05619650230550849
22 26 0.007025916756109228
22 27 -0.009783703475403732
22 28 -0.04986560775656323
22 29 -0.03027060107727885
22 30 0.055225773899355846
22 31 -0.03243776063347563
22 32 0.006827601627272485
22 33 -0.09678105658102716
22 34 -0.012094308855649646
22 35 0.13954168899540825
22 36 -0.02452791801445696
22 37 0.0916922574697238
22 38 -0.005285309983404689
22 39 -0.12977755565644208
23 23 0.0
23 24 0.014731455545284067
23 25 0.00967224860903053
23 26 0.04371362054891079
23 27 0.14526327400815842
23 28 -0.10250766203904108
23 29 -0.06311020978164854
23 30 0.03089636059701507
23 31 0.022931544750511814
23 32 0.11137546686359248
23 33 0.034845270350685284
23 34 0.008570212736739129
23 35 -0.07897434252765423
23 36 -0.045226806717271535
23 37 -0.020088725199265474
23 38 -0.10100550044357823
23 39 0.1415844212004888
24 24 0.0
24 25 -0.07524909998678221
24 26 -0.10705557596407414
24 27 0.2223993192659972
24 28 -0.044069617895348946
24 29 0.011709470366127718
24 30 -0.04191325789951447
24 31 0.024030800824968675
24 32 0.05719359071616957
24 33 -0.1319644725814936
24 34 -0.056569962288898754
24 35 -0.03325441347116891
24 36 0.021351898085842487
24 37 0.0043031725832998755
24 38 -0.025725829037011778
24 39 0.029628384844816353
25 25 0.0
25 26 -0.013968498651524972
25 27 -0.03528508309064533
25 28 -0.16722881220050875
25 29 -0.06279744316607509
25 30 0.09151607917362349
25 31 -0.024100179685268435
25 32 -0.0024187885932877677
25 33 0.04861192009773932
25 34 -0.052822479659794176
25 35 0.013960748762356267
25 36 0.0030684819103467134
25 37 -0.07350161263965016
25 38 0.05089364193321403
25 39 0.18776021143319252
26 26 0.0
26 27 -0.01493068459062045
26 28 0.11827374057136623
26 29 0.01934876907099927
26 30 -0.060814413378686226
26 31 0.014593200396882314
26 32 -0.02050158634280021
26 33 0.12370523657034545
26 34 -0.021935025359471675
26 35 0.1389700924644984
26 36 -0.043294539836038565
26 37 -0.12447257611301146
26 38 -0.1318078711316673
26 39 -0.12236770973373363
27 27 0.0
27 28 -0.011632623697931613
27 29 -0.23480389387056783
27 30 -0.050285709315199476
27 31 0.01574349245009959
27 32 0.02506758078599311
27 33 -0.13899856992641038
27 34 -0.07854590746974958
27 35 -0.043340704163669704
27 36 -0.05792548716578032
27 37 0.12430287546673335
27 38 -0.1534616472990875
27 39 0.05852363605464138
28 28 0.0
28 29 0.017626004267014193
28 30 -0.17279514701997425
28 31 -0.0015730321763861247
28 32 -0.06951290673756574
28 33 -0.006775755692384916
28 34 0.0093113569401665
28 35 -0.07715773133365152
28 36 -0.047789932682659284
28 37 0.1480113071767697
28 38 -0.0019408156251307256
28 39 -0.17024258232335862
29 29 0.0
29 30 0.01732390324562692
29 31 -0.014279044904111835
29 32 0.047284730390119434
29 33 0.06419692113397127
29 34 0.1050819539175976
29 35 0.02970476649718915
29 36 0.07140928526793741
29 37 -0.19307699554019822
29 38 0.041430861352800774
29 39 -0.05965988967130722
30 30 0.0
30 31 -0.015360503015548334
30 32 0.12479299634105108
30 33 -0.006699072481394085
30 34 0.0002840812201415687
30 35 0.05833858488285156
30 36 0.04602423639796027
30 37 -0.007889494354029579
30 38 -0.0018311380552787002
30 39 0.061946710628124305
31 31 0.0
31 32 0.047110106529687966
31 33 0.037592794143019734
31 34 -0.09657390072931027
31 35 -0.1041541004227923
31 36 0.012892879672756518
31 37 -0.1000720600751848
31 38 0.017003173486108292
31 39 0.046433826137970036
32 32 0.0
32 33 -0.06167115571003477
32 34 -0.038205657776926166
32 35 -0.16463940735733598
32 36 0.033182073301101664
32 37 0.02290503564421617
32 38 0.0509167852557869
32 39 0.13335032803710578
33 33 0.0
33 34 0.0841281070280704
33 35 0.07122273374200873
33 36 0.0786825819095174
33 37 -0.2577440004829744
33 38 -0.10608113909511312
33 39 0.022423774901975006
34 34 0.0
34 35 -0.009390740302965432
34 36 0.08812725691408822
34 37 0.02266415207357667
34 38 -0.011671408181655185
34 39 -0.10436194952197367
35 35 0.0
35 36 -0.01677243834769358
35 37 -0.09169760440682105
35 38 -0.23837609266214138
35 39 -0.2856787718082893
36 36 0.0
36 37 -0.07535168274727069
36 38 0.05807456900158227
36 39 0.006532223923746606
37 37 0.0
37 38 0.07958735550224327
37 39 -0.00948749588788651
38 38 0.0
38 39 0.11502059525338852
39 39 0.0
