0 0 0.0
0 1 0.05167179350802471
0 2 -0.08698710961407423
0 3 -0.010329538784953995
0 4 -0.2356825809028984
0 5 0.12325458190980157
0 6 -0.08735937847371267
0 7 -0.06228456702783679
0 8 -0.10857750421772203
0 9 -0.059820813056889396
0 10 -0.18260472225255464
0 11 0.03560961957673987
0 12 -0.021830985180134987
0 13 -0.08798803651929701
0 14 -0.11811111666395865
0 15 0.0332927817252192
0 16 -0.16533928838516138
0 17 0.1920991311517657
0 18 -0.03519306577746202
0 19 -0.17941041520641124
0 20 -0.010334692348738383
0 21 -0.09177673906803287
0 22 -0.0036080010194446234
0 23 0.10038868539978973
0 24 -0.06016029813004682
0 25 0.06820874109481023
0 26 -0.12570312538717493
0 27 0.009723140929599632
0 28 -0.04270846855251596
0 29 0.05133405207003529
0 30 0.04314273013074852
0 31 -0.1516900958106638
0 32 -0.10209931522574249
0 33 0.1305860196978204
0 34 0.045193166695284254
0 35 -0.01351555379526084
0 36 0.009694656233628422
0 37 -0.016706628193830737
0 38 -0.11913763026331983
0 39 -0.14796148752905158
1 1 0.0
1 2 -0.02897853334824175
1 3 -0.011122181612738796
1 4 -0.07403864434947127
1 5 0.03387338441307125
1 6 0.0515806096250637
1 7 -0.10344938995117273
1 8 0.08901988916600037
1 9 0.1516147779959675
1 10 -0.12032449438936701
1 11 0.0012687739215131205
1 12 -0.07360949171453687
1 13 0.137100747659688
1 14 0.010313099015939759
1 15 -0.17319538422005393
1 16 -0.09128853553560237
1 17 0.01901632688701963
1 18 0.02965346015426406
1 19 -0.11038560892475871
1 20 0.05725563938732405
1 21 -0.05017429735007874
1 22 -0.10520830341704437
1 23 0.09996844276139262
1 24 -0.0765890203764727
1 25 -0.0250124848528017
1 26 0.09586974127171244
1 27 -0.09405131823278526
1 28 -0.0730866785115501
1 29 0.26978475865850715
1 30 0.007382010014612067
1 31 -0.03222191419563776
1 32 -0.10656701149728609
1 33 -0.0631885166586151
1 34 -0.0006782310772862621
1 35 -0.0762691105176507
1 36 -0.06566858381251815
1 37 0.10202151733643765
1 38 0.10004277747964296
1 39 -0.016683918625278602
2 2 0.0
2 3 -0.06369091527162925
2 4 0.11324861533454085
2 5 -0.06949291605819621
2 6 0.01880733807432062
2 7 -0.03349876155604078
2 8 0.14800171120724667
2 9 -0.11259105169933162
2 10 -0.1151977348941805
2 11 -0.06791272251844915
2 12 0.022094329523009246
2 13 0.035705041072046736
2 14 0.04493913762482972
2 15 0.1531611753671349
2 16 -0.06272900963042576
2 17 0.06421814087438983
2 18 -0.015380213212309934
2 19 -0.1236014052925433
2 20 0.15475195495662963
2 21 0.18007391203742878
2 22 0.006372878381554092
2 23 0.06687106739860058
2 24 -0.07498073965847885
2 25 -0.0015290158268104663
2 26 0.11632302903241014
2 27 -0.15622939997277513
2 28 0.04572376579696101
2 29 0.0786767586084866
2 30 0.04855675007171374
2 31 0.06011634026825151
2 32 -0.08094072790544007
2 33 -0.09774227656322744
2 34 0.29175994048323217
2 35 0.22245398409292377
2 36 -0.15160065330992606
2 37 0.1221502316621852
2 38 0.09059516999011369
2 39 0.0673041954839467
3 3 0.0
3 4 0.16625985713226868
3 5 -0.054161177238546396
3 6 -0.041675230593978374
3 7 -0.07630931822015422
3 8 -0.11419391937643245
3 9 -0.04872627596921871
3 10 -0.07837529515447142
3 11 -0.09883564877500547
3 12 0.1069961461465739
3 13 0.013676911826722574
3 14 0.06396788016914084
3 15 -0.01742801443674863
3 16 -0.0956265765289716
3 17 -0.06321397307135264
3 18 0.017793033101639658
3 19 0.0076379104211017085
3 20 0.03714484542044832
3 21 -0.035696498678980636
3 22 0.19278917382856842
3 23 -0.0823035350452142
3 24 0.01550082500732922
3 25 0.04048414878983946
3 26 -0.2328399813360317
3 27 0.03639970916525091
3 28 -0.1206765231314589
3 29 -0.00014858743117008105
3 30 -0.007252516556868783
3 31 0.11793003325044753
3 32 -0.1130277807352015
3 33 0.10669116644054444
3 34 -0.005647484186140151
3 35 0.14226124009256508
3 36 0.12626958480898237
3 37 -0.10022845556499793
3 38 -0.10400529800443858
3 39 0.03190536941556287
4 4 0.0
4 5 -0.08052517878259752
4 6 0.002749913810933609
4 7 0.12100860563540819
4 8 -0.011710241188661553
4 9 -0.10092112471165386
4 10 0.11309733017481034
4 11 -0.23801797535023694
4 12 0.25594106749027246
4 13 0.1988973191058265
4 14 0.18096861624141
4 15 0.11787473747278039
4 16 -0.02346379282192542
4 17 -0.20656043544411648
4 18 0.08772451830020542
4 19 0.03235712931824704
4 20 0.20821962604171756
4 21 0.04543702743182405
4 22 0.038233493789086484
4 23 -0.20957212441605405
4 24 0.15315669887395217
4 25 0.013490770056233397
4 26 -0.16042931097190677
4 27 -0.04722659931122007
4 28 0.009408496877278169
4 29 -0.21808920579883173
4 30 -0.3252362439864974
4 31 0.20299625928430992
4 32 0.12914029642036431
4 33 -0.19031771447045687
4 34 -0.07290630448727765
4 35 0.10143941250285497
4 36 0.02501737576202584
4 37 -0.08777002163995554
4 38 0.039856390476162115
4 39 0.2823587701132475
5 5 0.0
5 6 -0.08230533377348011
5 7 0.014076066712352758
5 8 -0.10187786010066877
5 9 0.001616237841419391
5 10 -0.07917122653617048
5 11 0.025828543793526604
5 12 0.10562657459783038
5 13 -0.07260869944403515
5 14 0.0696069501766394
5 15 -0.0880393121358898
5 16 0.03675322399440442
5 17 -0.056639005887785324
5 18 -0.1285652870598945
5 19 -0.04674110833056803
5 20 -0.030998213217392434
5 21 -0.05525450211277394
5 22 -0.020017292794867296
5 23 0.14110761791053855
5 24 0.08895343669403563
5 25 0.041640005205316404
5 26 -0.04819859286680768
5 27 0.008797689817112538
5 28 0.06796678910630904
5 29 0.012397341318836436
5 30 0.010147745059954303
5 31 -0.17147421401752694
5 32 0.005171050505479382
5 33 -0.004552308906855352
5 34 -0.058706794858103026
5 35 -0.06430221914142785
5 36 -0.08422753615257658
5 37 0.11608030813477996
5 38 0.01168007294176868
5 39 0.041251352418949186
6 6 0.0
6 7 0.12756629785965107
6 8 0.006250773131308428
6 9 0.0490921521567161
6 10 -0.010757903771151897
6 11 0.1033075828068772
6 12 -0.02910997112956141
6 13 0.10326754827087099
6 14 -0.19377664050774232
6 15 0.14264792120726028
6 16 0.032508796631737544
6 17 0.17515331005824128
6 18 0.1625439899725155
6 19 -0.16148258794576892
6 20 0.04110880689129984
6 21 -0.05764630077972351
6 22 -0.026461009964375233
6 23 -0.014776853320456123
6 24 0.05299658252315194
6 25 -0.12509074225328878
6 26 0.12979403071137346
6 27 -0.08822952881217153
6 28 0.0516330281791605
6 29 -0.03304482412847911
6 30 -0.03785832385511988
6 31 0.067142480034066
6 32 0.06272371059771241
6 33 -0.07305359060238592
6 34 -0.11125398222898479
6 35 0.0074147551377140904
6 36 0.07586924609643364
6 37 0.042889904630987165
6 38 0.07498047253126496
6 39 -0.2163149105234929
7 7 0.0
7 8 -0.08134351649453543
7 9 0.06810418593773748
7 10 0.03317362242320559
7 11 0.15925742453750696
7 12 0.03698711145941948
7 13 0.09832143580758307
7 14 -0.03156590081148989
7 15 0.09018927597647709
7 16 0.07210116467760098
7 17 0.0109937932065859
7 18 -0.044682992842906555
7 19 -0.040768330539692435
7 20 -0.04048008119245396
7 21 0.09771550981273348
7 22 -0.10436397984684516
7 23 -0.0025702178942395215
7 24 0.10591421824960442
7 25 -0.1208752739160009
7 26 -0.004183648246670183
7 27 -0.002205096029360307
7 28 0.16736714875460032
7 29 -0.10942857987385009
7 30 -0.1973255927821588
7 31 0.02626042448200456
7 32 0.15641074340728495
7 33 -0.16479092322123426
7 34 -0.18244600445181583
7 35 -0.03967669234069233
7 36 0.041802380756492084
7 37 -0.13439811975216137
7 38 -0.008702232708108059
7 39 0.005711097163292255
8 8 0.0
8 9 0.14121019838615173
8 10 -0.22101205462595463
8 11 -0.02436099213615474
8 12 -0.2518754897166044
8 13 0.06415444883076064
8 14 0.06593985018867961
8 15 -0.010900102311859195
8 16 0.03797454988637098
8 17 -0.05217022648727245
8 18 -0.053704172755911814
8 19 0.0637451502799478
8 20 0.19242039224274238
8 21 0.2639988044959129
8 22 -0.15890910649147683
8 23 -0.19207931975791223
8 24 0.12252640456776394
8 25 0.09392214622205855
8 26 0.2925780130512948
8 27 -0.20282447371844886
8 28 -0.06809995766591442
8 29 0.22868312246284658
8 30 0.011590959609932741
8 31 0.06942637272375869
8 32 -0.251128087089129
8 33 0.02241399570532985
8 34 0.0329141260151092
8 35 -0.008806468504617748
8 36 0.03901911528395375
8 37 -0.20794660144137658
8 38 0.08831390857939622
8 39 0.13730868686867903
9 9 0.0
9 10 -0.09579947777780909
9 11 0.03264992505400673
9 12 -0.08484226287519578
9 13 -0.03059340961033662
9 14 0.1332730791495956
9 15 -0.3044393004701338
9 16 -0.09433281300268687
9 17 -0.03365248592898681
9 18 -0.24999733718566194
9 19 0.09088639646204019
9 20 0.0032267481974927064
9 21 0.18778619803831667
9 22 -0.018760217399158473
9 23 -0.0047209923057751355
9 24 0.07373734614446663
9 25 -0.021224039775297045
9 26 0.15369166994108668
9 27 -0.05406801600848323
9 28 0.02116599049630861
9 29 0.14077133717888826
9 30 -0.0980847706461386
9 31 -0.049743736098614946
9 32 -0.04156311488754665
9 33 0.0007837882948541454
9 34 -0.05965803534737202
9 35 -0.08031271594559018
9 36 0.0382757016484488
9 37 0.004823565384685531
9 38 0.14429281449847448
9 39 -0.10964821895601193
10 10 0.0
10 11 -0.05170774393527531
10 12 0.04041338107468167
10 13 0.03788067047520877
10 14 0.012981381988420368
10 15 -0.03778620422427552
10 16 0.15571528131537335
10 17 -0.08208692960757111
10 18 0.08658324510691794
10 19 0.14559073509477788
10 20 -0.14519814646454923
10 21 -0.17675245408408902
10 22 0.0879151857951713
10 23 0.0538107040726614
10 24 -0.187779279098765
10 25 -0.04157903589687957
10 26 0.017448607592298986
10 27 0.12495757193042256
10 28 0.038666016873059414
10 29 -0.2877189346825218
10 30 -0.043353703723654456
10 31 -0.03523858756650967
10 32 0.387843485821988
10 33 -0.09712498174394366
10 34 -0.003999504763890667
10 35 -0.11473594715977779
10 36 -0.09398683261647027
10 37 0.2612124065028662
10 38 -0.05368176139581676
10 39 0.008833734774100849
11 11 0.0
11 12 -0.10052384218490881
11 13 -0.04950499251234376
11 14 -0.2037320312694076
11 15 0.04306317547484447
11 16 0.02338948128915859
11 17 0.11798613497036041
11 18 -0.002195888721418965
11 19 0.07783297673710542
11 20 -0.1209464173967529
11 21 -0.06363935977922454
11 22 -0.1213374658415058
11 23 0.2039401781426778
11 24 -0.04330956968401316
11 25 -0.10561749406019816
11 26 0.23283782712887535
11 27 -0.021525805464871057
11 28 0.049702472461042035
11 29 -0.03150373447613216
11 30 0.1466682156324891
11 31 -0.10206147594568063
11 32 0.018334656194506978
11 33 -0.09300931356988172
11 34 -0.20812116161583177
11 35 0.03687761885410136
11 36 0.11083559083994117
11 37 -0.21688562538414927
11 38 -0.05470274442944608
11 39 -0.015343033773064058
12 12 0.0
12 13 -0.07797520058318096
12 14 0.10766070362936106
12 15 0.03524990679516697
12 16 0.026145965077007623
12 17 -0.08115641721561075
12 18 0.09094749797977954
12 19 0.04375057905330817
12 20 -0.023605788100703313
12 21 -0.16353027112661483
12 22 0.14596315827977446
12 23 -0.04952198400640507
12 24 0.0907997547690628
12 25 0.06950374873727942
12 26 -0.10551896414308945
12 27 0.14216826767989002
12 28 -0.030641355934496704
12 29 -0.2648460679038538
12 30 -0.24719932735028358
12 31 0.02516118774761736
12 32 0.17892657209134175
12 33 -0.13648255206505672
12 34 -0.1001954018641599
12 35 0.07557965890818681
12 36 0.011602000713626385
12 37 0.15163535036061787
12 38 0.041870602623482564
12 39 0.13239682883470655
13 13 0.0
13 14 0.023736011524712077
13 15 0.01252194453406751
13 16 0.07148593898577407
13 17 -0.01542255715074482
13 18 0.0534754471961865
13 19 -0.22923451651367105
13 20 0.08705465570035295
13 21 0.015949615484205523
13 22 -0.09204310001666442
13 23 -0.07806022773439666
13 24 -0.08872624986933897
13 25 -0.09094823043029274
13 26 -0.04105953261977934
13 27 -0.06288399258158059
13 28 0.024731184429874493
13 29 0.20752222420215358
13 30 -0.13614940634586487
13 31 0.18215825857557008
13 32 0.02461981192204812
13 33 -0.055286634457276884
13 34 -0.023977490833084793
13 35 -0.04227777374763198
13 36 -0.03406821378665489
13 37 -0.044647089402774134
13 38 -0.05085143608881913
13 39 0.08705111270991785
14 14 0.0
14 15 -0.24755947604066408
14 16 0.07360052923586893
14 17 -0.25061023448912767
14 18 -0.31028551166047447
14 19 0.045682531949403166
14 20 0.06506423331789948
14 21 0.17725341727692484
14 22 0.15403817237957268
14 23 -0.13353022181432497
14 24 0.05161436249315786
14 25 0.1099674010771261
14 26 -0.09057102469737946
14 27 -0.009783555467955597
14 28 -0.05592179931509685
14 29 0.15857430222947935
14 30 -0.10024111263803129
14 31 -0.016492175943097553
14 32 -0.024317358275996792
14 33 0.021406424619455636
14 34 0.02263879014149655
14 35 -0.012087256466149165
14 36 -0.01676503626438231
14 37 0.04210897598250624
14 38 -0.04294700429672503
14 39 0.1829213585774934
15 15 0.0
15 16 0.05884591459394382
15 17 0.1670845706007726
15 18 0.29281385098625035
15 19 -0.14060440613363787
15 20 0.06303843221691986
15 21 -0.11624628998945921
15 22 -0.06587306527437789
15 23 -0.08333341578787387
15 24 0.01872931258759123
15 25 -0.06134045184142824
15 26 -0.027293348714873426
15 27 -0.07764484373967981
15 28 0.03296390442388898
15 29 -0.2636906386822638
15 30 -0.04238161756102063
15 31 0.10488369624937954
15 32 0.01516361664822446
15 33 -0.08214895035429357
15 34 0.0031779616362889564
15 35 0.1056934504664914
15 36 0.0034901692674582352
15 37 -0.10501186587557951
15 38 -0.04757185187826571
15 39 -0.021906684762282615
16 16 0.0
16 17 -0.09683563142292634
16 18 0.02641933317886807
16 19 0.02204910788496955
16 20 -0.05613574032685784
16 21 -0.05495759864154046
16 22 -0.005632195150626996
16 23 -0.13679521196410133
16 24 0.04753698605841382
16 25 0.011598864491053483
16 26 0.11328947948478323
16 27 0.004563782801155835
16 28 -0.015443869698321979
16 29 -0.018908757375726244
16 30 -0.0990547631360796
16 31 0.038288663673241255
16 32 0.10452487114567392
16 33 -0.045813598511142715
16 34 -0.1437094729804299
16 35 -0.13444792023568086
16 36 -0.0038498335460982144
16 37 0.06781616748337443
16 38 -0.03923202145135247
16 39 0.10880072437942397
17 17 0.0
17 18 0.06983411183165741
17 19 -0.18970015673044585
17 20 0.005322714879699276
17 21 -0.08755370397395781
17 22 -0.012844001477844712
17 23 0.047276834984574204
17 24 -0.146516730982987
17 25 -0.10727972503724907
17 26 0.07221043819346949
17 27 -0.05714913246969083
17 28 -0.016045101647353042
17 29 -0.00039194321694709723
17 30 0.031728037647565564
17 31 -0.00811517756408383
17 32 0.021489955164681055
17 33 0.05230800628844253
17 34 0.048313488102539784
17 35 0.01991195264647231
17 36 0.05982811850776486
17 37 0.015524269200820392
17 38 -0.0009761525408362547
17 39 -0.3293260659797027
18 18 0.0
18 19 0.0122197759541325
18 20 -0.05713289874364651
18 21 -0.24717205414705262
18 22 -0.13671302250553813
18 23 -0.08240943023518826
18 24 -0.022403608675698718
18 25 -0.047546961485505926
18 26 0.022645979092641134
18 27 0.13094988980235123
18 28 -0.09052373810455694
18 29 -0.18680580159154236
18 30 -0.02680937856507603
18 31 0.1710448697031114
18 32 0.06484939703864662
18 33 -0.17926251862185358
18 34 -0.0607280933655325
18 35 -0.043686365640624336
18 36 0.04618161776081009
18 37 0.033952611184878814
18 38 0.0979085752005097
18 39 0.06919346696185472
19 19 0.0
19 20 -0.09055952202907137
19 21 0.039335783803661324
19 22 -0.029124017680046122
19 23 -0.035628092722093496
19 24 0.10389250235045375
19 25 0.10008655241401065
19 26 0.18723331443062008
19 27 0.11959186277794343
19 28 -0.061585640176343326
19 29 -0.2010307036523955
19 30 -0.021826357170754995
19 31 -0.026932007920987343
19 32 0.08035052553625069
19 33 -0.08952125684091858
19 34 -0.11395582812319065
19 35 -0.007579862709952809
19 36 0.07555961895900068
19 37 -0.13395312046885394
19 38 0.09511452475160691
19 39 0.19302497745124597
20 20 0.0
20 21 0.09809079075547514
20 22 -0.008851814626863902
20 23 -0.09347856191745546
20 24 0.10706523282269272
20 25 0.08640795146404484
20 26 0.050645974827518904
20 27 -0.22476843373972488
20 28 -0.05015643796611419
20 29 0.06011911417666314
20 30 -0.1301736408494106
20 31 0.03249371264647262
20 32 -0.12754485574164348
20 33 -0.012272306221272422
20 34 0.04427714798680637
20 35 0.08520758848187512
20 36 -0.019028361015097625
20 37 -0.045155262468267544
20 38 0.02733458394666428
20 39 0.03838374986355862
21 21 0.0
21 22 -0.019487346402107444
21 23 -0.12170011362652336
21 24 0.13735301323217564
21 25 -0.006952992486547026
21 26 0.0017540329696928581
21 27 -0.06996692310142691
21 28 0.04947530247781654
21 29 0.24521642148719783
21 30 0.056079505309808785
21 31 0.06102730384598223
21 32 -0.1786375908238597
21 33 0.09852597195277286
21 34 0.09723563885968164
21 35 -0.015198208373172688
21 36 0.11594061360602104
21 37 -0.15966066946053822
21 38 0.06820973852604587
21 39 0.03281983518173314
22 22 0.0
22 23 -0.07564472464823567
22 24 -0.05182882921998676
22 25 0.06480315486378278
22 26 -0.1619675754236599
22 27 0.05311348454004318
22 28 -0.1309683514745103
22 29 -0.06857330945186471
22 30 0.08548656959579125
22 31 0.02021017325373406
22 32 -0.033997498496624486
22 33 0.2353392205583885
22 34 0.04469218128689743
22 35 0.13129059007494068
22 36 0.19594021331088082
22 37 0.1132561888949755
22 38 -0.15599073911796768
22 39 -0.07622132075254714
23 23 0.0
23 24 -0.12723170226346087
23 25 -0.07742550996400942
23 26 0.044545135148266454
23 27 -0.06613110941702881
23 28 0.16951573049242824
23 29 -0.024175611664630493
23 30 0.2397468322333068
23 31 -0.2522017331286812
23 32 0.022079030912314165
23 33 -0.08621832528331144
23 34 0.10231864312431593
23 35 0.07155692224929586
23 36 -0.25622866193717614
23 37 0.21486244522294692
23 38 0.031038050751170377
23 39 -0.06288013389916482
24 24 0.0
24 25 0.14036910101919103
24 26 0.014055712868609276
24 27 -0.04872800586235283
24 28 0.05670304341773778
24 29 -0.09608973041941817
24 30 -0.162380493361224
24 31 -0.019462571306602876
24 32 -0.08344962816616237
24 33 -0.03223522059286
24 34 -0.16300361281771208
24 35 -0.0023300158949538887
24 36 0.05714057407961801
24 37 -0.11503419947926599
24 38 0.08403322253550807
24 39 0.11820478466384905
25 25 0.0
25 26 0.06777161921823358
25 27 -0.026182182082338707
25 28 -0.10016802330422744
25 29 -0.03836739977234384
25 30 -0.18990557492723942
25 31 -0.08350228052427461
25 32 -0.07770872812005936
25 33 -0.0013228549043006973
25 34 0.01865434907687922
25 35 0.12301499751403189
25 36 -0.1056447361293064
25 37 -0.01699530066612439
25 38 -0.1225312669044654
25 39 0.17717342167777278
26 26 0.0
26 27 -0.16524513618396403
26 28 -0.05450449615189744
26 29 -0.014353001434816475
26 30 -0.0898437044891237
26 31 -0.07720898947995164
26 32 0.03650014568282406
26 33 -0.19546024366334513
26 34 -0.10979552640631038
26 35 0.003123007944858676
26 36 -0.025163799636660444
26 37 0.0023475683979347415
26 38 0.14336689107206055
26 39 0.056086010892031524
27 27 0.0
27 28 0.013676109829324387
27 29 -0.06992836105704366
27 30 0.05858215044282818
27 31 0.075262702331927
27 32 0.161029350331102
27 33 0.055083586146474295
27 34 -0.04089912413439356
27 35 -0.07551518577598165
27 36 0.10567147345004853
27 37 -0.013452896050456343
27 38 -0.0212073977592424
27 39 0.04196823501016409
28 28 0.0
28 29 -0.08594013949591489
28 30 0.02313871243944681
28 31 -0.05587740715267555
28 32 0.12204568747960717
28 33 -0.06489682669583101
28 34 0.05739682729550335
28 35 0.006152858101843999
28 36 -0.21836149779462471
28 37 0.04876249211675919
28 38 0.05760480470093269
28 39 -0.0381702531793717
29 29 0.0
29 30 0.195039890785865
29 31 0.037955285839725995
29 32 -0.27772320511141435
29 33 0.14462581189486906
29 34 0.10598028811122277
29 35 -0.10996865506348523
29 36 0.038785352965676256
29 37 -0.06474647667905913
29 38 -0.008423621758505579
29 39 -0.048781555492387746
30 30 0.0
30 31 -0.09669959787755245
30 32 -0.23224750054139146
30 33 0.30098455118619616
30 34 0.13491852288611564
30 35 -0.0014102364261465998
30 36 0.190842902431979
30 37 -0.030067858948612393
30 38 -0.04319099567381397
30 39 -0.1004255867378483
31 31 0.0
31 32 -0.016892340153931946
31 33 0.03510002045531627
31 34 0.00646170193492933
31 35 0.02635845052392489
31 36 0.1415476824825401
31 37 -0.12748592663393343
31 38 0.02962896407919846
31 39 0.05695013127446093
32 32 0.0
32 33 -0.2106166802752169
32 34 -0.09413196743093472
32 35 -0.09349469863368554
32 36 -0.11801618325711125
32 37 0.15701553712080166
32 38 0.043903369789818174
32 39 -0.050375353657335975
33 33 0.0
33 34 0.10618880035508267
33 35 -0.0072094427685125955
33 36 0.23795467251727032
33 37 -0.04073935002550202
33 38 -0.12701310576802016
33 39 -0.1669695631225741
34 34 0.0
34 35 0.1021554867504884
34 36 -0.2601329576055462
34 37 0.2248520426213816
34 38 0.035971684405237965
34 39 -0.10032855017082329
35 35 0.0
35 36 -0.07149096202079608
35 37 -0.11489142398665693
35 38 -0.13711531103694571
35 39 0.0873157056415543
36 36 0.0
36 37 -0.2993391186632969
36 38 -0.054897106005084254
36 39 -0.0385107754267591
37 37 0.0
37 38 0.19848203751963006
37 39 -0.17314416216860273
38 38 0.0
38 39 -0.0652921623208123
39 39 0.0
