0 0 0.0
0 1 0.033545341357339796
0 2 -0.11911736825769319
0 3 0.09850303213867515
0 4 -0.05577619946536366
0 5 0.14327287469204103
0 6 0.0077637259134159115
0 7 0.011041237149178528
0 8 -0.08799608427589894
0 9 0.135014599863932
0 10 -0.08021335135774228
0 11 0.05351465984607984
0 12 -0.043919845250250875
0 13 -0.012782994034713776
0 14 0.2703938394756324
0 15 0.2261960632587217
0 16 -0.11155185269834941
0 17 0.13519714989852727
0 18 0.09968598871772635
0 19 -0.18646649590827105
0 20 0.11065166836138811
0 21 0.02963742035645513
0 22 0.08274425002849187
0 23 -0.04305931058095662
0 24 0.014478833372547692
0 25 0.13422897815918727
0 26 -0.18026731584551153
0 27 0.0884417692137974
0 28 -0.06974869162696382
0 29 0.07556593630196129
0 30 0.15710967284493327
0 31 0.077645257179733
0 32 -0.10695903360112582
0 33 0.048605099658040746
0 34 -0.16375236967936546
0 35 0.09558199976136228
0 36 0.04045209640251125
0 37 0.018164037123943953
0 38 -0.04281836091940984
0 39 0.0067709291440983645
1 1 0.0
1 2 0.042531343802798355
1 3 0.0818806130087075
1 4 -0.056448864887827535
1 5 -0.06552404299111719
1 6 0.06033861506266312
1 7 0.04804676204695927
1 8 0.08197486305331995
1 9 0.10157447935840765
1 10 -0.08402960955167929
1 11 0.013012903007279494
1 12 0.0057786924456442275
1 13 0.15844705899150183
1 14 -0.0009680185199368232
1 15 0.06428318438594845
1 16 0.02722735611294415
1 17 -0.18157554032149922
1 18 -0.07132501384534805
1 19 -0.10863031610045197
1 20 -0.0010953661878091462
1 21 -0.014710447172012291
1 22 0.22407579444279063
1 23 -0.051453405677215645
1 24 -0.001065343905825263
1 25 0.013184295001604337
1 26 0.0022638559097741557
1 27 0.14106193230300662
1 28 0.0559615247099711
1 29 -0.11671681278790205
1 30 0.15872336689377925
1 31 0.011384417153895744
1 32 0.08123644209052122
1 33 -0.025333747818939815
1 34 -0.1504583323605619
1 35 -0.0420098842617651
1 36 -0.1140749823127819
1 37 -0.18356921901025766
1 38 0.05862235239237297
1 39 -0.10128193188696008
2 2 0.0
2 3 0.12119324202528056
2 4 -0.10760253210164838
2 5 -0.10001252417695328
2 6 -0.06273485329589823
2 7 0.12948236582858003
2 8 0.06276163354605492
2 9 -0.2096610353218563
2 10 -0.14362963458273317
2 11 -0.09681487007543205
2 12 0.1254837946375819
2 13 0.10713019291501158
2 14 -0.1503146845280467
2 15 -0.017565582464893433
2 16 0.06616081023074843
2 17 0.10248445567041162
2 18 -0.09383216602897151
2 19 -0.010892592956569323
2 20 -0.00044725080017892795
2 21 -0.0015681970904884567
2 22 -0.02492610394474745
2 23 0.20445345241398782
2 24 0.1843443962463006
2 25 -0.045204370392407704
2 26 0.006888953731696436
2 27 0.021977841940151472
2 28 -0.030025558924499977
2 29 0.006367942093463209
2 30 -0.0206555220307228
2 31 0.04007880051471632
2 32 -0.03989486778694744
2 33 -0.06999999732790993
2 34 0.030249077469930413
2 35 0.09774788142268621
2 36 -0.11187893396325539
2 37 -0.022067041820714808
2 38 0.12673844831271716
2 39 -0.07541314720130957
3 3 0.0
3 4 -0.34430775042523354
3 5 0.24479224505691227
3 6 0.07062287842269646
3 7 0.05091672864776096
3 8 -0.1261652506922476
3 9 -0.1170466200831213
3 10 -0.13992114551428328
3 11 -0.07622962659837082
3 12 0.0005027571499704649
3 13 0.07119069150823525
3 14 -0.055358381266348636
3 15 -0.04596886145904473
3 16 0.05870513017379732
3 17 0.19868591018718895
3 18 -0.0727861895118304
3 19 0.10346969627077485
3 20 0.1982789319006141
3 21 -0.2845497726321907
3 22 0.00008362119950058377
3 23 0.2763523214561113
3 24 0.07134415932599222
3 25 -0.032682950918800954
3 26 -0.42145151754095284
3 27 0.15397739962781803
3 28 -0.0467890800767338
3 29 0.035970683067002455
3 30 0.25051519187941007
3 31 0.006895236673924482
3 32 -0.11705774809511885
3 33 -0.4080643093886051
3 34 -0.12092985710937487
3 35 0.09887560410392973
3 36 -0.14031799302625786
3 37 0.05466831238776822
3 38 0.04162867831759013
3 39 0.04140388172843776
4 4 0.0
4 5 -0.07213951494393114
4 6 0.0403016561597445
4 7 -0.19677965628476243
4 8 -0.006493332708702536
4 9 0.08444998882713106
4 10 0.05684685606677643
4 11 0.03220394220087548
4 12 -0.24555477521332017
4 13 -0.05183773802183685
4 14 0.10615714925873324
4 15 -0.015785521079578396
4 16 -0.004781374541821203
4 17 -0.04827626457705763
4 18 0.10916185996678676
4 19 -0.12501932551199255
4 20 -0.04181192994879766
4 21 -0.10484284643376707
4 22 -0.056493243482044896
4 23 -0.20169158661018965
4 24 -0.208132427103742
4 25 0.0577120235179579
4 26 0.2704445864205531
4 27 -0.0897033179361679
4 28 0.12550625680949787
4 29 0.09601835168693539
4 30 -0.1752348617989103
4 31 0.10853766731830225
4 32 0.13301030499856004
4 33 0.2962499929536407
4 34 0.06452773967951636
4 35 0.020540523039139894
4 36 0.18692468571303303
4 37 0.03304043576049279
4 38 -0.010775800831031648
4 39 -0.12616830141812127
5 5 0.0
5 6 -0.03382799148705816
5 7 0.04039170095717944
5 8 -0.024754351353485433
5 9 0.08602706897210584
5 10 0.16486034298704447
5 11 0.026109561943973257
5 12 -0.048241650097259746
5 13 -0.11124298577884942
5 14 0.1322556516268695
5 15 0.06057907481530038
5 16 -0.10819713988306434
5 17 0.05633815939248814
5 18 0.0709336897890912
5 19 0.004539421336506328
5 20 -0.10526495216414178
5 21 -0.15228436213503074
5 22 -0.13993176725813658
5 23 -0.009439941721961892
5 24 -0.07579317404615402
5 25 -0.10138528714470414
5 26 -0.33309157860225114
5 27 0.0302855396528675
5 28 0.03129942108889645
5 29 0.04443646061313862
5 30 0.1751484550208812
5 31 0.008254129133005793
5 32 -0.019157153832804523
5 33 -0.019627850139453666
5 34 -0.040682144490035266
5 35 0.052708472555484755
5 36 0.03892857275158802
5 37 0.07991132486864408
5 38 -0.1800196091705456
5 39 0.2252049028470137
6 6 0.0
6 7 -0.08102903772842772
6 8 -0.01654409414779138
6 9 -0.011226900146667457
6 10 -0.03354023572577728
6 11 0.030051417582719397
6 12 -0.11610011788524659
6 13 0.08751520611732153
6 14 -0.0015090973401511983
6 15 -0.14312372669034115
6 16 0.07176547983191214
6 17 -0.1414048609327077
6 18 0.08355296659212953
6 19 -0.12191109392871191
6 20 0.05538982228878868
6 21 -0.06744970790024186
6 22 0.016569060874161386
6 23 -0.03115118448829387
6 24 -0.14643317258226832
6 25 0.17118463103799736
6 26 -0.20042449642197044
6 27 0.24845974880786645
6 28 0.06442123561739775
6 29 -0.1255079336393671
6 30 0.005556675882208232
6 31 -0.03924450911481192
6 32 0.043569483488939256
6 33 -0.05724369828296642
6 34 0.001008377980558167
6 35 -0.006544460607977719
6 36 -0.04869542095052799
6 37 -0.07409190756664939
6 38 0.024561447702219776
6 39 0.013993098584729052
7 7 0.0
7 8 0.15545523246779308
7 9 -0.11843140805016217
7 10 -0.023337056990103237
7 11 0.05514456858179785
7 12 0.14594654119471642
7 13 0.02775137523911428
7 14 -0.019835757891461154
7 15 0.03084368945235679
7 16 -0.040571270916679704
7 17 0.053864491005180884
7 18 -0.09117627994041833
7 19 -0.061893320434455876
7 20 0.17717604235489678
7 21 0.036995769524111675
7 22 0.05540775796981427
7 23 0.09721038958061985
7 24 0.12290130653141121
7 25 -0.0831316188923708
7 26 -0.11124220902967437
7 27 0.00244398908801818
7 28 -0.021821311448252587
7 29 -0.052783555508141275
7 30 0.01138976736950888
7 31 0.007087259267757921
7 32 -0.08425700364528324
7 33 -0.1082877653495026
7 34 -0.0998127817795983
7 35 0.016732738793089445
7 36 -0.08335382682973838
7 37 -0.05811961276140767
7 38 0.10870590865123568
7 39 -0.04345271458747771
8 8 0.0
8 9 -0.036809971432415906
8 10 -0.004821553895423706
8 11 0.13282824412817468
8 12 -0.016271401160294793
8 13 0.0939888871405187
8 14 -0.07578720148771081
8 15 0.0639815753426011
8 16 -0.025886732312368432
8 17 -0.169937737196983
8 18 -0.05914598605556175
8 19 0.025703044990410644
8 20 -0.010975847583836473
8 21 0.07698616826025073
8 22 0.008367020234608405
8 23 -0.1148841806119546
8 24 0.057281021162554825
8 25 -0.11083529696690957
8 26 -0.05450120163622167
8 27 0.03654070948882725
8 28 0.05601652400322489
8 29 -0.2031972943057621
8 30 -0.058312316342620386
8 31 -0.024930219017562243
8 32 -0.0004889402587713542
8 33 0.03941943233237556
8 34 -0.09523036001973965
8 35 -0.033913876281074846
8 36 -0.11358481535833469
8 37 -0.02125241769290518
8 38 0.08583523600863528
8 39 -0.037486989644122656
9 9 0.0
9 10 -0.09042899070710173
9 11 0.025431480486559594
9 12 -0.05184074897373562
9 13 0.0035139763127178354
9 14 0.12865521867578264
9 15 0.31024494027133487
9 16 -0.04744893724657322
9 17 -0.01641598763283656
9 18 0.034908023838450944
9 19 -0.03651329761211348
9 20 -0.14903218002070176
9 21 0.11915910825479352
9 22 0.06610140140506802
9 23 -0.12446893106956984
9 24 -0.21646995823536722
9 25 0.08207869860248755
9 26 0.16183772206800945
9 27 0.043527551795449884
9 28 -0.09099393046975826
9 29 -0.014609789180915253
9 30 0.01643895776921762
9 31 -0.08106761252218082
9 32 -0.039655580882682576
9 33 0.22085148209063837
9 34 -0.020256278185742233
9 35 -0.04554422317830295
9 36 -0.029399719685040026
9 37 -0.02186743080216929
9 38 -0.18784241607366342
9 39 0.046057812851466005
10 10 0.0
10 11 0.024479094988685883
10 12 0.09770069194746861
10 13 -0.17179201865887614
10 14 0.015029728455594266
10 15 -0.21921439383516597
10 16 -0.08569858686236834
10 17 -0.1675405535850491
10 18 0.13656554462144332
10 19 0.06477203666753147
10 20 -0.19582609723776928
10 21 -0.09762113342421404
10 22 -0.010002035866370792
10 23 -0.25936117814666504
10 24 -0.07771967698193785
10 25 -0.21243544407689696
10 26 -0.07140709001241285
10 27 -0.14769320877296038
10 28 0.10622815871986527
10 29 -0.07063018283919739
10 30 0.005010051752415218
10 31 0.05554840821863104
10 32 0.19397312341427236
10 33 0.052354402126243024
10 34 0.09521431625665085
10 35 -0.2303391076575155
10 36 0.1945230856842164
10 37 -0.04276268347207475
10 38 -0.11165610123245968
10 39 0.07233261024312107
11 11 0.0
11 12 -0.13076770305991237
11 13 0.030137454040589866
11 14 0.02821151492838146
11 15 0.16622053947917043
11 16 -0.0761838781540607
11 17 -0.10654810268972348
11 18 0.05285519535798994
11 19 0.0077308289047209044
11 20 0.2343253983345584
11 21 0.03174811387729197
11 22 0.048972898774972705
11 23 -0.12018140059044416
11 24 0.0028270653709101456
11 25 -0.0863461581401393
11 26 -0.1904392333017016
11 27 0.07725005217944021
11 28 0.11465511776984356
11 29 -0.10557471266257963
11 30 0.05844420463492889
11 31 0.10469464768749404
11 32 -0.0004299032881974078
11 33 0.042660728853189576
11 34 -0.08747806341239864
11 35 -0.09274253036474531
11 36 -0.015133399788636093
11 37 0.12970647306325092
11 38 0.03403646178923313
11 39 0.1033072484593085
12 12 0.0
12 13 -0.09662446378142013
12 14 -0.03999432120446836
12 15 -0.06598158363479581
12 16 0.06354418183623003
12 17 0.09449338801367281
12 18 -0.06945025183299347
12 19 0.03810598152992457
12 20 -0.11436685597258212
12 21 0.24661664393631635
12 22 0.018929602051237577
12 23 0.12608345707098484
12 24 -0.058087095792928686
12 25 -0.030108357552693837
12 26 0.0467686680086709
12 27 0.030365242133361205
12 28 0.017393398660530572
12 29 -0.13937755460032314
12 30 -0.04484909845524928
12 31 0.014248765065956756
12 32 0.008018929320923886
12 33 -0.14459991315847998
12 34 0.13165023705065615
12 35 -0.08470098744261075
12 36 -0.06971016498263022
12 37 -0.018233650240876385
12 38 -0.11743724992047386
12 39 0.020542386382891777
13 13 0.0
13 14 -0.05761629591581548
13 15 0.18553730510319447
13 16 0.053397761415569
13 17 -0.03969092569306598
13 18 -0.05379923671480855
13 19 -0.053927799544555954
13 20 0.005664471984914774
13 21 0.03960800367793836
13 22 0.04395321409208729
13 23 0.056125016046636056
13 24 0.08678852372063108
13 25 -0.015749252065639863
13 26 -0.0006372412437190417
13 27 0.14391023548499426
13 28 -0.04295099384647307
13 29 -0.0919399876941694
13 30 0.02649466867219296
13 31 0.022422050073668532
13 32 0.01951099572522562
13 33 0.03725327919217454
13 34 -0.1302913738196665
13 35 0.027053188369547503
13 36 -0.13230849377560167
13 37 -0.023180003422175015
13 38 0.16071792287347694
13 39 -0.08073673627896669
14 14 0.0
14 15 0.18329415224093085
14 16 -0.019968851876889286
14 17 0.05632520384012316
14 18 0.0486117548273835
14 19 -0.12237875603918762
14 20 0.10180925585472463
14 21 0.007749535354487693
14 22 0.02953861014830838
14 23 -0.04559243257347931
14 24 -0.05801496731518787
14 25 0.10826612933606172
14 26 0.015242245387617374
14 27 0.03870088315998691
14 28 0.10509433687173515
14 29 -0.013736526776849741
14 30 0.15499543932977286
14 31 0.038847465274943885
14 32 -0.0024141107908092108
14 33 0.06658570650805454
14 34 -0.11749303167038525
14 35 0.014219434700436347
14 36 0.11482829044925039
14 37 0.09478722274206561
14 38 0.023939476343553933
14 39 -0.05129883222394264
15 15 0.0
15 16 -0.10632723838840827
15 17 0.09872513128216971
15 18 0.0937505973848656
15 19 0.0008677753293349619
15 20 0.019091713409739308
15 21 0.17910245667995628
15 22 0.046877677000495596
15 23 0.08744515156200952
15 24 0.16435384747796095
15 25 -0.13896812285515442
15 26 0.04135393722789827
15 27 0.08834907488506345
15 28 -0.0720110319124729
15 29 -0.09358224982961678
15 30 -0.017538319089914725
15 31 0.11689026822586672
15 32 -0.0938296244712672
15 33 0.29559423914647764
15 34 -0.2807454975100893
15 35 0.08491845763748192
15 36 -0.0034094079750045282
15 37 0.19368445786768737
15 38 0.06611319803789277
15 39 0.038988616351083194
16 16 0.0
16 17 0.008216841548003445
16 18 -0.11944541885694719
16 19 0.06646583181401329
16 20 -0.002820426026966235
16 21 -0.008668506115781025
16 22 -0.057659233811081165
16 23 0.14495477244944005
16 24 -0.05058224864681515
16 25 0.0909469858479709
16 26 0.09192632043113955
16 27 0.09451901161784373
16 28 0.07927011608910771
16 29 -0.012965060253725019
16 30 0.044124407256529344
16 31 -0.05012466100299632
16 32 0.091839730085127
16 33 -0.13877471083442838
16 34 0.04607463131573364
16 35 -0.010032344970632084
16 36 -0.10946153751170676
16 37 0.06982954923578699
16 38 0.11371485306809588
16 39 -0.07963330465559462
17 17 0.0
17 18 -0.06366067360951119
17 19 -0.10151502036202134
17 20 0.09072229871782271
17 21 -0.04488003386032753
17 22 -0.14737568558800357
17 23 0.2559885659950877
17 24 0.04293085482287189
17 25 0.06376768321886564
17 26 0.05643817289562623
17 27 -0.094814665867933
17 28 -0.15107619597243466
17 29 0.3981113236404818
17 30 0.014680803964747875
17 31 0.09822585260280532
17 32 -0.121175607966406
17 33 0.007786044369867495
17 34 0.05586647451391038
17 35 0.14932112974657247
17 36 0.0338395339186352
17 37 0.10491840791294693
17 38 0.01781651201561627
17 39 -0.1121419128663415
18 18 0.0
18 19 -0.07898501681181831
18 20 -0.05546773132168561
18 21 -0.07078203539878347
18 22 0.043240951071962644
18 23 -0.12415064751613825
18 24 -0.03683935693338684
18 25 -0.014431282338241308
18 26 -0.172342058420304
18 27 0.04689004249037303
18 28 -0.031783709083213436
18 29 -0.03885801402030307
18 30 -0.10964594479842601
18 31 0.1201890858345401
18 32 0.016605651114583987
18 33 0.161105639467938
18 34 0.009434970432532028
18 35 0.01195591554796735
18 36 0.12763750027442872
18 37 -0.002879130254333676
18 38 -0.09541413361151112
18 39 0.09751716703103258
19 19 0.0
19 20 -0.06885391068063193
19 21 -0.003409629345566818
19 22 -0.09233155521456851
19 23 0.050397326989906
19 24 0.09296040619413234
19 25 -0.1814834158017642
19 26 -0.0010549905733138092
19 27 -0.08875987641661333
19 28 0.06569054347186201
19 29 -0.1523282477670983
19 30 -0.015231747431945181
19 31 -0.1286038891128802
19 32 0.0018200263369743783
19 33 -0.18326655340657705
19 34 0.013219812570509859
19 35 -0.09435993359787727
19 36 -0.05380687927624574
19 37 0.19286780503738654
19 38 0.008581616096022922
19 39 0.09290426199180617
20 20 0.0
20 21 -0.10357230276253379
20 22 0.1975108053811651
20 23 0.18863885813341974
20 24 -0.053682240987413164
20 25 0.053659611646900474
20 26 -0.06949567797049956
20 27 0.035651462473743054
20 28 -0.0006274680890080753
20 29 -0.0372546237333018
20 30 -0.03330763795613966
20 31 0.12982044996082134
20 32 -0.17985360262651173
20 33 -0.3209893397706468
20 34 -0.19665568882683093
20 35 0.06912569519510155
20 36 0.012241014792533558
20 37 0.12024746158985836
20 38 0.2027540902047289
20 39 -0.01609152295527253
21 21 0.0
21 22 0.00541720846146746
21 23 -0.021283243960228744
21 24 0.03402884817931191
21 25 0.055987829685925986
21 26 0.18562918501348427
21 27 0.01891016463065737
21 28 -0.07809670229230159
21 29 -0.15237930793859014
21 30 -0.06147530115384161
21 31 -0.08919500813827386
21 32 -0.09107274227253019
21 33 0.116692043435156
21 34 0.043214335014627445
21 35 -0.033071887513001455
21 36 -0.07945274864563777
21 37 0.00662969454541122
21 38 -0.07445461422306396
21 39 0.08976121522277662
22 22 0.0
22 23 -0.09350322648495714
22 24 -0.007793184997440349
22 25 0.0027449126559178235
22 26 0.03575270896398265
22 27 0.023146852936420794
22 28 -0.0552751118574897
22 29 -0.1452699587014356
22 30 0.030400629981758694
22 31 0.049471420816825026
22 32 -0.034073918643430325
22 33 -0.035905388079166906
22 34 -0.10141757127509174
22 35 -0.08012272172865104
22 36 -0.00022996921818312357
22 37 -0.15861190056710245
22 38 0.02301953131768532
22 39 -0.04908488705210386
23 23 0.0
23 24 0.12588198828498265
23 25 0.06536974464768255
23 26 0.0005862238121385442
23 27 0.09560271147367042
23 28 -0.03825644079084387
23 29 0.18484915794691878
23 30 0.012933377229942363
23 31 0.008351180403010059
23 32 -0.03762012326604842
23 33 -0.24003508776042506
23 34 -0.03097706207682101
23 35 0.20134545506349255
23 36 -0.10622779458563611
23 37 0.13839266406126513
23 38 0.1459961244124452
23 39 0.03842702089978135
24 24 0.0
24 25 -0.13413739498925825
24 26 -0.11695945970281829
24 27 -0.07381870024908106
24 28 0.03223892861717974
24 29 0.026404298894676676
24 30 0.12887161828674976
24 31 -0.028251064414904502
24 32 -0.08464659536462882
24 33 0.01584366518235344
24 34 -0.09461279822541238
24 35 0.05519305956861699
24 36 0.018506919733511276
24 37 -0.006639831469294377
24 38 0.15874766580854754
24 39 -0.0340573207046866
25 25 0.0
25 26 0.023704443297424594
25 27 0.15668256679958936
25 28 -0.02940883200992503
25 29 0.11706445798070948
25 30 0.04237800180841776
25 31 -0.07154296896595415
25 32 -0.04271686864063505
25 33 -0.045570249817006095
25 34 0.06443172605193606
25 35 0.12280400574868525
25 36 -0.08009168732553043
25 37 -0.045555496951115874
25 38 -0.01827628011950866
25 39 -0.045782087054016304
26 26 0.0
26 27 -0.28170656219002865
26 28 -0.09463879181446436
26 29 0.11697857431731687
26 30 -0.20147107588227037
26 31 -0.04350651684979882
26 32 0.06599854467059905
26 33 0.20945156570894224
26 34 0.11443500448667954
26 35 -0.052623583530469385
26 36 0.09740913743815251
26 37 -0.03968405135555681
26 38 0.03685908621624598
26 39 -0.19623900226995003
27 27 0.0
27 28 0.06523354384971343
27 29 -0.1578034613266383
27 30 0.09730648713759554
27 31 0.01983327767483132
27 32 0.04576389390408439
27 33 -0.09773013137868397
27 34 -0.08495201337705473
27 35 0.056545509555660824
27 36 -0.1974417025276361
27 37 0.04275185125870502
27 38 0.0606062285857773
27 39 0.055803093271837745
28 28 0.0
28 29 -0.11542056200028628
28 30 0.1556737981501099
28 31 -0.012072106866494972
28 32 0.1439159043589908
28 33 -0.03591886087645314
28 34 -0.012061604550312292
28 35 -0.08991198241636833
28 36 0.08206026103606222
28 37 0.07038377841505386
28 38 0.0596581474779309
28 39 -0.04699033335677831
29 29 0.0
29 30 0.02662191966003629
29 31 0.11098833357852038
29 32 0.0885831128383951
29 33 0.07174997508893483
29 34 0.056974608011639116
29 35 0.18720786257990027
29 36 0.0971083893229285
29 37 -0.00426166889860796
29 38 -0.008797652346114366
29 39 -0.0844305442147808
30 30 0.0
30 31 -0.043746211203088366
30 32 0.031220414971223832
30 33 -0.10927859748659555
30 34 -0.02259667633687788
30 35 -0.09146077435480945
30 36 -0.059598427881851324
30 37 0.00899625917928076
30 38 0.02215738907017713
30 39 0.015543831173041478
31 31 0.0
31 32 0.1008932574687855
31 33 0.07112902818709274
31 34 -0.062296939445920074
31 35 0.04105575555204219
31 36 0.06274083059040134
31 37 0.08348717804032929
31 38 0.05934363405221751
31 39 -0.024806043166754627
32 32 0.0
32 33 0.03144314985325122
32 34 -0.011518546847289974
32 35 -0.08099137568360835
32 36 0.017819748426112444
32 37 0.02447585364679846
32 38 0.08423246520407338
32 39 -0.06660327985321865
33 33 0.0
33 34 0.06623720265270747
33 35 -0.021085427138128793
33 36 0.16401276366192627
33 37 -0.07488512646511526
33 38 -0.1066050081653435
33 39 -0.03727831187260009
34 34 0.0
34 35 -0.09462404011977596
34 36 0.0249049854217598
34 37 -0.03446040786135535
34 38 -0.17247585368030227
34 39 0.07928966713730347
35 35 0.0
35 36 -0.034309536726880294
35 37 0.037601900097233375
35 38 0.029633201270236952
35 39 0.01452129235103793
36 36 0.0
36 37 -0.03798049050624526
36 38 -0.0757062228608105
36 39 -0.010463189443067941
37 37 0.0
37 38 0.0830555735093699
37 39 0.08896362099214994
38 38 0.0
38 39 -0.20908048364288603
39 39 0.0
