0 0 0.0
0 1 -0.008723006182944448
0 2 0.054100628038305544
0 3 0.09092629150537482
0 4 0.08444644118648068
0 5 -0.040331091248559874
0 6 0.12607365116229036
0 7 -0.0007522029668579703
0 8 -0.05704239758689261
0 9 0.0889009224194228
0 10 0.08486661073879372
0 11 0.11343903390980455
0 12 -0.11425746455985948
0 13 0.1770660118026712
0 14 -0.01945431877225121
0 15 0.03234050221965111
0 16 0.02096067715469362
0 17 -0.12912082635064062
0 18 -0.046214562569974145
0 19 0.16717967950034215
0 20 -0.08495055085241868
0 21 -0.00517989151148282
0 22 -0.01674710334198972
0 23 0.17157259347678655
0 24 0.030817499540175153
0 25 0.10812220201539739
0 26 -0.0897103508002223
0 27 0.08745643003149087
0 28 0.019789827366309846
0 29 -0.0068086311904977685
0 30 0.0532144099668279
0 31 0.0969236617741504
0 32 0.18558843206147926
0 33 -0.0359195197915051
0 34 -0.025405004803855852
0 35 -0.036451896768905256
0 36 -0.04827377382454652
0 37 -0.0075960939876110484
0 38 0.08255205645786325
0 39 0.07182752403104603
1 1 0.0
1 2 -0.027910861978499724
1 3 -0.020739577318613204
1 4 0.0036663367917985877
1 5 -0.015576579139275775
1 6 -0.04951079449725586
1 7 0.04420531422023259
1 8 -0.07012353968743619
1 9 -0.010489696676753922
1 10 0.030946172447166343
1 11 -0.09327313650628243
1 12 0.06132667043515559
1 13 -0.11461784900991559
1 14 -0.07781019787945409
1 15 0.0447340316685778
1 16 0.022889524884832552
1 17 0.12370501280503096
1 18 0.11034416207465056
1 19 0.022307781790611554
1 20 0.02082585029859745
1 21 -0.0026027530237030536
1 22 0.11120944011014164
1 23 -0.10398117021524864
1 24 -0.08068336055149923
1 25 0.023422550782494916
1 26 -0.11871579178954125
1 27 -0.15698602004609563
1 28 0.02066627916983755
1 29 -0.0009033702842653788
1 30 -0.04012297616987704
1 31 0.055412744964678164
1 32 0.09023772999813327
1 33 0.006857551126871986
1 34 0.014511642101007744
1 35 0.002363151378887286
1 36 -0.2558877874402788
1 37 0.05763775669740584
1 38 0.022007718277571413
1 39 0.07217759213464613
2 2 0.0
2 3 0.016536862398300982
2 4 0.014092904807156817
2 5 -0.12068761599017222
2 6 -0.05028809468938792
2 7 -0.017854129760918803
2 8 -0.0035048438944931064
2 9 -0.04693171628737812
2 10 -0.1836796674065835
2 11 0.04669453764878148
2 12 -0.05664454730803453
2 13 0.1026471543414857
2 14 0.15144693115329694
2 15 0.09366341533844587
2 16 -0.05360218913474395
2 17 -0.029059736513747724
2 18 0.09257213440494053
2 19 -0.1676155640917823
2 20 0.025307380433326133
2 21 0.02036848481105129
2 22 -0.09431762961511506
2 23 0.0060125268502537205
2 24 -0.050889435112224934
2 25 0.00438920444302834
2 26 -0.1149197585913202
2 27 0.019201691253076643
2 28 -0.18156603555041084
2 29 -0.008977216678826911
2 30 -0.09015781813770805
2 31 0.06250185166593869
2 32 -0.05437161505991006
2 33 0.0339504031574311
2 34 0.07559346218256048
2 35 0.043992762738883105
2 36 0.09018977746068955
2 37 -0.14273780204841405
2 38 -0.03185550180568654
2 39 -0.1701526415032851
3 3 0.0
3 4 -0.046995154736576
3 5 -0.11372642373380978
3 6 -0.05167929348307745
3 7 -0.017416217027797436
3 8 -0.16265994593142785
3 9 -0.11366698097765945
3 10 -0.04740186224692376
3 11 0.023108524405352562
3 12 0.03733813775500204
3 13 -0.021218966192210403
3 14 0.04983631319584182
3 15 -0.05957667211902342
3 16 -0.02616995638627608
3 17 -0.14560215686322892
3 18 -0.1839194500404568
3 19 0.09027446094067625
3 20 0.09839251358273875
3 21 0.1387457183229594
3 22 -0.03878892787022863
3 23 -0.020378485289907544
3 24 0.03326797384819315
3 25 0.0142783130068924
3 26 -0.12677605114389437
3 27 0.031501697956625344
3 28 -0.05607020588383408
3 29 -0.10632450722489506
3 30 -0.06352721506801086
3 31 0.045326087951084275
3 32 -0.04268617306016676
3 33 0.09214584745209892
3 34 0.051492917579906115
3 35 -0.004524062028378972
3 36 -0.1547964863925168
3 37 -0.05919698257284467
3 38 -0.02970197445289182
3 39 0.12790206039414842
4 4 0.0
4 5 -0.009324682785764433
4 6 0.08794185115636119
4 7 -0.022246693055377062
4 8 0.021918210860499183
4 9 0.10970932249850358
4 10 0.03619554824124127
4 11 0.06141718954568678
4 12 -0.004726727166360593
4 13 0.06940921185621822
4 14 0.009887086545587512
4 15 0.0005281223093771077
4 16 0.0035569650271784327
4 17 -0.0283581767975446
4 18 0.05739574756183573
4 19 0.01398284866729561
4 20 -0.07728445529717395
4 21 0.01617300432167964
4 22 -0.03756077834897838
4 23 -0.01918782997988895
4 24 -0.03223238252268363
4 25 0.07586556038659667
4 26 0.03115062823263704
4 27 -0.048776581177328894
4 28 0.02792738815086739
4 29 -0.01194033112961445
4 30 0.033748542766227775
4 31 0.002326738016024889
4 32 0.09104151287404491
4 33 0.004498693589992622
4 34 -0.023449226979150604
4 35 -0.053343596442853525
4 36 0.0097591077838301
4 37 0.03845147146586035
4 38 0.08976487832786836
4 39 -0.04469932395776202
5 5 0.0
5 6 -0.02638704848512246
5 7 0.04742466082011576
5 8 0.1296188320157465
5 9 -0.04441427838760578
5 10 0.3122039198738725
5 11 -0.06960652361908079
5 12 0.11495678653575267
5 13 0.15691743200685532
5 14 -0.04562285509309273
5 15 0.07771923293214715
5 16 0.04400676962999432
5 17 0.011049962182438169
5 18 0.22445556618526524
5 19 -0.017722086264016522
5 20 -0.09573527903395193
5 21 0.03877801353610123
5 22 -0.025424349902504383
5 23 0.07613958070865819
5 24 0.0634649875249883
5 25 0.04095398652111917
5 26 0.06403268595765191
5 27 0.15189363585644983
5 28 0.055865499572638776
5 29 -0.06090219787571436
5 30 0.07698487081504002
5 31 -0.06261475153188391
5 32 -0.02182623071025009
5 33 -0.23075943791606277
5 34 -0.05629852598288848
5 35 -0.04819342956954065
5 36 -0.02364323589878401
5 37 0.11788208459446896
5 38 -0.013079254167363366
5 39 0.08701959489042181
6 6 0.0
6 7 0.06151691327616458
6 8 0.022194451517387637
6 9 0.19696193596991984
6 10 -0.06695264586007843
6 11 0.09547558022515949
6 12 -0.0797835133883806
6 13 0.009509839212579703
6 14 -0.161193507477292
6 15 0.10592763494226162
6 16 -0.011409989894662244
6 17 0.003682999696814207
6 18 0.05864525802293959
6 19 0.18181631987364083
6 20 -0.010108229342485349
6 21 -0.1544301699803175
6 22 -0.011800693849830823
6 23 0.08717436427840927
6 24 -0.09150686535672607
6 25 -0.017950345298899172
6 26 0.01179251139475276
6 27 0.05699399141497391
6 28 0.10484229542400762
6 29 0.15220803774825037
6 30 0.08827250902611997
6 31 -0.06921733727695376
6 32 0.14609853123540667
6 33 -0.011269281440133764
6 34 -0.13490849690295442
6 35 -0.05848212545151053
6 36 0.07959394012495247
6 37 -0.02604736978422078
6 38 0.07749562017272413
6 39 -0.032561068408250876
7 7 0.0
7 8 0.005661550810375393
7 9 0.005103443110163813
7 10 0.07685695374136746
7 11 -0.02089157162118186
7 12 0.0038320231120963265
7 13 0.008974581696123664
7 14 -0.04958437843710158
7 15 0.047750463651368986
7 16 -0.027798572796414928
7 17 0.11580624238768392
7 18 0.1505569276623264
7 19 0.04013949491324144
7 20 -0.026287891899490507
7 21 0.01201811608512626
7 22 -0.015753614323892193
7 23 0.05652644230349949
7 24 -0.14454927206853002
7 25 -0.10044848960846693
7 26 0.0251992558683932
7 27 0.02838348848518644
7 28 0.04022134188869178
7 29 0.07979277291190182
7 30 -0.053096243594466866
7 31 -0.05034729014782276
7 32 0.003763093436593785
7 33 -0.03193885964182883
7 34 0.008688883659509615
7 35 0.030149109238236
7 36 -0.044239194126483354
7 37 -0.08229567430886162
7 38 -0.09401536176620116
7 39 0.06421836431570555
8 8 0.0
8 9 0.005361188934510491
8 10 0.06647868159666412
8 11 0.08754797276441768
8 12 -0.06309329117672115
8 13 0.09594135421669756
8 14 0.042346346301399926
8 15 0.09366063246113829
8 16 0.11721626365298725
8 17 -0.029061585935734234
8 18 0.03539866310886489
8 19 -0.1184754181512769
8 20 -0.20650656575662535
8 21 -0.03355254163705004
8 22 0.08264601485261416
8 23 -0.06612755641425819
8 24 -0.005167945288595197
8 25 0.10740821439977846
8 26 0.12919104622490618
8 27 0.09452377901084016
8 28 -0.009068186590719542
8 29 0.06342919889597912
8 30 0.08206090238224902
8 31 -0.06206832450132018
8 32 -0.004012002484754094
8 33 0.03545095451291043
8 34 0.04253864779639842
8 35 -0.005551014855857412
8 36 0.1651245109002132
8 37 0.009116810028781421
8 38 0.023825568805110206
8 39 -0.012141458614814608
9 9 0.0
9 10 0.08894030212531685
9 11 0.15541923811969244
9 12 -0.1663733784976615
9 13 -0.03534024261417763
9 14 -0.19605860309043935
9 15 -0.04839468311262073
9 16 0.09904796706352849
9 17 0.13886429422894425
9 18 0.048555717666569555
9 19 0.2029564510725966
9 20 0.16199195729932164
9 21 -0.03912128777357407
9 22 -0.122185476381992
9 23 0.14589022819699188
9 24 -0.12685061332008157
9 25 -0.07901751166837914
9 26 0.06866172545453937
9 27 0.0669694689352579
9 28 0.16347951770274005
9 29 0.08593785409625056
9 30 0.06907030191743292
9 31 -0.2261137216770662
9 32 0.22300185995584423
9 33 0.011835469086066582
9 34 -0.2094566018469079
9 35 0.1092445887090612
9 36 0.11405036096489092
9 37 0.12416599640288237
9 38 0.054661653815945864
9 39 -0.07571498469771697
10 10 0.0
10 11 -0.01195382184368835
10 12 0.029802593994446923
10 13 0.16904419997521047
10 14 0.0010310312239712204
10 15 -0.0853366963492658
10 16 0.0503529439302409
10 17 0.03128804733311355
10 18 0.11426727697894526
10 19 0.12259730643449407
10 20 -0.19140136063147406
10 21 0.1450368553445119
10 22 -0.05162726349967047
10 23 0.1351745281002758
10 24 0.0490223614750808
10 25 0.05826040583439498
10 26 0.16091210898654668
10 27 0.12207318530379041
10 28 0.115366444070683
10 29 -0.05594509063867629
10 30 0.041345141102797994
10 31 -0.06433329432339883
10 32 0.06523534273127982
10 33 -0.16726218288886044
10 34 0.01806219334313333
10 35 0.0014566778627326262
10 36 -0.10912355873729288
10 37 0.1998717025680416
10 38 -0.03333747972835217
10 39 0.22267137333448694
11 11 0.0
11 12 -0.11785286295782246
11 13 0.041137853247009366
11 14 0.006491626198481125
11 15 -0.01427177480604789
11 16 0.061861215661075095
11 17 -0.08311491278523762
11 18 -0.07666668985151974
11 19 0.07087302392218132
11 20 0.010876133294339277
11 21 0.05105192224608703
11 22 -0.08515009320973184
11 23 0.017476442284173076
11 24 -0.03726221750446189
11 25 0.04059768533191581
11 26 0.006483572001429845
11 27 0.10332007438579198
11 28 0.03406454575131953
11 29 -0.010716011107242237
11 30 0.028607272750904866
11 31 -0.055057913256740344
11 32 0.07690223923453737
11 33 0.09443254617406646
11 34 -0.030121869154004728
11 35 0.005730294170720919
11 36 0.07702364305593198
11 37 -0.04364065543014202
11 38 0.06341185695322778
11 39 -0.02956121469552341
12 12 0.0
12 13 0.023759012424004987
12 14 0.10193260246664464
12 15 -0.005148904900368679
12 16 -0.021213893831836673
12 17 -0.11765103929467491
12 18 0.16033673362213113
12 19 -0.1418640298969641
12 20 -0.04620703143149352
12 21 0.12743118360133
12 22 0.03274276752569623
12 23 -0.14876261483963626
12 24 -0.005092022131034781
12 25 0.04988190618021833
12 26 -0.016046622140052653
12 27 -0.19917556890653662
12 28 -0.010783703671749943
12 29 -0.07296108351036344
12 30 -0.0951484041235747
12 31 0.04929211354153719
12 32 -0.12263625496712882
12 33 -0.03280972708319938
12 34 0.017669586771618024
12 35 -0.0226023676189437
12 36 -0.15099179226069162
12 37 0.022366748095913682
12 38 -0.008773055741214739
12 39 0.10308004718331527
13 13 0.0
13 14 0.10599940786138373
13 15 0.021803148563705774
13 16 0.014695280436347938
13 17 -0.2109680431020995
13 18 0.0535487111144974
13 19 -0.15455063169157388
13 20 -0.27254330569823637
13 21 0.052393209697907187
13 22 0.012672223227590321
13 23 0.12227096448395762
13 24 0.08262635643463924
13 25 0.1570106578353432
13 26 0.0323191855049658
13 27 -0.04602834305273951
13 28 -0.001804848503207759
13 29 -0.0939298616334217
13 30 -0.01952846074606239
13 31 0.039390713029808955
13 32 0.13587648649010656
13 33 -0.1738844882493589
13 34 -0.022836438687044644
13 35 0.030397032167216693
13 36 0.06973674729275095
13 37 0.09342962352128975
13 38 0.06373785855478156
13 39 0.1663657095781586
14 14 0.0
14 15 -0.038933711883954183
14 16 -0.041176881683654284
14 17 -0.18302825040284945
14 18 0.044315144769071904
14 19 -0.21814065708428837
14 20 -0.15781933735603587
14 21 0.14516702767064107
14 22 -0.046852858120472726
14 23 -0.09204893770385578
14 24 0.042707645192730806
14 25 0.0847055779244742
14 26 0.03036166004743569
14 27 -0.07894262515727322
14 28 -0.12618754939603355
14 29 -0.0486731379937423
14 30 -0.12585390892576073
14 31 0.13025853727783004
14 32 -0.1765494864512846
14 33 0.05962535171077673
14 34 0.16853419804596376
14 35 0.010466589736316699
14 36 0.034203637233246285
14 37 -0.09844468536396492
14 38 -0.029512039200710143
14 39 -0.01885604901682333
15 15 0.0
15 16 -0.0347819905504692
15 17 0.01971822132365785
15 18 0.19474881381691284
15 19 0.007201577129715782
15 20 -0.04358476927878671
15 21 -0.16082687901805584
15 22 0.04468279380121908
15 23 0.03690891277342799
15 24 -0.04748322338354069
15 25 0.01373551000368839
15 26 -0.09002921058701352
15 27 0.11575919335133429
15 28 -0.10076875294755072
15 29 0.1614268356988419
15 30 0.03571798085052515
15 31 0.006325256081640597
15 32 -0.02552895048914928
15 33 -0.058267708800753736
15 34 -0.00035817773407334383
15 35 -0.03709573749285861
15 36 0.03896118322050837
15 37 -0.06144724532623698
15 38 -0.033727207376497696
15 39 -0.05967532223606692
16 16 0.0
16 17 -0.04166527892473094
16 18 -0.04471185749281673
16 19 -0.012376233302766505
16 20 0.007599620300182468
16 21 0.05432436763134875
16 22 0.10876522987021955
16 23 0.042255861595171425
16 24 0.016748539295162738
16 25 0.08454010381335877
16 26 -0.01543580348653228
16 27 -0.0014545558155820847
16 28 0.05151688483530766
16 29 -0.053252704333255296
16 30 0.07217746452798941
16 31 0.033858954574002884
16 32 0.08992263091500036
16 33 0.033541861496069456
16 34 -0.04823794792165361
16 35 0.06303909890169754
16 36 -0.004398378633077296
16 37 0.018509397177807925
16 38 0.03737964706833101
16 39 0.03350888178731744
17 17 0.0
17 18 0.10764155992373199
17 19 0.06301644842386109
17 20 0.14120121121752488
17 21 -0.07892637171678984
17 22 -0.03052153861107467
17 23 0.039109080035202096
17 24 -0.1447003821781295
17 25 -0.1700204701770548
17 26 0.06969384021775459
17 27 0.07346485218792201
17 28 -0.04868788579895234
17 29 0.05097922056287417
17 30 0.08517681077799025
17 31 -0.1343491092028153
17 32 0.01889073932976195
17 33 -0.030680475982984366
17 34 0.015058434906158116
17 35 -0.011210364405857296
17 36 0.011188882399659658
17 37 0.04227419991275254
17 38 -0.12173985073944041
17 39 -0.20688068161769127
18 18 0.0
18 19 -0.10263107390759792
18 20 -0.06604950912518139
18 21 -0.01901005483500077
18 22 -0.08421415296000845
18 23 0.05667249563683084
18 24 -0.17174022691463858
18 25 -0.05916375655246009
18 26 -0.0008853851690030446
18 27 -0.015389456744278324
18 28 -0.012596831387964066
18 29 0.14487840848003147
18 30 -0.07819168414524198
18 31 0.00073109400350052
18 32 -0.07603795311190012
18 33 -0.16454405301708772
18 34 -0.025832996691075312
18 35 0.0170467038081572
18 36 -0.0008811735042998136
18 37 -0.07538166182237385
18 38 -0.07052121486317116
18 39 -0.1079565089133921
19 19 0.0
19 20 0.12443924566388558
19 21 -0.08308537982852873
19 22 -0.05899351122835811
19 23 0.1561167247727717
19 24 -0.011244561519755862
19 25 -0.07094318264083647
19 26 -0.02930246935222336
19 27 0.2227082192119223
19 28 0.1244150831604575
19 29 0.10173511243876318
19 30 0.10199537877065161
19 31 -0.08875669623617485
19 32 0.12207859382470783
19 33 -0.00009849189155301778
19 34 -0.09589774146647549
19 35 -0.04668894416384928
19 36 -0.08599482320220317
19 37 0.046285199796399536
19 38 0.009582751097189918
19 39 0.08303679820741906
20 20 0.0
20 21 0.045908685866758905
20 22 -0.16372397319936502
20 23 0.007953133438349743
20 24 -0.07299911792782643
20 25 -0.1982632660707194
20 26 -0.15764399817973393
20 27 0.1137684054436626
20 28 0.01080801752915136
20 29 -0.07620014158301347
20 30 -0.028105576482364003
20 31 -0.14579324936260438
20 32 -0.03444714143096535
20 33 0.06951116600783472
20 34 -0.12870491604204387
20 35 0.07396279896644842
20 36 -0.04465741462659132
20 37 -0.05383552772553404
20 38 -0.04994852376202686
20 39 -0.13272181338313965
21 21 0.0
21 22 -0.15193334062157227
21 23 -0.14470675713043382
21 24 -0.05638006288401078
21 25 0.061803852032193796
21 26 -0.009942348191441477
21 27 -0.031139474424062747
21 28 -0.027627765648511004
21 29 -0.28624049536957485
21 30 -0.08993903257370697
21 31 -0.029358368074300693
21 32 -0.05488458399810105
21 33 0.0989708601558056
21 34 0.0831731733956757
21 35 -0.003260718245055265
21 36 -0.17721798718164583
21 37 -0.01562054591735966
21 38 -0.0075311968725949845
21 39 0.0701136081791312
22 22 0.0
22 23 0.012414869160765337
22 24 0.08141809295316314
22 25 0.11255832090079328
22 26 -0.01174353470610043
22 27 -0.17164429265237907
22 28 -0.008063868913659547
22 29 0.08773153279307547
22 30 0.07425063346026341
22 31 0.16150426068248697
22 32 0.07046336149324167
22 33 -0.008607658377494547
22 34 0.024453399655940348
22 35 0.020502239037152113
22 36 -0.03570284492542036
22 37 0.05036507014387555
22 38 0.01135882746631724
22 39 0.11529760872420355
23 23 0.0
23 24 0.06593249474164417
23 25 -0.07147454692647259
23 26 -0.0018764442102686702
23 27 0.19346085007582464
23 28 0.034848212818027316
23 29 0.13408402435535233
23 30 0.08057372036439138
23 31 0.0590343592644613
23 32 0.08735594404160939
23 33 -0.1858516030325196
23 34 -0.08924404480272467
23 35 0.09379485367524848
23 36 0.13568702215738865
23 37 -0.01836043271835639
23 38 -0.08151157006262898
23 39 -0.0044090995600206285
24 24 0.0
24 25 0.09382166080972891
24 26 0.00452370914968295
24 27 0.031002036394670623
24 28 -0.010551802355712184
24 29 -0.056940065670514774
24 30 0.06875398066896729
24 31 0.11046443690720824
24 32 -0.014976606933530274
24 33 -0.08085317258254636
24 34 0.008344023749498728
24 35 -0.02806794425660039
24 36 0.039427622809147765
24 37 0.09041666421183113
24 38 0.04832316929047583
24 39 0.058461344973601434
25 25 0.0
25 26 -0.018451351135711145
25 27 -0.07216795637554865
25 28 -0.05531860763679971
25 29 -0.10705090855097946
25 30 0.08116747867149751
25 31 0.12766569158242408
25 32 0.07878879567386955
25 33 0.017572707116424426
25 34 0.058497302386039896
25 35 -0.08800601361439282
25 36 -0.060909913377530746
25 37 0.07479247447099509
25 38 0.11660828034973833
25 39 0.052127635213606936
26 26 0.0
26 27 -0.012531334712719552
26 28 0.06369267622752658
26 29 0.057102351985232114
26 30 0.03960241666778343
26 31 -0.09344669041072032
26 32 -0.03043291758011572
26 33 -0.017227249739533494
26 34 0.026165092342864293
26 35 -0.008775965024416944
26 36 0.14668185551682708
26 37 0.08485007866603159
26 38 -0.021630927499603023
26 39 -0.00565395926068453
27 27 0.0
27 28 -0.06423050281146837
27 29 0.0478078282266626
27 30 0.12559666672220188
27 31 -0.12204878505176327
27 32 -0.06466506508645968
27 33 -0.04456771682234355
27 34 0.00310521437057064
27 35 -0.04190652529669976
27 36 0.11395003749853423
27 37 -0.06135983081131123
27 38 -0.09360196498478031
27 39 -0.09060955609990051
28 28 0.0
28 29 0.029421641097733254
28 30 -0.022703020284819388
28 31 -0.0676043128804256
28 32 0.14098314092516684
28 33 -0.047961694132479436
28 34 -0.16856539696351447
28 35 0.04458059517978062
28 36 -0.023385128476392302
28 37 0.05733201185831186
28 38 0.10743284459033246
28 39 0.15876356136562805
29 29 0.0
29 30 -0.014077601751835053
29 31 -0.014233432381922994
29 32 -0.039978596653842145
29 33 -0.02372046440262448
29 34 -0.026982566153901356
29 35 0.0731081335642281
29 36 0.15761701661557992
29 37 -0.06439616202095136
29 38 -0.08433892801161916
29 39 -0.011992521005480912
30 30 0.0
30 31 0.010327577630922766
30 32 0.09091467185865823
30 33 -0.036148919341668646
30 34 -0.025434180749906145
30 35 -0.1068503535949739
30 36 0.05885031169295234
30 37 0.07829290834328677
30 38 0.04737314987027604
30 39 -0.1022652434484238
31 31 0.0
31 32 -0.01600707886455901
31 33 -0.022093344655184532
31 34 0.10001578111466365
31 35 -0.04871887891038405
31 36 -0.060493009791228
31 37 -0.11960395562644259
31 38 0.039375370139336646
31 39 -0.028243425970467972
32 32 0.0
32 33 -0.04490253950817079
32 34 -0.13450753025294399
32 35 0.0018497662046758432
32 36 -0.050400059242271034
32 37 0.12799256321034042
32 38 0.14489874910391923
32 39 0.08515392939390701
33 33 0.0
33 34 0.08044739573663309
33 35 -0.0023950031461895185
33 36 -0.02941683819168573
33 37 -0.09138711511902478
33 38 0.010411776406996136
33 39 -0.044352108276047596
34 34 0.0
34 35 -0.05488034622258926
34 36 -0.040965450429871
34 37 -0.06868451510112536
34 38 -0.07829484901682542
34 39 -0.036033159981098684
35 35 0.0
35 36 0.05811294283876963
35 37 -0.004687301727512262
35 38 -0.07722160390384243
35 39 0.08253482568620411
36 36 0.0
36 37 -0.048983446181873086
36 38 -0.024366106915037107
36 39 -0.19790876885245112
37 37 0.0
37 38 0.05929779897904697
37 39 0.1274359366618406
38 38 0.0
38 39 0.009154244989317595
39 39 0.0
