0 0 0.0
0 1 -0.03256381849179072
0 2 -0.07347298546725962
0 3 -0.181957094060925
0 4 -0.029295672707314473
0 5 0.028661962351282412
0 6 -0.03504738428345184
0 7 0.04036681215614356
0 8 -0.06989104091947748
0 9 0.03323620279212438
0 10 0.05322163584534095
0 11 -0.04249996362760093
0 12 0.021640324496784467
0 13 0.061612431430844716
0 14 -0.19598542920025674
0 15 -0.007146444177280012
0 16 -0.0853753006229143
0 17 -0.11123358573481537
0 18 0.00013028999367359684
0 19 0.08229928525850376
0 20 0.12816731391037972
0 21 0.12228314956945807
0 22 0.06524646715385028
0 23 -0.06134437772559159
0 24 -0.030125552787644876
0 25 0.07283817077863204
0 26 -0.010386004849065014
0 27 0.2631504304847335
0 28 -0.16292369836213266
0 29 0.03663486099130793
0 30 0.02430203848356164
0 31 -0.05937065914521407
0 32 0.09396417473351094
0 33 0.02217296079237791
0 34 0.03838056004413887
0 35 0.004179539965648447
0 36 -0.01623387858921788
0 37 -0.03135755659079513
0 38 -0.12882483065613975
0 39 -0.02956194637464941
1 1 0.0
1 2 0.01386833114809928
1 3 0.042839812611058896
1 4 -0.023199641890311953
1 5 0.10358489349728361
1 6 -0.034929365780930234
1 7 0.021774601645929686
1 8 0.01271475636312471
1 9 0.05805599616616719
1 10 -0.01517029683436292
1 11 -0.006801330030323426
1 12 -0.027222178896330045
1 13 -0.09104613802342335
1 14 -0.053874968412551426
1 15 -0.02636482112533532
1 16 -0.033395542209269935
1 17 0.012568825037407427
1 18 0.035862669265210013
1 19 0.0186317593548824
1 20 0.013009308460120609
1 21 -0.06154962093703762
1 22 -0.024554870794185092
1 23 0.029705946559417003
1 24 -0.08009349457914089
1 25 0.06384943003596641
1 26 -0.08574017623809477
1 27 -0.0015941643439989894
1 28 0.04342379636991066
1 29 -0.0008508333640178471
1 30 0.004295550869107447
1 31 0.02884072534404116
1 32 -0.05196864015400095
1 33 0.07902980888803614
1 34 -0.0640452401099024
1 35 -0.0217264497653385
1 36 -0.12505847646005455
1 37 -0.01978193013397691
1 38 0.005913108338105254
1 39 0.028525008432451298
2 2 0.0
2 3 0.05537695823427634
2 4 -0.06535830581262486
2 5 -0.06405078870979386
2 6 0.015004079971215006
2 7 0.028938674101082962
2 8 0.02416168169108092
2 9 0.06012003045182226
2 10 -0.008274784931088058
2 11 0.025583310306890143
2 12 -0.046502329632439575
2 13 -0.044564812756701405
2 14 0.0190182187056282
2 15 -0.04108365791517947
2 16 0.031307951295540426
2 17 0.03422951094473324
2 18 0.02678291204148351
2 19 0.03775310978157596
2 20 0.06902961716095839
2 21 0.00971337080017777
2 22 -0.010437632596123077
2 23 0.010058127852227112
2 24 0.010337258199179251
2 25 -0.02709131318899661
2 26 0.02251266004172523
2 27 0.03908600064129329
2 28 0.0200271330518504
2 29 0.02418940697489387
2 30 0.03250806748904141
2 31 0.06183165319612829
2 32 0.036028863359540954
2 33 0.06977330788367891
2 34 -0.05459674044234173
2 35 -0.010298739838773139
2 36 0.03800080433003121
2 37 0.033115163756698075
2 38 0.10643906450680123
2 39 -0.01342451088756429
3 3 0.0
3 4 -0.024536204425642878
3 5 0.03200795580328604
3 6 0.006453296833160667
3 7 0.02591762556802288
3 8 0.04296092849405193
3 9 -0.0038758496663316147
3 10 -0.027018321044985767
3 11 0.008222967703173175
3 12 -0.03321329683034844
3 13 -0.04478407362356346
3 14 0.017980907937450562
3 15 0.023597568017392562
3 16 0.06238451012662477
3 17 0.08025277112195991
3 18 0.02283113735516231
3 19 -0.015558083231826263
3 20 -0.03406661263392802
3 21 -0.1095232631615308
3 22 -0.02829391134024197
3 23 0.10147789053553558
3 24 0.03474037477183322
3 25 -0.06210257845706739
3 26 -0.02671090434904879
3 27 -0.07606316825237204
3 28 0.10338862246433544
3 29 -0.0569996071642585
3 30 -0.032165922132448246
3 31 0.02838266698573823
3 32 -0.058736687284337084
3 33 0.06603835394499266
3 34 -0.02433209468973136
3 35 0.022830245293853618
3 36 -0.0509684962574258
3 37 0.03667828102822246
3 38 0.12152777668607313
3 39 -0.04665274280737845
4 4 0.0
4 5 0.05744020556030244
4 6 0.06273054487963549
4 7 -0.07748936920283801
4 8 -0.014584188394073374
4 9 -0.12236518056518764
4 10 0.09437841637904852
4 11 -0.014463796372790069
4 12 0.017850817267940154
4 13 0.01271471833844745
4 14 0.11583841321941304
4 15 0.0037236389841370926
4 16 -0.00035378201533395987
4 17 0.03170646964488933
4 18 -0.019401134078250715
4 19 -0.05907936743378418
4 20 -0.12033141101066529
4 21 -0.00424950128267991
4 22 0.0041955570773544466
4 23 -0.0740083608826804
4 24 -0.10030673032725979
4 25 -0.06606117203004644
4 26 0.03038385578575688
4 27 -0.14021156830635886
4 28 0.0020846348526661045
4 29 -0.0019654577408284033
4 30 0.007424160907667979
4 31 0.00937976596848122
4 32 -0.06509008291741193
4 33 -0.1882252969625256
4 34 0.06790260313070291
4 35 0.014104688205076859
4 36 0.051006611919511266
4 37 0.0029513215113165263
4 38 -0.10898157375203918
4 39 0.05996374122132908
5 5 0.0
5 6 0.019241795546901672
5 7 0.07227959219066205
5 8 -0.0373283913681432
5 9 0.049027508338085515
5 10 0.02144639739301887
5 11 -0.10977922893049022
5 12 -0.04407740562240152
5 13 -0.056738237111914724
5 14 -0.07804721974022163
5 15 -0.025050758662270765
5 16 -0.03840395827290115
5 17 -0.07395663952977848
5 18 0.0467712731510371
5 19 0.029349030697448625
5 20 0.02886459056347237
5 21 -0.13142490970523268
5 22 0.006451796437045736
5 23 0.040810437963508785
5 24 -0.17431433184334305
5 25 0.07802305894877046
5 26 -0.13316173944663534
5 27 0.040359991127628315
5 28 0.050889041680144076
5 29 0.013409852605180152
5 30 -0.06706568714787675
5 31 0.0297170517649603
5 32 -0.10940281168938651
5 33 0.11822085393694562
5 34 0.02246692990585917
5 35 -0.01377177349950029
5 36 -0.22922422077667778
5 37 -0.08604894875099733
5 38 0.0011395990802894429
5 39 0.036753548119257184
6 6 0.0
6 7 0.02400719267941153
6 8 -0.11356421075299308
6 9 0.00394227390791163
6 10 -0.04987954186773504
6 11 0.07849044057943724
6 12 -0.04782134872297618
6 13 0.012785900318590693
6 14 0.10238891127505723
6 15 -0.02549894308108124
6 16 0.0925734428110369
6 17 -0.03103345206204818
6 18 -0.005309011469744973
6 19 0.013795189707582076
6 20 0.03381250055678489
6 21 0.011170142441235924
6 22 0.048168388252462925
6 23 -0.10653724122555468
6 24 -0.002740631159923506
6 25 0.02121922128298784
6 26 0.14114719220697924
6 27 -0.004873971838424746
6 28 -0.013034004513422875
6 29 0.07114302194407542
6 30 -0.005856120184029863
6 31 0.12451293640597098
6 32 -0.03498608274578839
6 33 0.07989637230367178
6 34 0.006824241341302446
6 35 -0.004960985927979264
6 36 0.18263341379735734
6 37 0.06866260480434563
6 38 0.028329409923209453
6 39 -0.007329376890303952
7 7 0.0
7 8 -0.02330575395221108
7 9 0.07779282631217653
7 10 -0.06279454595617687
7 11 -0.04697992764778734
7 12 -0.04243016382930964
7 13 0.001924169783519302
7 14 -0.03772302978911375
7 15 0.0475832338415881
7 16 0.01737660524239456
7 17 -0.09201383136350005
7 18 -0.010101753427052445
7 19 0.017411140757769995
7 20 0.08031099644063737
7 21 -0.03863968343145275
7 22 0.034657098384962615
7 23 0.09596481690771168
7 24 -0.02703421789096192
7 25 0.04815334273612475
7 26 -0.03906589913986329
7 27 0.18362509953115363
7 28 0.026781399106253805
7 29 0.028757744324883566
7 30 0.0028244985081556434
7 31 0.018133493116828582
7 32 0.0030489022950139135
7 33 0.1913575981796691
7 34 -0.01037981986509633
7 35 -0.00045103581545238234
7 36 -0.14143366794223042
7 37 -0.04763047777913456
7 38 0.12814908076192497
7 39 0.0007015438534331221
8 8 0.0
8 9 -0.04035043623779459
8 10 0.06976786016362643
8 11 -0.05912521301175304
8 12 0.023690800514910244
8 13 0.008843880766957897
8 14 0.007787350717196726
8 15 0.029307633292836373
8 16 -0.05253438514786405
8 17 0.027204198648927473
8 18 0.04916114682169726
8 19 -0.039876842293742894
8 20 -0.07684807393549249
8 21 -0.022032526827324227
8 22 -0.06223315996318272
8 23 0.11690424603094747
8 24 -0.0018047861795211153
8 25 -0.07700371998473868
8 26 -0.1455760028870397
8 27 -0.0424488722389278
8 28 0.04814007988461191
8 29 -0.02886978185449251
8 30 -0.014088587571546143
8 31 -0.15225467473953241
8 32 0.0011028264174892262
8 33 -0.11523299443673785
8 34 0.003250105392375667
8 35 0.025422709415427392
8 36 -0.0845511065107962
8 37 -0.058336140851652354
8 38 0.007518520593045909
8 39 -0.0018920321238694963
9 9 0.0
9 10 -0.19106183723569573
9 11 -0.0891776893090595
9 12 -0.04005725817106053
9 13 0.0022037846641681457
9 14 -0.016815584922595772
9 15 -0.2082740388114647
9 16 0.03622647603135736
9 17 -0.006814444446605825
9 18 0.10100709922596625
9 19 0.14674573168622754
9 20 0.2962594525336329
9 21 -0.027329521613712947
9 22 0.03032593864217336
9 23 0.011029122115366358
9 24 0.062229368760595774
9 25 0.09664352843330767
9 26 -0.06786457683180502
9 27 0.11349225249465458
9 28 0.04953061294066437
9 29 0.09768082534069684
9 30 -0.16937301451328685
9 31 0.08762024868701107
9 32 0.03953679729714421
9 33 0.29345426940017194
9 34 -0.038874004054441705
9 35 -0.07687534205219612
9 36 -0.058874940527035347
9 37 -0.11956764392556256
9 38 0.10727636944601693
9 39 -0.03731190828833817
10 10 0.0
10 11 -0.08415608759974849
10 12 -0.025525636833585757
10 13 -0.02456940002170422
10 14 -0.09171289690220627
10 15 0.053363189253125075
10 16 -0.11724168420422898
10 17 -0.10953348779371148
10 18 -0.002535637063290058
10 19 -0.015550348037322834
10 20 -0.11128991206970584
10 21 0.015715111929177097
10 22 -0.05164889537911298
10 23 -0.04196759842798693
10 24 -0.20963859736884216
10 25 -0.0857808915447629
10 26 -0.03987101479509748
10 27 0.01631954191754325
10 28 -0.08926460974715185
10 29 -0.01916967270398693
10 30 0.12158547856354525
10 31 -0.06829430161918519
10 32 0.02738823642978557
10 33 -0.23721421545848562
10 34 0.08178026905860195
10 35 0.0353048837599388
10 36 -0.04414755936169183
10 37 0.013848325533720151
10 38 -0.030560925966907893
10 39 0.05294870950729562
11 11 0.0
11 12 0.01456460068169536
11 13 -0.07816711194302917
11 14 0.013427133098019049
11 15 0.09959488598735769
11 16 0.04925614962795381
11 17 0.12573300355292566
11 18 -0.05876632341945125
11 19 -0.05931153230845605
11 20 -0.12198109543987627
11 21 0.0888809766633952
11 22 0.01061386114001464
11 23 -0.08251931454118996
11 24 0.08926123659092694
11 25 0.0447644538028071
11 26 0.16144116138797934
11 27 -0.05861340404989378
11 28 -0.04421357097054889
11 29 -0.03565533941970848
11 30 0.15848725092030985
11 31 0.05899985887664806
11 32 -0.030146619157748144
11 33 -0.024963729434970515
11 34 -0.14472268299405378
11 35 0.025163125613617044
11 36 0.22545599035917788
11 37 0.21172102330015868
11 38 -0.1135201216583448
11 39 -0.022365695713175242
12 12 0.0
12 13 0.04527259781667374
12 14 0.020886360757409943
12 15 0.03186907544618957
12 16 -0.010362295516536
12 17 0.05068340247605661
12 18 -0.011297887745708498
12 19 -0.041248398385498
12 20 -0.061674910297537286
12 21 0.029971413906971455
12 22 -0.0016928139206648881
12 23 0.02265550759681962
12 24 0.06765843498923862
12 25 -0.025444038089478906
12 26 -0.019834236303072274
12 27 -0.0498920564002787
12 28 -0.002186785322441906
12 29 -0.031742765068696624
12 30 -0.018924979037134967
12 31 -0.08600684800273477
12 32 0.0006089136898762513
12 33 -0.09411361894185331
12 34 0.012261992110608
12 35 0.017482159875767924
12 36 0.020760500895282807
12 37 -0.010887999852662287
12 38 -0.08776901789579936
12 39 -0.01285324958986811
13 13 0.0
13 14 0.037188136481128765
13 15 -0.008653095365226291
13 16 0.027812870805676175
13 17 -0.03198719377780897
13 18 0.0434709904140176
13 19 0.00679839584107379
13 20 0.04090171133638898
13 21 0.031588460446278645
13 22 0.02502409864797734
13 23 0.05207330029691961
13 24 0.13240974293577373
13 25 -0.07621560623868452
13 26 -0.03786319851043372
13 27 0.038074705886228154
13 28 -0.013294931316967578
13 29 0.02083529058862988
13 30 -0.13946200740164677
13 31 -0.1452458116281418
13 32 0.04169418786937108
13 33 -0.04338422643417794
13 34 0.10764018052502833
13 35 0.034384777598212735
13 36 0.07850222829703976
13 37 -0.07413462308594845
13 38 -0.013096017257600253
13 39 -0.0864071390913056
14 14 0.0
14 15 -0.027949625304495525
14 16 0.08392362800305567
14 17 0.05458235947535846
14 18 -0.04767546796130368
14 19 -0.10461905965732884
14 20 -0.09720836464807288
14 21 -0.0009280679462197672
14 22 -0.0016062820729978067
14 23 -0.04237750655923771
14 24 0.007004252597300244
14 25 -0.0569515358725599
14 26 0.07994521240884518
14 27 -0.22095230935759796
14 28 0.10396372488526202
14 29 0.06053059907432219
14 30 -0.024720916990751362
14 31 0.060851408541295636
14 32 -0.047740759047745794
14 33 -0.10779451055842396
14 34 0.02276330834114303
14 35 -0.033155381350060784
14 36 0.10701640190074568
14 37 -0.04760818339948316
14 38 0.02715525719527644
14 39 0.11517127953320179
15 15 0.0
15 16 -0.025370421333574665
15 17 -0.03855940244630851
15 18 -0.11150065517017434
15 19 -0.14389542196151534
15 20 -0.23838654342081603
15 21 0.0038613435131951354
15 22 -0.012248316481539418
15 23 0.09084248804240933
15 24 -0.011323539557308557
15 25 -0.009298170169016254
15 26 0.019254668152078575
15 27 0.01765816007618618
15 28 -0.014476574737349618
15 29 -0.0875315051409639
15 30 0.1639868942339695
15 31 -0.10150464685172675
15 32 -0.03788981912152844
15 33 -0.10240962748858204
15 34 -0.020224448975133875
15 35 0.06759791869043537
15 36 -0.057892274612471505
15 37 0.08383974343119241
15 38 -0.02777042599056285
15 39 0.02647785157611124
16 16 0.0
16 17 0.11115974930276507
16 18 -0.022822211102834243
16 19 0.013628633652780312
16 20 0.05419941622314274
16 21 -0.01789069199146024
16 22 0.04808070243535824
16 23 -0.005694996165796965
16 24 0.12583166087634645
16 25 -0.06309914746077064
16 26 0.12648982152112703
16 27 -0.042848033860684163
16 28 0.045139162697955475
16 29 -0.023455940252853216
16 30 -0.05381418397257126
16 31 0.11285806035508332
16 32 -0.006043908284431925
16 33 0.08572656136162059
16 34 0.00769535637846787
16 35 0.009126380503268635
16 36 0.11111420143093016
16 37 0.06548700301662662
16 38 0.07401350142706106
16 39 -0.067120537893862
17 17 0.0
17 18 0.018638485066934028
17 19 -0.004956321824732362
17 20 -0.023079263340146018
17 21 0.022853027229847913
17 22 0.029035424014434645
17 23 0.03391156607728006
17 24 0.17623375039245176
17 25 -0.1724096162005172
17 26 0.06257838655609935
17 27 -0.14831500080398713
17 28 0.06798137362318993
17 29 -0.12543898767117484
17 30 -0.026966037124759413
17 31 0.04807256599270427
17 32 -0.02985052408986698
17 33 -0.08783960954758561
17 34 -0.0691415930452655
17 35 0.047887241539703286
17 36 0.12623579353360484
17 37 0.1318212596243584
17 38 -0.10811434284640058
17 39 -0.11510113034768191
18 18 0.0
18 19 0.0802214928829115
18 20 0.09945405224772988
18 21 -0.014302747554659757
18 22 -0.03050350201278566
18 23 0.07521708540845445
18 24 0.040351151827963436
18 25 -0.027286669804520963
18 26 -0.20203588625180924
18 27 0.04705580582507738
18 28 0.02634116281770884
18 29 0.06442218932646578
18 30 -0.16490188068189998
18 31 -0.1636326057726237
18 32 -0.018133212146427383
18 33 0.03424835529888713
18 34 -0.005578416182072764
18 35 0.020272653915257115
18 36 0.035187347912994923
18 37 -0.07885000145164098
18 38 -0.03756861513928138
18 39 -0.10810532256940888
19 19 0.0
19 20 0.21502084679600056
19 21 0.007354583519655171
19 22 0.02757326962801514
19 23 -0.038287549508564056
19 24 0.02458336086864403
19 25 0.015538519126475869
19 26 -0.007062232880736463
19 27 0.11596671070369804
19 28 -0.03477580477334394
19 29 0.04245977321375667
19 30 -0.08985698959573202
19 31 0.06372316984694595
19 32 0.05596570583455309
19 33 0.14461541142414064
19 34 0.009095313156918812
19 35 -0.02405683169147
19 36 0.02444273877067451
19 37 -0.019874020980838153
19 38 0.046624084015938205
19 39 -0.07666045901006688
20 20 0.0
20 21 0.011865926947473123
20 22 0.06853164166629831
20 23 -0.039125126863049114
20 24 0.07237587104226412
20 25 0.03914936601251988
20 26 0.008124522746778131
20 27 0.21245788457666248
20 28 -0.025588867915506373
20 29 0.09189309271687938
20 30 -0.16901185930373736
20 31 0.13194654538593475
20 32 0.10596377693914508
20 33 0.2985084825778532
20 34 0.02224787517726534
20 35 -0.05893889662389966
20 36 0.008516180778603763
20 37 -0.07907270081326744
20 38 0.13202006517571063
20 39 -0.0989935113715846
21 21 0.0
21 22 0.026844346009942243
21 23 -0.08574935908659641
21 24 0.0441951409058765
21 25 -0.0064849557977586705
21 26 0.07690815857693717
21 27 0.07178021970034384
21 28 -0.10375291240005222
21 29 0.03182533139741957
21 30 0.08044075988410648
21 31 -0.030296925288457448
21 32 0.0768882463309722
21 33 -0.09237548781403405
21 34 -0.02686169026976712
21 35 0.009047082590004429
21 36 0.1685827590768545
21 37 0.05656705596380277
21 38 -0.11324582362172372
21 39 -0.009242862177253671
22 22 0.0
22 23 -0.02993705282936444
22 24 0.03488612678379647
22 25 -0.007803985571473583
22 26 0.08015776713479296
22 27 0.06412183107846836
22 28 -0.02325201045402834
22 29 -0.001088320095162933
22 30 -0.006804880734937235
22 31 0.07143984108894294
22 32 0.01976417394230488
22 33 0.058750741825509864
22 34 0.016643260835033664
22 35 0.0016716803857446817
22 36 0.03496222531618644
22 37 0.024401341819121444
22 38 -0.000416596707935947
22 39 -0.025554272241403757
23 23 0.0
23 24 0.08106913253385348
23 25 -0.07782467417308822
23 26 -0.2231266842191509
23 27 0.06602187397220723
23 28 0.10579036011220175
23 29 -0.055612696964945904
23 30 -0.09593754185397632
23 31 -0.2155840984456177
23 32 -0.035446358210277744
23 33 0.038543052886711074
23 34 0.004987476193023106
23 35 0.062186018514513865
23 36 -0.18742886185646596
23 37 -0.08861662008795175
23 38 0.06846954013609452
23 39 -0.08520941355226865
24 24 0.0
24 25 -0.08834234276585277
24 26 0.05249198159275864
24 27 -0.021347829489547183
24 28 0.02239346761242508
24 29 -0.05946692014261397
24 30 -0.15336469456902121
24 31 -0.08971360890445104
24 32 0.05016030799734615
24 33 0.06059007722749994
24 34 -0.0034885508283818934
24 35 0.047963840409375694
24 36 0.20807190441635298
24 37 0.060181348159951166
24 38 -0.00427623035265875
24 39 -0.20721475906153533
25 25 0.0
25 26 -0.004291123702356589
25 27 0.058823842036056964
25 28 -0.030938253801567284
25 29 0.08033758896883306
25 30 0.048549819580770065
25 31 0.06895896678786725
25 32 -0.022487481614464153
25 33 0.1722235706545262
25 34 -0.08292164158251833
25 35 -0.07450854226218794
25 36 -0.07511400898631872
25 37 -0.03457759747768997
25 38 -0.0072565215623272145
25 39 0.09881697984667084
26 26 0.0
26 27 -0.06545263409040998
26 28 -0.07958476645049326
26 29 -0.04232432936768232
26 30 0.16074091995072026
26 31 0.3287908959202297
26 32 0.06004149299303051
26 33 0.017527928192777622
26 34 -0.0018472429160924047
26 35 -0.0281499762006938
26 36 0.22696543946161007
26 37 0.20683930796709377
26 38 0.051063500462514254
26 39 0.037075131732433916
27 27 0.0
27 28 -0.1057105090314416
27 29 0.06350098562525416
27 30 0.024769298652358173
27 31 -0.052330651341599144
27 32 0.10308651993205993
27 33 0.21119049814440777
27 34 -0.007109062589774648
27 35 0.01925463676157811
27 36 -0.08887543467783103
27 37 -0.03587764248396163
27 38 0.06556514565928487
27 39 -0.07655917623957914
28 28 0.0
28 29 -0.01685394338895965
28 30 -0.08505281291859626
28 31 -0.0023404286058277502
28 32 -0.06960592077860997
28 33 0.04966872400401313
28 34 -0.00998830860132917
28 35 -0.006606640509159024
28 36 -0.1012294819867257
28 37 -0.06049589772906162
28 38 0.07949169870041772
28 39 0.009896507960732253
29 29 0.0
29 30 -0.042572486927597374
29 31 -0.007384072613037168
29 32 0.013657140836364337
29 33 0.06668481937294204
29 34 -0.003851565546300035
29 35 -0.04294775138329312
29 36 0.04608699373901032
29 37 -0.08250628692890717
29 38 0.014918208086602722
29 39 0.04450225106235671
30 30 0.0
30 31 0.11776097820775937
30 32 0.01857870204001899
30 33 -0.10622954941705967
30 34 -0.09419557523164321
30 35 -0.0001502595945554812
30 36 -0.0015897192844157172
30 37 0.15590582226606037
30 38 -0.03085553156146666
30 39 0.13619986220307828
31 31 0.0
31 32 0.017615067630212432
31 33 0.18955098842693152
31 34 -0.03627795199607041
31 35 -0.09373914408219067
31 36 0.024173768860860072
31 37 0.12383219736921228
31 38 0.153308172898948
31 39 0.10472033015017593
32 32 0.0
32 33 0.008794469695101887
32 34 0.02537312490087284
32 35 -0.010673291054010369
32 36 0.04969058958220847
32 37 0.0001290674220505458
32 38 0.04316326632263004
32 39 -0.0246615137691889
33 33 0.0
33 34 -0.068652534531875
33 35 -0.06444405962644761
33 36 -0.11152322689627372
33 37 -0.03436774862885781
33 38 0.23075394620029402
33 39 -0.061705626783690334
34 34 0.0
34 35 0.013866394436846067
34 36 -0.02101307731074322
34 37 -0.07514337141393021
34 38 0.035635880850392807
34 39 -0.016994793948781416
35 35 0.0
35 36 0.033089248936797294
35 37 0.03912841022881543
35 38 -0.03770309537038791
35 39 -0.06802974674295001
36 36 0.0
36 37 0.18863996932435184
36 38 -0.12631111469743145
36 39 -0.12353067152756521
37 37 0.0
37 38 -0.043175426640329403
37 39 -0.05255533023201665
38 38 0.0
38 39 0.0112216323790424
39 39 0.0
