0 0 0.0
0 1 0.07454407240964568
0 2 -0.06355019159908513
0 3 0.04348739996545347
0 4 0.012814482708893274
0 5 -0.01241462422680933
0 6 0.15928503885046896
0 7 -0.015340770213148832
0 8 -0.06737432369221885
0 9 0.022828523517872415
0 10 -0.04754713481986697
0 11 -0.03441128817849308
0 12 0.11700104610233822
0 13 -0.011058298283349602
0 14 0.11438832376989734
0 15 0.04951741444199903
0 16 -0.021058742565230205
0 17 0.10345200161093689
0 18 -0.04128031231351945
0 19 0.1356450886846062
0 20 -0.04095837632659508
0 21 -0.029915743367963633
0 22 -0.07296321061059594
0 23 0.02395321203900364
0 24 0.14766848236262153
0 25 0.03730082562979656
0 26 0.05036212190470414
0 27 -0.07299501364238178
0 28 0.0004814091939923301
0 29 0.020704192303952953
0 30 0.019419670171033573
0 31 0.07760379376417773
0 32 -0.18617639965920302
0 33 -0.10173211964912787
0 34 -0.19543255836660028
0 35 0.04693993780759586
0 36 0.05760531637184198
0 37 -0.022780318406392254
0 38 0.011954869213049796
0 39 -0.011036191381879107
1 1 0.0
1 2 -0.0940926195047817
1 3 -0.12251528136666479
1 4 -0.09708423036850482
1 5 0.010322611385866653
1 6 0.09651035269295001
1 7 0.07251094256501366
1 8 -0.05650231700569498
1 9 -0.001250245654852452
1 10 0.007011093134068716
1 11 0.0529973396805822
1 12 0.10956765333320002
1 13 0.18744167011942234
1 14 -0.026995224724379756
1 15 0.12421561465018685
1 16 -0.010952342410891162
1 17 0.12153608525106203
1 18 -0.024150754067601216
1 19 -0.03132011100499296
1 20 0.12791906694572047
1 21 0.010620342657885822
1 22 -0.09918033652202662
1 23 0.19332050914568466
1 24 -0.032155683069623124
1 25 0.06696352901731721
1 26 0.0673802615920005
1 27 -0.10131882879901441
1 28 -0.012900621182244856
1 29 -0.04489703385165087
1 30 0.08744847292937626
1 31 -0.05333603825389296
1 32 -0.055114605561657294
1 33 -0.018749865194883652
1 34 0.12381720842512711
1 35 0.11808213752508112
1 36 0.12732666602870307
1 37 -0.0747444968974672
1 38 -0.022586807958591033
1 39 -0.09485293514172619
2 2 0.0
2 3 0.18064610258319605
2 4 -0.038662045029856894
2 5 -0.03876014994554837
2 6 -0.016271567594015508
2 7 0.07884804201179627
2 8 0.08685258940480656
2 9 -0.01799258591040896
2 10 0.08335780713450332
2 11 0.05764855432243217
2 12 -0.03954092646467132
2 13 -0.038700790373111305
2 14 -0.08072365548966441
2 15 0.005610631907583695
2 16 -0.09039446883799343
2 17 -0.1410801164233842
2 18 -0.0435006795423023
2 19 -0.0062954411277897585
2 20 -0.058753261561503414
2 21 -0.06930232553898441
2 22 -0.06944038264821148
2 23 0.15430195703934388
2 24 0.0565545194542615
2 25 -0.0590630530321258
2 26 0.13418687465098447
2 27 0.016998706801421383
2 28 0.0019171625062116796
2 29 -0.038539815832897416
2 30 0.013211156116755158
2 31 -0.10104065357732853
2 32 0.004540497519291359
2 33 -0.07040510895812799
2 34 -0.029011879335484596
2 35 -0.12565427441968854
2 36 -0.20955063393869833
2 37 -0.01294310909098421
2 38 -0.013424228924659675
2 39 -0.09825156442943897
3 3 0.0
3 4 -0.04994254686073514
3 5 0.0031905284587878586
3 6 -0.14657089715416233
3 7 0.09873091187406989
3 8 0.1225153167205596
3 9 -0.025293350360854238
3 10 0.07960597718633407
3 11 0.12534057442744276
3 12 -0.036671928426368565
3 13 -0.059595161939606844
3 14 0.05951175827137191
3 15 -0.03193826832424255
3 16 -0.07664624210343537
3 17 -0.1856039579891272
3 18 -0.07491883325979155
3 19 -0.10779576819516887
3 20 -0.1608011565907543
3 21 -0.08819475312494099
3 22 -0.09802814796741077
3 23 0.2663828624797455
3 24 0.203420962930706
3 25 -0.008489670695443551
3 26 0.10926303688351917
3 27 -0.00538803811566072
3 28 -0.007575486368598823
3 29 0.01562757450748267
3 30 0.011618777386782431
3 31 -0.13978477444154497
3 32 -0.014339794922192155
3 33 -0.17441502555479846
3 34 -0.2647821312907871
3 35 -0.17098725152506922
3 36 -0.17412530539513418
3 37 -0.06491543977008085
3 38 0.011142469833059731
3 39 -0.01972020089493249
4 4 0.0
4 5 0.044877909021947146
4 6 0.18044688954001278
4 7 -0.1432247421271058
4 8 -0.01328586813962864
4 9 0.03212007438004054
4 10 0.050280776338376056
4 11 -0.07676297850701916
4 12 -0.062124285035038716
4 13 -0.08799799930888183
4 14 0.14335366863914673
4 15 0.12417834662453398
4 16 0.01476155625854921
4 17 0.0332868664343358
4 18 0.08636330754101489
4 19 -0.01596748626307617
4 20 0.007606927386242526
4 21 0.043124334610158535
4 22 0.13145282935783667
4 23 -0.08905687116308279
4 24 -0.12965912478778724
4 25 0.06752727920423694
4 26 -0.028304921119243976
4 27 0.11196721056489804
4 28 0.08317735287277223
4 29 0.12106429414735956
4 30 0.07825257050864232
4 31 0.1847285535576278
4 32 0.07060708498219923
4 33 0.2027232193022736
4 34 0.020974257552340145
4 35 0.030922875727313632
4 36 -0.04543742604722169
4 37 -0.023233137204320055
4 38 -0.06461273458259958
4 39 0.08392469389040302
5 5 0.0
5 6 -0.11155522889255962
5 7 0.003240271536764248
5 8 -0.010054959816459194
5 9 -0.0054190591283493714
5 10 -0.023841789575789217
5 11 -0.10164878751853985
5 12 0.03731494682087148
5 13 0.03933840731260819
5 14 -0.024849794888291477
5 15 0.12723817314073188
5 16 0.0440281347383281
5 17 -0.026746774341742708
5 18 0.04154312812846087
5 19 -0.12095136639678258
5 20 -0.05503656286415507
5 21 -0.09140699649938192
5 22 0.04852659945598558
5 23 0.07310078352494717
5 24 -0.028386015604092003
5 25 0.08961025098570521
5 26 -0.052516485541491575
5 27 0.026822681177109557
5 28 0.02242220516743057
5 29 0.04761369835722833
5 30 -0.014053162252344417
5 31 -0.052252976749485494
5 32 0.05309532267734914
5 33 -0.08229927425533368
5 34 -0.0007051812293792368
5 35 -0.02037421348077261
5 36 0.12827757406486529
5 37 -0.0015226313450953572
5 38 0.06793008521628102
5 39 0.01700255545326135
6 6 0.0
6 7 -0.07676790976479132
6 8 -0.0899673630988807
6 9 -0.008644497697833908
6 10 0.04450962931544265
6 11 -0.1349377339414625
6 12 0.11223036311155121
6 13 -0.031230259422463297
6 14 0.04558168769048546
6 15 0.14861885168011157
6 16 -0.07199467737092237
6 17 0.16573695586111448
6 18 0.057872666895637345
6 19 0.39251835442907596
6 20 0.022558387880744834
6 21 -0.0028417161832019
6 22 -0.02250306078047993
6 23 -0.08522526187138807
6 24 -0.08967614696227368
6 25 -0.033798309242127206
6 26 0.1517311583354023
6 27 -0.038572193070490896
6 28 0.08503188917236121
6 29 -0.01610438983261716
6 30 0.14720177922412409
6 31 0.15414378617698818
6 32 -0.19907548028203553
6 33 0.1563682525831749
6 34 0.1486883865232038
6 35 0.039386755863921485
6 36 0.01046880320066765
6 37 -0.004974388084025284
6 38 -0.009399173498287615
6 39 -0.11831943608873463
7 7 0.0
7 8 0.02179974116571712
7 9 -0.04346525312299998
7 10 0.13513322459352817
7 11 -0.01821826499002472
7 12 0.042422872780742256
7 13 0.13115264859554593
7 14 -0.05384642724938486
7 15 -0.003392583238139503
7 16 -0.10478311402483934
7 17 -0.10853243374803426
7 18 -0.08797007334436964
7 19 0.009498242210840419
7 20 -0.009787029908047949
7 21 -0.06503723722565358
7 22 -0.10816347427331652
7 23 0.07067354534302292
7 24 -0.025592921887330828
7 25 -0.010965734559102738
7 26 0.13567141292681154
7 27 0.03014800085839383
7 28 0.02437047357052383
7 29 -0.03377105512750496
7 30 0.04641570957873703
7 31 -0.25191193944514134
7 32 -0.1098821407747979
7 33 -0.096830715101442
7 34 0.05028115394662984
7 35 -0.08135123537595625
7 36 -0.046429163796457694
7 37 -0.00030663885531740656
7 38 -0.0667619015320954
7 39 -0.02482352777164481
8 8 0.0
8 9 -0.022289383600187472
8 10 0.007243293807967152
8 11 0.021312754562866416
8 12 -0.11767002369953931
8 13 0.03072055397815788
8 14 -0.048931624007252476
8 15 -0.1556529227711637
8 16 -0.046272936811129914
8 17 -0.13596285352660237
8 18 -0.006178150251649346
8 19 -0.14102910846177033
8 20 -0.09168475891578319
8 21 -0.03423450328628702
8 22 -0.059452395271116676
8 23 0.14865629666125577
8 24 0.08361349660051749
8 25 -0.0054624182431190025
8 26 -0.11160524666254139
8 27 -0.05157300733519451
8 28 -0.03891865439703517
8 29 0.1372642976577426
8 30 -0.01617372395364043
8 31 -0.1587382594592215
8 32 0.05305351154904133
8 33 0.014186696082237427
8 34 -0.10224857048825682
8 35 -0.09637799459858713
8 36 -0.09149522780190607
8 37 -0.09497622133395263
8 38 -0.11939653300834215
8 39 0.11402557186187945
9 9 0.0
9 10 -0.06957427656781437
9 11 -0.0009241220442388299
9 12 -0.054499149402125836
9 13 -0.04673337001555651
9 14 0.017524018876963105
9 15 -0.005046618926293923
9 16 0.05983037462846712
9 17 0.05998845285985913
9 18 -0.004731245430288166
9 19 0.055039175946185584
9 20 -0.01777475989397198
9 21 -0.035444299788361756
9 22 0.04319997954797222
9 23 -0.04334502705915125
9 24 0.04684531667583698
9 25 0.01764513613314287
9 26 0.036094449603785855
9 27 -0.00741543614411629
9 28 0.023951404829105575
9 29 -0.04814862307128405
9 30 -0.004317294774850753
9 31 0.10956319719213217
9 32 0.030081514537247982
9 33 0.027076696223501305
9 34 0.012617341569771743
9 35 0.11068982514127194
9 36 -0.023256253334486637
9 37 0.021678819847754594
9 38 -0.049410325058695984
9 39 -0.07029135447249817
10 10 0.0
10 11 0.13010000440201946
10 12 -0.0421545751506762
10 13 0.0332109258655791
10 14 0.005181680840365055
10 15 0.011202679074179772
10 16 -0.1498569831700847
10 17 -0.048246325119872965
10 18 -0.015901564349884205
10 19 -0.0014566328599855088
10 20 -0.023497967981324946
10 21 0.00893628512640207
10 22 -0.020316007952064
10 23 0.10566222092384796
10 24 -0.07889794414622216
10 25 -0.023609046834063733
10 26 0.13250180489091165
10 27 0.11291219972463869
10 28 0.022653384972686205
10 29 -0.051686008350772104
10 30 0.11860303083918058
10 31 -0.08427118862303726
10 32 -0.002709056317562741
10 33 0.014345182380038415
10 34 0.0710519800523042
10 35 -0.06047739230329996
10 36 -0.10333435153995167
10 37 -0.02241157139445705
10 38 -0.006696078811261568
10 39 -0.06318474708102739
11 11 0.0
11 12 -0.16552465019372992
11 13 -0.054719262367808164
11 14 0.056573143744931845
11 15 -0.13228817332536988
11 16 -0.08427669599609623
11 17 0.03988953767423176
11 18 -0.05215206392275236
11 19 -0.11938003465191356
11 20 -0.033104733665561714
11 21 0.10734481410707328
11 22 -0.028865834788889343
11 23 0.2812107657469919
11 24 0.13744656320002557
11 25 -0.04943773380149474
11 26 0.12636533714020265
11 27 0.0346868155038684
11 28 -0.09095229216647012
11 29 -0.17285758719655356
11 30 0.08470514515919657
11 31 0.10107949088595358
11 32 0.16209013234783975
11 33 -0.04526386078068066
11 34 -0.07644559911301964
11 35 0.07277872540895955
11 36 -0.14897487854928015
11 37 -0.07871890839667875
11 38 0.05351649170348716
11 39 -0.1764212515659643
12 12 0.0
12 13 0.06318383139415705
12 14 0.05842303464456712
12 15 0.22130584833467273
12 16 0.04748476133025369
12 17 -0.00035523897971669266
12 18 -0.020380648099660007
12 19 0.024907228532705508
12 20 0.14039166437779077
12 21 0.00729449282075032
12 22 -0.08080192807518068
12 23 -0.006543041327804455
12 24 -0.046849430941454544
12 25 0.03281961117703378
12 26 0.05307034443033307
12 27 -0.08226822789227492
12 28 0.038940958357248326
12 29 0.016778919431128896
12 30 -0.012841839974710978
12 31 -0.06668085504127996
12 32 -0.16796391821251555
12 33 -0.06790877537044518
12 34 -0.01647735380278937
12 35 -0.07594886587681948
12 36 0.10473107538991637
12 37 0.019156443866494226
12 38 0.08794605173368022
12 39 0.03454503883867573
13 13 0.0
13 14 -0.09110582587884118
13 15 0.011189033016514515
13 16 -0.055715670333860746
13 17 -0.00448712124341759
13 18 -0.026538242545935016
13 19 -0.10364152083802095
13 20 0.09601754802189341
13 21 -0.0013914546599098248
13 22 -0.08537444693983734
13 23 0.0782130184284173
13 24 -0.07193358906468231
13 25 0.04218041804593166
13 26 -0.05949492180760698
13 27 -0.04041518105311646
13 28 -0.027860101892783335
13 29 0.06299597385273505
13 30 0.011924652266825961
13 31 -0.18319726359472993
13 32 -0.05638226690276983
13 33 -0.01799213068232792
13 34 0.07710423495840119
13 35 0.011093525996104655
13 36 0.07353408237221888
13 37 -0.04490708160908769
13 38 -0.08183277915034387
13 39 0.06594378664478255
14 14 0.0
14 15 0.08490363768307385
14 16 0.10916217507861328
14 17 -0.023905741557490208
14 18 -0.01487251156180677
14 19 -0.0638285004899373
14 20 0.07584640484267303
14 21 0.11785062098134916
14 22 0.011307243696045724
14 23 -0.009364096819242605
14 24 0.023270819864091498
14 25 0.04811091153915248
14 26 0.06163185801568157
14 27 -0.02392184341038232
14 28 0.08320090626724906
14 29 0.04632443568553038
14 30 0.06321259228100362
14 31 0.09424860754375823
14 32 -0.023998260637320017
14 33 0.11884973564401995
14 34 -0.15886460386957682
14 35 -0.03555566816820392
14 36 -0.03426613724593529
14 37 -0.04618121657257572
14 38 -0.012467024103115107
14 39 0.12120514138252633
15 15 0.0
15 16 0.12899321147038198
15 17 -0.05554784052451152
15 18 0.01338462728482306
15 19 0.011073573636821071
15 20 0.029119693845026655
15 21 -0.01477498064080662
15 22 -0.016620442125127713
15 23 0.1427833353378797
15 24 -0.1244326951692433
15 25 0.09268421984988753
15 26 0.28966746496809054
15 27 0.019492450619040216
15 28 0.09608349951288608
15 29 0.0038630048762879183
15 30 0.08052498989361129
15 31 0.07552342648052895
15 32 0.03137827017047011
15 33 -0.11990747541012695
15 34 0.12705842840578652
15 35 -0.10463984342700305
15 36 0.15250349030853794
15 37 -0.040414421327411076
15 38 0.19165668802993602
15 39 -0.15154393442157552
16 16 0.0
16 17 -0.027672185120653697
16 18 0.02007474584251242
16 19 -0.04674488045674929
16 20 0.038608675100349356
16 21 0.05298841634357952
16 22 0.053215775119167086
16 23 -0.08410178332132312
16 24 -0.017702243309717307
16 25 0.03950113381131364
16 26 -0.0013691484439143622
16 27 -0.0520875892363824
16 28 0.036878540184043206
16 29 0.03335327471339863
16 30 -0.05455875383316071
16 31 0.10037986053523787
16 32 0.09478331825961081
16 33 0.026826308988606922
16 34 0.016444128745081825
16 35 -0.0048367492465715405
16 36 0.11925950055600983
16 37 0.0019220575067816735
16 38 0.05913791830552292
16 39 0.044104226266528636
17 17 0.0
17 18 0.05728693627671586
17 19 0.15950276708169137
17 20 0.0560124976983396
17 21 -0.025268609087316492
17 22 0.08583817520587818
17 23 -0.09444529026368254
17 24 -0.004292901671863742
17 25 0.019553680541994682
17 26 -0.061314611212017256
17 27 -0.010976065367798755
17 28 -0.0006530357350299628
17 29 -0.14018982316819037
17 30 0.03869458274397446
17 31 0.1911490002090323
17 32 -0.06036436219002041
17 33 0.08572197416456517
17 34 0.08548705903389806
17 35 0.2619294102878609
17 36 0.08264360883955629
17 37 0.06982935744985797
17 38 0.012142707844387833
17 39 -0.1207854460884364
18 18 0.0
18 19 -0.0009741051488617936
18 20 -0.01916652821035535
18 21 -0.052384291803400096
18 22 0.09457316891019751
18 23 -0.011001744526447976
18 24 -0.060432197129990775
18 25 0.027676919688749434
18 26 -0.08760300365153498
18 27 0.010941110895035204
18 28 0.03751610511158638
18 29 -0.011474567400089212
18 30 0.023230361108865446
18 31 0.031667948354555844
18 32 0.04593138902370028
18 33 0.08971612388398972
18 34 0.07585432336924523
18 35 0.031944278837839964
18 36 0.060048883007520204
18 37 0.024369814166556567
18 38 0.042949245135673705
18 39 -0.0073919868500576195
19 19 0.0
19 20 -0.1901963272403843
19 21 -0.07760009662258197
19 22 0.01650057015317421
19 23 -0.27505387939900416
19 24 0.019657736887378995
19 25 -0.10981269125352744
19 26 0.24379658636647342
19 27 0.0409913524427137
19 28 0.043492875074444215
19 29 -0.15185453800494472
19 30 0.05395332282077875
19 31 0.20005394041141553
19 32 -0.18093218173746223
19 33 -0.053975698596808744
19 34 0.15225471370899282
19 35 0.0716614010056433
19 36 0.07686154729687622
19 37 0.10495046687865779
19 38 0.07616254094788272
19 39 -0.2532035960485114
20 20 0.0
20 21 0.19104791057354326
20 22 -0.021503631982725306
20 23 -0.13974305192695394
20 24 -0.19620211026654666
20 25 0.00813620002374493
20 26 -0.12284265614150361
20 27 -0.06316671231836145
20 28 0.023242170728396416
20 29 0.0040817458877932524
20 30 -0.03102512931989641
20 31 -0.02800111117571889
20 32 -0.07309263812999833
20 33 0.26471788452142486
20 34 0.09183721801460687
20 35 0.08131551360426724
20 36 -0.12367510532044157
20 37 0.04444569702366466
20 38 -0.1446679204891161
20 39 0.17920586151716222
21 21 0.0
21 22 -0.03383093314490738
21 23 -0.17496494328199236
21 24 -0.09819378138765471
21 25 -0.05272619393290808
21 26 -0.02507325746387759
21 27 0.025739348892342695
21 28 -0.07431129948506307
21 29 0.10436849254412035
21 30 -0.043267321952045676
21 31 0.12899637762716154
21 32 0.06041166170422999
21 33 0.09937418986430577
21 34 -0.012174055489481058
21 35 -0.0202121509514198
21 36 -0.024277228560508974
21 37 -0.04625239304509272
21 38 -0.04062386728275748
21 39 0.17273196540542402
22 22 0.0
22 23 -0.13982799958374512
22 24 -0.0853440276107754
22 25 0.023425203237700986
22 26 -0.08204638234363089
22 27 0.08752861194931287
22 28 0.05152124286544524
22 29 -0.061963603933228584
22 30 0.003480700150877624
22 31 0.12761704916915478
22 32 0.1003515736378074
22 33 0.1191201241230762
22 34 0.09956269501970484
22 35 0.09662357069588337
22 36 0.040742547814780775
22 37 0.08224941608436874
22 38 0.04161048553930879
22 39 -0.02175907349044389
23 23 0.0
23 24 0.20474773934772275
23 25 0.09261305666861819
23 26 0.1566014229994323
23 27 -0.11543953113948206
23 28 -0.009616785923469354
23 29 -0.06294144299758679
23 30 0.1506620562333037
23 31 -0.20516179910098722
23 32 0.0925565969222969
23 33 -0.1935847475402125
23 34 -0.12486634484560233
23 35 -0.0926162813795294
23 36 -0.05657138625829848
23 37 -0.1911386981107433
23 38 0.08913795857515035
23 39 -0.2190089904381161
24 24 0.0
24 25 -0.005949825328733136
24 26 0.026628889378000887
24 27 -0.1028731156863022
24 28 -0.06443456389036648
24 29 -0.025376890640472105
24 30 -0.03512760690936723
24 31 0.011348190210823044
24 32 -0.03726772002370948
24 33 -0.20349897725323865
24 34 -0.29320553508672154
24 35 -0.000037693346748879074
24 36 -0.0406967610200636
24 37 -0.05463654226737964
24 38 0.029034667560468824
24 39 -0.07858714338960912
25 25 0.0
25 26 -0.04185310757374495
25 27 -0.017861329855728407
25 28 0.03449998251847344
25 29 0.041358646299349364
25 30 0.024824567237441142
25 31 -0.021632362938442316
25 32 0.01571021247928163
25 33 0.0021905262338238656
25 34 -0.02264230032029062
25 35 0.03272622760192487
25 36 0.07302562993352511
25 37 -0.028690304366387986
25 38 -0.005673537381580905
25 39 0.028022314158713913
26 26 0.0
26 27 0.06204913296896179
26 28 0.06722723412244658
26 29 -0.1788985791836756
26 30 0.14270315436603145
26 31 0.08596987558145788
26 32 -0.005372845523586472
26 33 -0.17163528862685923
26 34 0.11350923906968036
26 35 -0.0742077372418424
26 36 -0.04975845678824414
26 37 -0.02773053961565867
26 38 0.12700297840749533
26 39 -0.34460387736195
27 27 0.0
27 28 0.00652215536722366
27 29 -0.028137380131699797
27 30 0.022305163439465894
27 31 0.07574532175900742
27 32 0.07769167801959306
27 33 -0.006572423054282746
27 34 0.08599057477228908
27 35 0.0022368707995894053
27 36 -0.017307669813612377
27 37 0.046088248904398936
27 38 0.03369300311488527
27 39 -0.03857579204161947
28 28 0.0
28 29 -0.048276480123248484
28 30 0.06877805351290707
28 31 -0.021912058784844368
28 32 -0.0368146831018589
28 33 0.10268503860571025
28 34 0.07497691301877721
28 35 -0.004064134934687417
28 36 -0.023192065815468996
28 37 0.03548554189958291
28 38 -0.011150727433625957
28 39 -0.032295790601997866
29 29 0.0
29 30 -0.07600156677197083
29 31 -0.07013665858204361
29 32 0.0015137734822183134
29 33 0.014265823888167762
29 34 -0.14664683428352115
29 35 -0.13576631910073556
29 36 0.05641507702731998
29 37 -0.10894114641457395
29 38 -0.1144985941241129
29 39 0.31550026752589233
30 30 0.0
30 31 -0.004202764529667468
30 32 -0.00656960834496477
30 33 0.06279502130651612
30 34 0.09084910294492525
30 35 0.0208854272401076
30 36 -0.025091445396854477
30 37 -0.03859634929776591
30 38 0.00191148595214234
30 39 -0.12347542797900313
31 31 0.0
31 32 0.10731434456377598
31 33 0.041186567650857514
31 34 0.021889281359576587
31 35 0.1781546762290786
31 36 0.047683000060939576
31 37 0.03629354957079445
31 38 0.09240833953679227
31 39 -0.13074001649501768
32 32 0.0
32 33 0.008897489059565514
32 34 0.08338764384453112
32 35 0.00539307705896153
32 36 0.02602995331916914
32 37 -0.05005618972985998
32 38 0.06893893343310992
32 39 -0.05076089538432116
33 33 0.0
33 34 0.16130027869373645
33 35 0.11521672723935154
33 36 -0.15124412293701228
33 37 0.0394990568939364
33 38 -0.20974869557086953
33 39 0.16334509129158511
34 34 0.0
34 35 0.09668270621685995
34 36 0.08226590393781678
34 37 0.07551172783454856
34 38 0.0165003377932014
34 39 -0.18309523158751162
35 35 0.0
35 36 0.019393453648493587
35 37 0.06366337939373062
35 38 -0.07770985709477005
35 39 -0.10476329320689141
36 36 0.0
36 37 -0.011107360927337318
36 38 0.18764149102241257
36 39 -0.0065180889408230965
37 37 0.0
37 38 0.02788041746940248
37 39 -0.037881495448735536
38 38 0.0
38 39 -0.182045144926275
39 39 0.0
