0 0 0.0
0 1 0.014976397075801867
0 2 -0.0666408758387773
0 3 -0.09525397958965817
0 4 -0.01950381810324455
0 5 -0.010480385369767102
0 6 -0.08782793218691101
0 7 0.014500907842300792
0 8 0.017114452494126013
0 9 -0.05363591306632254
0 10 -0.038261235828411976
0 11 0.035153672628064334
0 12 0.11329216722853035
0 13 -0.06514722073339153
0 14 -0.14518282877706745
0 15 -0.03801370392041233
0 16 0.07953093153933073
0 17 -0.01695466350300783
0 18 0.09115000201323022
0 19 0.0027625301520637106
0 20 0.041970662455715096
0 21 -0.11679786711045988
0 22 -0.015329433672065493
0 23 -0.02569717930212122
0 24 0.08762871827218155
0 25 0.008579369052926096
0 26 -0.04576275054106907
0 27 0.014783696476425282
0 28 0.08924503317188134
0 29 -0.07320572308394982
0 30 -0.03796272103994681
0 31 -0.017199106687684533
0 32 0.0051685429189084475
0 33 -0.003750460710923051
0 34 -0.041654429478001645
0 35 0.1536843918438276
0 36 -0.14322750362612285
0 37 0.08681963870979056
0 38 0.10589745369083825
0 39 -0.01381406078769662
1 1 0.0
1 2 -0.01693808303818315
1 3 -0.03990801152502199
1 4 -0.0204960635976657
1 5 -0.07328082382252739
1 6 -0.07377185418073122
1 7 0.008312073716490943
1 8 0.031131959489996967
1 9 0.029168613280742346
1 10 -0.022713396776191795
1 11 0.00862652847224073
1 12 0.008128615951923459
1 13 -0.05797706793274119
1 14 -0.021319900939584253
1 15 -0.012804717380757964
1 16 0.0028071831731252294
1 17 -0.002467246265158997
1 18 -0.04477910630345858
1 19 0.0216232130410173
1 20 -0.0006132966349219799
1 21 0.014938488339700993
1 22 -0.02617133682568475
1 23 0.02395964409485236
1 24 0.06902783190945376
1 25 0.043257771023703935
1 26 -0.012204856494394116
1 27 -0.04299856864711747
1 28 -0.0005343599382130802
1 29 -0.0027739192301491503
1 30 -0.018797580975004013
1 31 -0.0006247020332350943
1 32 -0.03425357353725099
1 33 -0.00653042421016906
1 34 0.0020705604908813806
1 35 0.03654387119623735
1 36 0.005659758377066987
1 37 0.0014300992887969616
1 38 -0.0015625144313598104
1 39 -0.01168217697874277
2 2 0.0
2 3 -0.013063250199394392
2 4 0.0053531471282666585
2 5 0.04213384365258484
2 6 0.06370597385136677
2 7 -0.013590471396584328
2 8 0.0728264894772085
2 9 0.0470783618001396
2 10 0.09945956309026274
2 11 0.035355626295330934
2 12 -0.028742501329940835
2 13 0.08971056455554383
2 14 0.04238868349856783
2 15 -0.016190118332841556
2 16 -0.08982622237807845
2 17 0.017138534697632397
2 18 -0.057056394086589454
2 19 0.0644167791721463
2 20 0.014379815075064232
2 21 -0.02309607050796334
2 22 0.09738902324813911
2 23 -0.024713101321493985
2 24 -0.1199858853131075
2 25 -0.015139197657170238
2 26 -0.06350768864258347
2 27 0.01636096327304912
2 28 0.03313042480943056
2 29 0.021136377471176256
2 30 0.03830587406383078
2 31 -0.008930243316503697
2 32 0.1344196462430407
2 33 -0.056343841082884094
2 34 -0.05686664468910343
2 35 -0.04038265289705108
2 36 0.08646917993466144
2 37 -0.019820842513950027
2 38 -0.009885847633599879
2 39 -0.03447286745212514
3 3 0.0
3 4 0.049507150636690686
3 5 0.043715584066009
3 6 0.09525079461484254
3 7 -0.01662891820256312
3 8 -0.10154530851240844
3 9 0.0023372002573908827
3 10 0.032235906362688686
3 11 -0.05096243807585622
3 12 -0.11380855516851314
3 13 0.06290839484169539
3 14 0.10040157445510287
3 15 0.11199764250776967
3 16 0.0010170962414981564
3 17 -0.041937578235998904
3 18 0.04244654486087644
3 19 -0.09604773507534725
3 20 -0.021176343952581545
3 21 0.06690864670830148
3 22 -0.03975529429422506
3 23 -0.024895863808442532
3 24 -0.07800125077914652
3 25 -0.058661037696114415
3 26 0.08384928635362678
3 27 0.018147497453047112
3 28 -0.11791173347271029
3 29 0.03636286399126085
3 30 0.02638150652636298
3 31 0.09327433737256777
3 32 -0.041291353154828646
3 33 0.08725362622046359
3 34 0.053889198955473706
3 35 -0.10846805882860366
3 36 0.04163693526357607
3 37 0.005340520388589178
3 38 -0.05635486913517569
3 39 0.0548772947641726
4 4 0.0
4 5 0.020505198609981578
4 6 0.07303600223487064
4 7 0.0197062610188
4 8 0.03083160190550635
4 9 -0.04564519403415924
4 10 0.0334698776985689
4 11 -0.027990991645118396
4 12 -0.011209410409478834
4 13 0.10028485293747602
4 14 0.03175273766035194
4 15 0.051011292496354964
4 16 -0.08243705772822209
4 17 -0.06846676737857613
4 18 0.06648844514686163
4 19 -0.017393626669654796
4 20 0.06844813173163464
4 21 0.005458051727890821
4 22 -0.014682906532685645
4 23 -0.03776563083529446
4 24 -0.04639846923060966
4 25 -0.07006382916501787
4 26 0.033727370037482204
4 27 0.005054047538702942
4 28 0.044570467798050246
4 29 0.011775834014789672
4 30 0.06679441200995959
4 31 0.06431551606494865
4 32 -0.01205886177177366
4 33 0.024130447249942694
4 34 0.0011163085859788992
4 35 -0.016338888242102275
4 36 0.05075809792430823
4 37 -0.006641197570114546
4 38 -0.018224269852977676
4 39 -0.030146878020305183
5 5 0.0
5 6 0.18781625446684574
5 7 0.01020370000426152
5 8 -0.04666942327531211
5 9 -0.04953189967598982
5 10 -0.002311838374765373
5 11 0.004163689125194743
5 12 0.023380938572866557
5 13 0.13529612410281683
5 14 0.02701982511935322
5 15 -0.01567210231887351
5 16 0.031628657637240515
5 17 0.060576948879157835
5 18 0.09587972123172107
5 19 -0.014631888863581393
5 20 -0.0423569055987093
5 21 -0.03827538760297169
5 22 0.078209027261489
5 23 -0.06275173933219443
5 24 -0.13767329597275296
5 25 -0.06806224918924304
5 26 0.00555369608223624
5 27 0.11486672581618207
5 28 0.02673125497891616
5 29 -0.017180210523840812
5 30 0.057483217450245795
5 31 -0.03275028041076943
5 32 0.11226585881152303
5 33 -0.06800613089353189
5 34 0.0005384261977684602
5 35 -0.028430015690596295
5 36 -0.0348822330198021
5 37 -0.03779182295902142
5 38 -0.0019159521171245235
5 39 0.04615273417201074
6 6 0.0
6 7 0.03634315607035881
6 8 0.005520904053084493
6 9 -0.005186230567839498
6 10 0.0059077380575139095
6 11 -0.019130313798550933
6 12 -0.0500420102143446
6 13 0.22351811633741225
6 14 0.09909835954390618
6 15 0.06503276657519763
6 16 -0.007926464872760003
6 17 0.009276121545938312
6 18 0.08595476832457907
6 19 0.007317685051271486
6 20 -0.03788482719954714
6 21 0.02689596915280277
6 22 0.041532141643564446
6 23 -0.08780295213821514
6 24 -0.17882548872787354
6 25 -0.08333155998834042
6 26 0.02887532854973305
6 27 0.09798418350901186
6 28 -0.0034481657192219294
6 29 -0.017107621674138113
6 30 0.1328369508409202
6 31 0.06761189483176686
6 32 0.12048715228946735
6 33 -0.09327580735701507
6 34 0.026876883441575426
6 35 -0.024578352474061513
6 36 0.07984280410425794
6 37 -0.07409463981368199
6 38 -0.08670373859241347
6 39 0.052565213622953556
7 7 0.0
7 8 0.054243401717452656
7 9 0.1203062883828182
7 10 -0.009102673832547837
7 11 0.01690856434602117
7 12 0.05686827247506805
7 13 0.1207238592070731
7 14 -0.0219750297396636
7 15 -0.04931278334007709
7 16 -0.08775017121041337
7 17 0.11375144214626576
7 18 0.02353682218309165
7 19 -0.03975010897321411
7 20 -0.08739220874179764
7 21 0.014085052935673165
7 22 -0.03732882745974762
7 23 -0.13636170024975897
7 24 0.03253719199248623
7 25 0.0869371991984056
7 26 -0.02548916854613647
7 27 -0.020634040579202133
7 28 0.027666115428982535
7 29 0.041275240003262464
7 30 0.04292129672812729
7 31 0.08658890221197854
7 32 -0.016369872463851996
7 33 -0.10410438007057254
7 34 0.0348045555050965
7 35 0.03869039312656557
7 36 -0.028802026286593434
7 37 -0.08539624949111099
7 38 0.006678198644249825
7 39 0.000007009880327024861
8 8 0.0
8 9 0.04355238421020135
8 10 0.05445654042218449
8 11 0.024738664220599553
8 12 0.046149306235446226
8 13 0.09198402525441848
8 14 -0.0365221041659605
8 15 -0.030987154622331946
8 16 -0.11397146210284355
8 17 -0.029950137298879055
8 18 -0.04088405460039914
8 19 0.13783052326184458
8 20 0.070365021548004
8 21 -0.04452069833327159
8 22 0.022321303144779737
8 23 -0.03348860471529504
8 24 -0.02371696674514776
8 25 0.028499702394247893
8 26 -0.0961452526373445
8 27 -0.02978975063803077
8 28 0.1329847010177802
8 29 -0.029537349835368338
8 30 0.05620576883110832
8 31 0.030759246563831843
8 32 0.09540442082394668
8 33 -0.10740043632917162
8 34 -0.06805594002822683
8 35 0.09777293067107978
8 36 0.10169575734506889
8 37 -0.034070591832508205
8 38 -0.005674070275698429
8 39 -0.10030631825125318
9 9 0.0
9 10 0.039944433437748214
9 11 0.07223946078865154
9 12 -0.0964420640949569
9 13 0.05093014557858857
9 14 0.024828892084614917
9 15 0.05359018155273213
9 16 0.012381493726454435
9 17 0.08786888750311682
9 18 -0.09002408074793052
9 19 -0.016940078493574772
9 20 -0.15400970717546975
9 21 0.04455224763354474
9 22 -0.02689622196340217
9 23 -0.1311409299500989
9 24 0.003961113021214042
9 25 0.1366105625847701
9 26 -0.07216666983443831
9 27 -0.051806055607699276
9 28 -0.13749691111950288
9 29 0.016065128147206103
9 30 0.024162144744212764
9 31 0.1798144681568792
9 32 0.07850310570367919
9 33 -0.10153112800973574
9 34 0.02175941136550912
9 35 0.07657787250983514
9 36 0.032663944300598415
9 37 -0.0012334678456389493
9 38 -0.036792195735930136
9 39 0.07923732822310564
10 10 0.0
10 11 -0.031124468702305084
10 12 -0.04142659861498751
10 13 0.12733823716750448
10 14 -0.007431021678862508
10 15 0.015762832699354783
10 16 -0.16895415167481928
10 17 -0.04001988650623372
10 18 -0.016026964643915523
10 19 0.02091769526531607
10 20 0.08499851897734019
10 21 -0.11229529346283036
10 22 0.03690733894373761
10 23 -0.06381060443483959
10 24 -0.1919328364387731
10 25 -0.006881265811290983
10 26 -0.10058379023773642
10 27 0.009416528875593192
10 28 0.026403758873266552
10 29 0.04017381951494894
10 30 -0.0644001698576546
10 31 0.060147136305050766
10 32 0.10918621828504874
10 33 0.08931799398629614
10 34 -0.10907565461687663
10 35 -0.12530829695299522
10 36 0.06748675907295117
10 37 0.047300189580614965
10 38 0.07281718294838975
10 39 -0.13176647605962558
11 11 0.0
11 12 0.004194869663700543
11 13 -0.024630197199852565
11 14 -0.0199228541915516
11 15 -0.0020401183883038696
11 16 0.04108534511377245
11 17 0.03047269586236791
11 18 -0.010421911071053346
11 19 -0.001810116959880943
11 20 -0.03752090028412356
11 21 -0.012970662746906416
11 22 0.05500687288999789
11 23 -0.046521503286309725
11 24 0.043141325704500355
11 25 0.012241008592068486
11 26 -0.033757559877030836
11 27 -0.008334285930872308
11 28 -0.00042571686364310395
11 29 -0.015566233946693864
11 30 0.04798226541031559
11 31 0.024802688137536368
11 32 0.06965104861397906
11 33 -0.0758795124777792
11 34 -0.012154247199294057
11 35 0.10865661605566104
11 36 -0.03954236583058092
11 37 0.043250302569373796
11 38 0.017198663125916464
11 39 0.06217995618211457
12 12 0.0
12 13 -0.008450484946890496
12 14 -0.10736121231429066
12 15 -0.16860736394993708
12 16 -0.06262385558536479
12 17 0.08279995774813334
12 18 0.040079813267330136
12 19 0.029970462310959782
12 20 0.033632090306097866
12 21 -0.07813659101164742
12 22 0.03456154544062361
12 23 0.0075725080045932845
12 24 0.06577727749365814
12 25 0.02225947583453195
12 26 -0.03483854989905203
12 27 0.0161782026239815
12 28 0.17555773734615382
12 29 0.006378781119590929
12 30 -0.0333839754954065
12 31 -0.14675394281074697
12 32 -0.030990638587106295
12 33 -0.053771848167780134
12 34 -0.030733071378176012
12 35 0.02160711849453715
12 36 -0.10152761361071458
12 37 -0.05755221373227295
12 38 0.08952807726907284
12 39 -0.08377528528414536
13 13 0.0
13 14 0.050986263923996425
13 15 0.025833258972052953
13 16 -0.16041249327995158
13 17 0.022844299710795393
13 18 0.07910720943289182
13 19 0.014674751043446468
13 20 0.003427431986693521
13 21 -0.03409314765924449
13 22 0.029249868575498144
13 23 -0.16192186721042612
13 24 -0.20354900190433273
13 25 -0.03594037207053433
13 26 -0.041065130498218805
13 27 0.061973323541529235
13 28 0.06692080316767106
13 29 0.022692950305828265
13 30 0.10674975585422582
13 31 0.12011763952979966
13 32 0.13027492134657534
13 33 -0.08524027045172325
13 34 -0.02424726026556432
13 35 -0.043557480028570114
13 36 0.09265932852506181
13 37 -0.08151154890263937
13 38 -0.025382351706821498
13 39 -0.050154683589700946
14 14 0.0
14 15 0.06318617996491446
14 16 -0.035072051450015615
14 17 -0.007268924066775914
14 18 -0.044336907192749235
14 19 -0.02631327061287305
14 20 -0.0343054603340121
14 21 0.11755992538918783
14 22 0.011799366030044155
14 23 0.018553340995631308
14 24 -0.057871309250364766
14 25 -0.04163834859754678
14 26 0.07254653608629087
14 27 -0.005001751551755618
14 28 -0.08606475502440152
14 29 0.05231615375656171
14 30 0.06833053588478151
14 31 0.031266629447965266
14 32 -0.015472711875357892
14 33 0.0034357975277747774
14 34 0.055307397721006714
14 35 -0.10415142832783993
14 36 0.11108673948210943
14 37 -0.05905370358440135
14 38 -0.10504338408203198
14 39 0.05009962253092365
15 15 0.0
15 16 0.10940153001481208
15 17 -0.1582796225438203
15 18 0.05647540039535739
15 19 -0.041173358940346835
15 20 0.015643005218715148
15 21 0.03834756624641005
15 22 -0.07242181756918582
15 23 -0.04381089814126432
15 24 -0.04299839032627514
15 25 -0.06591248896119745
15 26 0.04541867706110438
15 27 -0.0021489682234081776
15 28 -0.14179950550627635
15 29 -0.06277120763622109
15 30 0.06926277499532314
15 31 0.21374823907740428
15 32 0.0307972671471995
15 33 0.06466804131129461
15 34 0.025904705347658614
15 35 0.08304337498245663
15 36 0.06551910039713635
15 37 0.11707765303729405
15 38 -0.07124404778477465
15 39 0.09492994988920514
16 16 0.0
16 17 -0.03846686540834367
16 18 0.04562496216755182
16 19 -0.01107965652132115
16 20 -0.09588402795738578
16 21 0.008816081229171008
16 22 -0.04890051609175861
16 23 0.03874777147742743
16 24 0.0831635982534195
16 25 0.004857636568975797
16 26 0.03004471530214132
16 27 0.04694691914834605
16 28 -0.15074752853623397
16 29 -0.14212302338818775
16 30 -0.012967993158846738
16 31 0.03516323861683436
16 32 0.03145871199031938
16 33 -0.0184469757217521
16 34 0.050142298263895865
16 35 0.19105070510006442
16 36 -0.10553596556639674
16 37 0.11696666957372859
16 38 -0.03279795257983607
16 39 0.18335718141319254
17 17 0.0
17 18 -0.057054918938111474
17 19 -0.02934973557873689
17 20 -0.15284253627470537
17 21 0.022828840340503802
17 22 0.049366850897172077
17 23 -0.045024313255054065
17 24 0.023759041258125134
17 25 0.10953788238481339
17 26 -0.028533412712723687
17 27 0.01190895756042612
17 28 0.002740872362048749
17 29 0.07220183523597698
17 30 -0.03089805882730663
17 31 -0.09694963327008964
17 32 -0.002021137134121786
17 33 -0.11418981763151408
17 34 0.03474180709853737
17 35 -0.0658822672840839
17 36 -0.07496885693801156
17 37 -0.1261172522025967
17 38 0.020843009692990865
17 39 0.02241235669886413
18 18 0.0
18 19 -0.0685632629361215
18 20 0.04460958574539015
18 21 -0.06802718118622594
18 22 -0.023547813388145215
18 23 -0.08089745823229721
18 24 -0.027412993835816617
18 25 -0.08911727328623274
18 26 0.035118483101793434
18 27 0.06502231005359657
18 28 0.046364178161147136
18 29 -0.04818292795572983
18 30 0.04809846052469543
18 31 0.06681032375955502
18 32 0.006070983154920301
18 33 0.02797112995768748
18 34 0.0027552109034866316
18 35 0.0699095463331939
18 36 -0.08957373452471835
18 37 0.060025362082837576
18 38 0.04446497708845511
18 39 0.026927499199146398
19 19 0.0
19 20 0.05522754591914251
19 21 -0.041856707888029
19 22 0.037621970397800304
19 23 0.058401245277044586
19 24 -0.047306975360367313
19 25 0.018428776865518852
19 26 -0.08367716994362877
19 27 0.008082209681161122
19 28 0.09148184576780471
19 29 -0.06162210966479907
19 30 0.0006679680407648415
19 31 -0.06506548427804904
19 32 0.10600556022633623
19 33 -0.08183181814471652
19 34 -0.06570760065455133
19 35 0.05659667664381982
19 36 0.09424349485517718
19 37 -0.030893606291909553
19 38 -0.022054432571106893
19 39 -0.07965990383254927
20 20 0.0
20 21 -0.0768863196785905
20 22 0.014016403381854132
20 23 0.059485238861139246
20 24 -0.03700424822481303
20 25 -0.10271064975586734
20 26 -0.007589777925152044
20 27 -0.0054993363300356955
20 28 0.13120099832027762
20 29 -0.018950188893896217
20 30 -0.004818801633539929
20 31 -0.03439039495357013
20 32 -0.004427104044230705
20 33 0.09999127702869336
20 34 -0.07883629330835465
20 35 -0.014975624643044975
20 36 0.04868067584136103
20 37 0.06217913163458305
20 38 0.046074094491253256
20 39 -0.12515512447584368
21 21 0.0
21 22 -0.04091459454083442
21 23 0.04497811336338551
21 24 0.07490503127008949
21 25 0.011718604965828997
21 26 0.10315506761671525
21 27 -0.04965787983818796
21 28 -0.10264393141552755
21 29 0.05303791076944232
21 30 0.06083095529964019
21 31 0.01957159503357562
21 32 -0.11013120583949558
21 33 -0.019685058697469407
21 34 0.10496003050385608
21 35 -0.0506064638301023
21 36 0.07503804277688157
21 37 -0.08389325474561266
21 38 -0.12128444387660267
21 39 0.08116615747840936
22 22 0.0
22 23 0.005064498981388536
22 24 -0.07144704131527789
22 25 -0.04073749688940604
22 26 -0.03970054665026349
22 27 0.03920471894916452
22 28 0.07038794741968654
22 29 0.020426483748169296
22 30 0.02720429162745557
22 31 -0.10031629622855806
22 32 0.10791605245065605
22 33 -0.05543578629023199
22 34 -0.050856480199246934
22 35 -0.03407735687204343
22 36 0.0022142069605782582
22 37 -0.012739100988263422
22 38 0.027567567315739124
22 39 -0.012931686443797816
23 23 0.0
23 24 0.05928331617057721
23 25 -0.024417076144520086
23 26 0.047715149527636766
23 27 -0.020372380198550817
23 28 0.008969425956009991
23 29 -0.0016474603626946253
23 30 -0.06664593963171918
23 31 -0.16869279391023448
23 32 -0.08788355040569304
23 33 0.0704349304674309
23 34 0.005032610203021598
23 35 -0.07628452813427072
23 36 0.03533276443823065
23 37 -0.01737835275677451
23 38 -0.02852011910834491
23 39 -0.036244749062620166
24 24 0.0
24 25 0.06444798149684068
24 26 0.06060136413470969
24 27 -0.09137333540727398
24 28 -0.008021868758355696
24 29 0.0011068571328286194
24 30 -0.011074202330267314
24 31 -0.03547391377370452
24 32 -0.1792077072483808
24 33 -0.011612019321771673
24 34 0.07221876791324892
24 35 0.12269772132087083
24 36 -0.09972350152110811
24 37 0.00840674876587307
24 38 0.004949626774098885
24 39 0.06008313229073307
25 25 0.0
25 26 -0.06095813976397715
25 27 -0.04451258324511463
25 28 -0.041137674408103904
25 29 0.015235701205753094
25 30 -0.06690584770333528
25 31 0.007871714644978434
25 32 -0.015652548438096738
25 33 -0.060920350900022444
25 34 0.012482173303609555
25 35 0.021909954236733472
25 36 -0.02354689225209774
25 37 -0.04737712415921913
25 38 0.010015834745800176
25 39 -0.005282761875265781
26 26 0.0
26 27 -0.008673946072235324
26 28 -0.05508946181867559
26 29 0.031875948670163926
26 30 0.04025105653152529
26 31 -0.006433358013372768
26 32 -0.12941880746777348
26 33 0.05641688902863895
26 34 0.084197532243966
26 35 -0.05494310712339937
26 36 -0.000812854469223293
26 37 -0.02428920177514414
26 38 -0.05979633580036757
26 39 0.06416070107131606
27 27 0.0
27 28 0.01902152063588552
27 29 -0.03450686064042381
27 30 0.009064705101268451
27 31 -0.02835995275895726
27 32 0.07739813791216837
27 33 -0.019886588331746946
27 34 -0.015898018071820338
27 35 -0.006335838245720026
27 36 -0.028890057159455695
27 37 0.002065599974092726
27 38 0.012160738834840423
27 39 0.015110703469421418
28 28 0.0
28 29 -0.0010881861914863195
28 30 0.01977902391329756
28 31 -0.13019732813465656
28 32 0.029402741338812616
28 33 -0.05486609721551798
28 34 -0.07915365255263306
28 35 0.019939049660669485
28 36 -0.010674206021614303
28 37 -0.05138239630352844
28 38 0.0768560133586735
28 39 -0.14734111587044868
29 29 0.0
29 30 -0.012504820359740636
29 31 -0.039747361592407424
29 32 -0.07691827990347222
29 33 0.031355448748819
29 34 0.02339960219577909
29 35 -0.15048097001804972
29 36 0.01724770198735403
29 37 -0.07302039615127154
29 38 0.0025732389661908797
29 39 -0.0333178121587872
30 30 0.0
30 31 0.09059705153846301
30 32 0.050051567549482
30 33 -0.10133729224666096
30 34 0.03450303721314664
30 35 0.09038144571253245
30 36 0.06458061329382674
30 37 -0.025385375594811473
30 38 -0.07788563188113054
30 39 0.06906725687682828
31 31 0.0
31 32 0.05175766889638689
31 33 0.001630831092464338
31 34 0.024408162987349578
31 35 0.13295236201699606
31 36 0.050281558292290675
31 37 0.09487833803866977
31 38 -0.04641274023238051
31 39 0.08314958802638019
32 32 0.0
32 33 -0.11396313380246618
32 34 -0.09560234278596835
32 35 0.09415494348211081
32 36 0.044083360802382635
32 37 0.05037843542836301
32 38 0.014419777971365597
32 39 0.005709139324377448
33 33 0.0
33 34 -0.012767925557104653
33 35 -0.13251030188010846
33 36 -0.01774359034944614
33 37 0.09431579490212214
33 38 0.04722249224956355
33 39 -0.04872459196234534
34 34 0.0
34 35 -0.010269566804066748
34 36 -0.008476028616884873
34 37 -0.04959131615797566
34 38 -0.06539034894291977
34 39 0.08270101759900414
35 35 0.0
35 36 -0.06575161393189029
35 37 0.11348583198881539
35 38 0.004202443246597257
35 39 0.09850064547211076
36 36 0.0
36 37 -0.06270354012960752
36 38 -0.11131405486118384
36 39 -0.052470122009884136
37 37 0.0
37 38 0.06244703598581737
37 39 0.04053321214517876
38 38 0.0
38 39 -0.06267206200761033
39 39 0.0
