0 0 0.0
0 1 -0.055539586235057045
0 2 -0.014781373574153892
0 3 -0.012335704641514022
0 4 0.025658963040850337
0 5 -0.026820822072108147
0 6 0.0160466267167797
0 7 -0.04049364609998885
0 8 -0.02003744523492313
0 9 0.0799903285143911
0 10 -0.13842213800667807
0 11 -0.032508676108314614
0 12 -0.007974396262327354
0 13 -0.031597541392192556
0 14 -0.016363750986637837
0 15 -0.03269657643620281
0 16 -0.05419499732021029
0 17 0.10181371086467825
0 18 0.005350189591410062
0 19 -0.14125810589940568
0 20 0.05510472345661417
0 21 -0.15169123117662514
0 22 0.05718254741903199
0 23 0.009554514946364431
0 24 0.0277729511520571
0 25 -0.04736667210167429
0 26 -0.0494236155042846
0 27 0.1268198493331701
0 28 -0.06572155757432738
0 29 0.06748969288989708
0 30 -0.1665260414802896
0 31 0.014764063133711116
0 32 0.03811245605874045
0 33 -0.03523928337598198
0 34 -0.0006206707020369494
0 35 -0.003775482127765243
0 36 -0.09065052868315807
0 37 -0.06267087996098444
0 38 -0.05072946318253976
0 39 0.004687855676318577
1 1 0.0
1 2 -0.03284498057361541
1 3 -0.04685139653072183
1 4 -0.03790097555442549
1 5 0.06311058926726082
1 6 -0.02940679448887253
1 7 -0.03974996176872953
1 8 0.05795796501292315
1 9 0.008772426819069762
1 10 0.10784133299510852
1 11 0.031380693198139874
1 12 -0.0711214142889501
1 13 -0.028565103819707904
1 14 -0.04925106800310193
1 15 -0.02670296234215126
1 16 0.010079308136715603
1 17 -0.038617976733276535
1 18 -0.042437407326044535
1 19 0.07473810611335015
1 20 -0.05626255778508921
1 21 0.09183641074772879
1 22 -0.13019896664231653
1 23 -0.0021932151272232017
1 24 -0.09126294422169925
1 25 -0.04450497427653803
1 26 0.05806749578052672
1 27 0.03744349252394492
1 28 0.030479964081989275
1 29 -0.20018595182578808
1 30 -0.019875986919001675
1 31 0.029273548840651097
1 32 -0.005596530820963123
1 33 -0.07508747789228647
1 34 0.06309032766084609
1 35 0.1418844526739586
1 36 0.29746889817012134
1 37 0.03186023208867361
1 38 0.07075514338779638
1 39 0.06420261845260675
2 2 0.0
2 3 0.011366741206173137
2 4 -0.04396865780556401
2 5 -0.14852554852928537
2 6 0.06478414443624166
2 7 0.12348330679181067
2 8 0.046805893053362704
2 9 -0.025753172015753622
2 10 -0.009315416988278296
2 11 0.14307448566944272
2 12 0.06784576915479931
2 13 -0.08058374095233964
2 14 0.1281333035697393
2 15 -0.06238656759852375
2 16 -0.058677219136583025
2 17 -0.027592759192359446
2 18 0.09109968942588834
2 19 0.1069143455902811
2 20 -0.019913217013056338
2 21 0.06447312446786804
2 22 -0.024883573662995616
2 23 -0.014407911611103857
2 24 0.08295970895428628
2 25 0.07080320323119589
2 26 -0.015189971857763671
2 27 -0.14174097308365957
2 28 0.05993223242023875
2 29 -0.05657443574523684
2 30 0.002247168356389361
2 31 0.05481537235209125
2 32 -0.10222563077219271
2 33 0.010942507316889366
2 34 0.06005733543110794
2 35 0.07998970965770165
2 36 -0.10412833574742683
2 37 -0.10495015639931346
2 38 0.09567657911293115
2 39 -0.013753927621880241
3 3 0.0
3 4 0.031577708957857664
3 5 0.022995482543926048
3 6 -0.03652145238154675
3 7 -0.054011654843218605
3 8 0.04600771138196455
3 9 -0.07138553430856201
3 10 0.027886117821618005
3 11 -0.023328791820370114
3 12 0.029068676604342352
3 13 -0.09362286693906878
3 14 -0.014109113562735212
3 15 -0.08440638651670654
3 16 0.0750987994172521
3 17 -0.1061716361524456
3 18 -0.00318155712426752
3 19 -0.05204104982753669
3 20 0.005704231898108775
3 21 0.06842390588411315
3 22 0.0611929003212494
3 23 -0.008790861024691413
3 24 0.16480004496937345
3 25 -0.010450815714728574
3 26 0.07664591163264421
3 27 0.03202905454848368
3 28 -0.025940084608197984
3 29 0.13623883705650733
3 30 -0.09274426615768841
3 31 -0.10318752636414803
3 32 0.019275164876249407
3 33 -0.08077921237529175
3 34 0.06371756680862875
3 35 -0.048395122900337324
3 36 -0.022770897815628466
3 37 0.07311294212673451
3 38 0.015970201618253757
3 39 -0.016544268830602053
4 4 0.0
4 5 -0.0027844877487206805
4 6 -0.0791690837816359
4 7 0.00693261253402144
4 8 -0.08001360676284518
4 9 0.028597744172787386
4 10 -0.0017684332269609182
4 11 -0.05184040700032838
4 12 0.062396219729449406
4 13 -0.08523264481240468
4 14 -0.08380453068629268
4 15 0.03314381388504627
4 16 -0.027942130615905208
4 17 -0.057344261920549
4 18 0.002421694477118183
4 19 -0.0013495902331892963
4 20 -0.05048694751929435
4 21 0.04621455223268349
4 22 -0.038383209934413874
4 23 -0.04730096138191181
4 24 0.016420882559078604
4 25 0.011807166965988204
4 26 0.12360164100142808
4 27 0.14069850318398203
4 28 -0.016823827516537666
4 29 -0.05275514958006515
4 30 -0.032280036037917674
4 31 -0.05351689866110374
4 32 -0.051929098944066596
4 33 0.14411872667329792
4 34 -0.11595317432070953
4 35 -0.09045506688459806
4 36 -0.012212725609457681
4 37 -0.05984808798678422
4 38 0.07546492699688094
4 39 -0.06427438456452936
5 5 0.0
5 6 -0.015476154107762638
5 7 -0.09899350234883983
5 8 -0.010392628001063286
5 9 0.0018255605242527377
5 10 0.039298561937203956
5 11 -0.09523518367474935
5 12 -0.041874170226144605
5 13 0.05541044277044338
5 14 -0.11412646179448782
5 15 0.033046664685845606
5 16 0.09959795912354433
5 17 0.03180745805837297
5 18 -0.09881198349517754
5 19 -0.047280409444494326
5 20 0.04563355746037366
5 21 0.034233546655078655
5 22 0.03001555909683947
5 23 0.013470173709284772
5 24 -0.054311909012592766
5 25 -0.056353758384516076
5 26 -0.028314472579246453
5 27 0.09129222896416236
5 28 -0.0344637802632709
5 29 0.039429881508788164
5 30 0.023912786708320043
5 31 -0.04878128503625978
5 32 0.09953388523796135
5 33 -0.05548603224220694
5 34 0.04549025268707059
5 35 0.017876695120570923
5 36 0.1011452772959733
5 37 0.16466932983742483
5 38 -0.06656010414509923
5 39 0.056835396319967604
6 6 0.0
6 7 0.03914691374297398
6 8 -0.004703171070757971
6 9 0.023321375244022044
6 10 -0.08271891491449329
6 11 0.04404818877802949
6 12 0.0011369887336848765
6 13 0.03418279353748617
6 14 0.05357607867922524
6 15 0.002309797120335094
6 16 0.02544230349305344
6 17 0.09951238517032089
6 18 0.042063165579746827
6 19 0.007396021415812188
6 20 0.053286402563541
6 21 -0.018549982903074226
6 22 0.03388358543969778
6 23 0.004021288332801987
6 24 -0.019754101979183307
6 25 0.023785231527419022
6 26 -0.10137903352944437
6 27 -0.044285574502665674
6 28 0.023857048787479976
6 29 0.0012203695798837376
6 30 0.03703922218307507
6 31 0.05575471319207127
6 32 0.02251279316746138
6 33 -0.053925143571136605
6 34 0.052165289110197896
6 35 0.08972900813329544
6 36 -0.10975446759529679
6 37 -0.0027625523293565253
6 38 -0.023357402673630547
6 39 0.02174478561714275
7 7 0.0
7 8 0.022497803011965987
7 9 0.04771351611151536
7 10 0.007877412236297836
7 11 0.04199817349031841
7 12 0.01050619603072559
7 13 -0.039733195199572566
7 14 0.027483030741859076
7 15 -0.019683238180121358
7 16 -0.08519950600587203
7 17 0.04217787319917181
7 18 0.07478800113992186
7 19 0.1083504453552151
7 20 -0.01993131623163765
7 21 0.010297545516961413
7 22 -0.0819133741324655
7 23 0.06913428198089816
7 24 0.007600856703793887
7 25 0.14946622930222692
7 26 -0.03471264978283833
7 27 -0.0724932001141316
7 28 0.0606947020552532
7 29 -0.07626617277364559
7 30 0.15512735384489096
7 31 0.061401851843537095
7 32 -0.03239479074519925
7 33 0.12872246052037212
7 34 -0.06649909973184022
7 35 0.03495043669833367
7 36 -0.13397177669950533
7 37 -0.04043647160809928
7 38 -0.013779736225765823
7 39 -0.0552324659620981
8 8 0.0
8 9 -0.01871517970051619
8 10 0.0889296633598883
8 11 0.016837152559286618
8 12 -0.02745368603802679
8 13 -0.045354402777682185
8 14 -0.005478645224192988
8 15 -0.09655568549865386
8 16 -0.038397709721849
8 17 -0.020504345750282777
8 18 -0.05384554867514109
8 19 0.007101821921438642
8 20 0.02054222346341643
8 21 0.009325897881036025
8 22 -0.007185923530442384
8 23 0.07477682730593496
8 24 0.07547789320358494
8 25 -0.001026182324075761
8 26 -0.04639097936949124
8 27 -0.054160536498841394
8 28 -0.016735080523252024
8 29 0.04873005538506393
8 30 -0.042238334713976984
8 31 -0.007039935799906877
8 32 0.02448737319212276
8 33 -0.05666724496034139
8 34 0.11396508293873087
8 35 0.05455878945540391
8 36 0.0683974980819936
8 37 0.08287836808197963
8 38 -0.04316851536417805
8 39 0.05369942551036919
9 9 0.0
9 10 -0.08319888083416037
9 11 -0.04327837507013812
9 12 -0.03388587319287685
9 13 -0.01205377011925474
9 14 -0.06071147933029255
9 15 -0.0041966068291666644
9 16 -0.059303241467406655
9 17 0.13132843870663363
9 18 -0.0009967913438364297
9 19 -0.05666233105743351
9 20 0.038773207968555705
9 21 -0.10147395226544995
9 22 -0.021082307286515105
9 23 0.048565345319355226
9 24 -0.046595968247015354
9 25 0.015858130752613882
9 26 -0.06514114370564103
9 27 0.11725379357181964
9 28 -0.02599727080943076
9 29 -0.03213644656965576
9 30 -0.022912184310294688
9 31 0.04467523397801942
9 32 0.05058864285182664
9 33 0.03332130306257371
9 34 -0.0361807874477662
9 35 0.04451169853367575
9 36 -0.05432113675560154
9 37 -0.015947447057729575
9 38 -0.06636523395120326
9 39 0.0031121310533585153
10 10 0.0
10 11 0.012519729857056003
10 12 0.037145489953447054
10 13 -0.008110720012575694
10 14 -0.06636560294004645
10 15 -0.0008778858604365893
10 16 -0.04945549948097806
10 17 -0.1373734752678566
10 18 -0.1647100345092307
10 19 0.15185236809017066
10 20 -0.038612943041694596
10 21 0.1797404670029739
10 22 -0.06488889464740731
10 23 0.035327105055921196
10 24 0.0013041746596697715
10 25 -0.020049118038916854
10 26 0.006345699419350677
10 27 -0.1272785013022049
10 28 0.0007086893242813635
10 29 -0.04666839409921549
10 30 0.07885286905937414
10 31 -0.04358798564706947
10 32 -0.05832705965598915
10 33 0.10669237561082494
10 34 0.09951351164066655
10 35 0.003960770527924026
10 36 0.23910201016289392
10 37 0.13926463309541848
10 38 0.039468068526438166
10 39 0.08537881092901498
11 11 0.0
11 12 0.04697608183013177
11 13 -0.022403754722499843
11 14 0.1178428183142058
11 15 -0.009586535891321241
11 16 -0.022516572623553912
11 17 -0.04764687954875259
11 18 0.06313119826200775
11 19 0.10930926440032877
11 20 -0.04009506570578174
11 21 0.07744572107545969
11 22 -0.03473592104292701
11 23 -0.05378246908332877
11 24 0.004713865075942173
11 25 0.015476938698019074
11 26 0.01255103506317495
11 27 -0.13431880999825202
11 28 0.06093876365097449
11 29 -0.10199157080826175
11 30 0.006052047968591797
11 31 0.053948071994098866
11 32 -0.10395108069260925
11 33 -0.013158444705079663
11 34 0.04897788830902658
11 35 0.07345645773328713
11 36 0.008991755488138782
11 37 -0.10290283058609748
11 38 0.11836838630335485
11 39 0.006350394813765857
12 12 0.0
12 13 -0.0345969445398574
12 14 0.014951754343493412
12 15 0.02535406923775078
12 16 -0.02896713766806346
12 17 -0.04232316101817553
12 18 -0.031498489133165095
12 19 0.06583795162806753
12 20 0.0024499079802669547
12 21 0.0977553458989511
12 22 0.026760692779176604
12 23 -0.051738067151415365
12 24 0.03866116894902644
12 25 -0.009115421013314839
12 26 -0.008022152706144528
12 27 -0.05202063382796842
12 28 -0.0008062829472894447
12 29 -0.006236058414687554
12 30 -0.01128756036140753
12 31 -0.015076799328518903
12 32 -0.08620680683265959
12 33 0.09459576852749581
12 34 0.043255723131490946
12 35 -0.01030826734534818
12 36 -0.043828474529499166
12 37 -0.025810737289335327
12 38 0.08511108778662953
12 39 0.01916611160538993
13 13 0.0
13 14 0.02402726443219092
13 15 0.10439829449614806
13 16 0.0395291494466173
13 17 0.06371708278299523
13 18 -0.029498462597086827
13 19 0.0015386307618198067
13 20 0.02940356404745396
13 21 -0.053981457056917134
13 22 0.04121983824043501
13 23 -0.0008327065198839836
13 24 -0.12593775239136537
13 25 -0.023175175435044534
13 26 -0.08785271666218891
13 27 -0.08433505066669604
13 28 0.007385841503273279
13 29 0.026357592809852826
13 30 0.12371609832841834
13 31 0.03469225096263107
13 32 0.03861164995862919
13 33 -0.001053285744754408
13 34 -0.02657207002133108
13 35 -0.027150405176771187
13 36 -0.0010276153450156135
13 37 0.03814401017604335
13 38 -0.07415311499900212
13 39 0.0253344906255794
14 14 0.0
14 15 -0.0009468594133388315
14 16 0.014891016023329725
14 17 -0.048352302225151786
14 18 0.1365958390701623
14 19 0.04666516218113981
14 20 -0.044199983437851434
14 21 -0.011045644386615521
14 22 0.009213997908580228
14 23 -0.05922976582344156
14 24 0.020678393415412652
14 25 0.03220638208560952
14 26 0.035113970189607324
14 27 -0.15508885532892674
14 28 0.06632579211091566
14 29 -0.01952388532788943
14 30 0.01861897354302845
14 31 0.04849298720139929
14 32 -0.07743783488130351
14 33 -0.06359773094265678
14 34 -0.022336823528622256
14 35 -0.004389772608564356
14 36 -0.08579600272613926
14 37 -0.14511067373390318
14 38 0.07523015108470257
14 39 -0.053470327447592614
15 15 0.0
15 16 0.022658917313851314
15 17 0.015638722476664948
15 18 -0.011013565069050614
15 19 0.050280036559920624
15 20 -0.015939113999470657
15 21 0.023665734730405487
15 22 -0.003309611395990529
15 23 -0.05472567388873702
15 24 -0.1250472739498749
15 25 -0.009898629621129383
15 26 -0.004735296424288628
15 27 -0.0293969105897458
15 28 0.021975449627133204
15 29 -0.06371392062081735
15 30 0.1143477290443951
15 31 0.020260710966717426
15 32 -0.030490567503715964
15 33 0.09050915184292198
15 34 -0.07789848572539984
15 35 -0.042083072786375686
15 36 0.004964366884638103
15 37 -0.026537229868734795
15 38 0.024812812190646547
15 39 -0.007403820673273412
16 16 0.0
16 17 -0.0347195809790581
16 18 0.0598361536675712
16 19 -0.026532408466628167
16 20 -0.0008204540110650244
16 21 0.0682220558299945
16 22 0.04327714300042422
16 23 -0.05871107942071472
16 24 -0.001286395643994983
16 25 -0.005989952378088878
16 26 0.06690318678865671
16 27 0.02646350309098506
16 28 0.03382203004750506
16 29 0.03632772198781761
16 30 0.0475139996588653
16 31 -0.04877568248206236
16 32 0.05790245813342528
16 33 -0.14344987968494471
16 34 -0.0009780718714828525
16 35 0.0018555896001585428
16 36 -0.008660778530223465
16 37 0.06311313162511725
16 38 0.01489679391566422
16 39 -0.02934311462345366
17 17 0.0
17 18 -0.027159383812211328
17 19 -0.08783694334151546
17 20 0.12113385652367654
17 21 -0.14966293163378505
17 22 0.04904951166529598
17 23 0.07451481302568998
17 24 -0.07791064936022457
17 25 0.004012857885719731
17 26 -0.20539199835744376
17 27 0.0826201787715706
17 28 -0.03933310823987461
17 29 0.03508831428125382
17 30 0.008996421988696157
17 31 0.07813378253826167
17 32 0.10916586012175392
17 33 -0.012368627640470918
17 34 0.03162394306584847
17 35 0.09775600972876843
17 36 -0.13838029221008027
17 37 0.044752072582688145
17 38 -0.1469907243499532
17 39 0.05465638405667432
18 18 0.0
18 19 0.0015710183360363415
18 20 -0.07834241820488366
18 21 -0.04495238366255611
18 22 -0.04221908101114023
18 23 -0.05779803584324571
18 24 0.018575308245913275
18 25 0.10092859471252132
18 26 0.13519721984198066
18 27 -0.005199562866436019
18 28 0.08902975750421352
18 29 -0.06648510825388576
18 30 0.04205488819986531
18 31 0.037415572629359885
18 32 -0.034720591031013895
18 33 -0.06793337065029788
18 34 -0.15659256656291184
18 35 -0.024627289274772913
18 36 -0.15524380531709825
18 37 -0.1877437506592834
18 38 0.07013717143729595
18 39 -0.15091898066812343
19 19 0.0
19 20 -0.07369318017904805
19 21 0.19971994625497988
19 22 -0.10728837482358669
19 23 -0.03447638496555445
19 24 -0.060716630436949824
19 25 0.0637301354079201
19 26 0.02600306561933035
19 27 -0.1735901639362453
19 28 0.09283023215725629
19 29 -0.18831084259371328
19 30 0.17660778894086737
19 31 0.042184133590549254
19 32 -0.1258893971422898
19 33 0.1251830936379606
19 34 0.014251343381353688
19 35 0.06615409922284077
19 36 0.08999151867221845
19 37 -0.02160538052397186
19 38 0.13273345714110302
19 39 0.013016833482909274
20 20 0.0
20 21 -0.05713955143411613
20 22 0.08905454475733261
20 23 0.05221591735063023
20 24 0.017045377159735996
20 25 -0.03215868689066353
20 26 -0.15535715146403828
20 27 0.027177578392140533
20 28 -0.05570817464029103
20 29 0.11671066594616308
20 30 -0.03698592424366217
20 31 0.0031599487429666085
20 32 0.08048117783970521
20 33 -0.03497089873397825
20 34 0.10406795633104655
20 35 0.04787758483706751
20 36 -0.07916914395785604
20 37 0.10459299545835558
20 38 -0.1064607630692492
20 39 0.07396462647228766
21 21 0.0
21 22 -0.06140915271453908
21 23 -0.07476430314626023
21 24 0.009692420139838244
21 25 0.010850620222660458
21 26 0.07798753165985187
21 27 -0.09601617104166224
21 28 0.06563755344856026
21 29 -0.13297133506323594
21 30 0.09654299112329788
21 31 -0.04072908887842712
21 32 -0.1036660902936857
21 33 0.05629393122278296
21 34 0.09265556413199809
21 35 0.07062908918574413
21 36 0.14088830548866293
21 37 0.0671408686268744
21 38 0.17188069461910643
21 39 0.039681575742321826
22 22 0.0
22 23 -0.0006851318379183338
22 24 0.06353195364902708
22 25 -0.054831834711455474
22 26 -0.09186209081776167
22 27 -0.0013641104860029293
22 28 -0.058544153169686565
22 29 0.18953981117786758
22 30 -0.07335927350606437
22 31 -0.037016397648009014
22 32 0.05577828805505371
22 33 -0.06649094463451453
22 34 0.07534262890763231
22 35 -0.040364646841014644
22 36 -0.11778589264037428
22 37 0.06230052673006601
22 38 -0.07533492067087204
22 39 0.035183630160412684
23 23 0.0
23 24 0.024459881874135066
23 25 0.035286826572935345
23 26 -0.09942728556266128
23 27 0.00847898105507658
23 28 -0.03357548613759544
23 29 0.07401368348676204
23 30 0.027026877356385665
23 31 0.00767101025475578
23 32 0.08007485868790919
23 33 0.014381335637995221
23 34 0.03192832498120379
23 35 0.01847602776518767
23 36 -0.02310926286257153
23 37 0.10244034915567338
23 38 -0.13367961503880754
23 39 0.029365893513620667
24 24 0.0
24 25 0.016276028007410896
24 26 0.03771399628019644
24 27 0.003301488019908365
24 28 -0.03322129626284138
24 29 0.1586317122958388
24 30 -0.12656590851736854
24 31 -0.07469448293195738
24 32 0.0018352158288942155
24 33 -0.05663968525933657
24 34 0.06882658157577864
24 35 -0.04432001225385941
24 36 -0.09711183244193566
24 37 0.023705420872956094
24 38 -0.0027239227484527847
24 39 -0.02421646151156159
25 25 0.0
25 26 0.02635718378260655
25 27 -0.039787448917697865
25 28 0.06038583692927594
25 29 -0.03744919918658936
25 30 0.13864254243353696
25 31 0.02363591544746497
25 32 -0.007681096953847884
25 33 0.06087099526275649
25 34 -0.09237119969419726
25 35 -0.007691727736050899
25 36 -0.12294060681430463
25 37 -0.03183046324450118
25 38 -0.00884911860184676
25 39 -0.0820343163623162
26 26 0.0
26 27 0.06181590570595591
26 28 0.05682749150862326
26 29 -0.10318915283258139
26 30 -0.025648116590162806
26 31 -0.0637491008374728
26 32 -0.08142924940017968
26 33 -0.013240051815334126
26 34 -0.16456813101221832
26 35 -0.11039619772857176
26 36 0.0909714518044234
26 37 -0.13738184451274943
26 38 0.1567912064170398
26 39 -0.13843081612575536
27 27 0.0
27 28 -0.07200164786308104
27 29 0.0101047420357834
27 30 -0.15539516420219135
27 31 -0.046814218679250716
27 32 0.10265026510194153
27 33 -0.037926590652312714
27 34 -0.07008683088995403
27 35 -0.009118478025719646
27 36 -0.00035372738213333753
27 37 0.012872394436973477
27 38 -0.04869196532822557
27 39 -0.028764838448440234
28 28 0.0
28 29 -0.10158669374209983
28 30 0.10327472159763995
28 31 0.0314491536815953
28 32 -0.04716318768465373
28 33 0.003293687836351399
28 34 -0.04904432505410862
28 35 0.02653656121296543
28 36 -0.006496409343264477
28 37 -0.05915847423006285
28 38 0.06887377875442799
28 39 -0.0461832353261417
29 29 0.0
29 30 -0.09607736123387692
29 31 -0.09035266876500804
29 32 0.12290241725758008
29 33 -0.08776993850661345
29 34 0.0736908840413261
29 35 -0.12063081353961494
29 36 -0.17117573159889127
29 37 0.1404914502074473
29 38 -0.1820641743796849
29 39 0.016636337561793064
30 30 0.0
30 31 0.0429576179019698
30 32 -0.006791298911220861
30 33 0.1339938769279897
30 34 -0.11051474329325868
30 35 -0.008533261566673809
30 36 -0.052613031161053626
30 37 0.056474190880006395
30 38 -0.025114641053256802
30 39 -0.04872103375311419
31 31 0.0
31 32 -0.019994562421855044
31 33 0.013415471011676408
31 34 -0.007549363688614044
31 35 0.0737726281010633
31 36 -0.023327865145732717
31 37 -0.0673931432987325
31 38 0.002831475314054841
31 39 0.010911813861984395
32 32 0.0
32 33 -0.09800882230796076
32 34 0.02251763426242431
32 35 0.013604474301389497
32 36 -0.041330075904672005
32 37 0.13315687620621702
32 38 -0.15828311628087202
32 39 0.0211741761747287
33 33 0.0
33 34 -0.10295275807313571
33 35 -0.07970320799160042
33 36 -0.028839256036223414
33 37 -0.034859591178360266
33 38 0.031348887532122026
33 39 -0.01776501171732283
34 34 0.0
34 35 0.15769970010227796
34 36 0.09217651729431686
34 37 0.162306081060895
34 38 -0.013543054409147891
34 39 0.17405199882272343
35 35 0.0
35 36 0.06557329485585614
35 37 0.04788277313462459
35 38 0.025559202030207513
35 39 0.09953038933030102
36 36 0.0
36 37 0.07825152132826602
36 38 0.09455550994611246
36 39 0.10843637177943569
37 37 0.0
37 38 -0.14508468421314816
37 39 0.11833314513040989
38 38 0.0
38 39 -0.030731873565280187
39 39 0.0
