0 0 0.0
0 1 0.17714652204079795
0 2 -0.03180360977756203
0 3 0.022474329176652593
0 4 -0.021134826388660835
0 5 -0.05289488185527651
0 6 -0.009696580078271812
0 7 -0.059494678671370246
0 8 -0.00977142151401951
0 9 0.0000675092858751181
0 10 -0.24070979685333568
0 11 -0.10949523404087066
0 12 0.0587274446514051
0 13 0.05442405937826823
0 14 -0.03853217363097019
0 15 -0.09453882168868796
0 16 0.12867435586994602
0 17 -0.11752734735214232
0 18 -0.08730395620253581
0 19 -0.05847936971436411
0 20 -0.10648122224322235
0 21 -0.04765295220730408
0 22 0.007724806395665601
0 23 -0.12410171215628862
0 24 -0.0011861567398487927
0 25 -0.09925629026460518
0 26 0.07826253672733266
0 27 0.0597565377889573
0 28 0.025725217959175716
0 29 0.013004328229951245
0 30 0.04755728394190882
0 31 -0.011228007214550388
0 32 0.035772941632393175
0 33 0.06295117907423693
0 34 0.12428208298754415
0 35 -0.06855423876218293
0 36 0.07497258977549996
0 37 0.017727651508154522
0 38 0.0255454204958591
0 39 0.035980244973429915
1 1 0.0
1 2 -0.026733132235480277
1 3 0.10582400983790288
1 4 0.09673874898791725
1 5 -0.06354714397583892
1 6 -0.26011379587593636
1 7 0.05987035981588077
1 8 -0.022492975007617717
1 9 -0.04199811866459504
1 10 0.030606823132727008
1 11 -0.16990618286786302
1 12 0.016894365191248952
1 13 0.13126108078967366
1 14 0.04738648561583872
1 15 -0.045173653464142996
1 16 0.15577576139607324
1 17 -0.12196701513464728
1 18 -0.12066118241219612
1 19 -0.07599090811694435
1 20 -0.003464320041412697
1 21 0.1969180531113181
1 22 -0.09698972952948032
1 23 -0.0322509555562807
1 24 0.04570732193393028
1 25 0.15524241513595669
1 26 0.08497885161791688
1 27 0.061931821706562654
1 28 -0.10522924169981016
1 29 0.009185915894221085
1 30 0.08389544589469666
1 31 0.09004386468712959
1 32 -0.08299777379360973
1 33 -0.0630059708509195
1 34 0.023841877280292807
1 35 -0.11537373837799667
1 36 0.058320936259924405
1 37 -0.23048393667443162
1 38 -0.15948192040147874
1 39 -0.06043513335880737
2 2 0.0
2 3 -0.028167434910173334
2 4 -0.06658942620908564
2 5 0.006110740694006694
2 6 -0.03291488489369891
2 7 0.0006147069248569326
2 8 0.06116841742510598
2 9 -0.08238022461968628
2 10 0.027864192357532607
2 11 0.04892133833702928
2 12 0.0049917280612554495
2 13 -0.025803548250068687
2 14 0.02039340102403846
2 15 -0.11415615059857553
2 16 0.030704896073412487
2 17 0.0390922505260648
2 18 -0.11024784795829241
2 19 -0.006618234462442944
2 20 0.09831508152168332
2 21 -0.07343970727198168
2 22 0.024300411493233642
2 23 0.05136737654281863
2 24 0.053860899673619525
2 25 -0.03633863469769217
2 26 0.15531684517927094
2 27 -0.03165574442995021
2 28 -0.05314007457818659
2 29 0.022647498213334272
2 30 -0.026205380995058224
2 31 0.02060991666303363
2 32 -0.04868946350170732
2 33 0.07941494503298836
2 34 0.04324035327370214
2 35 -0.024784212415022898
2 36 -0.08374265018164455
2 37 0.02258166111227574
2 38 -0.004921548118856633
2 39 -0.06524208813548014
3 3 0.0
3 4 0.08955466266189209
3 5 -0.0009620348390102857
3 6 0.013709668227923178
3 7 -0.073355560211049
3 8 0.059264168056694655
3 9 0.1459695376944781
3 10 0.12065036547898211
3 11 -0.09878263881074717
3 12 -0.0090337811863811
3 13 -0.033195139372406764
3 14 -0.11015336121147434
3 15 -0.050254064012721825
3 16 -0.07786264657251074
3 17 -0.07189713002377289
3 18 0.05827834794485102
3 19 -0.09258343016782086
3 20 -0.1818643836098737
3 21 0.06105434495551502
3 22 0.1584643101030752
3 23 0.03922851830533682
3 24 -0.14624118434583014
3 25 0.051931129673285045
3 26 -0.21271015184827458
3 27 -0.005250806926579227
3 28 -0.01889290713320601
3 29 0.0023340033923813694
3 30 -0.023825250870367985
3 31 -0.04781433673033929
3 32 -0.1301702989629971
3 33 -0.032544498488816354
3 34 -0.028070696357819714
3 35 -0.0007891292790779781
3 36 -0.032528752960365524
3 37 -0.1272509271517182
3 38 -0.13981189235404187
3 39 -0.05027805557361825
4 4 0.0
4 5 -0.01881272019580244
4 6 -0.08349492191050081
4 7 0.006582943553342491
4 8 0.008210394415471948
4 9 0.048719432786232086
4 10 0.06548030122437495
4 11 -0.11357731644320035
4 12 0.07976234965543806
4 13 0.08769140665275464
4 14 -0.038000576441761025
4 15 0.19209119098586386
4 16 0.08646870779592992
4 17 -0.08986891964287304
4 18 0.04434925197818346
4 19 0.14812466953564887
4 20 -0.033588544396270716
4 21 0.10737177296952946
4 22 -0.017497740322779367
4 23 -0.07664357060701149
4 24 -0.0096114013056877
4 25 0.20746606468698375
4 26 -0.05225100284524407
4 27 0.05996106170910139
4 28 0.07176853349497271
4 29 0.0055471592014780385
4 30 0.053653694730022794
4 31 -0.09380126940795336
4 32 -0.1145847368510523
4 33 -0.06629223727574148
4 34 -0.07327122316993287
4 35 0.001971254222346621
4 36 -0.11854085069180134
4 37 -0.06438920177259175
4 38 -0.16318508594067552
4 39 0.0073860943259159585
5 5 0.0
5 6 0.039665290290751366
5 7 -0.034392139874402226
5 8 -0.0044472359714704994
5 9 -0.014724009874513198
5 10 0.14439043689482628
5 11 -0.040411426223688325
5 12 -0.04030459814262799
5 13 -0.03260445247369857
5 14 0.02970079267577419
5 15 -0.008499532981603528
5 16 -0.06815932597272234
5 17 0.0727360250378538
5 18 0.016229896640184933
5 19 0.0775542162484846
5 20 0.0016415031649968318
5 21 -0.10519363614718516
5 22 0.11024963784304025
5 23 0.01572511740353193
5 24 -0.04074587098411651
5 25 0.019876751411407028
5 26 -0.006028989058276098
5 27 0.023163460942384924
5 28 0.1053670963659602
5 29 0.006651947691104637
5 30 -0.10506145160687046
5 31 0.03062545188148927
5 32 -0.08298088661860344
5 33 0.009168056694977148
5 34 -0.0005925097408434878
5 35 -0.062430151751072395
5 36 -0.01595533771969949
5 37 -0.006561813074808802
5 38 0.021922228327545645
5 39 0.08839834380829059
6 6 0.0
6 7 -0.15235719574589113
6 8 0.020269912761103282
6 9 0.11474374981373252
6 10 -0.08559629295232893
6 11 0.04753972643922644
6 12 0.16954808513295733
6 13 -0.12509750034504574
6 14 -0.05339129756350238
6 15 -0.01917108146487642
6 16 -0.14122741111556378
6 17 -0.010584032625448403
6 18 0.07465608836619705
6 19 0.012531486812790213
6 20 -0.018576442850505134
6 21 -0.1408344706842915
6 22 0.10883328445289087
6 23 0.01894605189030197
6 24 -0.10507339464764798
6 25 -0.2780204321201712
6 26 -0.09762037964408475
6 27 -0.14777169098802223
6 28 -0.001432771246998869
6 29 0.012101779867954451
6 30 0.01651606058819995
6 31 0.09497889504124958
6 32 0.1167507898381847
6 33 0.019404751617046363
6 34 0.041440556783476065
6 35 0.10265818571865915
6 36 0.24521164370053836
6 37 -0.012178998306117515
6 38 0.05161407258915801
6 39 0.15270050638193944
7 7 0.0
7 8 0.03839453411310663
7 9 0.0321080096556844
7 10 -0.021869026872336488
7 11 0.023327705017837243
7 12 0.015740796278978796
7 13 -0.04039354979071753
7 14 -0.013222065586289512
7 15 0.08693444851762303
7 16 0.09783865243605137
7 17 0.14268485678364792
7 18 0.10870844565397442
7 19 -0.023969878207030136
7 20 0.11650440396664574
7 21 0.12345746988450397
7 22 -0.15869202997578785
7 23 -0.07723774494297488
7 24 -0.050339892247153205
7 25 0.07300585946790707
7 26 -0.044801248177396946
7 27 -0.0699780350660488
7 28 -0.03846813060063181
7 29 0.010483486384881734
7 30 0.06762652954454472
7 31 0.09643093561655176
7 32 0.06414021936079142
7 33 0.006362862450004882
7 34 -0.14809423142464453
7 35 0.014396128062520708
7 36 0.11039107781883066
7 37 0.01679805208828454
7 38 0.003420917517241878
7 39 -0.10235215051949079
8 8 0.0
8 9 0.07035952896723627
8 10 0.04705076615836537
8 11 0.026856984521358103
8 12 0.09378637546346454
8 13 -0.08884430401168138
8 14 -0.06978710597563259
8 15 0.004656532430655892
8 16 0.08187136720190998
8 17 0.005785302076660578
8 18 0.033783700024684046
8 19 -0.06041444145446351
8 20 0.06611940748727477
8 21 -0.07770141220280505
8 22 0.04020375014773884
8 23 -0.040305864582382514
8 24 -0.037148690861024576
8 25 -0.016620585758521853
8 26 -0.08738161869724953
8 27 -0.03275290445458983
8 28 -0.032724089636590445
8 29 0.055878560324029235
8 30 0.0348333266304768
8 31 0.04446968536191162
8 32 -0.05453397871681258
8 33 0.06090501021568573
8 34 -0.081375666656915
8 35 0.007295988921505835
8 36 0.04200960733237653
8 37 0.03317915898069678
8 38 0.021540153047175412
8 39 -0.04817711167683601
9 9 0.0
9 10 -0.004231388780468372
9 11 0.000009432577241234718
9 12 0.06014950763809331
9 13 -0.10054819657750265
9 14 -0.06181242463139837
9 15 0.03129765677330334
9 16 -0.12157685571015335
9 17 0.04720421936081191
9 18 0.17405721983171837
9 19 -0.07711411162806721
9 20 -0.015186616896432525
9 21 0.12927133336399
9 22 0.07520823266056449
9 23 -0.07018925279040927
9 24 -0.30970627357506697
9 25 -0.08617884889098214
9 26 -0.24322415963349933
9 27 -0.13382885418418528
9 28 0.04190777512098641
9 29 0.03735475923761408
9 30 -0.0360975008672071
9 31 -0.027441184509898697
9 32 0.07546246027847506
9 33 0.016858249374548055
9 34 -0.035075852728268374
9 35 0.05960516097259254
9 36 0.13685708671476488
9 37 -0.013939734380452895
9 38 0.055896803858171015
9 39 0.025702175269490795
10 10 0.0
10 11 0.03887252142855571
10 12 -0.14475257067407335
10 13 0.023838214498674393
10 14 0.053713917007503095
10 15 0.027103864662426518
10 16 -0.09390888358411817
10 17 0.007094237634775893
10 18 -0.02228108269671031
10 19 0.051019692803160176
10 20 0.033338671494394616
10 21 -0.042852583741308556
10 22 0.152859453728853
10 23 0.1574317694613141
10 24 -0.030295973366920574
10 25 0.20205243051591304
10 26 -0.08252754146719148
10 27 0.07358516293162366
10 28 0.03243860959267966
10 29 0.06329041472995009
10 30 -0.1429695913525983
10 31 0.05161835976712344
10 32 -0.19684087873297257
10 33 -0.08333623161386358
10 34 -0.07599618649502075
10 35 -0.07199011359349533
10 36 -0.14193387086733922
10 37 -0.1216081418380591
10 38 -0.09434476064392948
10 39 -0.0024188174798576954
11 11 0.0
11 12 -0.07756218710615273
11 13 -0.029445924669455753
11 14 0.02223636188065452
11 15 -0.0034141437223522433
11 16 -0.007944533253204312
11 17 -0.036614734494216795
11 18 -0.036325935551593844
11 19 -0.04315843066030682
11 20 0.0834508159864284
11 21 -0.07055861602798305
11 22 -0.01049647602212661
11 23 0.09338294561621277
11 24 0.05459001705932466
11 25 -0.06714233803815486
11 26 0.04892345041735202
11 27 0.024609041533957796
11 28 -0.07195510600026822
11 29 0.1460911099688596
11 30 -0.0419948244888002
11 31 0.04926320504586487
11 32 0.1128999343033589
11 33 0.041239536023227226
11 34 -0.0117646431360542
11 35 0.06849191215786296
11 36 0.00979286431972463
11 37 0.09679016611375875
11 38 0.08893425877336043
11 39 -0.023409123333424754
12 12 0.0
12 13 -0.18248591882643092
12 14 -0.046854938962198
12 15 0.060251666791371596
12 16 0.06337194003846627
12 17 -0.035289103344000934
12 18 0.05867653345834232
12 19 0.012867966542146936
12 20 0.13578211560903164
12 21 -0.005458850229500023
12 22 -0.08878170572751039
12 23 -0.1566195441071167
12 24 0.08179040379976375
12 25 -0.03157217330320841
12 26 0.003688868748582648
12 27 -0.04392229134707985
12 28 -0.11465314911517184
12 29 0.0074237874803661525
12 30 0.1631366075367327
12 31 0.13232063418062656
12 32 0.07543364569527886
12 33 0.10244197420047112
12 34 -0.05705958371947023
12 35 0.06707353015136658
12 36 0.12683434929177628
12 37 -0.07705058791891292
12 38 0.006604636051749766
12 39 0.09011086015721062
13 13 0.0
13 14 0.09890410912036525
13 15 0.04740804679710152
13 16 0.10496809212601932
13 17 -0.06237344513971699
13 18 -0.15932298358537497
13 19 0.07440773386694044
13 20 -0.07937976130995139
13 21 0.036015367446781195
13 22 0.015424568184839536
13 23 0.0727910170465923
13 24 -0.06651809957514684
13 25 0.11186759945785915
13 26 0.0763660416972382
13 27 0.046726424671762856
13 28 0.12370416510468005
13 29 -0.030237900320518273
13 30 -0.011489241705920496
13 31 -0.09796304034928845
13 32 -0.08391064857683658
13 33 -0.13627753118344088
13 34 0.10329645526772305
13 35 -0.13114441412203204
13 36 -0.12069140057636221
13 37 -0.004316452623437517
13 38 -0.12343856677604079
13 39 -0.07957353112172835
14 14 0.0
14 15 0.027080918911137414
14 16 -0.040538023831923245
14 17 0.05013208168115753
14 18 -0.15259655823424936
14 19 0.036720423250673345
14 20 0.15205466798681244
14 21 0.005679356507168484
14 22 0.0336532863952018
14 23 0.059713675917023534
14 24 -0.04933033723395585
14 25 0.13852198221646986
14 26 0.12530335275164878
14 27 0.044396537620187866
14 28 0.03485793276059431
14 29 0.037514369507095316
14 30 -0.026900522568354512
14 31 0.10863876651397597
14 32 0.012225127227250087
14 33 0.026470458992669626
14 34 0.11575620875644713
14 35 -0.1722822394454963
14 36 -0.07497022990359263
14 37 -0.0998536470752346
14 38 0.014996395630739758
14 39 0.08102743252729053
15 15 0.0
15 16 0.09503016035902737
15 17 0.0043120615116707586
15 18 0.11820881429644263
15 19 0.13770380077740887
15 20 0.027834485428882665
15 21 0.05851875219904855
15 22 -0.06800839277907836
15 23 -0.07079347050632583
15 24 -0.010765546660382808
15 25 0.20247837573731348
15 26 -0.10870155276013842
15 27 0.05340165418893256
15 28 0.08462688252624737
15 29 0.051676811360126876
15 30 0.0818880075747535
15 31 0.014117547196815478
15 32 -0.024962749911575856
15 33 -0.05446517400547872
15 34 -0.149553281429456
15 35 0.0026605867959442297
15 36 0.022039587426162202
15 37 0.0006897762731221532
15 38 -0.07155176836255293
15 39 0.04951141409980491
16 16 0.0
16 17 -0.0838848189663494
16 18 -0.07813586035803227
16 19 0.04007627666514111
16 20 0.03270198619696408
16 21 -0.06854530039517244
16 22 -0.11494059138104488
16 23 -0.10000389728727373
16 24 0.1331383103307404
16 25 0.10692511184743081
16 26 0.10368618446730893
16 27 0.0979050326193446
16 28 -0.013597972056767924
16 29 0.08076841548420191
16 30 0.13622906638220925
16 31 0.07579432953321706
16 32 -0.046139923030527934
16 33 0.0202852078607658
16 34 -0.07273711871403421
16 35 -0.06112133566010632
16 36 0.02935596144806839
16 37 0.04354236277889025
16 38 -0.08616455282139475
16 39 -0.08298919818316233
17 17 0.0
17 18 0.12085442210354409
17 19 0.006374367670351546
17 20 0.10163297830943233
17 21 0.05067992581575866
17 22 -0.015068663063541718
17 23 -0.021554362303838722
17 24 -0.21122878548885476
17 25 -0.021401257130915168
17 26 -0.07546774416777792
17 27 -0.17937744749794848
17 28 0.08081857079488777
17 29 -0.09481711078256812
17 30 -0.03770132507605807
17 31 0.04894793672918084
17 32 0.026186395882241576
17 33 0.01768128531307944
17 34 -0.058701970838570906
17 35 -0.039377208242840654
17 36 0.07612727712656668
17 37 0.040436008127563434
17 38 0.060815836287823624
17 39 -0.049069070194814005
18 18 0.0
18 19 -0.0016285757505270961
18 20 -0.06961988518494239
18 21 0.1282915287437228
18 22 -0.05103333120414934
18 23 -0.08217385439759299
18 24 -0.1120226718167382
18 25 -0.07288832647856233
18 26 -0.25056290243628476
18 27 -0.12631900205966187
18 28 0.041174203285795005
18 29 -0.0419501519937137
18 30 0.005736938423977564
18 31 -0.0718853067689075
18 32 0.025879786171898417
18 33 -0.03780369529327917
18 34 -0.18820278956078446
18 35 0.15909578157519583
18 36 0.18955935051923628
18 37 0.06905608432660007
18 38 0.04404117636379391
18 39 0.013493513870754517
19 19 0.0
19 20 0.013687829236808443
19 21 -0.03557558419791798
19 22 0.011388559968101808
19 23 -0.024649782633040497
19 24 0.054899987835768924
19 25 0.08938851968148852
19 26 0.11687306440166959
19 27 0.05217895543898674
19 28 0.14860680306582186
19 29 0.022458212885559138
19 30 -0.04461958491551175
19 31 -0.07176100576274447
19 32 -0.0951865183159666
19 33 -0.0213227858342356
19 34 -0.008444778545626579
19 35 -0.019200972592968168
19 36 -0.08442544730173734
19 37 0.036678589049704426
19 38 -0.06219450358798645
19 39 0.09966800524155654
20 20 0.0
20 21 -0.0018088116781533072
20 22 -0.10801770858762798
20 23 -0.041738251234493116
20 24 0.02616569924570275
20 25 0.05951248185559471
20 26 0.13102128581117126
20 27 -0.05004609203296943
20 28 -0.09780276436108694
20 29 0.04367282762792782
20 30 0.05750837755894128
20 31 0.20952343337773788
20 32 0.11180324034154945
20 33 0.09576932132520664
20 34 -0.011404948956969477
20 35 -0.04563203328202015
20 36 0.011021058957005492
20 37 -0.056050993909053215
20 38 0.08048911578691323
20 39 0.016826138561605843
21 21 0.0
21 22 -0.15270120390047795
21 23 -0.002636023384837245
21 24 -0.11163670999181594
21 25 0.019958222751910237
21 26 -0.05883186483396975
21 27 -0.15310821025984106
21 28 -0.05340375848023095
21 29 -0.06805311977181737
21 30 0.03092066885616951
21 31 -0.1262869397341728
21 32 0.027304209256964418
21 33 -0.10372607679051846
21 34 -0.048682616955086744
21 35 0.09839196035726841
21 36 0.09439715457035822
21 37 -0.08565512926199723
21 38 -0.06827453543501495
21 39 -0.07052644849283797
22 22 0.0
22 23 0.0805309329406075
22 24 -0.17848217111990664
22 25 -0.006267245182168049
22 26 -0.07350382326348588
22 27 0.03973583395372757
22 28 0.14096584030806975
22 29 0.0690416452985762
22 30 -0.15444627829954238
22 31 -0.04259460493976208
22 32 -0.14028124633168776
22 33 0.03688173786389187
22 34 0.09559832697545662
22 35 -0.10947757215042593
22 36 -0.09086635014785462
22 37 -0.01376244773761868
22 38 -0.011623292419715974
22 39 0.08048102211418817
23 23 0.0
23 24 0.02375212882524431
23 25 -0.009185177651511238
23 26 0.03401036990309648
23 27 -0.006444214128633474
23 28 -0.030958050975445822
23 29 0.012884995692061274
23 30 -0.08493076269386761
23 31 -0.039788542544110496
23 32 -0.07616602032120509
23 33 -0.06920995102789519
23 34 0.047389071886778156
23 35 -0.0018935727159288328
23 36 -0.06511070338530114
23 37 -0.034138989435004125
23 38 -0.0500401317488244
23 39 -0.03757136436670162
24 24 0.0
24 25 0.04334119719206962
24 26 0.27218964285398745
24 27 0.22274485126945845
24 28 -0.1944260090033521
24 29 0.015834796032149722
24 30 0.09042009233063503
24 31 -0.005420500618814609
24 32 -0.027351212676557563
24 33 0.02303643894010261
24 34 -0.03996298057663204
24 35 0.11541969593424992
24 36 -0.11967600625141765
24 37 0.03156340899582872
24 38 0.001077229555711177
24 39 0.041944116686628015
25 25 0.0
25 26 -0.040283292533049964
25 27 0.21148606180079974
25 28 0.01604194988834549
25 29 0.03720980718964951
25 30 0.07353719478816734
25 31 0.13320698060098787
25 32 -0.11845400493947009
25 33 -0.030964089458305533
25 34 -0.091611192183394
25 35 -0.18502485605858765
25 36 -0.25296077661507016
25 37 -0.17482911106804905
25 38 -0.18865869459791246
25 39 -0.03166663337585007
26 26 0.0
26 27 0.08631567898539946
26 28 -0.0375512033108186
26 29 0.07147664075866354
26 30 -0.03903327628385223
26 31 -0.010937303449653019
26 32 -0.013889429623359812
26 33 0.09100085244874125
26 34 0.16366525786520758
26 35 -0.046129878123393156
26 36 -0.10642153105991133
26 37 0.03135926809174867
26 38 0.01423262164878365
26 39 0.05967561538111671
27 27 0.0
27 28 0.0042502364050253675
27 29 0.10410291453429601
27 30 -0.0024950774189364043
27 31 0.04479380969892432
27 32 -0.057430125012637515
27 33 0.03680076189533594
27 34 0.01683317483314148
27 35 -0.09218738438312062
27 36 -0.19594964874675347
27 37 -0.023603895052680957
27 38 -0.03203519534888962
27 39 0.07422225037741728
28 28 0.0
28 29 -0.00014915123480499574
28 30 -0.13056352226523393
28 31 -0.1518553596057014
28 32 -0.11479782077261505
28 33 -0.029256637596319114
28 34 0.04262071282396656
28 35 -0.09429869426367349
28 36 -0.04549369575446268
28 37 0.11302389040734348
28 38 0.01638766421633933
28 39 0.07828864346768839
29 29 0.0
29 30 -0.04799737232535213
29 31 0.09491262682075662
29 32 -0.01577360511720652
29 33 0.0932184833458198
29 34 -0.018062056488629314
29 35 -0.029758390485177488
29 36 0.06345259610172785
29 37 0.0007056537394140906
29 38 -0.002139546790058253
29 39 0.08215619624615608
30 30 0.0
30 31 0.12931822092301865
30 32 0.08540252357924576
30 33 -0.004657618971507518
30 34 -0.07453324986919255
30 35 0.018042124507537432
30 36 0.06309256255396394
30 37 -0.06957573047744633
30 38 -0.06572570677471093
30 39 -0.06456345898647985
31 31 0.0
31 32 0.14672192326123978
31 33 0.0869517060870084
31 34 -0.05803703057212595
31 35 -0.1336710427119919
31 36 0.147155365163467
31 37 -0.2065078701551401
31 38 -0.03016100514709789
31 39 0.022640747119579665
32 32 0.0
32 33 0.04891072685237795
32 34 0.028441323815770282
32 35 0.07086235094144835
32 36 0.11697491567237699
32 37 0.013486346564747276
32 38 0.13655151193442347
32 39 0.001406644737533855
33 33 0.0
33 34 0.03509919221134516
33 35 -0.03277908148098842
33 36 -0.008328039320418734
33 37 0.02894204646902581
33 38 0.0843503307379718
33 39 0.06264915003105971
34 34 0.0
34 35 -0.09019590840552918
34 36 -0.10289646529192793
34 37 -0.010510030102166253
34 38 0.04818099049996935
34 39 0.05818882590289115
35 35 0.0
35 36 0.10167369251103013
35 37 0.0959982835420373
35 38 0.05289312865317013
35 39 -0.01582047169466823
36 36 0.0
36 37 -0.009604789363285243
36 38 0.06421909572689134
36 39 0.0644391927666155
37 37 0.0
37 38 0.14983049985006922
37 39 -0.02393252908469127
38 38 0.0
38 39 0.08136354967584085
39 39 0.0
