0 0 0.0
0 1 0.047142755193197584
0 2 -0.09632056550041782
0 3 -0.05812107575431108
0 4 0.09012807741598186
0 5 -0.013970859738524322
0 6 0.00019372033439093043
0 7 0.10537934265161183
0 8 -0.11954557526863271
0 9 0.016715822864656678
0 10 0.07321627587654803
0 11 -0.059531700566116466
0 12 -0.10035448575371589
0 13 -0.052299818530212004
0 14 0.0914154251877408
0 15 0.08423784402337219
0 16 0.027902585077990184
0 17 0.06381244831552568
0 18 -0.020160802115459467
0 19 0.030719927197994094
0 20 0.003976632555515431
0 21 -0.030275590126055584
0 22 -0.07758440593266233
0 23 0.07047945899540997
0 24 0.06509120157032819
0 25 0.11334605904201504
0 26 -0.019858215765873426
0 27 0.1826695472189127
0 28 -0.10344170258004574
0 29 -0.061640770398457334
0 30 0.17398219035513546
0 31 -0.09114711865847364
0 32 -0.0031664631836623492
0 33 0.15560887701203122
0 34 0.025713665602330894
0 35 0.10265614220533106
0 36 -0.026677612946769784
0 37 0.017751930730937636
0 38 0.0038354342641635287
0 39 0.14198363024133917
1 1 0.0
1 2 -0.07517398083762447
1 3 -0.11637770434913959
1 4 0.04261494294763808
1 5 -0.23227948796685008
1 6 -0.11816017079834529
1 7 0.08561908230469109
1 8 0.059545585763685446
1 9 -0.04771008777203224
1 10 0.12795884768588986
1 11 -0.09722397663711438
1 12 -0.18527489870787317
1 13 -0.16832634370176058
1 14 -0.13490885249224438
1 15 -0.13986280453426927
1 16 0.39453871861806367
1 17 -0.14448252175514162
1 18 0.17341050935798583
1 19 0.0783620275056858
1 20 -0.08667133610913433
1 21 0.01448127769062418
1 22 -0.12658316593795915
1 23 0.06783269194903296
1 24 0.03706666333299292
1 25 0.07072189103883461
1 26 -0.00431723148492411
1 27 0.10712109627079094
1 28 0.06960986684190683
1 29 0.0818691625694197
1 30 0.036523764779822214
1 31 0.07362629396163087
1 32 -0.11290992506254065
1 33 -0.03829790100538638
1 34 0.003809574452355459
1 35 -0.0697991326750814
1 36 -0.04422568152272666
1 37 -0.019722224399287995
1 38 0.15310785850396827
1 39 -0.07128409633388004
2 2 0.0
2 3 -0.03028485464702522
2 4 -0.06085578514796027
2 5 0.07134599574186021
2 6 0.08553828417399605
2 7 -0.13238101279073816
2 8 -0.01126904438466191
2 9 0.05076379472773661
2 10 -0.06703973669059424
2 11 0.07728050667638643
2 12 0.2026845768849544
2 13 -0.00034434723794500496
2 14 -0.014978065292412468
2 15 -0.14172626729822035
2 16 0.04154697683458823
2 17 -0.09183045458633124
2 18 0.07193843624347251
2 19 0.09706019593109765
2 20 -0.07527667541088913
2 21 0.06213958151482174
2 22 -0.12724711770607963
2 23 -0.054993323672084184
2 24 -0.0073878397919014726
2 25 0.13462026655853068
2 26 0.005539533237178906
2 27 -0.0504940514162888
2 28 -0.04078175754438382
2 29 -0.04570432377946418
2 30 -0.13147490525386668
2 31 0.06848407899108189
2 32 0.11680637270680723
2 33 0.05703302762384397
2 34 -0.06464917297903745
2 35 0.0038577938589079625
2 36 0.14158391050791438
2 37 0.13963001728059563
2 38 -0.01251548314665383
2 39 -0.07801469311408618
3 3 0.0
3 4 0.042721090241918974
3 5 0.03737180893671892
3 6 0.13851640508493915
3 7 0.06935071402622307
3 8 -0.014749029913874612
3 9 0.2791268294080941
3 10 0.058235723528590924
3 11 -0.14295160670482238
3 12 0.005033182236604953
3 13 -0.07313188159031923
3 14 0.005102697759197272
3 15 -0.007427992372993862
3 16 -0.08383541582872808
3 17 -0.01824218817636588
3 18 -0.2558009399639116
3 19 -0.06642870955557359
3 20 -0.05882459541101094
3 21 0.1142418981457157
3 22 0.09689400631921555
3 23 0.007119109458504023
3 24 0.0010201950549374715
3 25 0.0912386224516059
3 26 0.12104005350735925
3 27 0.08375488428072622
3 28 0.18654061757300208
3 29 -0.046733760479264974
3 30 -0.14937306807115946
3 31 0.057362239962102136
3 32 0.04945664855343466
3 33 -0.06455696301645822
3 34 -0.1317135561013455
3 35 -0.09515608945959105
3 36 0.07075042098722348
3 37 0.181446353382749
3 38 -0.03658082033615926
3 39 -0.056350061159878874
4 4 0.0
4 5 -0.07427414204048131
4 6 0.07976352791303434
4 7 0.028572437588194693
4 8 -0.13000099218059286
4 9 0.14204355054861237
4 10 0.042827394477796744
4 11 -0.0665295373045988
4 12 -0.049372965633861704
4 13 -0.21220226987132587
4 14 -0.0035486516124121894
4 15 0.0601823526211336
4 16 0.058124148781160664
4 17 0.10731264463558454
4 18 -0.11458764861069146
4 19 -0.01055268492172899
4 20 0.10611179157157033
4 21 -0.02590536873511303
4 22 -0.08281240070644084
4 23 0.07339889771645153
4 24 -0.019926454214580384
4 25 0.146858065970842
4 26 -0.06660910989393357
4 27 0.005667506553370907
4 28 0.09693272042753634
4 29 -0.0369564006622449
4 30 0.05025229507958634
4 31 -0.04735829395599597
4 32 -0.07363952410023694
4 33 0.0628775868699703
4 34 -0.07583981838359934
4 35 -0.07378529259019644
4 36 0.12508592071523125
4 37 0.10152836290951799
4 38 0.08395771706545319
4 39 -0.020767042775033297
5 5 0.0
5 6 -0.029260980609237996
5 7 -0.003492594349246137
5 8 -0.10637158371581623
5 9 -0.09216653661315206
5 10 -0.11174043936923288
5 11 0.17961569589601006
5 12 0.07446802005966756
5 13 0.1804897878814199
5 14 0.047324949835783926
5 15 0.2676629313648466
5 16 -0.25191199228843086
5 17 -0.0463548023878549
5 18 0.04079071438883974
5 19 0.16979587241305946
5 20 -0.018163030044824564
5 21 0.08505128981378005
5 22 0.04204190076289729
5 23 0.16171128905995286
5 24 0.009148681473318727
5 25 -0.07809763555123218
5 26 0.04181073646373536
5 27 0.08149098386685234
5 28 0.12423665377227466
5 29 -0.027404702899227733
5 30 0.06934337672965774
5 31 0.11929629179974754
5 32 0.13972778616586404
5 33 0.15939873000310195
5 34 -0.09089173145077481
5 35 0.011355500295852023
5 36 0.09769921280778462
5 37 -0.16712808919632635
5 38 -0.046328865020576114
5 39 0.1450023669615742
6 6 0.0
6 7 0.2089172690556486
6 8 0.014790616115249067
6 9 0.0908139290551902
6 10 0.12285445371122175
6 11 0.08277052581104546
6 12 -0.012319865204728457
6 13 -0.08765522149174593
6 14 -0.02040346641542388
6 15 0.11755176457236982
6 16 -0.08337863463098318
6 17 0.10920019777805716
6 18 -0.07657756150202491
6 19 -0.12100586828339424
6 20 0.028888119554531973
6 21 -0.11996539363258411
6 22 -0.031047518783206024
6 23 0.06622859441119824
6 24 0.020898765509522237
6 25 0.23100804935154265
6 26 -0.05100496073812984
6 27 0.004032857273253919
6 28 -0.0069689300179127485
6 29 -0.15820676194820238
6 30 -0.003937728096343367
6 31 -0.027573179626128076
6 32 0.11617077398972046
6 33 -0.05247789918899658
6 34 -0.14098855482893663
6 35 -0.06267011625879008
6 36 -0.060079720071870756
6 37 0.12317314351922581
6 38 0.022102664858607107
6 39 0.043462592451079855
7 7 0.0
7 8 -0.10422665779167443
7 9 -0.19661351733044016
7 10 0.1501933955375464
7 11 0.13754716026534924
7 12 -0.13733021073504387
7 13 -0.10707100242481889
7 14 0.024224105295134517
7 15 0.2395397119109663
7 16 -0.021434803321420004
7 17 -0.019178273675516506
7 18 0.0359185676068618
7 19 -0.06408587257917783
7 20 -0.02793195908206763
7 21 -0.13730853814414817
7 22 0.04380692426162087
7 23 0.15686214843953655
7 24 0.024872779771320068
7 25 0.117842059954161
7 26 -0.0076025881938819595
7 27 0.042143276456578574
7 28 -0.07877182788323413
7 29 -0.11724815300467886
7 30 0.2061111399234838
7 31 0.01076370310441847
7 32 0.009028652831283195
7 33 -0.0897575778745425
7 34 -0.05139697962261719
7 35 -0.04117425935001666
7 36 -0.12495945563246616
7 37 -0.0005805707744507029
7 38 0.011235857500437506
7 39 0.10215079175222905
8 8 0.0
8 9 0.0005565550378323224
8 10 0.148232030005552
8 11 -0.07460662078504265
8 12 -0.011247293797180802
8 13 0.18243333820861693
8 14 -0.15114952584465066
8 15 -0.11846954048157395
8 16 -0.09161840916903817
8 17 0.025359479465293426
8 18 0.08275513151696376
8 19 -0.0985983192042255
8 20 -0.051138441346910826
8 21 0.0009898639000803537
8 22 0.1128048289144546
8 23 -0.15800959281564067
8 24 0.10166183380025477
8 25 -0.06278608361359876
8 26 -0.028771041562415268
8 27 -0.1144441854736267
8 28 -0.027607866328209597
8 29 0.02035065409005047
8 30 -0.1069851606655503
8 31 0.04017388505297413
8 32 0.12490290383942697
8 33 -0.18890705619483128
8 34 0.08971738854033992
8 35 0.09841019211735011
8 36 -0.24939770341242248
8 37 0.016306039041466887
8 38 0.00110705910974456
8 39 -0.0741559826329403
9 9 0.0
9 10 0.016825878541790632
9 11 -0.1295120903559232
9 12 0.06371721428482943
9 13 -0.041988841373773456
9 14 0.038603698312389564
9 15 -0.21962930685927612
9 16 0.061796939108832674
9 17 0.15727030524472457
9 18 -0.1933424538367137
9 19 -0.015369659240025183
9 20 -0.038845607753914616
9 21 0.042597247505122546
9 22 0.04436906614799456
9 23 -0.003326188546319546
9 24 -0.02474901164192917
9 25 0.19335953531708874
9 26 0.03417312233403208
9 27 0.12112502378294639
9 28 0.1509799112614487
9 29 0.047287338995965794
9 30 -0.1912487812002746
9 31 0.06352598858624364
9 32 0.07791185478267691
9 33 0.0489899637260511
9 34 -0.15811921112739147
9 35 -0.06428634766554132
9 36 0.14334258787429655
9 37 0.24168870559442773
9 38 -0.056634352564285895
9 39 -0.060131977389008294
10 10 0.0
10 11 -0.034002779000907556
10 12 -0.12982999715728513
10 13 -0.07517367472573963
10 14 -0.1643554906225719
10 15 0.04925587061886662
10 16 -0.032726977377242686
10 17 0.09713545141357566
10 18 0.14798733400432842
10 19 -0.06800878970493499
10 20 -0.0068889987205239854
10 21 -0.02530966484828835
10 22 0.07160225637919368
10 23 0.015976078051763345
10 24 0.07437060534402094
10 25 0.1329574454295322
10 26 -0.062295674701215
10 27 -0.006354667677424102
10 28 0.013842096210515858
10 29 0.07754001508521437
10 30 0.04727386555205396
10 31 -0.04621657175456388
10 32 0.1399491657663438
10 33 -0.09368050054474227
10 34 -0.14335171504805735
10 35 0.028853282259682013
10 36 -0.1799124401828385
10 37 0.07690178417122455
10 38 0.11252874727072815
10 39 0.020462965759309813
11 11 0.0
11 12 -0.029438516914664797
11 13 0.1901547462795915
11 14 -0.1412436045082923
11 15 0.14812056592489173
11 16 -0.08539942054096598
11 17 0.0790631578384599
11 18 0.14587005566130404
11 19 0.10827021704590396
11 20 -0.023624751223307986
11 21 -0.15945089031263454
11 22 0.11312203326711548
11 23 0.20660608738653763
11 24 0.06021391177946772
11 25 0.09753906558090168
11 26 0.11287460944669558
11 27 -0.15393438466490228
11 28 -0.027152777688168962
11 29 -0.10619887941631852
11 30 0.3350659019037323
11 31 0.1406570505043228
11 32 0.13935641806645455
11 33 0.02466031659104535
11 34 -0.1757691889904735
11 35 -0.07714962307902365
11 36 -0.08103570109155142
11 37 -0.20042701374530664
11 38 0.00014924856813394036
11 39 0.023455285888267893
12 12 0.0
12 13 0.043411226451308925
12 14 0.07083787524435353
12 15 -0.1288063534287374
12 16 -0.06544568863047824
12 17 -0.07081709293546903
12 18 0.023661005876574114
12 19 0.040117442260602834
12 20 -0.014128646466054311
12 21 0.06405656439027682
12 22 0.036788264442052535
12 23 -0.08408114967626841
12 24 -0.0950668970377144
12 25 -0.01924968175930578
12 26 -0.034479945525821405
12 27 -0.06496113324997714
12 28 -0.03819985681727926
12 29 0.06527831933963131
12 30 -0.21351416547720273
12 31 0.03377911429730797
12 32 0.06519936117713052
12 33 0.026946621845161167
12 34 0.05415933579016481
12 35 0.06045667954372613
12 36 0.22011574688884578
12 37 0.1440501753990085
12 38 -0.11812573685493818
12 39 -0.05882069866915389
13 13 0.0
13 14 0.0608212792737726
13 15 -0.009621823234511759
13 16 -0.1970250190630882
13 17 0.11729848830530207
13 18 0.1186128727057516
13 19 0.036447546673367553
13 20 -0.09421842816564695
13 21 -0.07941151002723465
13 22 0.22567316736471077
13 23 0.018482769717011585
13 24 0.0569722792289448
13 25 -0.044829664960995996
13 26 -0.0053968599138544135
13 27 -0.09545975898049938
13 28 -0.06988812941073463
13 29 0.055922183653863936
13 30 -0.016160580610123765
13 31 0.22306322312871144
13 32 0.14468853858362618
13 33 -0.07711418750224944
13 34 -0.07793839740113354
13 35 0.023518193427378552
13 36 -0.2955858306312472
13 37 -0.09374917921674873
13 38 -0.07733642646209038
13 39 0.1308434106979831
14 14 0.0
14 15 -0.05103827918318673
14 16 0.10638565515086154
14 17 0.14003162740772154
14 18 -0.049874133123758366
14 19 0.019460652884403344
14 20 -0.0670798118546578
14 21 -0.1605912399100578
14 22 -0.004291814027846777
14 23 -0.12926170988965985
14 24 -0.16416840210541528
14 25 -0.1889075201264922
14 26 -0.08142230441005657
14 27 0.25478272357492077
14 28 -0.05409079347614977
14 29 -0.005039622738857321
14 30 -0.09629935944210508
14 31 0.07680700514913831
14 32 0.022411287243276422
14 33 -0.06249318796196206
14 34 0.06934286945124649
14 35 -0.11776789406887453
14 36 0.10340545539804442
14 37 0.11935181447375995
14 38 -0.17533427553052727
14 39 0.16228292225018123
15 15 0.0
15 16 -0.3889723926543164
15 17 0.10166899436252377
15 18 0.09713054419417336
15 19 -0.07884048609614766
15 20 0.30098941389078
15 21 0.01109605783999741
15 22 -0.08123443723679301
15 23 0.2605938082939261
15 24 0.058652787322663644
15 25 -0.1478041569748991
15 26 -0.029192530654001674
15 27 0.0845850944594593
15 28 0.08459222857054834
15 29 -0.21106960952473758
15 30 0.24611228594768128
15 31 -0.054807819168687225
15 32 -0.013336484763693257
15 33 0.09639037814785117
15 34 -0.05995885361416722
15 35 -0.05730443416655458
15 36 -0.10732001261385857
15 37 -0.2265313005175162
15 38 0.1756593967101377
15 39 0.13667909209386364
16 16 0.0
16 17 -0.0900839257681188
16 18 -0.043523661326056104
16 19 0.11155037330991657
16 20 -0.19887771878621927
16 21 -0.12825628434190858
16 22 -0.09825636103337805
16 23 -0.10203112127912058
16 24 -0.06614777175405194
16 25 0.10441270208941329
16 26 -0.013632565949330664
16 27 0.08734806644214017
16 28 -0.002654343883564873
16 29 0.1232744390556217
16 30 -0.021435217061608332
16 31 0.053159111524058555
16 32 -0.1094940488931947
16 33 -0.042674650991686394
16 34 -0.01065441287827201
16 35 -0.14364773464469335
16 36 0.10086151043525304
16 37 0.09911748077913225
16 38 -0.05618013330315336
16 39 -0.051520353161351465
17 17 0.0
17 18 0.0034439019345472834
17 19 -0.11277978333171376
17 20 0.12851461689255775
17 21 -0.25138409569581516
17 22 0.09840125118597566
17 23 -0.0026539434097419654
17 24 -0.0040200410586230025
17 25 -0.013896345465591523
17 26 -0.1264323772699757
17 27 -0.008048887534242832
17 28 0.01920847676243429
17 29 -0.04345883666090875
17 30 0.08800804406993049
17 31 0.09352330061041449
17 32 0.07263575659836688
17 33 -0.10477677910769381
17 34 -0.14984658030011014
17 35 -0.16924178356634642
17 36 -0.19756711967808963
17 37 0.0870652657180114
17 38 0.019050076983127648
17 39 0.05065800416160424
18 18 0.0
18 19 0.02543697925957244
18 20 0.054720765942395666
18 21 0.06245406612972374
18 22 -0.017638506879528223
18 23 0.07438056790451168
18 24 -0.03662742454299813
18 25 -0.13271198063475617
18 26 -0.03508176840840834
18 27 0.058821768195276
18 28 -0.06866746307219954
18 29 0.13701586083956074
18 30 -0.024853274679003497
18 31 0.03526312005531602
18 32 0.10063229930788409
18 33 -0.05372771655290538
18 34 -0.045249044831338354
18 35 0.02961814719322514
18 36 -0.06537030473681585
18 37 -0.09644284040829935
18 38 0.110330476484271
18 39 0.06294558537403173
19 19 0.0
19 20 -0.18075545688858818
19 21 0.06095387968812978
19 22 -0.010590666075773095
19 23 0.07621888051813151
19 24 0.0021177046256732816
19 25 0.08754275664817403
19 26 0.0354335907479104
19 27 0.04847934507501671
19 28 0.10074825518307509
19 29 0.0698442578412963
19 30 0.06871419770367589
19 31 0.12466009197606034
19 32 0.08924883224258177
19 33 0.14779131716377364
19 34 -0.05635504470864307
19 35 0.0345266943318753
19 36 0.1903875166403151
19 37 -0.06337890010053035
19 38 -0.04360108785452973
19 39 0.05794806172291188
20 20 0.0
20 21 0.0021942857781866764
20 22 -0.10404976878356442
20 23 0.0432742877483072
20 24 -0.02969674732803882
20 25 -0.13718805516912855
20 26 -0.08016414924048969
20 27 -0.08428537968350744
20 28 -0.0018148077712279102
20 29 -0.105767912448034
20 30 0.024977239455700566
20 31 -0.14626450504432542
20 32 -0.15147229131325876
20 33 0.013493554106948533
20 34 0.029614388661461107
20 35 -0.0757190493936152
20 36 -0.016158057017797618
20 37 -0.011180002154226786
20 38 0.18165932354106115
20 39 -0.06325695142099316
21 21 0.0
21 22 -0.23743416657392427
21 23 0.05582137679044744
21 24 0.04608613163635959
21 25 0.016944941079569082
21 26 0.2537076563736268
21 27 0.1087364486554803
21 28 0.10192944856891387
21 29 0.003106989718664987
21 30 -0.16919132214767738
21 31 -0.15108360596601836
21 32 -0.04967129623158072
21 33 0.0659215327912999
21 34 0.08144101196722207
21 35 0.23530611865417433
21 36 0.2688135910579349
21 37 -0.062239346748153165
21 38 0.18300181744939817
21 39 -0.02473301137942187
22 22 0.0
22 23 -0.007501529937431417
22 24 -0.02064509342984412
22 25 -0.050396016356671056
22 26 -0.0711607541943571
22 27 -0.12983933852375426
22 28 0.010808729517337317
22 29 0.1958260673090332
22 30 -0.0012626022142413662
22 31 0.18567886922158772
22 32 0.13403431490688433
22 33 -0.08345887456808622
22 34 -0.08727822466538045
22 35 -0.03354784994961461
22 36 -0.16328235973054955
22 37 0.01807669474638157
22 38 -0.2278973270513877
22 39 -0.003677440717214387
23 23 0.0
23 24 0.012436995472046393
23 25 0.19215663483483875
23 26 0.034761929611547705
23 27 0.07978578940269573
23 28 0.11063481258470217
23 29 0.02996854498796484
23 30 0.11401790541057347
23 31 0.04079294234699102
23 32 -0.0054275724946978784
23 33 0.20280965626853878
23 34 -0.24673805665288429
23 35 -0.022048750062101462
23 36 0.0017863589423780866
23 37 -0.18553334998101076
23 38 0.11174532479648684
23 39 0.138147452789828
24 24 0.0
24 25 0.07344284674688828
24 26 0.07097265972598009
24 27 -0.019566497096026148
24 28 -0.020858048863150073
24 29 -0.12875579401955195
24 30 0.20251899303560425
24 31 0.057747140889044646
24 32 0.04253877053367264
24 33 -0.0013914212466308467
24 34 0.03402260626181906
24 35 0.07914842839509953
24 36 -0.19530145299597734
24 37 -0.03611364097163896
24 38 0.0005032543550068
24 39 -0.03591893561195906
25 25 0.0
25 26 -0.024261604404450743
25 27 -0.21097627022691273
25 28 -0.02056271182071611
25 29 -0.025151278057373612
25 30 0.011877892694243608
25 31 0.0043561272834052225
25 32 0.03089433486572426
25 33 0.10304199815039654
25 34 -0.2991798910660305
25 35 0.05417256020478918
25 36 0.011271702493713578
25 37 0.2050463345079359
25 38 0.15219600258987195
25 39 0.04312151980182533
26 26 0.0
26 27 0.11048579356754498
26 28 0.023623174667830173
26 29 -0.09055297420000955
26 30 0.06403737351841715
26 31 -0.04418541954408546
26 32 -0.002104751928971597
26 33 0.018417535124857286
26 34 0.05014081920250951
26 35 0.08447022417210472
26 36 0.07515581048313855
26 37 -0.11377463387706466
26 38 0.014412121751273632
26 39 -0.036328749343834184
27 27 0.0
27 28 0.0774979608353926
27 29 0.022522075441196904
27 30 -0.024564128245623075
27 31 -0.026903636835348375
27 32 0.11406403189771372
27 33 0.16334067715768308
27 34 0.043611769766231975
27 35 0.026291578893650625
27 36 0.13115075110442473
27 37 -0.11492916121747751
27 38 -0.1557326808568284
27 39 0.21068340167469227
28 28 0.0
28 29 0.058999587748918246
28 30 -0.05105824136462924
28 31 0.13816193370696497
28 32 0.038859840761655336
28 33 0.016543069232950895
28 34 -0.16666234745969807
28 35 -0.15741066975565243
28 36 0.15098072717875394
28 37 -0.04270129069110468
28 38 0.05861888188818391
28 39 -0.020969198315552395
29 29 0.0
29 30 -0.21627963929087413
29 31 0.048022465410313006
29 32 0.02098341891428023
29 33 0.028906534641127996
29 34 -0.14100156620161236
29 35 0.0017373075003200352
29 36 0.04588101953233101
29 37 -0.03244227413707274
29 38 -0.11045141736348225
29 39 0.061371869810302425
30 30 0.0
30 31 0.04427440278180401
30 32 0.0009981947333334202
30 33 0.07054739679882335
30 34 0.027343615015759194
30 35 -0.008275885596370384
30 36 -0.18657167576879632
30 37 -0.18548046758053277
30 38 0.0005881456643647093
30 39 0.018200376901700288
31 31 0.0
31 32 0.12201428995600401
31 33 -0.12563698984360036
31 34 -0.1550208311704288
31 35 -0.20226944299235083
31 36 -0.11487217786296995
31 37 0.0867175109292894
31 38 -0.13846957775000932
31 39 -0.0318592167943537
32 32 0.0
32 33 0.001872350435886733
32 34 -0.08098790633133293
32 35 0.06207641714765526
32 36 -0.005655424083393987
32 37 0.03107273323265426
32 38 -0.1326153973855716
32 39 0.08319456693945809
33 33 0.0
33 34 -0.035624257280982445
33 35 0.1477842679111288
33 36 0.18401571754271173
33 37 -0.16263339659931686
33 38 -0.026351545436066538
33 39 0.10174126347972201
34 34 0.0
34 35 0.21575850067667085
34 36 0.08905296984404443
34 37 -0.020959030896482825
34 38 -0.11343265566138958
34 39 -0.10090665806184188
35 35 0.0
35 36 0.06759091750892801
35 37 -0.07811201840844727
35 38 -0.03481875621326448
35 39 0.044198114023542984
36 36 0.0
36 37 0.09989750967794576
36 38 -0.026471525886610454
36 39 -0.04451754314287875
37 37 0.0
37 38 -0.029929345333075518
37 39 -0.1349919771136309
38 38 0.0
38 39 -0.019756989498351762
39 39 0.0
