0 0 0.0
0 1 0.1694447906565671
0 2 -0.04594872799695962
0 3 0.026697133456992577
0 4 0.009325689442547342
0 5 -0.05541576888272669
0 6 0.02459281221957208
0 7 0.04474578284680362
0 8 -0.1533863405354362
0 9 0.07412846003422513
0 10 -0.07224080654789869
0 11 0.07377201280344313
0 12 -0.03731101343967599
0 13 -0.05536291547862635
0 14 -0.1682704231508239
0 15 0.059171636362756484
0 16 0.00001898429254628025
0 17 0.018197098355586267
0 18 -0.009848220994159902
0 19 -0.0028214607242237183
0 20 0.01868694095525896
0 21 -0.14351335569928683
0 22 0.09543087938267052
0 23 0.05965063549542586
0 24 0.1305371891632509
0 25 0.01924411668562743
0 26 0.004326300161496938
0 27 0.014167240939301093
0 28 0.08326002938972436
0 29 -0.04468625146908843
0 30 0.07395410343486221
0 31 -0.011761634236588473
0 32 0.09702134260596242
0 33 0.06649184325843316
0 34 0.05382857334486749
0 35 -0.005693277077723749
0 36 0.09083613118938927
0 37 -0.043029377949638944
0 38 0.12363239347015009
0 39 -0.016155452084282304
1 1 0.0
1 2 0.14445740278195446
1 3 0.04624056979003966
1 4 -0.05084932136244606
1 5 -0.17047605433514995
1 6 0.03459847497949592
1 7 -0.02915172615449612
1 8 0.018098984479962183
1 9 0.04229855625364947
1 10 -0.2228536167443685
1 11 0.15516476870660473
1 12 -0.006258872240737107
1 13 -0.2684165209418818
1 14 -0.2926564982252437
1 15 0.049941334606368716
1 16 0.12796418491832576
1 17 0.0908986619749982
1 18 -0.049778768849327866
1 19 0.07555695181112304
1 20 0.011783666835260753
1 21 -0.20514746127930933
1 22 0.21907077249329557
1 23 -0.00393244750009571
1 24 0.09374987681087028
1 25 -0.12446249294887675
1 26 -0.1473269772260188
1 27 0.08886526619595042
1 28 0.2146523050891606
1 29 -0.03497207931413506
1 30 -0.008298450217818866
1 31 -0.004250135106265212
1 32 0.21190577957903184
1 33 0.010703675571714736
1 34 -0.006213928777758036
1 35 -0.1407955367026818
1 36 0.04339533172182876
1 37 0.05668115396409995
1 38 0.1681184787745522
1 39 0.1311051278765405
2 2 0.0
2 3 0.08395768702325254
2 4 -0.037769914198158304
2 5 0.06162380187595956
2 6 -0.009712998781783437
2 7 -0.04964351399597214
2 8 0.16734475938537335
2 9 0.034456287750757285
2 10 -0.021827435261471653
2 11 -0.15352055353629215
2 12 0.0360966764723775
2 13 -0.179866640579261
2 14 -0.061239158485150616
2 15 -0.048797884350083344
2 16 0.15777190965560173
2 17 -0.12127813778578367
2 18 0.11192395977092048
2 19 -0.0662195402059844
2 20 -0.031215575845044148
2 21 -0.0663019410937267
2 22 0.1458510917946964
2 23 -0.05532266084766926
2 24 -0.021721590787352054
2 25 -0.2429037176093717
2 26 -0.1659784494242694
2 27 0.03268885620241253
2 28 0.0907178058133645
2 29 0.044824498154886275
2 30 0.05976089153746929
2 31 0.17775724030451165
2 32 0.005686948308544377
2 33 0.022558563313928016
2 34 -0.08562279989835617
2 35 -0.09677320692251656
2 36 0.01378350956078008
2 37 0.09111926115450424
2 38 -0.021802944488676257
2 39 0.11222864400596426
3 3 0.0
3 4 0.015802116999339266
3 5 0.037770146428621254
3 6 -0.014019015878344194
3 7 -0.012792820816438696
3 8 -0.032547775505031296
3 9 0.015418398496361794
3 10 0.02496304460768027
3 11 -0.08407878943766776
3 12 0.0014811737030470435
3 13 -0.05390122666698033
3 14 -0.021214689178112874
3 15 -0.017705288314455538
3 16 0.09941802268438879
3 17 -0.007549233745787931
3 18 0.035253751726631186
3 19 -0.01157746323237191
3 20 0.05124287302562679
3 21 -0.04174830170299214
3 22 0.09458613653803845
3 23 0.04324188737454923
3 24 0.05921323187644921
3 25 -0.0001089549306362417
3 26 -0.04047623350392999
3 27 0.023021581894328434
3 28 0.030093506432486327
3 29 0.055180054084619866
3 30 0.08096637555693723
3 31 0.053253566670884524
3 32 0.08847241166636823
3 33 0.022014390271191987
3 34 -0.009995999894325194
3 35 -0.023676244034399434
3 36 -0.026149370595187377
3 37 0.00792552993776058
3 38 0.0035064277589026507
3 39 0.007192055656527328
4 4 0.0
4 5 -0.003019619951499548
4 6 0.005096010670914266
4 7 0.0156417185179494
4 8 -0.02689783656724014
4 9 -0.005380441238437448
4 10 -0.009352890704301498
4 11 -0.11254365201356338
4 12 0.06954897440005842
4 13 -0.024303236760759673
4 14 -0.019045488722784464
4 15 -0.09266246564959826
4 16 0.007333857262362946
4 17 0.03662304696458891
4 18 0.0032830607411923492
4 19 0.12012527865885361
4 20 0.15749207211171706
4 21 0.036428724150312
4 22 -0.08598898362767235
4 23 -0.12078850112395181
4 24 0.002908015615023676
4 25 0.034864228195117516
4 26 0.010486815674551262
4 27 -0.009720030184186603
4 28 -0.016204013395853714
4 29 -0.06442168752325798
4 30 0.0479102814257516
4 31 0.029343248100698566
4 32 -0.019615983569414252
4 33 -0.009247576046075495
4 34 0.04603028946801939
4 35 0.04384756339991466
4 36 0.06812520492723757
4 37 0.02177127544387732
4 38 -0.06608797294889071
4 39 -0.030751266470054866
5 5 0.0
5 6 -0.0339808302151928
5 7 -0.054306955279577206
5 8 0.02727703715383718
5 9 0.00953915103440003
5 10 0.09225144330975386
5 11 -0.08374266590167509
5 12 0.03747589753789063
5 13 0.023423037146545513
5 14 0.11345794237043964
5 15 -0.06365479419450318
5 16 -0.00020715304612464605
5 17 -0.12221919694694179
5 18 0.09731047660932042
5 19 -0.053942224298387756
5 20 -0.006882244170911904
5 21 0.033194953758314064
5 22 0.01552568401402272
5 23 0.07273720814840404
5 24 0.06909711923837855
5 25 -0.01703186936036314
5 26 0.05121379500733747
5 27 0.017879817992253
5 28 -0.07259466331382634
5 29 -0.020124320626771632
5 30 0.10353669650003947
5 31 0.1526975045039457
5 32 -0.09276182566477625
5 33 0.06839505055466077
5 34 -0.06073499846356989
5 35 0.034221112467320944
5 36 -0.016928630906166815
5 37 -0.05562677430816175
5 38 -0.09987897953263028
5 39 -0.10897039939179229
6 6 0.0
6 7 0.03768119434793971
6 8 0.016285762117343887
6 9 0.019532743856851113
6 10 0.039503941582362326
6 11 0.010725259524379907
6 12 -0.014556220731355003
6 13 -0.00003645345480275909
6 14 -0.014455335925115272
6 15 0.05625890523916135
6 16 -0.020871472852325927
6 17 -0.005713778559199737
6 18 -0.022726332007156874
6 19 0.01637881680547814
6 20 -0.06543674361552998
6 21 -0.018584145138797685
6 22 0.0016236620459416408
6 23 -0.055056683677937965
6 24 -0.021320292727319987
6 25 -0.0011081777053489796
6 26 0.007410996366564329
6 27 -0.03167234880517356
6 28 0.032757285066770454
6 29 0.020526019743181297
6 30 -0.027682047056370257
6 31 -0.0523410017018626
6 32 0.03515550043319337
6 33 0.011363048680937755
6 34 0.05050388197750705
6 35 -0.0033244331043210825
6 36 0.02186977401297947
6 37 0.019379593456985374
6 38 0.03810362679549396
6 39 0.027973247283822122
7 7 0.0
7 8 -0.0677841468676075
7 9 0.017250064397709215
7 10 0.10334332765841436
7 11 -0.11232017926790905
7 12 -0.05556517960842888
7 13 0.07410654800827046
7 14 0.032770018566045764
7 15 0.1196602637690308
7 16 -0.059429125925650916
7 17 -0.0006815803135702357
7 18 0.00278932167048536
7 19 -0.06841380339930112
7 20 -0.09540242564678156
7 21 0.016415637714514455
7 22 -0.05703766512891521
7 23 -0.08847774663251746
7 24 -0.1462536183959334
7 25 0.0020528229537373974
7 26 -0.013507227772767194
7 27 -0.09319188935730392
7 28 -0.004637230254924257
7 29 0.11175297056145125
7 30 -0.03324111163329403
7 31 -0.12343191974453642
7 32 -0.001761791666068224
7 33 -0.0316312588585846
7 34 0.10985282629280504
7 35 0.051580474032480304
7 36 0.04568787061512074
7 37 0.0639212010539057
7 38 0.04418024837863441
7 39 0.09212740446132256
8 8 0.0
8 9 -0.0030436773940010417
8 10 0.04617606646190808
8 11 -0.011429273445917225
8 12 0.020336361626077524
8 13 -0.05500172462483847
8 14 0.02488452748350814
8 15 -0.037319668178965995
8 16 0.05130302389719247
8 17 -0.08655603780490331
8 18 0.003377122938187643
8 19 0.02417598856271965
8 20 -0.08966353967331869
8 21 0.01794950992354139
8 22 0.006007532177813307
8 23 -0.13401424573954596
8 24 -0.048099843668970556
8 25 -0.13217856967033925
8 26 -0.04132348578496745
8 27 -0.016357945392288867
8 28 0.043587528759668856
8 29 0.008150034126330538
8 30 -0.08250224910707236
8 31 0.0499645884425964
8 32 -0.01427148816291308
8 33 0.00939756084003426
8 34 -0.05597135417714185
8 35 -0.07805576591476822
8 36 -0.027912066101771764
8 37 0.06973588376600806
8 38 -0.034033171472100734
8 39 0.0569380366117761
9 9 0.0
9 10 -0.001697698474828405
9 11 -0.03976083692922773
9 12 0.0074053089132730555
9 13 0.12039433105032571
9 14 -0.14134381460736975
9 15 -0.011277772404597434
9 16 0.08826874581977764
9 17 -0.1474727185247404
9 18 -0.047710017731278316
9 19 -0.037534343421247625
9 20 -0.02610617517292895
9 21 -0.03340370810100285
9 22 0.023513372398593847
9 23 0.009331822016404086
9 24 0.04657517445296905
9 25 0.011475770408561795
9 26 -0.06466828751237044
9 27 -0.09848714261402279
9 28 0.09985306894593447
9 29 -0.023608302046728754
9 30 0.02773010138073856
9 31 0.021366136460284714
9 32 0.005911679798057512
9 33 0.03460808676050421
9 34 0.038155958166214074
9 35 -0.0661635488940018
9 36 0.08169414507066387
9 37 -0.08359156707861223
9 38 0.08742226424063183
9 39 0.026570267200370295
10 10 0.0
10 11 -0.07369043421237552
10 12 -0.08056374938636635
10 13 0.12197389540934647
10 14 0.22442531053774517
10 15 0.13829182438637724
10 16 -0.09921655750376135
10 17 -0.12286976105493105
10 18 0.04272963801491543
10 19 -0.08494434219289168
10 20 -0.2208346670190373
10 21 0.054552740502479304
10 22 -0.07334887313944437
10 23 -0.04713981777820233
10 24 -0.03469842184520182
10 25 0.023744258368542822
10 26 0.15335856216322005
10 27 -0.13427701190762095
10 28 -0.07579621390950517
10 29 0.12096295374718284
10 30 -0.029941469646802
10 31 -0.09664632963522743
10 32 0.033266106363515395
10 33 0.11993930279776333
10 34 0.017916561017934186
10 35 0.08395925594189342
10 36 -0.06273707156339947
10 37 0.12203468456190922
10 38 -0.021854580695965208
10 39 0.02019077206027429
11 11 0.0
11 12 -0.02014377504501815
11 13 -0.07915147753153086
11 14 -0.06690716154238432
11 15 0.05423710441933294
11 16 -0.08885441718168961
11 17 0.11411180148076541
11 18 -0.12424418467769352
11 19 0.13286821379797448
11 20 -0.046712725615101224
11 21 -0.08915919217689043
11 22 0.07011670750222519
11 23 0.18728376066974955
11 24 0.2500904462104316
11 25 0.10922456226025465
11 26 0.163688209002276
11 27 0.10139551048808275
11 28 0.03382290575709789
11 29 -0.1747997488793917
11 30 -0.07532186367813695
11 31 -0.07913630979419803
11 32 0.141203949257286
11 33 0.10258152562201801
11 34 -0.08981278624566695
11 35 -0.035628989828912355
11 36 -0.08825202461993725
11 37 -0.05469795214760169
11 38 0.0931638942229225
11 39 -0.1052164741242841
12 12 0.0
12 13 -0.09859788381421315
12 14 0.04754885974245509
12 15 -0.05522836979079028
12 16 0.019556915573677055
12 17 -0.021984714513809466
12 18 -0.0030173197348051543
12 19 0.20683356282537316
12 20 0.021209759405637997
12 21 0.13420862922346505
12 22 0.02689221652131694
12 23 0.08380274667627588
12 24 -0.02925372272778934
12 25 0.04051535654514751
12 26 -0.06670961462529856
12 27 0.06943721194611094
12 28 0.00726393694189547
12 29 -0.14872595549132928
12 30 0.11534025515614792
12 31 0.13683258614476143
12 32 -0.10779462823730868
12 33 -0.036408856786210156
12 34 0.021465256985436
12 35 0.01618303398269747
12 36 0.007826119826399825
12 37 -0.09176685377961434
12 38 -0.14987246815766608
12 39 -0.042261275964710875
13 13 0.0
13 14 0.009529261052187524
13 15 -0.016675951759657855
13 16 0.004957084407240936
13 17 -0.14556716825703114
13 18 -0.12214706401860254
13 19 -0.14780455632287803
13 20 -0.021721102737978334
13 21 0.12193780497702689
13 22 -0.20527034969201816
13 23 0.004711808466758637
13 24 -0.07867800538634305
13 25 0.1797290005691895
13 26 0.028665848906176395
13 27 -0.23137664045492926
13 28 -0.04020433900890277
13 29 0.06682609655558805
13 30 -0.0987509777349199
13 31 -0.1454947257642599
13 32 -0.09489211139399295
13 33 -0.046468591879019715
13 34 0.06231182803308877
13 35 0.0008377457780929833
13 36 0.01921588678954939
13 37 -0.12430155757741213
13 38 0.06923188789608384
13 39 0.0006098900470393014
14 14 0.0
14 15 0.08454072496355744
14 16 -0.17471920494614385
14 17 0.026048118009293943
14 18 0.09155781339599943
14 19 -0.003732711068562599
14 20 -0.147247757489776
14 21 0.16597994117964093
14 22 -0.0790489213360835
14 23 0.02291875628237028
14 24 -0.14288036694470088
14 25 0.044809462473537155
14 26 0.1331808821518329
14 27 0.031169919154109577
14 28 -0.19262018668177897
14 29 0.08696807425908065
14 30 0.005016403071226838
14 31 -0.01617531154363252
14 32 -0.11784179678141893
14 33 -0.015373797143030974
14 34 0.01353460448013497
14 35 0.1471127808315862
14 36 -0.11888983792949184
14 37 0.04397293993969954
14 38 -0.18624064915717026
14 39 -0.07329134848761003
15 15 0.0
15 16 -0.11444460462514361
15 17 0.027976157166868888
15 18 -0.009267028504893738
15 19 -0.03693830866686685
15 20 -0.2518986868446774
15 21 -0.02514041718186954
15 22 0.05103458342162091
15 23 -0.0024933979008573623
15 24 -0.09746145605392795
15 25 0.01200378361903633
15 26 0.04174817398546456
15 27 -0.03138107407648998
15 28 0.015230298938386214
15 29 0.12316183468732336
15 30 -0.04881111735021046
15 31 -0.15372049708890145
15 32 0.074692113744976
15 33 0.013056893591808616
15 34 0.1109764926494374
15 35 0.041429825191971484
15 36 -0.022262415343189824
15 37 0.05127787932044923
15 38 0.0728969557944087
15 39 0.06632002928735228
16 16 0.0
16 17 -0.07420023064420471
16 18 -0.02490809373178479
16 19 -0.01856024768944392
16 20 0.11847337995706439
16 21 -0.041772021343645396
16 22 0.07525468230571235
16 23 0.006520271379801041
16 24 0.050445918419006607
16 25 -0.051629211909489825
16 26 -0.15616640700707543
16 27 -0.02377805785987807
16 28 0.11328838375257291
16 29 0.0012145817972050708
16 30 0.03255572472449113
16 31 0.08614941456864178
16 32 0.05882857368902785
16 33 -0.01832144530777586
16 34 -0.053196830929441594
16 35 -0.12385645888556429
16 36 0.016092766817888817
16 37 -0.018882383246551657
16 38 0.04811861128224133
16 39 0.07643226086183841
17 17 0.0
17 18 -0.02958240212543824
17 19 0.10999579160954512
17 20 0.10417878762078595
17 21 -0.01580442206226591
17 22 -0.0033058795345747133
17 23 -0.015523291192224379
17 24 -0.02484138395418951
17 25 0.06310965248179509
17 26 0.043170546336612256
17 27 0.12288356358335646
17 28 -0.04644328688153472
17 29 0.013798492275942245
17 30 -0.04911474172506673
17 31 -0.10617710664204343
17 32 0.08568682294251562
17 33 -0.08124145373036087
17 34 0.027124363268940983
17 35 0.04704092000631746
17 36 -0.05855213015428788
17 37 0.05448263797776594
17 38 -0.011076619423786524
17 39 -0.016089389630738745
18 18 0.0
18 19 -0.08109350812479829
18 20 -0.006375899507532763
18 21 -0.024197097251923618
18 22 0.04569536533699695
18 23 -0.003203390690276771
18 24 -0.013105846069031809
18 25 -0.1266565321891094
18 26 0.00085430679769931
18 27 0.0612682717745366
18 28 -0.06290388850292078
18 29 0.034717553921576653
18 30 0.08975614162125238
18 31 0.12425334997596679
18 32 -0.0646249396806162
18 33 0.034760184533025935
18 34 -0.04818700944878403
18 35 0.051971993775008926
18 36 0.007111078991709099
18 37 0.06241562802081333
18 38 -0.08212482847596222
18 39 -0.020161312673279745
19 19 0.0
19 20 0.06750826912641003
19 21 0.061347212814587104
19 22 0.01221653447578668
19 23 0.002924835584957966
19 24 0.06153078579721899
19 25 0.1079699825649166
19 26 0.031183533121237783
19 27 0.09123226214931604
19 28 0.03114504476964732
19 29 -0.1651578795112593
19 30 0.03451932173671075
19 31 0.020029932650055336
19 32 0.04043244682030799
19 33 -0.00863457004412765
19 34 0.04602771873628464
19 35 0.008632868412682801
19 36 -0.010800494025234007
19 37 -0.04829073215285742
19 38 -0.08131767810242112
19 39 -0.07249927389736814
20 20 0.0
20 21 -0.012944509490145892
20 22 -0.0617696116464558
20 23 0.004616650540772452
20 24 0.1255088232821311
20 25 0.0405091549627318
20 26 -0.0386134396908001
20 27 0.06744266106444845
20 28 -0.022755805839847716
20 29 -0.12413287139102865
20 30 0.062821548067182
20 31 0.10368470156472062
20 32 -0.009327158143171628
20 33 -0.04500338816622188
20 34 -0.09237737907406939
20 35 -0.016687338067887865
20 36 0.03338760262954191
20 37 -0.02899304211827437
20 38 -0.045082004789285146
20 39 -0.06681578005262004
21 21 0.0
21 22 -0.13250024999771257
21 23 0.01239132330935379
21 24 -0.1623186866895468
21 25 0.08735565189240524
21 26 -0.009619103966890719
21 27 -0.04110885690400379
21 28 -0.09100362378255795
21 29 -0.010284695643903413
21 30 -0.013448689869224728
21 31 -0.013191231278321511
21 32 -0.15059766380301481
21 33 -0.09137418395990164
21 34 0.029152219912842704
21 35 0.05972948428732126
21 36 -0.04258616845051023
21 37 -0.03564819411342522
21 38 -0.1378915942997991
21 39 -0.0020571362007984844
22 22 0.0
22 23 0.10889070321488337
22 24 0.11905390572965055
22 25 -0.07303843218948498
22 26 -0.05646450771888199
22 27 0.11109386805890578
22 28 0.09712892008111007
22 29 0.007348120434536619
22 30 0.09482575683944591
22 31 0.09979928870395802
22 32 0.11766306437320728
22 33 0.05759996354282236
22 34 -0.018487726949373277
22 35 -0.06652525047808783
22 36 -0.017018556295691992
22 37 -0.030354668651403127
22 38 0.049853200013198026
22 39 -0.008125250995137702
23 23 0.0
23 24 0.17924099589580136
23 25 0.11199333353546084
23 26 0.046710501684809246
23 27 0.09117362525815395
23 28 -0.030456371777997128
23 29 -0.1113430065406142
23 30 0.11527085960143021
23 31 0.08901582453120979
23 32 -0.0031615735691936098
23 33 0.06043553682926104
23 34 -0.10318025985504013
23 35 0.006440090182639859
23 36 -0.08945069176876848
23 37 -0.1416324286085539
23 38 -0.020774587769278142
23 39 -0.11250778799099974
24 24 0.0
24 25 0.058048597506605806
24 26 0.1375746911415043
24 27 0.0853944572735992
24 28 0.045778453815978545
24 29 -0.18706983549302372
24 30 0.09919357171112146
24 31 0.11892352377859357
24 32 0.14224807096932351
24 33 0.19602842155819747
24 34 -0.13713437003678802
24 35 -0.046937284621306724
24 36 -0.012415249113027849
24 37 -0.08120985995471582
24 38 0.06435210352081071
24 39 -0.17400884734827787
25 25 0.0
25 26 0.10712512474658065
25 27 -0.028938840438822288
25 28 -0.04321149570562677
25 29 -0.04168307219190117
25 30 -0.0028586274415047406
25 31 -0.11092621888540957
25 32 0.027587822658038184
25 33 -0.021042985357293275
25 34 0.08285076180502497
25 35 0.04540158642255274
25 36 -0.042491712239762267
25 37 -0.1490687819940408
25 38 0.003175443155070877
25 39 -0.1167897369459668
26 26 0.0
26 27 0.020332734503143164
26 28 -0.1031192290406169
26 29 -0.047124790998818555
26 30 -0.014071899505338822
26 31 -0.056114637012395455
26 32 0.033915617449244
26 33 0.11052741490473361
26 34 -0.02314118005621644
26 35 0.0907074498614352
26 36 -0.05427156198837672
26 37 0.0005189349241370493
26 38 -0.02088058621505124
26 39 -0.14890821491134482
27 27 0.0
27 28 -0.030191269063129567
27 29 -0.06842777689504484
27 30 0.07489665980001471
27 31 0.10678713959306736
27 32 0.015373966771759437
27 33 0.0031229467064051533
27 34 -0.056727340832016235
27 35 0.01689774041690014
27 36 -0.046966987975007035
27 37 -0.016203110792683086
27 38 -0.07326981381632594
27 39 -0.08952457235228031
28 28 0.0
28 29 -0.01422491173347606
28 30 -0.009057077215146836
28 31 -0.004638363434798685
28 32 0.10413554211560108
28 33 0.015360952202351837
28 34 0.029469160154073692
28 35 -0.10698515566768518
28 36 0.054714446606171405
28 37 -0.012622909938999912
28 38 0.11599873557273319
28 39 0.08308070721402241
29 29 0.0
29 30 -0.0707904318823497
29 31 -0.1247478156419336
29 32 0.04899119322742597
29 33 -0.07132635885433108
29 34 0.08872130860919678
29 35 0.007540135066055366
29 36 -0.03383531716205938
29 37 0.08321819190867386
29 38 0.052180102305981045
29 39 0.11047203704564942
30 30 0.0
30 31 0.17271284753886468
30 32 -0.038681530065798664
30 33 0.05225184480657387
30 34 -0.010711828118368856
30 35 0.03223520496398704
30 36 0.034340401612914344
30 37 -0.07478912472265187
30 38 -0.07501826790512477
30 39 -0.08960771813052415
31 31 0.0
31 32 -0.10513359925733505
31 33 0.05539197825232332
31 34 -0.11073437099268532
31 35 -0.019818160800508595
31 36 0.031023411464693375
31 37 -0.06581925697170721
31 38 -0.12070682384237841
31 39 -0.0938706481196097
32 32 0.0
32 33 0.07088517166297441
32 34 0.004558634899191361
32 35 -0.06501084411027222
32 36 -0.043676092912974654
32 37 0.07019276006272533
32 38 0.14369591167360857
32 39 0.04190837760287356
33 33 0.0
33 34 -0.07065598095431294
33 35 0.0021947198681309876
33 36 0.000975361524010762
33 37 0.021689820214377504
33 38 0.031542843500869736
33 39 -0.06541258377512738
34 34 0.0
34 35 0.033665068066050845
34 36 0.0659582905595581
34 37 -0.05847528850060091
34 38 0.03457878097747578
34 39 0.017163255718133243
35 35 0.0
35 36 -0.008077796392452105
35 37 0.018732381674030345
35 38 -0.07975079229072782
35 39 -0.057875548917212326
36 36 0.0
36 37 -0.030155571572973605
36 38 0.041185619242417155
36 39 0.015468987522017457
37 37 0.0
37 38 0.0021272392964418706
37 39 0.1448875282303683
38 38 0.0
38 39 0.07287834584549802
39 39 0.0
