0 0 0.0
0 1 -0.08940533080621638
0 2 -0.16583166660447474
0 3 -0.06881675400457278
0 4 -0.001141424170807372
0 5 0.14032151648768118
0 6 -0.13955330261849086
0 7 -0.03725267638161541
0 8 0.42609537054569513
0 9 -0.07611420939596936
0 10 0.010026084343599983
0 11 -0.24376048331865025
0 12 0.21046498496520982
0 13 0.0139822428202049
0 14 -0.03295827100566704
0 15 0.024203559373402656
0 16 0.08684249020950353
0 17 -0.16396444920805872
0 18 0.03688521086993224
0 19 0.1495099699292569
0 20 -0.10400101032804013
0 21 0.2514150758161905
0 22 -0.13831516032651153
0 23 -0.02416799267538691
0 24 0.13666645800384253
0 25 0.040833070073525636
0 26 -0.055369294610444084
0 27 -0.2632297304629161
0 28 0.09532572265842401
0 29 0.07758484395732089
0 30 0.039670334022183985
0 31 -0.0014100269822508046
0 32 0.24006991537448466
0 33 -0.046845380974613195
0 34 0.02887323584270037
0 35 0.08016518036104356
0 36 0.26945254322839646
0 37 0.017798963583653633
0 38 0.09577542911254268
0 39 -0.06096087503382428
1 1 0.0
1 2 -0.15399203693951244
1 3 -0.017258453461776235
1 4 -0.09999871520619635
1 5 -0.20595149006736455
1 6 0.025553784528972463
1 7 0.02227125068873511
1 8 -0.13901216178593512
1 9 0.2894376861570132
1 10 0.012888523730948198
1 11 0.16280903628959004
1 12 0.017914306770690083
1 13 -0.002352637121448677
1 14 -0.1434386014567159
1 15 0.026393591692796908
1 16 0.11042367395436699
1 17 0.0174728804877172
1 18 0.03489009782766528
1 19 -0.1109791281554839
1 20 -0.1995339095252459
1 21 -0.1571212813951927
1 22 0.005370905582530272
1 23 -0.053579457021967335
1 24 -0.03122912655393702
1 25 0.17316635582419138
1 26 0.27563805749742676
1 27 -0.10025758073513409
1 28 0.08496678103128039
1 29 0.011348540948429766
1 30 0.0036070907652807674
1 31 0.021790327279117123
1 32 0.072025163949772
1 33 -0.004485482435706419
1 34 -0.27404619950735887
1 35 -0.017130959727276095
1 36 -0.05768608098543
1 37 0.0063711718526441195
1 38 -0.008650504176445221
1 39 -0.20780963685544945
2 2 0.0
2 3 -0.058737811251213246
2 4 -0.08394464389639321
2 5 -0.010619029200427062
2 6 0.06903821086972985
2 7 0.012642218287705568
2 8 0.016499142439477334
2 9 -0.030838411337833653
2 10 0.2660795095483507
2 11 0.11139350822218119
2 12 -0.14336633928685472
2 13 0.060422953527885646
2 14 -0.3173174459826503
2 15 -0.0589217800549182
2 16 0.0703756599993233
2 17 0.06654017030897762
2 18 0.17019876477587548
2 19 0.10057339199057962
2 20 -0.08607995239493665
2 21 -0.013023597667889755
2 22 -0.18936705481866417
2 23 0.011742483156052514
2 24 0.08501015178553228
2 25 -0.13821421496530337
2 26 -0.23427280578717863
2 27 -0.0020637531925740337
2 28 -0.06427077082801055
2 29 -0.07905055367936374
2 30 -0.16777624144028586
2 31 -0.0562816053901215
2 32 -0.04681401965755686
2 33 -0.01293120839049276
2 34 -0.02256344877802885
2 35 -0.06976706288551364
2 36 -0.09518536499219826
2 37 -0.13315901539058003
2 38 0.14345116319517268
2 39 0.0021281183702227045
3 3 0.0
3 4 -0.03843386810633062
3 5 0.0837828701648868
3 6 0.233707372887246
3 7 0.09970898318616012
3 8 0.0637562273407877
3 9 0.13611880417534988
3 10 -0.10911637855730102
3 11 0.08010593863721199
3 12 0.0017037302075747097
3 13 -0.12309376169456092
3 14 0.1810720429155069
3 15 -0.024828561422179533
3 16 -0.013173219394141972
3 17 -0.10365767762485771
3 18 -0.023726111620776088
3 19 -0.1460159359117889
3 20 0.17458361795991922
3 21 -0.18683281574476013
3 22 0.10658135641080935
3 23 0.035356911063670435
3 24 0.03649009084912779
3 25 0.07262654805632719
3 26 0.11934477190767309
3 27 0.13370175352067654
3 28 -0.05607109138494585
3 29 -0.07734988325309315
3 30 -0.09017885743401974
3 31 0.004920688408361422
3 32 -0.13736522766378453
3 33 -0.04229571132817529
3 34 0.3050245515555726
3 35 0.02564352021782989
3 36 -0.15301562725498447
3 37 0.1687640120813086
3 38 0.019410410911214246
3 39 0.048356606308624525
4 4 0.0
4 5 0.04073746552220428
4 6 0.026354207689131666
4 7 -0.03560209371247148
4 8 -0.21519369062556942
4 9 -0.15683484687334348
4 10 -0.03864686757901216
4 11 -0.0651539100521238
4 12 0.006640218129390685
4 13 0.05999712418247075
4 14 0.136540600539199
4 15 -0.20457418296801105
4 16 0.03830800684289022
4 17 -0.1641977118224396
4 18 0.016818105917776972
4 19 0.021812056295021014
4 20 0.08530016909982252
4 21 0.19260985755772345
4 22 0.0425839836246339
4 23 -0.1363001864315908
4 24 0.05696418136040863
4 25 0.10825733806816196
4 26 0.0834223904642377
4 27 0.029600522704672876
4 28 0.05527637153972635
4 29 -0.04387270735177624
4 30 0.049700108056106466
4 31 0.018465832935875146
4 32 0.04480864897336652
4 33 -0.08088662634915486
4 34 -0.027862306376390165
4 35 -0.03814038658182391
4 36 -0.07246240832761977
4 37 -0.17516959739411259
4 38 -0.021476811540241832
4 39 0.2403771727986471
5 5 0.0
5 6 0.010891612567041508
5 7 0.010269463976602455
5 8 0.20668648860950434
5 9 -0.198186424577904
5 10 -0.12271247109462524
5 11 -0.07211633724164641
5 12 -0.03810639685291576
5 13 -0.01545984033596689
5 14 0.07181769298559296
5 15 0.039975078732534614
5 16 0.09265085655481414
5 17 -0.13458472658488388
5 18 -0.017227764531808396
5 19 0.06186187124907387
5 20 0.0708647828577411
5 21 0.08896335780608068
5 22 -0.007940464541261705
5 23 0.13020339309637532
5 24 0.07730223011480106
5 25 -0.0316266847491701
5 26 -0.07960052742701487
5 27 0.013911761869927337
5 28 0.0512917906982578
5 29 0.030653142595677287
5 30 0.07711998219537361
5 31 -0.03767014313653894
5 32 0.17489560696657708
5 33 0.04879854695801612
5 34 0.04035615794265826
5 35 0.07847908743360842
5 36 -0.060683155768027255
5 37 0.05311247006482932
5 38 0.18001235495527051
5 39 0.12447608793183466
6 6 0.0
6 7 -0.007922974041331726
6 8 0.0330333121828613
6 9 -0.04341631416602219
6 10 0.13914968645003623
6 11 0.1332594437144822
6 12 -0.1337713437418579
6 13 -0.16225031427352382
6 14 0.013466519141472927
6 15 0.0645059112881733
6 16 0.07261342104777074
6 17 -0.11983471089568706
6 18 0.22614753438933038
6 19 -0.16710609306272695
6 20 0.004065901650841282
6 21 -0.04687946452957921
6 22 0.016114718716113217
6 23 0.01553130061160989
6 24 -0.04123303201465436
6 25 -0.00550146984845458
6 26 0.16829998485264014
6 27 0.20234652136212974
6 28 0.07684701066132735
6 29 -0.06506528773234191
6 30 -0.14851744506631376
6 31 0.09831764003032072
6 32 0.06089429261329765
6 33 -0.1529146046466279
6 34 0.15569144251418815
6 35 0.07991890074909112
6 36 -0.26869407378873894
6 37 0.17335885702454382
6 38 -0.037935841362236454
6 39 0.13333235413161734
7 7 0.0
7 8 -0.017159233941284914
7 9 -0.09082053161296512
7 10 0.060250966774549844
7 11 0.07980788799048538
7 12 -0.09053895098629453
7 13 0.057574971139482775
7 14 0.04358956968858197
7 15 -0.06044993276905045
7 16 -0.0985148857472735
7 17 -0.02260497387929144
7 18 -0.07959866836072767
7 19 -0.07204538171336247
7 20 0.11085038821455444
7 21 -0.07170027738729143
7 22 0.24942688824624754
7 23 -0.16695638304295676
7 24 -0.03120359078148363
7 25 0.0027162181772104107
7 26 -0.07155449385936041
7 27 -0.1285198380349083
7 28 -0.04497998727665297
7 29 -0.022362842061423676
7 30 -0.06810913717911203
7 31 -0.13006842043845807
7 32 -0.12876059032946752
7 33 0.026760664373874293
7 34 0.1311113656716561
7 35 -0.11048566400716091
7 36 0.015255560800066034
7 37 0.11590889346136049
7 38 -0.13977369053473027
7 39 -0.017059845277572115
8 8 0.0
8 9 -0.004184393977863367
8 10 0.1590992979019909
8 11 -0.17877945882782312
8 12 0.11354805480058557
8 13 0.019222286059966086
8 14 -0.150837304374479
8 15 0.11986829407172676
8 16 -0.04990627357349494
8 17 -0.15816625764642173
8 18 0.1414157566731597
8 19 0.15679996106859204
8 20 -0.14128261755400684
8 21 0.059259487758673804
8 22 -0.030590030533473783
8 23 0.10916172374037914
8 24 0.23340607224488683
8 25 -0.031035955290437216
8 26 -0.28245604503416855
8 27 -0.14927625386606144
8 28 0.13718224570400553
8 29 0.054460566687412074
8 30 0.05625262535984519
8 31 -0.013450817971861128
8 32 0.1385843755587812
8 33 -0.15777705961639812
8 34 0.12792997898925973
8 35 0.1940846632945984
8 36 0.17510122563365924
8 37 -0.022280093554038826
8 38 0.09753751617905937
8 39 -0.13829131690257185
9 9 0.0
9 10 -0.05737439264111747
9 11 0.18611010420295154
9 12 0.2619435155074251
9 13 -0.027651065650336815
9 14 -0.011112028949389324
9 15 -0.014506818602869825
9 16 0.020986964115966754
9 17 0.05179433463659916
9 18 0.06225748614886528
9 19 -0.07534857986347247
9 20 0.0027854087666448033
9 21 -0.14549310759891912
9 22 -0.00018983690610941228
9 23 -0.03678037018044266
9 24 0.021849709021809896
9 25 0.19851842291573965
9 26 0.12038833404369245
9 27 0.08811961646290682
9 28 0.008892580061981768
9 29 -0.11799192555667307
9 30 0.04099618183850352
9 31 -0.06491467311485384
9 32 -0.1843471479398721
9 33 -0.12509258340952317
9 34 -0.04724313589099514
9 35 -0.011605660441791288
9 36 0.031908204037772274
9 37 -0.13641489174968685
9 38 -0.07185754603517415
9 39 -0.2878861746242457
10 10 0.0
10 11 0.04021741397693367
10 12 -0.007157233060860533
10 13 -0.06727435148600576
10 14 -0.21925328180883003
10 15 -0.05546637773806181
10 16 0.10309361112682072
10 17 0.005883129353660874
10 18 0.22580095426336175
10 19 0.025207967420703786
10 20 -0.2392971478571194
10 21 0.1322495224252765
10 22 0.005121349320242266
10 23 0.04810159930419165
10 24 0.024170499742694158
10 25 -0.1070285389806424
10 26 -0.14195968240151272
10 27 -0.11192584396937502
10 28 -0.02894756705167594
10 29 -0.031239039951424567
10 30 -0.0725935629635229
10 31 0.13504203189768743
10 32 -0.10509919492931934
10 33 -0.027361470314027407
10 34 -0.1093109748887309
10 35 0.011928192793905813
10 36 -0.02812751346435331
10 37 -0.11808082118023278
10 38 -0.041663172600835977
10 39 -0.1429887089259151
11 11 0.0
11 12 -0.06986315235975507
11 13 -0.03656959992386925
11 14 -0.0246528049470049
11 15 -0.04694884732050916
11 16 0.13105252815153334
11 17 0.060031224354614277
11 18 0.08731201829558796
11 19 -0.12588014827398852
11 20 -0.03413328732215493
11 21 -0.10504859533384606
11 22 0.0353476895758777
11 23 0.0737163379267548
11 24 -0.03556674725654805
11 25 0.02726312575408646
11 26 0.13629005985831194
11 27 0.19496146151105315
11 28 0.00902858398739305
11 29 -0.12414946872489696
11 30 -0.02563310856018868
11 31 -0.07373698038668186
11 32 -0.1286503986688185
11 33 -0.010999966425831238
11 34 -0.035827075948220245
11 35 0.035362323176604336
11 36 -0.07496352185012616
11 37 -0.034921883592331227
11 38 0.01013153097538157
11 39 -0.08755420657840947
12 12 0.0
12 13 -0.03750820987158306
12 14 0.09604432167842611
12 15 -0.08094134947923312
12 16 -0.0010212774023656349
12 17 -0.0240669661127259
12 18 -0.061155180664488176
12 19 0.0149059163812685
12 20 0.03361136744753134
12 21 0.11998426612741409
12 22 0.08394791995419033
12 23 -0.04962308678930135
12 24 -0.050001231449388436
12 25 0.0783282214366213
12 26 0.0016376533914974599
12 27 0.010364243632856717
12 28 0.015789107259853465
12 29 0.10947330616286152
12 30 0.1837692616954399
12 31 0.03329401720069243
12 32 -0.03579091406739222
12 33 -0.18843804115752752
12 34 0.019045815686242643
12 35 -0.016087671936314447
12 36 0.051508201522025676
12 37 -0.04149918354941065
12 38 0.11362279971930196
12 39 -0.09617955616378546
13 13 0.0
13 14 -0.057198314678008955
13 15 -0.05248894283880223
13 16 -0.16544806231020165
13 17 -0.01294342348783795
13 18 -0.12501645851918566
13 19 0.16487478645364761
13 20 -0.00705580834134706
13 21 0.006038011880764246
13 22 0.057425227046849034
13 23 -0.03708158791566931
13 24 0.05181885157247579
13 25 0.022203112074081995
13 26 0.06020840446003108
13 27 -0.16343964251049034
13 28 0.15673044399522723
13 29 0.037023059242014225
13 30 0.007074604791244508
13 31 -0.09260150538528847
13 32 0.1334975992105458
13 33 -0.034716563339810776
13 34 -0.08710691473905277
13 35 -0.09726609238923598
13 36 0.13809280108453448
13 37 -0.12073460418299775
13 38 0.06423116646197696
13 39 0.108038330168499
14 14 0.0
14 15 -0.03838151208830524
14 16 -0.18129370172371068
14 17 0.05087953182398569
14 18 -0.16159377078283627
14 19 -0.10972988939475645
14 20 0.267986724324221
14 21 0.017655497934360033
14 22 0.24990897283303365
14 23 0.07017845348013697
14 24 -0.12221972398405416
14 25 -0.09165364843374554
14 26 0.2043632209982559
14 27 0.15435103086689167
14 28 -0.030057540167560688
14 29 0.07358675093004094
14 30 0.21429669326255835
14 31 0.11847851389550794
14 32 -0.17960624245478493
14 33 0.06820915643248524
14 34 0.12490527105463971
14 35 -0.10916695690624037
14 36 0.018631192878015616
14 37 0.13963390722591643
14 38 -0.22351397965743316
14 39 0.24043683756725875
15 15 0.0
15 16 -0.043654446313189835
15 17 0.01619362401094927
15 18 -0.016234773509359417
15 19 0.05687862762714072
15 20 0.038587152112745916
15 21 -0.11248336150472868
15 22 -0.07429094667859737
15 23 0.13602044629735013
15 24 -0.18025736321636418
15 25 -0.0033418612687458405
15 26 0.023124718931239525
15 27 0.051198265606292814
15 28 0.006408849484285886
15 29 0.07997033037867589
15 30 -0.12209435952267297
15 31 0.012053461223327752
15 32 0.23173751501669834
15 33 0.037939410804967766
15 34 0.12004579475361646
15 35 0.06861778574347795
15 36 0.017141505063046743
15 37 0.15490441144673595
15 38 -0.03640134242703365
15 39 0.06002929687307503
16 16 0.0
16 17 -0.09190593448045292
16 18 0.19949340860360554
16 19 -0.03185448806462597
16 20 -0.1491393304586405
16 21 0.13905800414772396
16 22 -0.23971142106985321
16 23 0.08186877650063037
16 24 0.10026875934890725
16 25 0.09796284326043747
16 26 0.13905157368327953
16 27 -0.018488799693872418
16 28 -0.01905071405421706
16 29 -0.12277021851097114
16 30 -0.07346705014413649
16 31 0.07601152655714698
16 32 0.13583321616489522
16 33 0.13829623924878648
16 34 -0.1892798769339164
16 35 0.14403600288436239
16 36 -0.060488752204253926
16 37 -0.021411670718056944
16 38 0.18340017876233214
16 39 -0.0827556955422696
17 17 0.0
17 18 0.00040351220337426043
17 19 -0.09298614763003778
17 20 -0.013754331856050971
17 21 -0.20587020201465003
17 22 0.022559776418012625
17 23 0.07578660170752599
17 24 -0.09298963272808766
17 25 -0.09131915825544633
17 26 -0.037027927511206024
17 27 0.00895789637437393
17 28 -0.10905224373137215
17 29 0.03790800556083935
17 30 0.035225375859855926
17 31 0.08508956318532328
17 32 -0.1432102913217208
17 33 0.11433748249555606
17 34 -0.07011258871656259
17 35 -0.07089752424609252
17 36 0.0449891344759828
17 37 -0.0044989529993101135
17 38 -0.06391857287636693
17 39 -0.10687338875591845
18 18 0.0
18 19 -0.055345422792580125
18 20 -0.11416189785104562
18 21 -0.04213074551859468
18 22 -0.1444172547204921
18 23 -0.0004045112924322957
18 24 0.20880501353877817
18 25 0.10131025508686264
18 26 -0.056773538636253916
18 27 0.05958551531307952
18 28 0.02051187219337932
18 29 -0.031982716580464636
18 30 -0.09018038578530549
18 31 0.05324791024813532
18 32 0.04266789841236322
18 33 -0.06600844302601225
18 34 -0.03225108771513349
18 35 0.0816034430279233
18 36 -0.06563093662520814
18 37 -0.21703280993536161
18 38 -0.014642527317136458
18 39 -0.1211224718666966
19 19 0.0
19 20 0.002544466445636735
19 21 0.21533984013763519
19 22 -0.09086464995852862
19 23 0.004919872491617367
19 24 0.11433836091535454
19 25 -0.084636395817431
19 26 -0.07166871168866693
19 27 -0.05265626552926446
19 28 0.06649833148627962
19 29 0.1208487637516292
19 30 -0.007354257366077893
19 31 -0.09609929774515312
19 32 0.10930527912785393
19 33 0.04431431565047074
19 34 -0.0353753405041497
19 35 -0.03258193856296661
19 36 0.12465479238379704
19 37 -0.09108028342348085
19 38 0.06378403392114132
19 39 0.14342685544816966
20 20 0.0
20 21 -0.045490528844883645
20 22 0.15945001395178854
20 23 -0.10108123729956117
20 24 -0.07556517557829975
20 25 0.05688756673450616
20 26 -0.01300095296859766
20 27 0.1985968325751066
20 28 -0.058496860761703504
20 29 0.03335369615372015
20 30 -0.04021426841180694
20 31 -0.12882394724664004
20 32 -0.12381717802139428
20 33 0.09236918234273979
20 34 0.2749786580257886
20 35 -0.04075824826168348
20 36 -0.0013857957709044863
20 37 0.10927599831740795
20 38 -0.06287720261146372
20 39 0.23271140829554898
21 21 0.0
21 22 -0.06746129034580582
21 23 -0.03393710519656663
21 24 0.04506716455018016
21 25 -0.13704665934309812
21 26 0.007150212711047646
21 27 -0.033393853253657804
21 28 0.0812019353928502
21 29 0.027375575916778715
21 30 0.0846066903129026
21 31 -0.10034824796074944
21 32 0.006591921059603466
21 33 0.048431841416652584
21 34 -0.1389465862168115
21 35 -0.02128715313372074
21 36 0.11059805239625722
21 37 -0.0276114691157179
21 38 0.02669674439122563
21 39 0.05121408996813154
22 22 0.0
22 23 0.005830327190272854
22 24 -0.09197111630532283
22 25 0.002232894502126627
22 26 0.027188871291374095
22 27 0.05578641759240369
22 28 0.03315371903378317
22 29 0.06093019685485505
22 30 0.14835479605504862
22 31 0.0004576221513456969
22 32 -0.20996007899408636
22 33 -0.02047560991373614
22 34 0.046402060441713355
22 35 -0.0616798025039488
22 36 -0.06600595914589123
22 37 0.020649690806012144
22 38 -0.12630929429899018
22 39 0.014265073407875986
23 23 0.0
23 24 -0.1015950360918988
23 25 -0.08890889517385295
23 26 0.10076713136780151
23 27 0.0619285029473037
23 28 0.03663200183441069
23 29 0.009579275597820134
23 30 0.04839583032363365
23 31 0.1130493727123745
23 32 0.09840163423590217
23 33 0.11135482272531534
23 34 -0.06533783526637763
23 35 0.1001091351161046
23 36 0.00931178284341774
23 37 -0.00017332801885208888
23 38 0.14904125332318022
23 39 -0.03160815555478073
24 24 0.0
24 25 0.00015093939328833316
24 26 -0.11806733536450262
24 27 -0.023301424739020665
24 28 0.02049023318580797
24 29 0.0162383187965398
24 30 0.06593614507908892
24 31 -0.022551389407499643
24 32 -0.08792232858305221
24 33 -0.015806816044255146
24 34 -0.06505309645001475
24 35 0.032715488396188284
24 36 -0.002525750572376815
24 37 -0.19689147619015374
24 38 -0.011879830549693169
24 39 -0.02098710317565571
25 25 0.0
25 26 0.10913616537396886
25 27 -0.07903023480588599
25 28 0.08328416890944093
25 29 -0.1293863274403066
25 30 -0.10364480250890906
25 31 -0.06508726537898421
25 32 0.16487683971548425
25 33 -0.07993771190461377
25 34 0.01578412909969753
25 35 0.08798635879369429
25 36 0.03550883753539602
25 37 -0.1411136062821206
25 38 0.08385276525050496
25 39 -0.11820123914903022
26 26 0.0
26 27 -0.03711601427365195
26 28 0.15679236034070168
26 29 0.009270805500690555
26 30 -0.061494982594515524
26 31 0.14067169142560929
26 32 0.2180403371645042
26 33 0.08026922035797379
26 34 -0.14367463326746127
26 35 -0.08516643350636678
26 36 -0.026729105409947863
26 37 0.1366655010583015
26 38 0.00790056232609951
26 39 0.15507640292413724
27 27 0.0
27 28 -0.07063905384430602
27 29 0.0169388374702074
27 30 0.06594825184760017
27 31 -0.11245862776955495
27 32 -0.24738344454427025
27 33 -0.09320514602159594
27 34 0.2421812701718499
27 35 0.11941886789897929
27 36 -0.17742440048211397
27 37 0.0011962880165923122
27 38 -0.06723419712643475
27 39 0.14726606973555717
28 28 0.0
28 29 0.02049836580720215
28 30 0.03291641869322163
28 31 -0.06246306638379233
28 32 0.23202174701344674
28 33 -0.08300735098060903
28 34 -0.10039413051173059
28 35 0.045870304896818044
28 36 0.08501858313982984
28 37 -0.03943049510388664
28 38 0.1312797868847728
28 39 0.048481807071488414
29 29 0.0
29 30 0.09655800586729438
29 31 0.03266144041660277
29 32 0.08134017549878832
29 33 0.04584555467195396
29 34 -0.02270268901885759
29 35 -0.09580994889462548
29 36 -0.029215214927174615
29 37 0.07572373816832428
29 38 0.04619940571729701
29 39 0.15218979425884785
30 30 0.0
30 31 0.053314664917595886
30 32 -0.13756408289438513
30 33 -0.044540019162346
30 34 -0.1766061762677881
30 35 -0.01387516718906577
30 36 -0.018530579954396678
30 37 -0.07639803181280228
30 38 -0.03797170853150974
30 39 -0.025612009372549167
31 31 0.0
31 32 0.04816465988182126
31 33 0.026654572841811157
31 34 -0.12107629966903877
31 35 -0.030703334080288126
31 36 -0.12964594682328817
31 37 0.04683743654814442
31 38 -0.10072450098002328
31 39 0.07850676623173598
32 32 0.0
32 33 -0.05360256819384457
32 34 -0.08955943295103189
32 35 0.056102414213803166
32 36 0.033929642291746824
32 37 0.05203498586834697
32 38 0.2978335810462231
32 39 0.16447580944742615
33 33 0.0
33 34 -0.1685107032683898
33 35 -0.027833065514397393
33 36 0.0973692000532583
33 37 0.12475333506936497
33 38 0.03294758613330935
33 39 0.021198752447874412
34 34 0.0
34 35 0.08645084608191793
34 36 0.036005744786083746
34 37 0.15475204310039592
34 38 -0.07446177870612229
34 39 0.1615693476640715
35 35 0.0
35 36 0.07432531591989464
35 37 0.00005923159700959819
35 38 0.11835705801529368
35 39 -0.07132287469429663
36 36 0.0
36 37 -0.03156792451172193
36 38 0.015896285711980523
36 39 -0.09164787450712586
37 37 0.0
37 38 0.008575270357716392
37 39 0.14007506025753633
38 38 0.0
38 39 -0.008693096445308395
39 39 0.0
