0 0 0.0
0 1 0.042292503044956284
0 2 0.029308401313427945
0 3 0.049605744025787206
0 4 0.09034680676201244
0 5 -0.011675139258999925
0 6 -0.15281705877817114
0 7 -0.04140503850357767
0 8 0.006884831918190479
0 9 -0.011365069504883417
0 10 0.03143903909917989
0 11 -0.05846398108961072
0 12 0.02891020540853771
0 13 0.07613974440165402
0 14 -0.12765905886204781
0 15 -0.03370827271558965
0 16 0.12232116837735466
0 17 -0.012167394463203082
0 18 -0.03685663854023628
0 19 0.06050297131213682
0 20 0.0677197118221357
0 21 -0.015626589326680408
0 22 -0.1370870195775189
0 23 -0.20223205559425894
0 24 -0.11050029425669453
0 25 0.022191651532919333
0 26 -0.03132445632362664
0 27 0.018274386240969612
0 28 0.012768131710763691
0 29 -0.02433687969205122
0 30 -0.01791644386003141
0 31 0.09665184340597367
0 32 -0.0038435004077848932
0 33 0.028301262148288143
0 34 0.07116274388442624
0 35 -0.06726527019269342
0 36 0.07022299545524198
0 37 0.20917426528639488
0 38 0.07247560072880294
0 39 -0.1478890887436836
1 1 0.0
1 2 -0.09414765860455045
1 3 0.0051838530796491315
1 4 -0.011581547814076252
1 5 -0.08668701458622302
1 6 -0.07875424999005148
1 7 0.06754407091387096
1 8 -0.056371629826804895
1 9 -0.036088810535753794
1 10 0.04891706228818049
1 11 -0.13657061688919828
1 12 -0.009662446216454804
1 13 0.014842409981418694
1 14 -0.16096946998256792
1 15 -0.017862346428051255
1 16 0.1341106121421262
1 17 0.07447769992962981
1 18 0.04188140876078886
1 19 -0.13271556098682868
1 20 0.19926746433522027
1 21 0.039588093716612566
1 22 0.00380171154828646
1 23 -0.22323618576576826
1 24 0.007885316483320979
1 25 0.06280089854757107
1 26 -0.06345546216641104
1 27 0.012418974281122012
1 28 -0.0251965690164415
1 29 -0.004844682039680501
1 30 0.06504005891765877
1 31 -0.1162640237318815
1 32 0.09881783377669319
1 33 0.0002718548007943758
1 34 0.020533962394964737
1 35 -0.034028096520009175
1 36 -0.049574566748596394
1 37 0.0673695197116518
1 38 -0.1670355463472875
1 39 -0.12503961222747775
2 2 0.0
2 3 0.0767947253549697
2 4 0.15667118059486224
2 5 0.0442875846784015
2 6 0.17996302118730917
2 7 -0.02803115798000449
2 8 0.021254709198414996
2 9 -0.011148807471718132
2 10 -0.02192775138775025
2 11 0.04394130417639148
2 12 0.03499572213175165
2 13 0.02257826398675507
2 14 0.025094736075681683
2 15 0.0765704632314939
2 16 -0.03555853704413634
2 17 0.0003143618354151575
2 18 0.04437915048358154
2 19 0.1172888288556398
2 20 -0.1337657266418969
2 21 -0.04184066521515348
2 22 -0.008548615434339487
2 23 0.13584913917585392
2 24 -0.0018562061877035654
2 25 0.10992394271190771
2 26 0.028201929164705063
2 27 0.022283104844062457
2 28 0.10257354525867839
2 29 0.06024986615358806
2 30 -0.002145697208868612
2 31 0.08697745371430703
2 32 -0.10630215296825736
2 33 -0.03186859407574539
2 34 0.11072274504049631
2 35 -0.10708034115437133
2 36 0.07278935203318573
2 37 -0.03801502725221792
2 38 -0.021316704430087367
2 39 -0.021186887752205178
3 3 0.0
3 4 0.10028800366260482
3 5 0.02866230181240434
3 6 0.07380727717637592
3 7 0.052503850274700205
3 8 0.058856785375507946
3 9 -0.01947384094708312
3 10 -0.000032922062728479536
3 11 -0.0388485598128653
3 12 0.0592084104561714
3 13 0.03603410704707298
3 14 0.023659203287499004
3 15 0.06896014607011339
3 16 0.011107902525612614
3 17 0.03250769971098523
3 18 0.0708419123963938
3 19 0.12743908259900932
3 20 -0.07609421155205534
3 21 -0.01696570598868364
3 22 0.012360429752653794
3 23 -0.015157278017972665
3 24 -0.015373723705179938
3 25 0.13985057608679685
3 26 -0.0020518231690612263
3 27 0.005903169903238701
3 28 0.08007510631114466
3 29 -0.0246976995248194
3 30 -0.044357112395804026
3 31 0.05928158984178249
3 32 -0.05190094388564224
3 33 0.0012106847155257208
3 34 0.07470975962668842
3 35 -0.09507117983833936
3 36 0.0547277794874619
3 37 -0.022034459527822885
3 38 -0.105205485178875
3 39 0.04631684080054228
4 4 0.0
4 5 0.05383390600597663
4 6 0.2083986795871458
4 7 -0.036099045370065745
4 8 -0.054473591919433795
4 9 -0.021235234199339748
4 10 -0.038615834277546376
4 11 -0.02923340502061476
4 12 0.08669658412026565
4 13 0.037761490127293296
4 14 -0.0791459595491177
4 15 0.00830378800194292
4 16 0.010435563187238171
4 17 0.05562464666405529
4 18 0.04995655735604731
4 19 0.1651301596527661
4 20 0.02033530668384318
4 21 0.04652305825388814
4 22 -0.0476445786014401
4 23 0.018624410023384927
4 24 -0.03510999561826671
4 25 0.1378300609126377
4 26 -0.02225921276963027
4 27 0.041222238934611945
4 28 0.08373985175378544
4 29 0.08479071335391195
4 30 0.07547042392228279
4 31 0.07916169728384084
4 32 -0.09858401074638672
4 33 -0.03494117052547583
4 34 0.21695002135711391
4 35 -0.17791574848332609
4 36 0.15525811854936522
4 37 0.04735012955140958
4 38 -0.09825794867133188
4 39 -0.04922326563603187
5 5 0.0
5 6 0.045564348490426704
5 7 -0.03054137098169522
5 8 -0.012225427244212526
5 9 0.036198043027796764
5 10 -0.005014639842476638
5 11 0.030859721677052886
5 12 0.0030506578495012545
5 13 -0.0003801698708270552
5 14 0.07149864232708616
5 15 -0.023196641268359193
5 16 -0.04504067031954274
5 17 0.03047579898752393
5 18 -0.01897205229021611
5 19 0.07215246816519269
5 20 -0.08202598073516139
5 21 0.009895197981202104
5 22 -0.0227576591186717
5 23 0.026144188201699094
5 24 0.01173096005179464
5 25 -0.023979947939477973
5 26 0.021472382484696764
5 27 -0.0014506853055764827
5 28 0.036842844651453543
5 29 0.0038063553958812986
5 30 0.00758185189311036
5 31 0.08242259611923933
5 32 -0.03396530764465139
5 33 0.029665809059903313
5 34 0.03793863380103907
5 35 -0.002900523279951313
5 36 0.042106294917509605
5 37 -0.021511340605485037
5 38 0.04267494869932588
5 39 0.09411395106988565
6 6 0.0
6 7 0.01015330874055199
6 8 -0.012212634952126688
6 9 -0.027308225980070662
6 10 -0.07451023212510108
6 11 0.03273770726539705
6 12 0.03169376398348607
6 13 -0.09150618289331139
6 14 0.07582730707453789
6 15 0.1294132536567268
6 16 -0.15045712791678895
6 17 0.04232570061156238
6 18 0.10835070345086369
6 19 0.09627426309777486
6 20 -0.08629974852615854
6 21 -0.030853089018588166
6 22 0.1395773165130293
6 23 0.3487698802740281
6 24 0.12768586827060627
6 25 0.1854212857932067
6 26 0.06881456928997824
6 27 -0.054837030854558676
6 28 0.10857445124499472
6 29 0.09415020591995157
6 30 0.05336708741639806
6 31 0.038535228813167774
6 32 -0.17926796781442586
6 33 -0.06737867344129309
6 34 0.12377565049884882
6 35 -0.18453005309209414
6 36 0.07619590756520198
6 37 -0.22912055063993758
6 38 -0.2700224634687177
6 39 0.08283315620510563
7 7 0.0
7 8 0.04097182188055905
7 9 -0.005457150419140426
7 10 -0.001109712647997136
7 11 -0.06043959625076802
7 12 0.04662864429859421
7 13 0.0033762875194639714
7 14 0.05117844683456509
7 15 0.06900338934600696
7 16 -0.0394008058657309
7 17 -0.007250057249447791
7 18 0.05674507872778448
7 19 0.048342372491115726
7 20 0.04804264807118644
7 21 -0.008207211617533936
7 22 0.08679698700037328
7 23 -0.015665957221308154
7 24 0.01728992764293561
7 25 0.1072984290625818
7 26 -0.008955713956780789
7 27 -0.006611869921227097
7 28 -0.01814981194237777
7 29 -0.021244527582587228
7 30 -0.07488033891421662
7 31 -0.08122795267519053
7 32 0.0003767205966674467
7 33 -0.010582405383470838
7 34 -0.032862141183814066
7 35 -0.00994586633742046
7 36 0.0017184903445812256
7 37 -0.05526501466489194
7 38 -0.11850247316607325
7 39 0.08640299425014718
8 8 0.0
8 9 -0.02421288182499873
8 10 -0.0009083501929474507
8 11 0.020271439167774404
8 12 0.007657294977424618
8 13 -0.0004977658925862781
8 14 0.0744881581838133
8 15 0.07994004680819058
8 16 -0.009935993813623558
8 17 -0.040744715418384266
8 18 0.03626711428977457
8 19 0.04849119697990242
8 20 -0.13500289350324232
8 21 -0.0682712951264243
8 22 0.03825016059736119
8 23 0.06563670254237976
8 24 -0.007218845426119785
8 25 0.04710511416438105
8 26 0.030210908857232814
8 27 -0.03678059254441411
8 28 0.03681064118894918
8 29 -0.08223327091546426
8 30 -0.10255449555539878
8 31 0.0520809285347944
8 32 -0.03378242469266877
8 33 0.005550053993140942
8 34 -0.06128816229012418
8 35 -0.005260486847464556
8 36 -0.029756087200120997
8 37 -0.059375662820200695
8 38 -0.019134687705425858
8 39 0.05213874746020318
9 9 0.0
9 10 0.01103746942739706
9 11 0.010379751720159284
9 12 -0.014632063388776198
9 13 -0.006011046022703704
9 14 0.06142069264013069
9 15 -0.01028246460381509
9 16 -0.055569369702839135
9 17 -0.010038886626580206
9 18 -0.04106632612261467
9 19 0.01142895643447891
9 20 0.008031491240343974
9 21 -0.016812152224399416
9 22 -0.0039334184834807825
9 23 -0.0015907956310577617
9 24 0.018910771938246394
9 25 -0.031997974031712555
9 26 0.02203795955554171
9 27 -0.007153089312204134
9 28 -0.018483766225699992
9 29 0.017626693591347158
9 30 -0.023581527373056996
9 31 0.0089588447032256
9 32 -0.008679835283445759
9 33 0.025110064850218883
9 34 -0.02501809337147461
9 35 0.03672300921115761
9 36 0.011758932327073703
9 37 0.001905846674078045
9 38 0.06037825992555742
9 39 0.05689206003470328
10 10 0.0
10 11 -0.010353871061160983
10 12 -0.055427748216300456
10 13 0.016602770073264474
10 14 -0.015282992318181237
10 15 0.014354508492775458
10 16 0.05499199706832181
10 17 0.02500021494835475
10 18 -0.00891130061622508
10 19 -0.08646402933917191
10 20 -0.04191663276697667
10 21 -0.04853122424622015
10 22 -0.02920827859367705
10 23 -0.07476918498744621
10 24 0.01890892577104614
10 25 -0.006176469208584201
10 26 0.01013922330574882
10 27 0.004431552318203624
10 28 0.03485259521962525
10 29 -0.004396699802269619
10 30 0.0005443212624958207
10 31 0.013338697067861333
10 32 0.03564396264080375
10 33 0.027889413690525687
10 34 -0.020188016718519435
10 35 0.019322988381448587
10 36 -0.059989930273706485
10 37 0.01762733116957959
10 38 0.022980670506668625
10 39 -0.06277021993820367
11 11 0.0
11 12 -0.03358934550941182
11 13 0.0023417213920188815
11 14 0.0653795096462209
11 15 0.009765761704036353
11 16 -0.0384852340745086
11 17 -0.03328562440599555
11 18 -0.01881755280527298
11 19 -0.01195448492684618
11 20 -0.1729141732044867
11 21 -0.026595883536589336
11 22 -0.013626739786463369
11 23 0.1436708017050966
11 24 0.005329049969897417
11 25 -0.06856059051688917
11 26 0.029658473336443697
11 27 0.028366837112863287
11 28 0.035291547141652904
11 29 0.029934305435950943
11 30 0.002635342462479367
11 31 0.03472186423196378
11 32 -0.015781435821893938
11 33 -0.01635871116718549
11 34 -0.019038975150560924
11 35 0.055956788262017644
11 36 -0.032861562498664135
11 37 -0.0551185877228456
11 38 0.13950149305861753
11 39 -0.0010438815916010322
12 12 0.0
12 13 0.04797581718864945
12 14 -0.0044728038400785415
12 15 -0.004610716919355529
12 16 -0.03249872231673898
12 17 -0.02378796501711112
12 18 0.037029703304062064
12 19 0.183240671514473
12 20 0.07902186640717165
12 21 0.079776605266315
12 22 0.011052288423932482
12 23 -0.021729548799846503
12 24 -0.07680828554317591
12 25 0.08091361219799746
12 26 -0.05263305983389073
12 27 0.050989799554930784
12 28 -0.033609093063757624
12 29 0.015353915184340126
12 30 -0.03160052161274941
12 31 -0.04325971301978325
12 32 -0.025506818494227403
12 33 -0.03904762215602009
12 34 0.07290279628766139
12 35 -0.04255519598201699
12 36 0.11607609051357796
12 37 0.041440791686659026
12 38 -0.026388584685901495
12 39 0.06767013038585079
13 13 0.0
13 14 -0.047450655229407675
13 15 -0.007998866228530016
13 16 0.06868686416952194
13 17 -0.00022907796013386304
13 18 0.015837747179632256
13 19 0.05859522072800505
13 20 -0.039380628800522545
13 21 0.03317312323889297
13 22 -0.07039900478492786
13 23 -0.10883731799672276
13 24 -0.08537979980660161
13 25 0.02996802784321715
13 26 -0.0554210091298483
13 27 0.10821298914658857
13 28 0.026330966644413634
13 29 0.036729308019530185
13 30 -0.0028991212095234786
13 31 -0.025316315247122967
13 32 0.04340282367867944
13 33 -0.020076838647045563
13 34 0.0667687152880009
13 35 0.01323118875354935
13 36 0.02694725395791816
13 37 0.0893730750976374
13 38 0.10304797121343763
13 39 -0.07038951912994793
14 14 0.0
14 15 0.0883136316150045
14 16 -0.19057648702488766
14 17 -0.05188121588828576
14 18 -0.005745598255080098
14 19 0.09564985418488134
14 20 -0.14987062245647298
14 21 -0.0819548939353619
14 22 0.10383142620097688
14 23 0.1935950462378462
14 24 0.07577704334937171
14 25 0.015287920694482074
14 26 0.08535823326762479
14 27 -0.05673012657088461
14 28 0.008785448313508021
14 29 -0.022986214283774363
14 30 -0.13398374047503783
14 31 0.03541263668266009
14 32 -0.0817091288173118
14 33 0.02520164441732627
14 34 -0.10166522903172429
14 35 0.05436717676581806
14 36 -0.0008275936337080297
14 37 -0.16374429224642142
14 38 0.02561269399424172
14 39 0.24213338112429103
15 15 0.0
15 16 -0.06494054499970074
15 17 -0.03255972782526437
15 18 0.07135682394682932
15 19 0.02628847933366235
15 20 -0.12156464702536185
15 21 -0.1273446959329709
15 22 0.08922463946787663
15 23 0.15051872215621054
15 24 0.06118822714963362
15 25 0.16228213832456545
15 26 0.05856469985628445
15 27 -0.023953608146629272
15 28 0.07896101650716628
15 29 0.02209048856190523
15 30 -0.09485430696473227
15 31 0.0006093913467253795
15 32 -0.08377451169764598
15 33 -0.025940349909849798
15 34 -0.01922779759204051
15 35 -0.0635252084279698
15 36 -0.0232536263901603
15 37 -0.12036941908413268
15 38 -0.10261869390185704
15 39 0.006871854754994774
16 16 0.0
16 17 0.07148350151889284
16 18 0.015335473508848249
16 19 -0.12082263698364104
16 20 -0.011932832814213281
16 21 0.04041737250790427
16 22 -0.11594567117427639
16 23 -0.22127104989210017
16 24 -0.06894646206695862
16 25 -0.034647705270340945
16 26 -0.06903700113178411
16 27 0.05972478309525682
16 28 0.04756631413113707
16 29 -0.035102081256416194
16 30 0.09435307016893738
16 31 0.015877452710354803
16 32 0.11172610679307984
16 33 0.009700364642862487
16 34 0.05811821363036655
16 35 -0.00861387713438704
16 36 -0.06591467194755853
16 37 0.12761478015310698
16 38 0.021523799527878047
16 39 -0.20841273640715352
17 17 0.0
17 18 0.029724364852219732
17 19 -0.05307827450489686
17 20 -0.019794863992157418
17 21 0.03887334496310224
17 22 -0.01952298574963906
17 23 -0.077164707365582
17 24 0.030879057603859384
17 25 0.008231754346252802
17 26 -0.017900992976104254
17 27 0.008328839452031151
17 28 0.057155825920433154
17 29 -0.0035906780917583417
17 30 0.08946008089634708
17 31 0.02399296117738479
17 32 0.0352610970128897
17 33 0.020029603312642787
17 34 0.06634114999605768
17 35 -0.035848765135621394
17 36 -0.02144928321734329
17 37 -0.014638898484315719
17 38 -0.08754488548103065
17 39 -0.01682400583966603
18 18 0.0
18 19 0.03405700336961462
18 20 -0.05690447978100425
18 21 0.0025562075108821647
18 22 0.05294556125741062
18 23 0.0426181003621035
18 24 0.011942483229179192
18 25 0.1196831705661687
18 26 -0.014711235253099164
18 27 0.0239136099541334
18 28 0.05879127491556724
18 29 0.0075181187359689775
18 30 0.0003442750647821295
18 31 -0.032156312117234756
18 32 -0.014428769816339457
18 33 -0.03698877528431445
18 34 0.04945829313054116
18 35 -0.06226760816879419
18 36 -0.002204773297957546
18 37 -0.07161718531271885
18 38 -0.1276794451900254
18 39 0.0002344869908879923
19 19 0.0
19 20 0.011633818276670423
19 21 0.06064376310515268
19 22 0.011838505459351441
19 23 0.04979725776676171
19 24 -0.09814650680586776
19 25 0.1297233245126662
19 26 -0.023476895684787884
19 27 0.03756781592607537
19 28 -0.00871739907775986
19 29 0.008844121933268749
19 30 -0.10416557537547608
19 31 0.046899902850188725
19 32 -0.11726472301696253
19 33 -0.028206334755357616
19 34 0.10794551996134842
19 35 -0.08484550812267597
19 36 0.21320623199132455
19 37 0.0294790049737979
19 38 0.00047231806397031526
19 39 0.18677155820604288
20 20 0.0
20 21 0.12666687676442195
20 22 0.015710929242746474
20 23 -0.20739170655199293
20 24 -0.03930142676924493
20 25 -0.010352920536122691
20 26 -0.07397858008430955
20 27 -0.04230920721842879
20 28 -0.21463053735251542
20 29 0.015207735192786453
20 30 0.037592003803853954
20 31 -0.15667868962142584
20 32 0.038466752758780795
20 33 -0.004913176335255646
20 34 0.0010586153346718546
20 35 -0.027560689103068164
20 36 0.11178172143384554
20 37 0.16920642630047605
20 38 -0.12654475380495026
20 39 -0.005638494251646498
21 21 0.0
21 22 -0.03371493509847795
21 23 -0.10818904265135798
21 24 -0.07389919217461713
21 25 -0.05835909269552823
21 26 -0.0917296211669837
21 27 0.0707652132952222
21 28 -0.06698998189181302
21 29 0.00925735827660764
21 30 0.08967207809242192
21 31 -0.0724637605188915
21 32 0.07084666273433428
21 33 -0.024345363698745646
21 34 0.07446128008571545
21 35 0.023483062462261707
21 36 0.0638892490931146
21 37 0.07128963094875299
21 38 0.013972347104843384
21 39 0.03322029156046538
22 22 0.0
22 23 0.15327581643326899
22 24 0.08547195458651538
22 25 0.08214492066667106
22 26 0.03887908665880675
22 27 -0.06263338890513495
22 28 -0.018753995868647434
22 29 -0.010406098582524245
22 30 -0.05771232936989101
22 31 -0.06782858311878677
22 32 -0.04895110946592508
22 33 -0.021689240088135005
22 34 -0.06588807597166393
22 35 -0.015175316462286615
22 36 -0.018208635098081394
22 37 -0.15665381750896415
22 38 -0.16057099413469667
22 39 0.12860831805588352
23 23 0.0
23 24 0.12214216634199741
23 25 0.06037052226961348
23 26 0.11796300481532267
23 27 -0.07447134401698982
23 28 0.05797869180206304
23 29 0.05797563174270178
23 30 -0.05082438154318982
23 31 0.03742716798374611
23 32 -0.17209576482485853
23 33 -0.062236448594608904
23 34 -0.04245129997779405
23 35 -0.04204677265358557
23 36 -0.003776919638996046
23 37 -0.2651837370204061
23 38 -0.06210157058622336
23 39 0.11729452642349776
24 24 0.0
24 25 0.020161110726731962
24 26 0.06964197360946749
24 27 -0.0802332215867467
24 28 0.0320712091415221
24 29 0.005209312479142131
24 30 0.006312689455745421
24 31 0.008507368637716665
24 32 -0.03808263822392853
24 33 0.018779636961456948
24 34 -0.05286981648645742
24 35 -0.013926113239147404
24 36 -0.06451922030805446
24 37 -0.13975634706764467
24 38 -0.11891784864975241
24 39 0.05280674428415659
25 25 0.0
25 26 0.006242930626878472
25 27 0.012436464120468903
25 28 0.08378721173278893
25 29 0.04752219155093794
25 30 -0.06539785367187297
25 31 -0.02588641621100256
25 32 -0.09496196358197259
25 33 -0.04779852669927191
25 34 0.09362413540270012
25 35 -0.15457950371572957
25 36 0.06889931107625301
25 37 -0.06629750169112472
25 38 -0.21347483720560004
25 39 0.0009387161573413564
26 26 0.0
26 27 -0.07298953779230113
26 28 0.029314717944952724
26 29 -0.012215428004648466
26 30 -0.04277531424747647
26 31 0.0655689074704862
26 32 -0.06483125300813317
26 33 0.023426735288525003
26 34 -0.052104078950553454
26 35 -0.012915782094635666
26 36 -0.025221185956045535
26 37 -0.07831292142178604
26 38 -0.02241498248339754
26 39 0.04265064837459735
27 27 0.0
27 28 0.02110273481691729
27 29 0.08421748107694754
27 30 0.041513907880186884
27 31 -0.07881786874072241
27 32 0.06504834188344973
27 33 -0.047559004011447956
27 34 0.08694829218261597
27 35 0.03691839436264778
27 36 0.01942896329877349
27 37 0.06735367232671031
27 38 0.12425165441362189
27 39 -0.08192278197649122
28 28 0.0
28 29 0.019357562820490348
28 30 0.021986951169980156
28 31 0.09204238839844923
28 32 -0.03756237059964228
28 33 -0.0006445076968568476
28 34 0.07482925438829084
28 35 -0.07081119674319566
28 36 -0.03023763840530013
28 37 -0.06392489667339471
28 38 -0.038271635002070904
28 39 -0.06064658335613563
29 29 0.0
29 30 0.05041811062379581
29 31 -0.06891610392822703
29 32 -0.017223361247798243
29 33 -0.05182045746191927
29 34 0.08404506838914352
29 35 -0.016680546231720557
29 36 0.03837773778096739
29 37 0.006101749089646997
29 38 0.04653470615347883
29 39 -0.07791393931507237
30 30 0.0
30 31 -0.010863967353624123
30 32 0.05671970719085253
30 33 -0.014220723991548825
30 34 0.09523519167553837
30 35 -0.0191468775934518
30 36 -0.016534054700261525
30 37 0.031593250623290645
30 38 -0.019694210908546946
30 39 -0.11263355919118676
31 31 0.0
31 32 -0.08495411033424582
31 33 0.06284686337661981
31 34 0.029098820883998105
31 35 -0.0700230361707185
31 36 0.02494102292663164
31 37 0.007536086982959489
31 38 0.022930990481840677
31 39 0.01555277166514606
32 32 0.0
32 33 0.007896683735044905
32 34 -0.02832508012587175
32 35 0.09901125209989053
32 36 -0.07792166924654956
32 37 0.06701667934383204
32 38 0.07663725266554451
32 39 -0.06725141052237049
33 33 0.0
33 34 -0.038203039103022696
33 35 0.018006678434799462
33 36 -0.019050817757532555
33 37 0.015791288735861962
33 38 0.012425051503882482
33 39 0.038185594776411605
34 34 0.0
34 35 -0.11598830531183253
34 36 0.10618971853038943
34 37 0.06270121729047333
34 38 -0.04097262161342846
34 39 -0.07929945984183398
35 35 0.0
35 36 -0.0817814829296585
35 37 0.009504734845912374
35 38 0.1873464386454016
35 39 0.03989506208149428
36 36 0.0
36 37 0.07104911207545409
36 38 -0.013727402624105526
36 39 0.07064347319654092
37 37 0.0
37 38 0.15135939943045365
37 39 -0.1476988527767091
38 38 0.0
38 39 -0.07002060651418893
39 39 0.0
