0 0 0.0
0 1 0.08875398137161165
0 2 -0.06609772454470716
0 3 -0.03575911034964872
0 4 -0.024521468323372937
0 5 0.03611645263141175
0 6 -0.1332326799487164
0 7 0.1043871157279997
0 8 -0.034557846912094584
0 9 0.051262915335027325
0 10 -0.035069656887515004
0 11 0.036819767850150634
0 12 0.09829877304867271
0 13 -0.11205446035318853
0 14 0.014917964292369985
0 15 0.06560023571432047
0 16 0.053620240778412
0 17 -0.12243216655329307
0 18 -0.034355302723902865
0 19 -0.0732726022228662
0 20 -0.04199024791389733
0 21 0.026827224205781507
0 22 -0.01558196657720214
0 23 -0.016275076492040706
0 24 -0.0019850454762939222
0 25 0.02341737954560049
0 26 -0.03542860511239572
0 27 0.061090812475766844
0 28 -0.0222675941712212
0 29 -0.08274671493838082
0 30 0.14918139481592763
0 31 0.022239483931398463
0 32 -0.0233224857855216
0 33 0.058938044917591505
0 34 0.031034764420223765
0 35 0.12000750429254614
0 36 -0.04889381197180594
0 37 0.01681290678759763
0 38 -0.025199044733716574
0 39 0.03401665539964801
1 1 0.0
1 2 -0.3343123920859285
1 3 -0.1631668573251576
1 4 -0.06654417056981796
1 5 0.22905821268734866
1 6 0.15989320238006757
1 7 -0.175366366217222
1 8 0.04845975840936179
1 9 0.07410063098708722
1 10 0.0016468501131164863
1 11 -0.046299102684264834
1 12 0.07465742420218793
1 13 -0.016822105643532422
1 14 -0.057843443354387666
1 15 0.14232731029560988
1 16 0.004436975135803056
1 17 -0.13993734720916734
1 18 0.046658740874851744
1 19 0.10339261379550402
1 20 0.0638279336384814
1 21 -0.04338410475982235
1 22 -0.07810643821811916
1 23 0.17394171415926257
1 24 -0.05270259499023831
1 25 0.017117158922998726
1 26 -0.25689233177296583
1 27 0.01811456097448073
1 28 -0.08398561790796902
1 29 -0.0065167210865339125
1 30 -0.03736533536705493
1 31 -0.1112706513089728
1 32 -0.09227031710385411
1 33 -0.02485704354234034
1 34 -0.1440296151524841
1 35 0.09383805643106499
1 36 -0.15219573371519693
1 37 -0.020243549523543757
1 38 -0.10465797012306563
1 39 0.09025653883927387
2 2 0.0
2 3 -0.008049292542641018
2 4 0.008529051375309144
2 5 -0.3251134192625912
2 6 -0.12481443543935426
2 7 0.23003661768985945
2 8 -0.11102397821443655
2 9 0.058650539670410506
2 10 -0.1683585913043451
2 11 0.07338053525693151
2 12 0.027892287495865874
2 13 0.23915456634823867
2 14 -0.047237276413145915
2 15 0.07311495803870613
2 16 0.11024203027714749
2 17 0.17147410838257154
2 18 -0.13126651371000958
2 19 -0.07474356542917807
2 20 0.0006552963315914118
2 21 -0.01862675052812951
2 22 0.2144172994316489
2 23 -0.11216688194546724
2 24 -0.055169524540691385
2 25 0.14554690520181038
2 26 0.09806402727261153
2 27 -0.0063148838484100535
2 28 0.13741592906647135
2 29 0.17086418975583248
2 30 0.05921886065467082
2 31 0.1577601351083597
2 32 0.07298102749943697
2 33 0.07482792024393639
2 34 0.09862921720869577
2 35 -0.1412439559988048
2 36 0.1772646805998355
2 37 0.02079584610138051
2 38 0.20205978248227702
2 39 -0.2530711851036716
3 3 0.0
3 4 0.06114517524102005
3 5 0.04268999226044208
3 6 0.058174347914499006
3 7 -0.009274725811470392
3 8 -0.04254228745760687
3 9 0.04398887095880387
3 10 0.0791353722198691
3 11 -0.007145211362898085
3 12 0.15729792007314
3 13 -0.09745743926068132
3 14 0.023629627628700686
3 15 -0.1300400587668796
3 16 -0.15288099316473874
3 17 0.1770224942872672
3 18 0.006344361520982897
3 19 -0.020376377312884695
3 20 0.09106709490279823
3 21 -0.1181439088064491
3 22 -0.15890182055719898
3 23 -0.13804484613856066
3 24 0.06485607773454304
3 25 -0.13085398963653458
3 26 0.10086554787123643
3 27 -0.042525693690981956
3 28 -0.02254253161897108
3 29 -0.02384132524313217
3 30 0.020045216169818397
3 31 0.035523025046011736
3 32 -0.05086119274528279
3 33 -0.09707564082327161
3 34 -0.07039304430132629
3 35 0.061486539192612356
3 36 0.10764579828010667
3 37 0.0029175864332738966
3 38 -0.004337489506914859
3 39 0.05212388407585596
4 4 0.0
4 5 0.0703117951445698
4 6 0.0005224618331086876
4 7 -0.06798024472615963
4 8 0.004410186007154646
4 9 0.04963528157453677
4 10 0.2100106738867924
4 11 -0.015223633346568599
4 12 -0.029706659098680414
4 13 0.11416092160993967
4 14 0.0039373532518531705
4 15 0.012896841659769773
4 16 -0.13362279179045627
4 17 -0.03402137978292052
4 18 0.10118611169948695
4 19 -0.11592610322427419
4 20 0.017926603334637997
4 21 0.018811663379411626
4 22 -0.050317674512762735
4 23 -0.10213220438185933
4 24 -0.16326008571252276
4 25 -0.04889339784290746
4 26 0.08163860103700901
4 27 0.04397221850842958
4 28 0.07372184588910088
4 29 0.007706678475632606
4 30 0.03318823447783437
4 31 0.18006965742209577
4 32 0.04199715096127101
4 33 0.031804830748237936
4 34 -0.04717838218071212
4 35 -0.06323772677113235
4 36 0.078011585783745
4 37 -0.061692978159649636
4 38 -0.10850172295631728
4 39 0.002430787964098139
5 5 0.0
5 6 0.17790335605225713
5 7 -0.2584183138544516
5 8 -0.018051579552951648
5 9 0.07499493998275455
5 10 0.22553886801140757
5 11 -0.12833730786307845
5 12 -0.021177736403076505
5 13 -0.0975055036063174
5 14 0.02595184767569126
5 15 -0.1343238767159816
5 16 -0.16478946014520646
5 17 -0.09306827060878328
5 18 0.04772377143351263
5 19 0.03079019633288265
5 20 -0.1341093939860434
5 21 0.011828445570250215
5 22 -0.29517564364022647
5 23 0.12796769119585402
5 24 -0.006775395671872851
5 25 -0.1567405056273779
5 26 -0.028137774701563822
5 27 0.15704800533375537
5 28 -0.1168069558007873
5 29 -0.01652369061015419
5 30 -0.08438089634837144
5 31 -0.06497439654959364
5 32 -0.0654001393523962
5 33 -0.056778724753166455
5 34 -0.12701588069388928
5 35 0.05728488328525714
5 36 -0.060974122089085946
5 37 -0.07860444626558087
5 38 -0.12186760369049696
5 39 0.2575329029642002
6 6 0.0
6 7 -0.17227309032764085
6 8 0.10638054416549211
6 9 0.07227906530263654
6 10 0.18198300752976987
6 11 -0.04844254468784027
6 12 -0.034119735584890364
6 13 0.009990635458205359
6 14 0.01797033304099552
6 15 -0.13957091229115667
6 16 -0.1943262048310191
6 17 0.04024544839275825
6 18 0.07820716064309767
6 19 0.05670592876986134
6 20 0.03777692612628194
6 21 0.058752382953031965
6 22 -0.16190770755669862
6 23 0.16675658217226258
6 24 -0.078456946736762
6 25 -0.10370292632044784
6 26 -0.0795180202988639
6 27 -0.07106558456671586
6 28 -0.07019102858755519
6 29 0.055310878738920655
6 30 -0.25157326152673726
6 31 -0.010082861766217841
6 32 -0.055964701950611796
6 33 -0.19149432691017682
6 34 -0.16375466047081427
6 35 0.04838352339051533
6 36 0.07309124264583618
6 37 -0.010307943682031005
6 38 0.05591253177976657
6 39 0.12659584582354128
7 7 0.0
7 8 -0.05848980567210306
7 9 0.05791346255129885
7 10 -0.13352721145205784
7 11 0.1463555803666819
7 12 0.12722261894876102
7 13 -0.03203561271159375
7 14 0.036892676201140645
7 15 0.20974167360569185
7 16 0.154848964137032
7 17 0.014619863484301979
7 18 -0.19520735582842613
7 19 0.11369824030937206
7 20 -0.06457729394933495
7 21 -0.13494367545464586
7 22 0.14826003284964515
7 23 -0.1260918059850683
7 24 0.09212662159971005
7 25 0.13035687649440528
7 26 0.1329168640656205
7 27 -0.014950266028918507
7 28 0.026771061819667347
7 29 0.05598688949516413
7 30 -0.02135281762869564
7 31 0.22810380373010788
7 32 0.1590399634151281
7 33 0.047820883713398446
7 34 0.09277634145626353
7 35 -0.004999794419182022
7 36 0.019075114323250826
7 37 0.2136904745498831
7 38 0.13196336156122176
7 39 -0.042257814727644775
8 8 0.0
8 9 -0.19987735350823585
8 10 0.08781596918548282
8 11 0.07794297455314428
8 12 -0.005155956221752156
8 13 -0.12323968305738497
8 14 0.048135126244961586
8 15 -0.01208522435579271
8 16 -0.02439711449666215
8 17 -0.09943456599818984
8 18 0.1670671362375657
8 19 0.0017624087079708406
8 20 0.15797850700566674
8 21 0.02830140323097611
8 22 0.04501651115946484
8 23 0.0686464821432856
8 24 -0.0628317442387843
8 25 -0.06543120732585106
8 26 0.039176467995380895
8 27 -0.18114224571798626
8 28 0.13299339939350335
8 29 -0.10890741535541626
8 30 -0.06719521520828549
8 31 -0.09505403679734775
8 32 -0.02086092307831582
8 33 -0.06141184614815447
8 34 0.03411304343870199
8 35 0.07170008906147586
8 36 -0.03595488008952664
8 37 0.05311205566352565
8 38 -0.013818066229642925
8 39 0.16450576085868737
9 9 0.0
9 10 -0.0019204669509142191
9 11 -0.03150543498830258
9 12 0.15541015575389416
9 13 0.13521659339726902
9 14 -0.011292570745183646
9 15 0.0666362824808496
9 16 -0.06946481358050248
9 17 0.006967461316003604
9 18 -0.052910932209623195
9 19 -0.1094799672889123
9 20 -0.14144132164735176
9 21 -0.04552396204389493
9 22 -0.10158026733036503
9 23 0.031635101867622986
9 24 -0.07992132867873722
9 25 0.10782054758175463
9 26 -0.13441740693849943
9 27 0.14575718752369787
9 28 -0.08306230913500448
9 29 0.06639570205972728
9 30 -0.04119241513212642
9 31 0.11945046399918154
9 32 -0.14729739472161582
9 33 -0.019100536735427463
9 34 -0.035185133298810504
9 35 0.052490022629561
9 36 0.02598931405544021
9 37 -0.000874234941544964
9 38 0.017288330903489822
9 39 -0.17589585862059626
10 10 0.0
10 11 -0.11805599080640002
10 12 -0.030202390428517727
10 13 -0.01603086079493348
10 14 0.059298875313179525
10 15 -0.16138465814692543
10 16 -0.19189653126023032
10 17 -0.03469023928096944
10 18 0.15484914046366843
10 19 0.04674119851127916
10 20 -0.03688963372227396
10 21 0.17599771205688297
10 22 -0.0857844253772974
10 23 -0.03306699523742974
10 24 -0.04854779971603653
10 25 -0.11655438259385123
10 26 0.07156766824280927
10 27 0.012953758151655097
10 28 -0.04104218312943272
10 29 -0.06206372174123036
10 30 -0.19013038527708034
10 31 0.14793505897979914
10 32 -0.03500623719061417
10 33 -0.035113194453167205
10 34 -0.11899410264116854
10 35 0.0618569082692411
10 36 -0.09457538026828269
10 37 -0.15891082896497916
10 38 -0.16400400961900125
10 39 0.2449881192160081
11 11 0.0
11 12 -0.005757684745393227
11 13 0.01618412753839691
11 14 0.03469533995913583
11 15 0.24674037026773163
11 16 0.11144238029529932
11 17 0.09223930041616138
11 18 0.0547769453289809
11 19 -0.05343038641143312
11 20 0.08261765107229686
11 21 -0.0689221598668198
11 22 0.1037510739501786
11 23 -0.0900468446286086
11 24 0.0914463940378064
11 25 -0.13666996047010332
11 26 0.11724802099104914
11 27 -0.05341095167250779
11 28 -0.08596482834254074
11 29 -0.006584693803098044
11 30 0.10558893675380465
11 31 0.08517570126610229
11 32 -0.21752334325957104
11 33 -0.012329908631211056
11 34 0.027755005431644615
11 35 0.08426629245988948
11 36 -0.019753440730388504
11 37 -0.06229917342447504
11 38 0.15562401722970862
11 39 -0.1361015903008484
12 12 0.0
12 13 -0.08096700313312107
12 14 -0.04853402976647264
12 15 0.03821493212144975
12 16 -0.026364550912527162
12 17 0.09331980200273701
12 18 -0.04220874708928908
12 19 0.013962815424932634
12 20 0.18048816981462973
12 21 -0.2900904705043905
12 22 -0.0437394086707195
12 23 -0.12960636924846186
12 24 0.015182350896498203
12 25 0.027434216552861573
12 26 -0.024947011802354944
12 27 -0.0028503509754017227
12 28 0.0473717542480905
12 29 -0.02612867072672056
12 30 0.06626740161212942
12 31 -0.047447370245595165
12 32 -0.14423889505457338
12 33 -0.023535633152686763
12 34 0.014628164669875788
12 35 0.18761086222073223
12 36 -0.021807306215061068
12 37 0.08284898694635875
12 38 -0.01937935154394184
12 39 0.05483854368557432
13 13 0.0
13 14 -0.07245743375965616
13 15 0.15792587407428565
13 16 0.011680059625286522
13 17 0.0808779747034762
13 18 -0.037110761713904705
13 19 -0.015277000006421234
13 20 -0.0035145967539385466
13 21 -0.03393112739308686
13 22 0.1650165358324276
13 23 0.020963120315084134
13 24 -0.0681752539777462
13 25 0.1086941095254343
13 26 -0.09436811890660995
13 27 0.14179760128922922
13 28 0.05527439574975636
13 29 0.16208823560418908
13 30 -0.04767271111087837
13 31 0.05179043027399336
13 32 0.02570008885281892
13 33 0.10728803586529874
13 34 -0.038539609294738875
13 35 -0.23458840861301128
13 36 0.014541205039574614
13 37 -0.10254872243677424
13 38 0.06782178247148271
13 39 -0.17878442692144078
14 14 0.0
14 15 -0.014690452567886161
14 16 -0.02664016696831235
14 17 -0.026722557114201663
14 18 0.030016411630992872
14 19 0.001717007784889599
14 20 -0.07203017940922465
14 21 0.05209070697283676
14 22 -0.03631294514347991
14 23 0.027623027758690223
14 24 0.03683333979589385
14 25 -0.05483025057284903
14 26 0.01951820294430619
14 27 -0.03224124400145533
14 28 -0.01624719743074629
14 29 -0.04884784298957749
14 30 -0.04524800122529604
14 31 0.06121862305693656
14 32 -0.010875086187411913
14 33 -0.02280902363941661
14 34 -0.025183097638979142
14 35 0.00839199118898446
14 36 -0.0008565341831263103
14 37 0.014514676163893297
14 38 0.011329627028503313
14 39 0.039757966698034636
15 15 0.0
15 16 0.13752837074830687
15 17 0.02903493943580577
15 18 -0.04975889993617688
15 19 0.08063823251560087
15 20 0.05220173534341295
15 21 -0.17602493493901944
15 22 0.1536086309216606
15 23 -0.03440803253973537
15 24 0.07537516428929077
15 25 0.07726114438667811
15 26 -0.015194582213535696
15 27 0.003593718549517463
15 28 0.03586337208005376
15 29 0.07436284455879066
15 30 0.0858423191543269
15 31 0.1369196880410212
15 32 -0.025428050759765397
15 33 0.09590255459792722
15 34 -0.048495547750265725
15 35 -0.11585648414283793
15 36 -0.0706071177983264
15 37 -0.0011545660647932843
15 38 0.04444775313963809
15 39 -0.16073198153212548
16 16 0.0
16 17 0.0017711847746132217
16 18 -0.027807400886420586
16 19 0.02981500842598906
16 20 -0.04655902093448074
16 21 0.0026240660293520056
16 22 0.21695855218726687
16 23 -0.08331526139525296
16 24 0.078157003830814
16 25 0.0435868593688858
16 26 -0.003542508107508029
16 27 -0.003152967118386452
16 28 -0.09020240861873942
16 29 -0.003462745239249931
16 30 0.019280202709530337
16 31 -0.03766474307686274
16 32 -0.0794575562351951
16 33 0.08157870251389639
16 34 0.14891502977719787
16 35 0.06060279010694419
16 36 -0.13706670124819545
16 37 0.031227431630050394
16 38 0.06829237230832233
16 39 -0.15361900483696503
17 17 0.0
17 18 -0.035947896196282775
17 19 0.0635426682657687
17 20 0.19748884432401254
17 21 -0.12391797501367456
17 22 0.029261364742531
17 23 -0.2361935177500804
17 24 0.2079424989667865
17 25 -0.10617512468872972
17 26 0.06978931602248414
17 27 -0.0966272084017219
17 28 -0.07576745264278163
17 29 0.0730066590848869
17 30 -0.009895218195376622
17 31 -0.005122085473224318
17 32 -0.03730502841534345
17 33 -0.07475629926677445
17 34 -0.13157606112548162
17 35 -0.05685154512877855
17 36 0.06259032138232783
17 37 -0.06185489184407249
17 38 0.10402540108777485
17 39 -0.1177802054127993
18 18 0.0
18 19 -0.10811196545422226
18 20 0.05685573336136501
18 21 0.1073800203682261
18 22 0.006207406466129893
18 23 -0.02891789723461411
18 24 -0.08467162572257654
18 25 -0.14049021133847497
18 26 -0.027640604802903396
18 27 -0.09696717280099817
18 28 -0.05028234232792832
18 29 -0.11680123815093361
18 30 -0.04434510319414054
18 31 -0.011597912218524447
18 32 -0.21678761187157097
18 33 -0.04777073349551168
18 34 0.0047872101607671315
18 35 0.1350029720299263
18 36 -0.0655726225495217
18 37 -0.08600536619179935
18 38 -0.06612302767452002
18 39 -0.02346419245483715
19 19 0.0
19 20 -0.06859869779192171
19 21 -0.22416837961779912
19 22 0.0004437202888025606
19 23 0.09479228939051156
19 24 0.18047403750637744
19 25 0.00010862672638163035
19 26 0.03247695493622611
19 27 -0.025769447298338088
19 28 -0.014278343137867768
19 29 0.11873768684226589
19 30 -0.23316583973376495
19 31 0.056052813344096876
19 32 0.0641602204280051
19 33 -0.0059650792622029224
19 34 -0.0936321777149525
19 35 -0.13165058557789958
19 36 -0.10954913228466845
19 37 0.06265087932277064
19 38 -0.021505150526869448
19 39 0.16037888173170062
20 20 0.0
20 21 -0.07847740995849337
20 22 0.08574492441248696
20 23 -0.21881061077365377
20 24 0.029680425050723287
20 25 -0.010209127953324956
20 26 0.022462103346905314
20 27 -0.18814548254300972
20 28 0.13596148089117854
20 29 -0.0667198419003046
20 30 0.1812397433594449
20 31 -0.2075353606227639
20 32 0.12310386343252058
20 33 -0.05850955040459358
20 34 -0.0766905847155219
20 35 0.026400427999015187
20 36 0.060641234150172973
20 37 -0.008164546508745296
20 38 -0.005703387313078857
20 39 0.042941492354826846
21 21 0.0
21 22 0.05383584481620156
21 23 0.026773257876087288
21 24 -0.10704339933983438
21 25 0.019739505411530835
21 26 -0.07238645645939461
21 27 -0.05935465874374982
21 28 -0.06686294443301055
21 29 -0.12099393503806621
21 30 0.020256889051103653
21 31 0.016770838615996465
21 32 0.09330418608169103
21 33 -0.010938463022570009
21 34 -0.0016641377771870129
21 35 0.05950436601697991
21 36 0.01945004042595653
21 37 -0.1090223958784146
21 38 -0.007307424634007817
21 39 -0.05128537878696558
22 22 0.0
22 23 -0.09718995558984003
22 24 0.027300057854959925
22 25 0.10615702514145078
22 26 -0.036935131385177275
22 27 -0.035476385175605585
22 28 0.04175985207369984
22 29 -0.00637229948315649
22 30 0.0040038355617825535
22 31 -0.032978837622644114
22 32 0.02022358517995454
22 33 0.11943721432089875
22 34 0.11638305307187594
22 35 -0.04781747453520502
22 36 -0.10872713754545404
22 37 -0.009629827099051688
22 38 0.07981427119081493
22 39 -0.14718700648142527
23 23 0.0
23 24 -0.09194294579568332
23 25 0.07247945526109176
23 26 -0.15528368948490195
23 27 0.07422595608723273
23 28 0.0687470520799004
23 29 0.05919164829451597
23 30 -0.12800454441096157
23 31 -0.0369723309814379
23 32 -0.024776936577698014
23 33 -0.0020739927169176045
23 34 -0.023758030008452988
23 35 -0.09234077957264121
23 36 -0.0020142571902323054
23 37 0.01421762928671565
23 38 0.023242992198297435
23 39 0.10796435873242964
24 24 0.0
24 25 -0.08913185855149183
24 26 0.037239171626937254
24 27 -0.010870097402818054
24 28 -0.1115314202276797
24 29 -0.023213629215285175
24 30 -0.02323417207924908
24 31 -0.08801228409808276
24 32 0.0022881520211731872
24 33 0.0004980069029100288
24 34 -0.0836186455055
24 35 -0.05636850321749676
24 36 -0.11631227770644481
24 37 -0.024542719106828412
24 38 0.0525389247174064
24 39 0.04745775905045236
25 25 0.0
25 26 -0.06009469632182553
25 27 0.023777129912145433
25 28 0.18290860242587076
25 29 0.06939670229272123
25 30 0.05528986579630028
25 31 -0.004528736334333666
25 32 0.23274092046738543
25 33 0.0845017798889476
25 34 0.08183159302479061
25 35 -0.13496036729277036
25 36 0.02688350056841094
25 37 0.08602192393535416
25 38 -0.042671008336969955
25 39 -0.09657752707574804
26 26 0.0
26 27 -0.03577159085089165
26 28 0.04081139308628438
26 29 0.05768220983405313
26 30 0.07104186558551101
26 31 0.12354582409212775
26 32 0.05809140770186387
26 33 -0.02655796037085913
26 34 0.10354205395228659
26 35 0.0020239695654882335
26 36 0.07211309624464649
26 37 -0.008322901378349368
26 38 -0.01029493402558073
26 39 0.05546547937473654
27 27 0.0
27 28 -0.061752907470519
27 29 0.05878917323166379
27 30 0.014935698263591656
27 31 -0.05517013169651656
27 32 -0.028431314232367895
27 33 0.11671860326808381
27 34 0.06007348785469141
27 35 -0.044119961564563714
27 36 -0.07634096486668898
27 37 -0.06283025306055368
27 38 -0.0010164644107403535
27 39 0.06051535744465446
28 28 0.0
28 29 0.028187912239329045
28 30 0.11061941476739903
28 31 -0.013825986305216434
28 32 0.27610828803730036
28 33 0.0668919526275215
28 34 0.010024300855214946
28 35 -0.2076370511914663
28 36 0.1332698021381759
28 37 0.08086724835006792
28 38 -0.04663729071019291
28 39 0.08299332346669983
29 29 0.0
29 30 -0.06329618318219007
29 31 0.11115614218895205
29 32 0.051228680652768
29 33 0.005628824518198603
29 34 -0.028023068811773327
29 35 -0.14641578562199226
29 36 0.08055461330130118
29 37 0.0007218390346999183
29 38 0.06150591547349747
29 39 -0.06367626754829966
30 30 0.0
30 31 -0.05653605152293441
30 32 0.06365326773992122
30 33 0.08569978615106623
30 34 0.046542769865518016
30 35 0.017732323723573345
30 36 0.10313660448430528
30 37 -0.0808928660697083
30 38 -0.029652625976407755
30 39 -0.09994927626060088
31 31 0.0
31 32 -0.03306848077111047
31 33 0.0021961652898349502
31 34 -0.0844155539051199
31 35 -0.051162232184652566
31 36 0.11551398267398261
31 37 -0.00820311838342941
31 38 -0.0008423927717540489
31 39 -0.14105265820127277
32 32 0.0
32 33 0.05381273333662321
32 34 -0.09392906319038809
32 35 -0.34993565849691866
32 36 0.18438340622039318
32 37 0.18344738670220395
32 38 -0.04168241694563065
32 39 0.19265471597187686
33 33 0.0
33 34 0.05782622060340341
33 35 -0.09737928721784411
33 36 -0.06773898212374797
33 37 -0.03450401908143578
33 38 -0.0287320690782491
33 39 -0.022989276294199775
34 34 0.0
34 35 0.12770235721213513
34 36 -0.06496512898781454
34 37 0.05417950052761219
34 38 0.010624213926874279
34 39 -0.07282790796489716
35 35 0.0
35 36 -0.10233290344930324
35 37 -0.008463182954718651
35 38 -0.00281869584958192
35 39 0.003714010082557285
36 36 0.0
36 37 0.0635959945770529
36 38 0.07505755334854144
36 39 -0.05319443647676625
37 37 0.0
37 38 0.033931452116079765
37 39 0.0568915031376908
38 38 0.0
38 39 -0.07689273241544167
39 39 0.0
