0 0 0.0
0 1 -0.020550689790985763
0 2 -0.09594350774493891
0 3 0.06144999262425059
0 4 -0.047215441282649755
0 5 -0.09008871607098407
0 6 -0.03366857965405691
0 7 0.015704845597645657
0 8 -0.02769361435286356
0 9 -0.025158211679278987
0 10 -0.03896235264107798
0 11 -0.01906913332446237
0 12 -0.01196062196494645
0 13 -0.08656732482836171
0 14 -0.048542281733338015
0 15 -0.027686193363916367
0 16 0.045378781558917544
0 17 -0.03846035736995208
0 18 -0.039859469236816034
0 19 0.025953548261043503
0 20 0.1037537414005496
0 21 0.021684227578130523
0 22 0.02623808762650904
0 23 0.021144983082085244
0 24 0.007773911859666173
0 25 -0.05010859685005311
0 26 0.032779751655100456
0 27 -0.018839995145983973
0 28 -0.03205639911370138
0 29 0.1065433530803073
0 30 -0.0651834504877478
0 31 0.04654385600600587
0 32 -0.07337655332146795
0 33 -0.006822973917119846
0 34 0.10491714657563538
0 35 -0.039308480196871026
0 36 -0.03265227487898374
0 37 -0.11338077225005463
0 38 0.013406000145466977
0 39 0.0035692134004817857
1 1 0.0
1 2 -0.026725826904362232
1 3 0.014951344959267854
1 4 -0.08053422566105903
1 5 0.05634117749110139
1 6 0.007048227727515277
1 7 -0.06210450868390201
1 8 0.020700608851062945
1 9 0.009507341865920785
1 10 -0.036831415109365065
1 11 0.027910266413162722
1 12 -0.015232740718520002
1 13 -0.049759763378415735
1 14 0.009976759414862873
1 15 -0.012709340685097992
1 16 -0.06928699760758607
1 17 0.03695880582760776
1 18 -0.060475497544571245
1 19 0.0880551042801188
1 20 0.0399310011642357
1 21 -0.023904037873706777
1 22 0.06344038467561355
1 23 -0.005063333346775094
1 24 -0.000944810288958366
1 25 -0.018866904533950297
1 26 0.05148949010593501
1 27 0.07903161792792932
1 28 0.011647691394455251
1 29 0.00209119474840596
1 30 0.005173676703337642
1 31 0.06279378141440387
1 32 0.068762816345014
1 33 -0.06240539626817519
1 34 -0.00995199654795928
1 35 -0.04223570590981167
1 36 0.04335552954077264
1 37 0.04883902748066468
1 38 -0.004513223097315713
1 39 0.01599817557784471
2 2 0.0
2 3 -0.1409002986853502
2 4 0.05577051115028535
2 5 0.03981910071390835
2 6 -0.03928644857119444
2 7 -0.02808459472970885
2 8 0.09584816225647644
2 9 0.09954843750439914
2 10 -0.06049459570528748
2 11 0.02513046819590916
2 12 -0.07346868736200654
2 13 0.11333599632957676
2 14 0.08455791281580347
2 15 0.029667899952109243
2 16 -0.03797705657867085
2 17 -0.04934682326985187
2 18 0.06887190752162839
2 19 0.04711217135059574
2 20 -0.09773787364315169
2 21 -0.0393492875636431
2 22 -0.0743487405205472
2 23 -0.040616251324886575
2 24 0.014933721462445681
2 25 0.028875899442644813
2 26 0.05435363681832371
2 27 -0.0037254649705893233
2 28 0.08960417523245467
2 29 -0.027657198629425984
2 30 -0.036289864912628755
2 31 0.0013331265241639078
2 32 -0.09857583004937734
2 33 0.015146391240947996
2 34 -0.052089633334458506
2 35 0.05251870655582499
2 36 0.010111611654328048
2 37 0.12328653693277507
2 38 0.0656874181077987
2 39 0.008088273021300491
3 3 0.0
3 4 -0.040323257921075405
3 5 -0.05864184019791545
3 6 0.052433860253941755
3 7 -0.04096209840839466
3 8 -0.09623285609003784
3 9 -0.10449770972097125
3 10 0.1285460448256372
3 11 0.01958225367303744
3 12 0.02755186128475511
3 13 -0.1606299557327217
3 14 -0.029850173341677028
3 15 -0.04582221029112111
3 16 0.03106880224973473
3 17 0.013951569351126177
3 18 -0.07614617619124325
3 19 -0.014301993446131162
3 20 -0.00693468473646276
3 21 0.05318486124471491
3 22 0.049693909562561145
3 23 0.03799564854272577
3 24 0.04109341191772399
3 25 -0.045928233575284645
3 26 -0.18402726073534736
3 27 -0.04530171093966269
3 28 -0.08675091992935839
3 29 -0.04951133470353143
3 30 -0.010275928291369732
3 31 0.030599420549232082
3 32 0.09264754558539626
3 33 -0.0396971219645192
3 34 0.04491058101234386
3 35 0.06827052718045923
3 36 0.012661332279543774
3 37 -0.06957282572212779
3 38 0.029761229777916405
3 39 -0.02186031152463231
4 4 0.0
4 5 -0.09398244952600614
4 6 -0.005777868213499904
4 7 -0.10019810552173011
4 8 0.024899133734482014
4 9 0.01690782428411826
4 10 0.05450749429980199
4 11 -0.035273723190433016
4 12 -0.01429712519003672
4 13 -0.016928057257373952
4 14 -0.06294222449041612
4 15 0.027774829526183376
4 16 -0.020202585024139432
4 17 -0.03978770370389621
4 18 0.01726383623386856
4 19 -0.07423796712644157
4 20 0.07127268879874726
4 21 0.0731101613595073
4 22 -0.18328195547909937
4 23 0.0027639049062375353
4 24 -0.022182632770881255
4 25 0.03802744563102919
4 26 -0.07236575816196607
4 27 -0.037279242289573876
4 28 0.044136832626211375
4 29 -0.05397641349442306
4 30 0.024490159253820375
4 31 -0.10952342455442006
4 32 -0.09986660312665585
4 33 0.08051393319495442
4 34 -0.0570253291005316
4 35 0.05398606291698686
4 36 0.015146478857230274
4 37 -0.019558098759826694
4 38 -0.07697792950881294
4 39 -0.10934886907005788
5 5 0.0
5 6 -0.03910760661357212
5 7 0.05365903618737966
5 8 0.03426618212965647
5 9 -0.007879118438321054
5 10 -0.10699888235770738
5 11 0.020316784137690495
5 12 0.025145829157642834
5 13 0.09572633063457851
5 14 0.11761394762427084
5 15 0.019743757138869583
5 16 -0.06271927785934403
5 17 0.010249040516247906
5 18 0.027078314022740226
5 19 -0.0029964269364383457
5 20 -0.16674407014006726
5 21 -0.14798754266361713
5 22 0.14791361008570267
5 23 0.010451514891737868
5 24 -0.011827620524196109
5 25 0.039085455766671454
5 26 0.0847210507577094
5 27 -0.008299417450657173
5 28 -0.037293816734245436
5 29 0.022474532707304377
5 30 0.057866573183489735
5 31 0.04538186950236435
5 32 0.017539524871947418
5 33 -0.0011148587618590138
5 34 -0.050327198571087674
5 35 -0.012641969432227045
5 36 -0.011577517314009961
5 37 0.10971633398538608
5 38 0.08028903799944563
5 39 0.02837182961565805
6 6 0.0
6 7 0.15125885719627677
6 8 -0.11963526787177411
6 9 -0.005187696504813396
6 10 0.17267237701680915
6 11 0.06412664310449652
6 12 -0.0707402721519571
6 13 -0.013380472980030336
6 14 -0.035403826709134105
6 15 -0.060491318185776834
6 16 0.016795758593545936
6 17 0.10107679363913669
6 18 0.003709299068902589
6 19 0.05271945861554326
6 20 0.017267515224994555
6 21 0.10084015743707311
6 22 -0.03259620602345217
6 23 -0.07664877194775115
6 24 0.01938090736637311
6 25 0.019554906435023563
6 26 -0.11817016742724762
6 27 0.0822459916347968
6 28 0.06835936411295969
6 29 -0.04145864985442678
6 30 -0.024132512155368477
6 31 -0.04732367124785787
6 32 0.13440096557332917
6 33 -0.046458260394440384
6 34 0.08759225705020182
6 35 0.02831230804132709
6 36 -0.009512506246014832
6 37 0.0548965395389718
6 38 -0.0693053845915621
6 39 0.017163658087759104
7 7 0.0
7 8 -0.1630397443131279
7 9 -0.004529488952029368
7 10 0.07537832467215849
7 11 0.06808757610083258
7 12 -0.06571415183072934
7 13 0.18600264667396726
7 14 0.04103102324445823
7 15 -0.053753606941637014
7 16 0.08367868130945486
7 17 0.11259231346797012
7 18 0.1212116661777993
7 19 0.01498636205759446
7 20 -0.13094099864204642
7 21 -0.009887222457082151
7 22 0.0962305770388222
7 23 -0.11485586365828612
7 24 -0.0010653400698373658
7 25 0.07067244017975492
7 26 0.018469624391223544
7 27 0.04776626516236643
7 28 0.04567060263325788
7 29 0.09009653794430941
7 30 -0.025214020181934037
7 31 -0.041592977668622376
7 32 0.08856219029214957
7 33 -0.008202521355537867
7 34 0.17458157632773727
7 35 -0.02575495391625084
7 36 -0.1192313050291414
7 37 0.09044784558843315
7 38 -0.007896073936302265
7 39 0.09700167215851578
8 8 0.0
8 9 0.09494168722882379
8 10 -0.12662981147767893
8 11 -0.06414416858600178
8 12 0.04475637173660533
8 13 0.04493901186962991
8 14 0.06039985596165973
8 15 0.028946134905706848
8 16 -0.014731614715333352
8 17 -0.06853745911601594
8 18 -0.0007007798997389944
8 19 -0.01715475567388951
8 20 0.023150527176770953
8 21 -0.050710444386564135
8 22 -0.024431074741509306
8 23 0.07777514024240126
8 24 -0.0018280850851323653
8 25 -0.032582817865851744
8 26 0.10372481463414585
8 27 0.01320128992858433
8 28 0.04014986105970223
8 29 0.0004667208830907321
8 30 0.009914157855153777
8 31 -0.014426596279786014
8 32 -0.068532516704616
8 33 0.01636429479295069
8 34 -0.12497233207857324
8 35 -0.05128407359990741
8 36 0.018991314603076508
8 37 -0.04754093485103399
8 38 0.00033474933831372075
8 39 0.05824363800905001
9 9 0.0
9 10 -0.024908392497612133
9 11 -0.024767013555926892
9 12 -0.023410257129545708
9 13 0.08403335501785122
9 14 0.03166313234751668
9 15 -0.016651745612281593
9 16 0.026801426557277484
9 17 0.004753406067690975
9 18 0.028537574828894453
9 19 0.04155124544234452
9 20 0.06584010846911288
9 21 0.03417672449084599
9 22 -0.06888257326490518
9 23 0.004549908031948444
9 24 0.01051083483871189
9 25 -0.024501445167246613
9 26 0.07619250340053255
9 27 0.10104609858414734
9 28 0.1309640007719133
9 29 0.002138155723388162
9 30 -0.036317340547553936
9 31 -0.05637138046767426
9 32 0.010982853190968391
9 33 -0.02000922922693038
9 34 -0.03946183177075178
9 35 -0.0667475825823445
9 36 -0.0049133832705317015
9 37 -0.020052130785066402
9 38 -0.06665129779842875
9 39 0.11318100322300521
10 10 0.0
10 11 0.03836512736959215
10 12 -0.03031267647982419
10 13 -0.07408461394661903
10 14 -0.03883640595877504
10 15 -0.07921237722708736
10 16 0.07109409892514386
10 17 0.07692681492545095
10 18 -0.012102837464875555
10 19 -0.0168988559981789
10 20 0.00486254963790559
10 21 0.16223635709606551
10 22 -0.08525943243364575
10 23 -0.019540250301048286
10 24 0.05355117137004167
10 25 -0.01150660436418227
10 26 -0.27281912451242624
10 27 0.03281227495928631
10 28 0.05025276413864547
10 29 -0.11955894603475885
10 30 -0.024850369917956597
10 31 -0.10175962705031645
10 32 0.16436376256096086
10 33 -0.035815143837651345
10 34 0.048919132249092834
10 35 0.09293686705089935
10 36 -0.006090396066795572
10 37 -0.030630078228646808
10 38 -0.07548952150035906
10 39 0.022787240328566286
11 11 0.0
11 12 -0.07447885645925982
11 13 -0.018271936015767164
11 14 0.007743954479671716
11 15 -0.01866193920177369
11 16 -0.0482215142250209
11 17 0.036769080889866135
11 18 -0.005027058246385573
11 19 0.07345654326465831
11 20 -0.0453386818716823
11 21 -0.001921336067161969
11 22 0.024842794979021383
11 23 -0.06629024601536251
11 24 0.009235676552658395
11 25 0.026970333860336974
11 26 -0.030788935690095182
11 27 0.020090614522600872
11 28 0.011859180581949052
11 29 -0.0012906951011360857
11 30 -0.02050376100671175
11 31 0.042223958948678184
11 32 0.024236599251218252
11 33 -0.03103361207211249
11 34 0.06442690309557245
11 35 0.04426996055678484
11 36 0.007253226717782035
11 37 0.10941441035424367
11 38 0.034486163611150714
11 39 -0.03763084916195662
12 12 0.0
12 13 0.026677044519229465
12 14 -0.0016851118651089515
12 15 0.037623348598595674
12 16 0.0843850514758085
12 17 -0.023033403214176885
12 18 0.005711286659628159
12 19 -0.10882868376959469
12 20 -0.018496287722815172
12 21 -0.02522603744742123
12 22 0.04540333532251896
12 23 0.08267553833140298
12 24 -0.005867691082562929
12 25 -0.04162646043123475
12 26 0.017302971188557677
12 27 -0.05740277844036754
12 28 -0.08990311651733489
12 29 -0.03497005125499483
12 30 0.048992880744348544
12 31 -0.003603756723272128
12 32 0.049999211924370554
12 33 0.014280214076455739
12 34 -0.08975725428914796
12 35 -0.04297699978197648
12 36 0.003237355390293597
12 37 -0.12748299940283905
12 38 0.003750803023376053
12 39 0.06544936750488836
13 13 0.0
13 14 0.062573616482816
13 15 0.038978137959750206
13 16 0.06776636716908528
13 17 0.021558954520262765
13 18 0.13052688317438976
13 19 -0.03487125157018439
13 20 -0.10196731902368313
13 21 -0.060443125561313774
13 22 0.01814917866358321
13 23 -0.040502562559877234
13 24 -0.022635427743852427
13 25 0.03973637871067281
13 26 0.14940405096493853
13 27 0.020221702875476595
13 28 0.04829309588681033
13 29 0.02561601396824137
13 30 0.01526205200842968
13 31 -0.037616245080037775
13 32 0.007484711020704864
13 33 0.025431239890596136
13 34 -0.02930461538222363
13 35 -0.06697490711277602
13 36 -0.05066928072496518
13 37 0.045789909994774294
13 38 -0.0013481544970375746
13 39 0.1156095519998808
14 14 0.0
14 15 -0.05347246913945074
14 16 -0.0359509728902055
14 17 -0.03900811894087246
14 18 0.022230607766672884
14 19 -0.03926822619764305
14 20 -0.23126174208919595
14 21 -0.12794098431036363
14 22 0.12644974855326319
14 23 0.09159817052839332
14 24 0.049855606166373245
14 25 0.013981303173721819
14 26 -0.06774772349854997
14 27 -0.028645327272078497
14 28 0.021206006916025498
14 29 0.012968392627058567
14 30 0.019426800711694343
14 31 -0.040476461037923794
14 32 -0.016798948117037187
14 33 0.01424594941388759
14 34 -0.05830749680361792
14 35 0.060140423045587796
14 36 -0.061349856567856506
14 37 0.05185244928596948
14 38 0.10139052055930031
14 39 0.0798753189219411
15 15 0.0
15 16 -0.0028749803098670813
15 17 -0.023101497349133627
15 18 0.023136760556170897
15 19 -0.01665605618474799
15 20 0.017170387527582296
15 21 -0.028474005205930224
15 22 -0.02230917996740992
15 23 -0.02854207806271909
15 24 -0.038907772211210875
15 25 0.012994013107923108
15 26 0.10517737448578164
15 27 -0.04477220749727441
15 28 -0.05424865678250176
15 29 -0.004249741793237862
15 30 0.023377482979175773
15 31 0.05112931370735217
15 32 -0.05120959717509179
15 33 0.024098339335939384
15 34 -0.035008549098340745
15 35 -0.022994178410129764
15 36 0.03312208997545848
15 37 0.013447761724254798
15 38 0.01891743198563048
15 39 -0.04958039226707086
16 16 0.0
16 17 0.0127485075921556
16 18 0.049997208233424996
16 19 -0.0545531263055089
16 20 0.02058083414013237
16 21 0.07950470993860954
16 22 -0.019326292611993093
16 23 0.0169905289555848
16 24 0.027578869586435677
16 25 -0.06767453901343592
16 26 -0.015615728378637195
16 27 -0.009367477737942043
16 28 -0.012923917852001901
16 29 -0.032379036525991646
16 30 -0.042767858177679495
16 31 -0.023619426893206667
16 32 0.0986375971361824
16 33 -0.02501176156035222
16 34 0.013222877817419104
16 35 -0.0449383781404387
16 36 -0.02903892878989454
16 37 -0.15425323224798537
16 38 -0.0241979959967148
16 39 0.151624813271445
17 17 0.0
17 18 0.003973257235936957
17 19 0.04962948489557497
17 20 0.03727518779565366
17 21 0.051628549723048346
17 22 0.007520902267296338
17 23 -0.06293289972000227
17 24 -0.0055143115714991215
17 25 0.009783317846495145
17 26 -0.002981944439507553
17 27 0.08687327361962606
17 28 0.03843152123308461
17 29 -0.01728882433516813
17 30 -0.0007651233114241123
17 31 -0.007885582813888032
17 32 0.12719512165952618
17 33 -0.04768748983246501
17 34 0.04807543536386372
17 35 -0.03558520367805669
17 36 0.005260224658165925
17 37 0.039682595185905827
17 38 -0.06455837467762195
17 39 0.038354516177014804
18 18 0.0
18 19 -0.03544830166541987
18 20 -0.07107236151093656
18 21 -0.017953713610808615
18 22 -0.013049368622906236
18 23 -0.03313927575991797
18 24 -0.009536641458742154
18 25 0.031032123123278393
18 26 0.04549798045071342
18 27 -0.018792869083710275
18 28 0.01693890925910532
18 29 0.006940689083707115
18 30 0.0018237640465799954
18 31 -0.029769465900177296
18 32 -0.015807727063565046
18 33 0.028912492035534136
18 34 0.0015444780913650993
18 35 -0.00587220896222806
18 36 -0.03556231581337409
18 37 0.025482470300337973
18 38 0.008678099179020092
18 39 0.03815222800817804
19 19 0.0
19 20 0.09178859545645508
19 21 0.03297380867924142
19 22 -0.0027580572798121565
19 23 -0.09947306470558304
19 24 0.004448559744101251
19 25 -0.016027372968455945
19 26 0.0889474325291876
19 27 0.11236570838808793
19 28 0.069728887552746
19 29 0.02891793139915037
19 30 -0.07302032338478173
19 31 0.09921266837255291
19 32 0.034869195249172646
19 33 -0.08779367396869774
19 34 0.08649443830499634
19 35 -0.036174704642553256
19 36 0.04414493097965764
19 37 0.10054017837757792
19 38 -0.0011184206551302903
19 39 0.006811521194434594
20 20 0.0
20 21 0.1771791120491596
20 22 -0.18175340589632855
20 23 -0.05094970926047757
20 24 -0.04872256918281082
20 25 -0.059116636058755515
20 26 0.1288181248254482
20 27 0.14175633940149795
20 28 0.08334279650656563
20 29 0.02398873635541456
20 30 -0.04805359179485188
20 31 -0.0031074148602831643
20 32 0.011863265238151042
20 33 -0.03875147573605719
20 34 0.03786118050409938
20 35 -0.14861292062976855
20 36 0.07132796707268714
20 37 -0.12710479528247307
20 38 -0.20138700108864324
20 39 -0.019546673067605397
21 21 0.0
21 22 -0.15372013499508694
21 23 -0.04379509007618519
21 24 0.014911184695789743
21 25 -0.041315445605615994
21 26 -0.08809513311089767
21 27 0.07526221143723842
21 28 0.07532128170589124
21 29 -0.06793572380313337
21 30 -0.05397403353648966
21 31 -0.056758281816334334
21 32 0.093134155911708
21 33 -0.0394250340344871
21 34 0.04329180685816518
21 35 -0.010936683336670684
21 36 0.028260766582112528
21 37 -0.08185098254772065
21 38 -0.12410971959856525
21 39 0.025460658643449548
22 22 0.0
22 23 0.04750391635549168
22 24 0.0163425958786274
22 25 -0.0030960413714177086
22 26 0.030350782955676264
22 27 -0.037864174755036346
22 28 -0.10317111675382049
22 29 0.06500300760883831
22 30 0.03046819530570998
22 31 0.08981676322414985
22 32 0.04975467386287792
22 33 -0.029817492255142436
22 34 0.020606080575214708
22 35 -0.009287312022543525
22 36 -0.040610014388399916
22 37 0.0369260516385575
22 38 0.1263219382516742
22 39 0.05985814387696784
23 23 0.0
23 24 0.029850567507093702
23 25 -0.03999795643864061
23 26 -0.0790502294918193
23 27 -0.04772883972282003
23 28 -0.028274917808924882
23 29 -0.010629341094819783
23 30 0.03328585517102777
23 31 -0.05886271861781241
23 32 -0.0156598015902323
23 33 0.02863535111425427
23 34 -0.09476229776092351
23 35 0.012667157862417535
23 36 -0.024779490951741756
23 37 -0.11724049718522392
23 38 0.018063315867459313
23 39 0.051632081612563295
24 24 0.0
24 25 -0.02810938839255194
24 26 -0.08539455096872986
24 27 -0.0010923148270840979
24 28 0.014744587699126654
24 29 -0.02723205892393426
24 30 -0.027284820300113054
24 31 -0.010557013524679379
24 32 0.0380993462152541
24 33 -0.02428096497054791
24 34 0.0019072424311532624
24 35 0.03792665773424663
24 36 -0.01132319603968866
24 37 -0.020233955653631057
24 38 0.028036344460236905
24 39 0.051554355598284626
25 25 0.0
25 26 0.0036376019193311683
25 27 -0.019293559639096385
25 28 0.0047202639188741345
25 29 0.020380435358011584
25 30 0.037813580922473326
25 31 -0.026288368254716893
25 32 -0.056044837866708754
25 33 0.04600964400522992
25 34 0.012470742556262682
25 35 0.03346164142626635
25 36 -0.016900363420809927
25 37 0.10028982405614836
25 38 0.0030403713418039194
25 39 -0.08463584811781259
26 26 0.0
26 27 0.06655402763212895
26 28 0.0026111577313878633
26 29 0.1292490377056435
26 30 -0.005215029902212148
26 31 0.12457258290364281
26 32 -0.08655485469862086
26 33 -0.008830893835533694
26 34 0.0011152389016643837
26 35 -0.19633652152930356
26 36 0.027378239329235755
26 37 0.034284564271330066
26 38 -0.01254928508605808
26 39 0.033828545600305175
27 27 0.0
27 28 0.13702892836499886
27 29 0.007919362370778147
27 30 -0.032910305306630895
27 31 -0.02868207018551529
27 32 0.11234999966201258
27 33 -0.07202241749238962
27 34 0.026911260988457097
27 35 -0.0969749522857795
27 36 0.01683763951575303
27 37 0.019417399697852927
27 38 -0.12120525292723203
27 39 0.09308195512522702
28 28 0.0
28 29 -0.0001936814384470551
28 30 -0.04289219009764902
28 31 -0.09710670906653787
28 32 0.022381647874131116
28 33 -0.021164932522158772
28 34 0.006978174394639679
28 35 -0.032418251723239304
28 36 -0.012906907154164513
28 37 0.02972431197515072
28 38 -0.10503651750764578
28 39 0.07032357643295552
29 29 0.0
29 30 -0.013042733208360436
29 31 0.030338249214584178
29 32 -0.10156153906152084
29 33 0.021927678741205832
29 34 0.07178703700671044
29 35 -0.060785742995858726
29 36 -0.046064211334847595
29 37 0.01091175378352038
29 38 0.015184402146368065
29 39 -0.013747427732835066
30 30 0.0
30 31 -0.032354760629236055
30 32 -0.005486648584753268
30 33 0.04263394162959353
30 34 -0.06397987652265295
30 35 0.004372365005906142
30 36 0.00027617774152658705
30 37 0.016307037308323637
30 38 -0.009256721287564615
30 39 -0.04650833403048345
31 31 0.0
31 32 -0.008426234270559014
31 33 -0.057170786549829544
31 34 0.049779903566935166
31 35 -0.01878381133266065
31 36 0.05226834281293645
31 37 0.057634138224985684
31 38 0.10953084228569823
31 39 -0.03224780328323212
32 32 0.0
32 33 -0.11147786408013798
32 34 0.006446449131986634
32 35 -0.042923459875340374
32 36 0.02081920076746831
32 37 -0.03839771603305229
32 38 -0.06871192026986664
32 39 0.1630920024473653
33 33 0.0
33 34 -0.03278508885339319
33 35 0.030157745550376334
33 36 -0.02798762172980085
33 37 -0.003565269860407695
33 38 0.002676522275644604
33 39 -0.07461977792296262
34 34 0.0
34 35 0.0011810638556518705
34 36 -0.028890439239170694
34 37 0.04296037438218699
34 38 0.006014726837682132
34 39 -0.025029395116411467
35 35 0.0
35 36 -0.006463895901584539
35 37 0.06947991793772998
35 38 0.08625620468063028
35 39 -0.09505678980758722
36 36 0.0
36 37 0.016826609453749176
36 38 -0.010081261522637113
36 39 -0.039227906778166226
37 37 0.0
37 38 0.06841584417406835
37 39 -0.11333658593211544
38 38 0.0
38 39 -0.027005574815013016
39 39 0.0
