0 0 0.0
0 1 0.02500165012161302
0 2 0.04012857241519878
0 3 -0.06944599928640341
0 4 0.06953968807610711
0 5 -0.09512285127479271
0 6 0.11376708472493283
0 7 -0.023078461558563183
0 8 -0.16066660179680312
0 9 0.003932313766664326
0 10 0.057178555297982506
0 11 0.012011573927929276
0 12 0.02261706384871427
0 13 0.0869250859445363
0 14 -0.10219745645392364
0 15 -0.05505209490658976
0 16 -0.010895917822801424
0 17 0.09267307047648085
0 18 -0.07926806470724096
0 19 -0.012229504580783684
0 20 0.0724629325869516
0 21 -0.06533594550509254
0 22 0.06907832770060864
0 23 0.07478033356199068
0 24 0.08451364422935954
0 25 0.0862901154600088
0 26 -0.0714226748134486
0 27 -0.015067317900058686
0 28 -0.17536345602431044
0 29 0.021704221043893624
0 30 -0.07472932593249032
0 31 0.029936086458583117
0 32 0.06778291295656289
0 33 0.05139676526026138
0 34 -0.061249441521062334
0 35 0.01616157507257885
0 36 -0.0619059055695408
0 37 -0.014086730588910319
0 38 -0.048920401570923894
0 39 -0.06658370437254647
1 1 0.0
1 2 0.016647111378155794
1 3 0.014258154099398521
1 4 -0.05881322786428951
1 5 -0.07110488849075274
1 6 0.032589742249755374
1 7 -0.04741608455885339
1 8 -0.006638175909725345
1 9 -0.013365926180870152
1 10 -0.053551664243546314
1 11 0.031125327142423748
1 12 0.05250782553266026
1 13 -0.009902607573766993
1 14 -0.09939442514288582
1 15 -0.125700891008879
1 16 -0.06085913092484706
1 17 0.07452249804599168
1 18 0.10469944025208429
1 19 0.05024017956317424
1 20 -0.025441117937123454
1 21 0.10454435336283044
1 22 -0.031032745957085616
1 23 0.06724600888276319
1 24 -0.14934917361055128
1 25 -0.04217290634390772
1 26 -0.08494404325444396
1 27 0.13254093039875406
1 28 -0.10059438224247723
1 29 -0.0018864289483659703
1 30 0.05530663325071342
1 31 -0.10467149623904877
1 32 0.16377511753541513
1 33 0.05111071100918195
1 34 0.010047846561333442
1 35 0.002051042275334697
1 36 -0.0300487045682994
1 37 -0.026933404707513608
1 38 -0.050593716504707634
1 39 -0.07411897667417074
2 2 0.0
2 3 -0.15285036579162065
2 4 0.034839262232274855
2 5 -0.03126334797320244
2 6 -0.09923114464294733
2 7 0.06164817311032136
2 8 -0.055333722074566695
2 9 0.08130345374551465
2 10 0.010256896093319746
2 11 0.0769451490700707
2 12 -0.06724297272381465
2 13 0.02030453611873235
2 14 -0.036502566710781774
2 15 -0.07215042430560184
2 16 -0.03301603449972395
2 17 -0.014630855376150938
2 18 -0.0965303476062932
2 19 -0.09143465881952337
2 20 -0.10445705083040505
2 21 0.0073239960653256695
2 22 0.20768723363495897
2 23 0.10735681052732109
2 24 -0.0828571571930937
2 25 0.0004633942921510563
2 26 -0.00011107503629255874
2 27 -0.01441876278632311
2 28 0.0372576112706687
2 29 0.020934636734502948
2 30 0.024392233489945153
2 31 0.10044766541583354
2 32 0.0013331562069991193
2 33 0.15706898107824555
2 34 0.024654879834444414
2 35 0.027108300190962054
2 36 0.008710440935377841
2 37 -0.07443560733057936
2 38 -0.020533184559820204
2 39 0.013888137405178368
3 3 0.0
3 4 -0.029732895025239965
3 5 0.03677509503698643
3 6 0.0201652227026458
3 7 -0.18496910856679608
3 8 0.1362482314899099
3 9 -0.015681818729606032
3 10 0.02369401954694777
3 11 -0.09447064424529673
3 12 0.15248784514007277
3 13 0.011329465591718473
3 14 0.024712327983635447
3 15 0.03991623818753401
3 16 0.14132016971975703
3 17 -0.08044129713699147
3 18 0.07005499456471856
3 19 0.08348244549384534
3 20 0.16685908845245187
3 21 -0.020030639517811998
3 22 -0.14753444657286738
3 23 -0.15662583127743668
3 24 -0.007502229570908124
3 25 0.0009026773558696426
3 26 -0.021584129098988093
3 27 -0.02537426881457498
3 28 -0.056991187026417055
3 29 0.1412332029554157
3 30 -0.02454321432209285
3 31 -0.10495556567106665
3 32 0.04841362876766679
3 33 -0.12941524126825865
3 34 -0.0720403730720109
3 35 0.01413341551741425
3 36 0.08584537572931221
3 37 0.005980071115112204
3 38 0.0489487820708869
3 39 0.050747834028932036
4 4 0.0
4 5 0.038974576610669255
4 6 -0.03314377247949909
4 7 -0.07204728595211343
4 8 -0.044510730145579366
4 9 0.03549743023133395
4 10 0.07880454198248675
4 11 0.06154998157702364
4 12 0.03531102466061928
4 13 0.042716451865831874
4 14 -0.007704130670415031
4 15 0.04038773746643926
4 16 0.013302480269551682
4 17 -0.05548801623254148
4 18 -0.022129120678566382
4 19 -0.06940898833804897
4 20 0.00037793554778376304
4 21 -0.10478929358985581
4 22 0.12965161891417276
4 23 0.10816341989126754
4 24 0.03969138119637618
4 25 0.07111791401060198
4 26 0.02478769824996687
4 27 -0.018730702118612948
4 28 -0.05755485722255099
4 29 0.003493552337832135
4 30 -0.06365468950452131
4 31 0.011828716168813917
4 32 0.012046523048200525
4 33 -0.020196435262725656
4 34 -0.03692617272364456
4 35 -0.010105201045686983
4 36 0.005982840369166149
4 37 0.0666258849991682
4 38 0.01914595703240876
4 39 0.03873938717949475
5 5 0.0
5 6 -0.05742627362257634
5 7 0.08592368596099068
5 8 0.1166476995015447
5 9 0.05128714375474512
5 10 -0.030404003222547965
5 11 0.03122890762068171
5 12 -0.09236348328055496
5 13 -0.1227122435889872
5 14 0.07672144001539363
5 15 0.12412690529725381
5 16 0.028089503298656136
5 17 -0.1364164893511752
5 18 -0.05906564477512757
5 19 0.07046954257007118
5 20 -0.09432091077377007
5 21 0.026953668513158613
5 22 -0.039995407679602205
5 23 0.07333908404827516
5 24 0.005806761748527357
5 25 0.06133882062122688
5 26 0.07164198878302987
5 27 -0.075960999907332
5 28 0.18235648194610168
5 29 -0.05448539402695578
5 30 -0.1329088042344842
5 31 -0.12146792647504079
5 32 0.007983169368004644
5 33 -0.18430128901136753
5 34 0.08667524596828084
5 35 0.027811803271715896
5 36 0.022972486970476817
5 37 -0.003624037897164161
5 38 0.08820121292880292
5 39 0.03385035861862164
6 6 0.0
6 7 0.06427412198793707
6 8 -0.06613835461611775
6 9 -0.13862177368611311
6 10 -0.01194444261496838
6 11 -0.12895669184615005
6 12 -0.06722160314617978
6 13 -0.010625953450882625
6 14 -0.04742275655360994
6 15 0.0028882237223875227
6 16 -0.027672428758014934
6 17 0.10299161009776728
6 18 0.05160940699335723
6 19 0.23241124470470748
6 20 0.1024855556347282
6 21 0.02935159436998127
6 22 -0.15058855533189644
6 23 -0.07161525035251723
6 24 0.023179527847529018
6 25 0.10541879144944803
6 26 -0.0386699896930673
6 27 -0.13291041928356542
6 28 -0.11256980692498986
6 29 -0.013488099448949431
6 30 -0.007279389693138463
6 31 -0.12744829466127336
6 32 0.04943330726054691
6 33 -0.12047451405969307
6 34 -0.06012408919388442
6 35 0.05012385669474397
6 36 -0.05720941863557396
6 37 0.08759120177535912
6 38 -0.045624358448609036
6 39 -0.15612787755485497
7 7 0.0
7 8 0.01598473039575362
7 9 -0.012740231741875944
7 10 -0.12439785045795426
7 11 -0.028445477694217864
7 12 -0.2774889305400107
7 13 -0.11048916748373624
7 14 0.014224340571493507
7 15 -0.009782793103855793
7 16 -0.11536836564543247
7 17 0.03675110380869063
7 18 -0.12377578439170625
7 19 0.14291257173520475
7 20 -0.10323376891017785
7 21 0.09249947562228389
7 22 -0.014626353979640194
7 23 0.03937891939323055
7 24 0.010897814989042597
7 25 0.031798503985851864
7 26 0.03149789803647422
7 27 -0.12720487891738325
7 28 0.2451974199429637
7 29 -0.06888661114143999
7 30 -0.0658996844562551
7 31 0.0187136661121212
7 32 -0.040167066625866485
7 33 0.0049476196949426315
7 34 0.07379775488987876
7 35 0.07995932316783465
7 36 -0.05288164329473892
7 37 -0.08739441613501583
7 38 -0.03649030893701813
7 39 -0.11505395660027726
8 8 0.0
8 9 -0.06148856740205947
8 10 -0.12589629140950565
8 11 -0.08784846096944171
8 12 -0.04686980384688941
8 13 -0.10583124974642164
8 14 0.1152406350395345
8 15 0.13113126300771177
8 16 -0.06018959461738428
8 17 -0.12735239423140854
8 18 0.06664510774589155
8 19 0.14934633587460283
8 20 0.004739746692208635
8 21 -0.0228459721667345
8 22 -0.0028720664418312738
8 23 -0.028281754635057908
8 24 -0.1422621243291708
8 25 -0.008858186581859637
8 26 0.0000806799202648702
8 27 -0.009808879874922774
8 28 0.11398148220448938
8 29 -0.05981045593155691
8 30 0.008397343854196762
8 31 -0.06412706450064554
8 32 0.050868129728969834
8 33 0.06533128826014573
8 34 0.03157678847791537
8 35 0.03153643605822898
8 36 0.2225757307596104
8 37 0.04890325964941251
8 38 0.0962939203153934
8 39 0.12270418087134594
9 9 0.0
9 10 0.10583748508128743
9 11 0.08885145368019501
9 12 0.047854592371347614
9 13 -0.01917847362544216
9 14 -0.01885423768095248
9 15 -0.01910734153056401
9 16 0.13548409421746826
9 17 -0.04489809725457304
9 18 -0.11461858900222796
9 19 -0.20543582669906774
9 20 -0.043086644642401216
9 21 0.002199346408816807
9 22 0.0934340195423792
9 23 0.08652466445250177
9 24 0.05123559336551139
9 25 0.023661769071978145
9 26 -0.023712780691627376
9 27 0.01149021086203311
9 28 0.030673504392284473
9 29 0.06076346129270558
9 30 -0.053469254874305906
9 31 0.0568234574422606
9 32 -0.02094454814468094
9 33 -0.005112130882951101
9 34 0.011324127030034953
9 35 0.013022129000683863
9 36 -0.013481718723189332
9 37 -0.12342830924782253
9 38 0.05433566638715252
9 39 0.024567916014831527
10 10 0.0
10 11 0.027212981106885158
10 12 0.12160669365850887
10 13 0.06028848390301371
10 14 -0.015611663366254724
10 15 0.039853248013746616
10 16 0.19317157565798151
10 17 0.0010169782702559708
10 18 0.009276706690056414
10 19 -0.24488907541361563
10 20 0.04021432309954
10 21 -0.07267432039600608
10 22 0.06343174370769791
10 23 0.023693168259091214
10 24 0.1060889397972024
10 25 0.07777684903274187
10 26 0.0020171183722016133
10 27 -0.01964586420418024
10 28 -0.1393480777942418
10 29 0.09853794105956273
10 30 0.0520712063497948
10 31 0.035438745508931425
10 32 -0.07481641186309185
10 33 -0.10748902828118401
10 34 -0.08171112094121188
10 35 -0.0004960871955129781
10 36 0.005021983719868445
10 37 0.055903739913343
10 38 0.03174860038998263
10 39 -0.029033760007725073
11 11 0.0
11 12 0.02576034312950514
11 13 0.015629188807725375
11 14 -0.02759810606584533
11 15 -0.06975579852892143
11 16 0.0007552230076823528
11 17 -0.01693482844646344
11 18 0.005564723001591449
11 19 -0.1307962810608792
11 20 -0.08834555528103319
11 21 0.018380023772208567
11 22 0.08485604707107638
11 23 0.12743383898934507
11 24 0.012317261601882845
11 25 -0.04551152271957331
11 26 0.009970574151917194
11 27 0.10689046883235312
11 28 0.02502602903757633
11 29 -0.02812837993861252
11 30 -0.022875211893886735
11 31 0.022436542919452303
11 32 0.03273205819927309
11 33 -0.0076936236401461185
11 34 0.028511021754447384
11 35 -0.032764586113103525
11 36 -0.09239253511292708
11 37 -0.035934831867386954
11 38 -0.008626339794724698
11 39 0.004257196344610468
12 12 0.0
12 13 0.02159388813760119
12 14 -0.09313790087042588
12 15 0.0013413537448632652
12 16 0.07451572123429671
12 17 0.005558777465501997
12 18 -0.012795355410650553
12 19 -0.2201492713246039
12 20 0.0826724033901564
12 21 -0.08938152683434014
12 22 -0.01605657137345543
12 23 0.006171414143038726
12 24 -0.00036688667718407577
12 25 0.012518450152322103
12 26 -0.028061351510401667
12 27 0.09865366801151759
12 28 -0.19993203124015146
12 29 0.1072897171680928
12 30 -0.037447603695402905
12 31 0.00703784593848841
12 32 -0.06235959957645293
12 33 0.06712188137444622
12 34 -0.049713563631329075
12 35 -0.13581547975336378
12 36 0.007091007353210904
12 37 -0.004204348360689208
12 38 0.022219883979738835
12 39 0.13450746740377278
13 13 0.0
13 14 -0.051527032901187354
13 15 -0.049100886410460884
13 16 -0.026344743568224867
13 17 0.11213826029128597
13 18 0.015694087635609998
13 19 -0.06794414350079683
13 20 0.04597210540102943
13 21 -0.07182100218371504
13 22 0.026791835701299387
13 23 -0.05345694811606957
13 24 0.11412022547362446
13 25 -0.06351321560300287
13 26 0.054888211472024474
13 27 0.11267306990366392
13 28 -0.15949959486935592
13 29 0.12483145484552369
13 30 0.07575174358549117
13 31 0.0886128245356055
13 32 0.015092749914281065
13 33 -0.011871048984637053
13 34 -0.03968177138131471
13 35 0.0003304594755199326
13 36 -0.013735963810633495
13 37 0.06274778277293364
13 38 -0.1646203100251973
13 39 -0.08113373052537556
14 14 0.0
14 15 0.09790659283969451
14 16 0.10325434915986811
14 17 -0.10851365647543607
14 18 0.12654645519951788
14 19 0.038104966769766255
14 20 0.028664604217418614
14 21 -0.002992645378476716
14 22 -0.01744339398234627
14 23 -0.09562946083547667
14 24 0.04211370834632647
14 25 -0.05652800099892112
14 26 -0.02513488432167526
14 27 -0.008281831522207994
14 28 0.08771757383002486
14 29 -0.14841348135455554
14 30 0.08793569201307626
14 31 0.01684920142625239
14 32 0.005855932499299266
14 33 -0.061269939722395715
14 34 -0.0002522417764760983
14 35 0.03810003035287309
14 36 0.08164232644570756
14 37 0.05552408583808081
14 38 0.14586162171661926
14 39 0.07378652750883657
15 15 0.0
15 16 0.023700300590624453
15 17 -0.07555057441657036
15 18 -0.07582882757109663
15 19 -0.0075624987357099755
15 20 -0.03275551898561888
15 21 -0.0907650385751834
15 22 -0.03175084350319278
15 23 -0.007502250773213742
15 24 0.0420980158118043
15 25 0.10054413630244663
15 26 0.06749760284787037
15 27 -0.07304629215071261
15 28 -0.008786822925990014
15 29 -0.06883891030404016
15 30 -0.04852371176587127
15 31 -0.051821148793686
15 32 -0.08824187594176257
15 33 -0.07017985202563537
15 34 0.07141443694355427
15 35 -0.022350809118473657
15 36 0.15897832353002558
15 37 0.10254922405434404
15 38 0.10131068312375566
15 39 0.11512545532378167
16 16 0.0
16 17 -0.09308773488506658
16 18 0.06424731271798885
16 19 -0.15396608973089554
16 20 0.12011300389772236
16 21 0.011922601257090082
16 22 -0.029066032550679466
16 23 -0.10506317183805391
16 24 0.12938311414877585
16 25 0.014350184930909973
16 26 -0.10395117505427329
16 27 -0.04828204152997497
16 28 -0.053222928972983176
16 29 0.022017156767555474
16 30 0.06232825644372162
16 31 0.01094850854885084
16 32 0.003733628440291812
16 33 -0.1722565400760687
16 34 -0.08695117314155251
16 35 0.06011602545689535
16 36 0.006950703138232
16 37 -0.052296617681211875
16 38 0.18031545388176518
16 39 0.016657832023042902
17 17 0.0
17 18 0.0016172797000017756
17 19 -0.029303543010449417
17 20 0.028131184162096517
17 21 0.014841839587364814
17 22 -0.08878870972556151
17 23 -0.0012117891942739557
17 24 0.10418085031715565
17 25 -0.026045259138146336
17 26 -0.019394478961731416
17 27 0.11490886169158702
17 28 -0.12272338319306508
17 29 0.031670712461859554
17 30 0.028445067301736588
17 31 0.032448943512557775
17 32 0.007614147858977629
17 33 0.019496810910674
17 34 -0.011174688241940168
17 35 -0.015422032461535248
17 36 -0.08712497909124421
17 37 0.002777086159274123
17 38 -0.15503801772796222
17 39 -0.15809516447682584
18 18 0.0
18 19 0.07383930456549352
18 20 0.12338295293670087
18 21 0.048410411815816
18 22 -0.07218927678549486
18 23 -0.06452358339096717
18 24 -0.02906013987086457
18 25 -0.14856569076696266
18 26 -0.10054140718954226
18 27 0.19889142256294354
18 28 -0.07333753990889087
18 29 -0.15006791333734879
18 30 0.28825679646579
18 31 -0.08990273068182744
18 32 0.1875946525832069
18 33 -0.1519717587743951
18 34 -0.15756525741662708
18 35 0.04524046346252405
18 36 -0.010930351887242774
18 37 0.23822910854993387
18 38 0.04357713086408049
18 39 -0.12549429301100828
19 19 0.0
19 20 0.03840443171579421
19 21 0.100722599898408
19 22 -0.15517157429329534
19 23 -0.10507913836918152
19 24 -0.14052936905471736
19 25 0.013087788000677012
19 26 -0.0009152213986906059
19 27 -0.14837927470732296
19 28 0.10132322759255905
19 29 -0.08075537342616518
19 30 -0.04596192243218933
19 31 -0.1918970969185273
19 32 0.1593338130828194
19 33 -0.08013306660811406
19 34 0.0254535928884759
19 35 0.08893148728608269
19 36 0.0014320799775576693
19 37 0.0461426994465687
19 38 -0.02523502150767907
19 39 -0.0711204836921713
20 20 0.0
20 21 -0.10021469077046101
20 22 -0.05223951839204448
20 23 -0.11196315334800591
20 24 0.1602276980072457
20 25 0.004447502914694844
20 26 -0.15576118823799934
20 27 0.014526719949342237
20 28 -0.1281521262221659
20 29 0.01643433498324999
20 30 -0.011280847899469938
20 31 0.05291905634718208
20 32 0.08501708920021513
20 33 0.00497669526844445
20 34 -0.19037673006334782
20 35 0.04589367323742968
20 36 0.01599410402969522
20 37 0.011122266283698317
20 38 0.05363233927450769
20 39 -0.025581699289050196
21 21 0.0
21 22 -0.1227794229055943
21 23 -0.047093756111254485
21 24 -0.10222754819620883
21 25 -0.07243823002596037
21 26 0.003129377493070123
21 27 0.00022691358540998045
21 28 0.10257419213823371
21 29 -0.02611093907602338
21 30 0.06691452722677885
21 31 -0.10052595365547712
21 32 0.041480410764575384
21 33 -0.09776445198151465
21 34 0.08094695749986872
21 35 0.02613457161820807
21 36 -0.09672571859289927
21 37 -0.07311143494550085
21 38 -0.01614480902472705
21 39 -0.08591496568067016
22 22 0.0
22 23 0.1825572037667041
22 24 -0.1110627634199434
22 25 0.05696615284653781
22 26 -0.023640330174518543
22 27 -0.037461575719536226
22 28 -0.012018744497453505
22 29 0.02486875614913793
22 30 0.018143246802669072
22 31 0.16113786083976062
22 32 0.01067729126664528
22 33 0.2666391281633032
22 34 -0.057390823580726925
22 35 0.03088073560540213
22 36 0.10966754420198503
22 37 -0.007367178473571113
22 38 0.03385065944583559
22 39 0.09960469512796838
23 23 0.0
23 24 -0.04380253693312484
23 25 0.09881609079564571
23 26 -0.01673616312444755
23 27 0.06640877765244699
23 28 -0.012936052389177518
23 29 -0.0452501840540976
23 30 -0.1237850823043446
23 31 -0.028495509677289844
23 32 0.08302460646639104
23 33 0.07198985194197798
23 34 0.021693935116586807
23 35 -0.009074083526949585
23 36 -0.010619110582834653
23 37 0.0003940067228802204
23 38 -0.0076082826733879765
23 39 -0.016341847221514008
24 24 0.0
24 25 -0.004405400285818005
24 26 -0.0465944496862908
24 27 0.08695715547468928
24 28 -0.05221087428687597
24 29 -0.031047999864181802
24 30 -0.09818619449216415
24 31 0.11410804387337732
24 32 -0.03286118776309583
24 33 -0.16104937309556253
24 34 -0.0729679795845649
24 35 0.010839719985784329
24 36 -0.10567414870673242
24 37 -0.01976094656349429
24 38 -0.002039493634728065
24 39 -0.09557455000754159
25 25 0.0
25 26 0.008670688678896869
25 27 -0.1698150920260441
25 28 -0.05330548377679967
25 29 0.04865087454655551
25 30 -0.13177112820854603
25 31 -0.06354395424518819
25 32 -0.028925008455059815
25 33 -0.028020268227185684
25 34 -0.015495095205486606
25 35 0.023652063550406048
25 36 0.05282612292648807
25 37 0.022485602005897734
25 38 0.034656121938893406
25 39 0.00020326187952880888
26 26 0.0
26 27 -0.08071633494665348
26 28 0.106664448479954
26 29 0.1180827438283242
26 30 -0.009097918392903971
26 31 -0.02631234517390337
26 32 -0.17350977070669343
26 33 -0.1062003756348981
26 34 0.0956534405138492
26 35 -0.05581070517280125
26 36 -0.017958560126811622
26 37 0.0747936525743024
26 38 -0.12520566098875147
26 39 0.0019399152808075779
27 27 0.0
27 28 -0.12513552306591058
27 29 -0.09958340142173767
27 30 0.08984870388076387
27 31 0.03246079533525415
27 32 0.140407885303912
27 33 0.04327443563527299
27 34 0.0027352846428914685
27 35 -0.056691211869824995
27 36 -0.029492721917741455
27 37 0.029255093065176374
27 38 -0.049169551350489615
27 39 -0.03433713307552803
28 28 0.0
28 29 -0.024137645813619345
28 30 -0.06622451083665563
28 31 0.020243466223321162
28 32 -0.10178137610021694
28 33 -0.04502063582040356
28 34 0.08268963767438378
28 35 0.034304286848160684
28 36 -0.04830062975525328
28 37 -0.1048191424968657
28 38 0.02322009388536323
28 39 0.016835867346303244
29 29 0.0
29 30 -0.030014359674218394
29 31 0.03175271066197126
29 32 -0.1125743049096902
29 33 -0.026797446488451653
29 34 -0.05006768902462126
29 35 0.003871187562815479
29 36 -0.005982390631054687
29 37 -0.05166757321193662
29 38 -0.16590172895540306
29 39 -0.06252081134382627
30 30 0.0
30 31 0.03336575644258029
30 32 0.007383589993577638
30 33 -0.0023576809191401342
30 34 -0.04858319860334375
30 35 0.030205960126246063
30 36 0.05673846541086893
30 37 0.13720820601838352
30 38 -0.010349731959815976
30 39 -0.06098741135513306
31 31 0.0
31 32 -0.11030761147453934
31 33 0.22671471812992988
31 34 -0.056784836345604786
31 35 -0.011896017095109498
31 36 0.01564469274149949
31 37 -0.08367181662203851
31 38 -0.016250280096980648
31 39 0.06321665654306866
32 32 0.0
32 33 -0.015871485198326818
32 34 -0.05522511534569424
32 35 0.09482180154683123
32 36 0.010224401407063972
32 37 0.006035190012718326
32 38 0.040314507907138544
32 39 -0.08481635467504826
33 33 0.0
33 34 -0.002416120008626358
33 35 -0.04911521812092844
33 36 0.13773063805399013
33 37 -0.12779654674605317
33 38 0.009984425440339654
33 39 0.19787172064006026
34 34 0.0
34 35 -0.05086677412555103
34 36 0.005289777790988341
34 37 -0.05685242007698603
34 38 -0.012436604698326656
34 39 0.06786929545389604
35 35 0.0
35 36 0.03396699546579178
35 37 -0.011575046566884021
35 38 0.021628035823599553
35 39 -0.09292962173493352
36 36 0.0
36 37 0.0647033468069672
36 38 0.09368711233659452
36 39 0.13570252202253594
37 37 0.0
37 38 -0.02864300487949663
37 39 -0.04853291925872624
38 38 0.0
38 39 0.15473648022709308
39 39 0.0
