0 0 0.0
0 1 -0.1156182707784635
0 2 0.08428331626797406
0 3 0.04017641634168254
0 4 0.20670770319400794
0 5 0.07613957366585941
0 6 0.06473928814477728
0 7 0.021108127268548337
0 8 0.014091534323576524
0 9 -0.03260714075610269
0 10 0.04381654741562466
0 11 -0.04641414294059204
0 12 0.010922975088312758
0 13 -0.019241547388347848
0 14 -0.01117118192903398
0 15 -0.06921299363678969
0 16 -0.04343460671191109
0 17 0.012227795636265377
0 18 0.03665006513669333
0 19 0.004015900566762932
0 20 -0.06547931830253853
0 21 0.051540937314618285
0 22 -0.01563107843623138
0 23 0.008806768508287585
0 24 -0.008641088621288904
0 25 0.03473773717220375
0 26 -0.04474787187923464
0 27 0.030309545089938085
0 28 0.04914844146298535
0 29 -0.09401907539763321
0 30 -0.10201723016860025
0 31 0.1323836859499915
0 32 0.009566858613733176
0 33 -0.0685133366715396
0 34 0.037731546148809116
0 35 -0.10039861790679405
0 36 -0.048174593823624434
0 37 -0.023155790188300617
0 38 -0.019883966843426172
0 39 -0.025261814097907266
1 1 0.0
1 2 -0.100917012110917
1 3 0.08729314328645521
1 4 -0.281104513636815
1 5 0.036787564188973415
1 6 0.0405102935520542
1 7 -0.09858537023880358
1 8 0.03163903469007872
1 9 0.11788868811731368
1 10 -0.03483010136976485
1 11 -0.041742799661365085
1 12 0.07133147520550871
1 13 0.001906942454573814
1 14 0.021717720297214308
1 15 0.04527323792722262
1 16 0.04985571648932365
1 17 0.034903916257544194
1 18 0.08774711103193958
1 19 -0.006065067110526353
1 20 0.06698948181694538
1 21 -0.1032586734860936
1 22 -0.009108251479469033
1 23 -0.003303041682546281
1 24 -0.0037845879090110807
1 25 0.020282968799503438
1 26 0.026397484150635718
1 27 0.00011931970708516347
1 28 -0.08550347104485798
1 29 0.03372800717004246
1 30 0.22017840589478696
1 31 -0.17974947953719894
1 32 -0.04553677877432231
1 33 0.18116192269275355
1 34 -0.05757201245497765
1 35 0.08080601895840014
1 36 -0.05186338956989387
1 37 0.06667344937422676
1 38 0.10225629413709555
1 39 0.000985062120482346
2 2 0.0
2 3 -0.13044939731076075
2 4 0.08181018019402139
2 5 0.1256329659841195
2 6 0.07933958886397015
2 7 -0.05945027702626056
2 8 -0.012472792982414412
2 9 -0.13967613254358266
2 10 -0.027094195672621463
2 11 -0.04290874374130239
2 12 -0.03818677223345496
2 13 -0.06814199926248597
2 14 0.07117723599831074
2 15 0.0304694168364666
2 16 -0.14842804143231322
2 17 0.06176049804000265
2 18 0.07318515042992522
2 19 0.07988277505532201
2 20 -0.14907332581539984
2 21 0.1419891314623374
2 22 0.1027676830472625
2 23 0.1532523910343641
2 24 -0.04947167035055254
2 25 0.1222658730176791
2 26 -0.03202859967153514
2 27 -0.01623667374193302
2 28 0.030184579739441154
2 29 -0.06546210696694328
2 30 -0.1336022876130732
2 31 0.07383945820516755
2 32 0.09374190194088229
2 33 -0.11246485809477888
2 34 -0.027057562266698705
2 35 -0.08420411106352717
2 36 -0.061588826161055335
2 37 -0.0022658876770930434
2 38 0.081279346596373
2 39 -0.026302125858660586
3 3 0.0
3 4 0.14990459283697607
3 5 0.11034460157984108
3 6 0.04264594128359056
3 7 0.10646934395865144
3 8 -0.01297772501292789
3 9 0.06772054688291804
3 10 0.015527222554701566
3 11 -0.15767835365414612
3 12 0.12669309701344506
3 13 0.028200334163412676
3 14 -0.07187081689446441
3 15 -0.07614545941808198
3 16 0.09035332204137948
3 17 0.10969063267643997
3 18 0.1672541696015901
3 19 -0.05559697835079358
3 20 0.09484444612118972
3 21 -0.07078978348049401
3 22 -0.005351465385976208
3 23 -0.09406212939756957
3 24 0.056156895895042705
3 25 -0.02248843680749071
3 26 0.10626408493279886
3 27 0.13768782884170547
3 28 -0.06814640625744728
3 29 -0.06828279519935454
3 30 0.1482649385114717
3 31 0.0033396204308137854
3 32 -0.11239813663475436
3 33 0.15878124331087579
3 34 0.0030302509730933446
3 35 0.005091663719157331
3 36 -0.06680842170620907
3 37 0.008112152064314945
3 38 -0.057455907200849456
3 39 -0.09469838554645876
4 4 0.0
4 5 0.19055073454055954
4 6 0.06725886111416593
4 7 0.2854475790967515
4 8 0.00618856065181664
4 9 -0.04657410798662333
4 10 0.08784523778702666
4 11 -0.07177507644929379
4 12 -0.058589674770775826
4 13 -0.10502897817206795
4 14 -0.0641323164592031
4 15 -0.1463332091308503
4 16 -0.04881011249845902
4 17 -0.0007896730222583876
4 18 -0.0873844785377217
4 19 -0.091850697961029
4 20 0.04817329463185338
4 21 0.10669839818362377
4 22 -0.032555464900508244
4 23 -0.051046675258502094
4 24 0.02246337917497187
4 25 0.0748760423710037
4 26 0.041511869041589065
4 27 0.13761519222222868
4 28 0.17476549733140787
4 29 -0.008537354251440003
4 30 -0.2771112959658179
4 31 0.28401492046145754
4 32 0.021646095598067967
4 33 -0.15693229062932942
4 34 0.054922632875026835
4 35 -0.11460650097283501
4 36 0.06957186299271002
4 37 -0.06655645712637367
4 38 -0.20287342963315758
4 39 -0.1049129638298412
5 5 0.0
5 6 0.15594823236624206
5 7 0.11257380885957473
5 8 0.04934571760578598
5 9 0.02588323963518324
5 10 0.0538460902877147
5 11 -0.19083913973441224
5 12 0.099552642134783
5 13 -0.17500485688990625
5 14 0.007311275000120345
5 15 -0.11400148055563246
5 16 -0.04599104363112328
5 17 0.03242715175853241
5 18 0.14255427565884812
5 19 -0.09486624497582792
5 20 0.05141338112968223
5 21 0.10643729597912573
5 22 -0.03594178682741924
5 23 0.15100232902979902
5 24 -0.04770156772592858
5 25 0.24885461928649705
5 26 0.04729543585770806
5 27 0.06255596576920074
5 28 0.14875615062671022
5 29 -0.013639692986699948
5 30 -0.007224937533231575
5 31 0.06032552638685358
5 32 0.0072721391523474215
5 33 -0.02174557559214802
5 34 -0.07462077527467748
5 35 -0.02321277593015069
5 36 -0.07589505077335615
5 37 0.056102399577365625
5 38 0.05784306720611596
5 39 -0.09378969582360411
6 6 0.0
6 7 -0.18399426534426064
6 8 0.038079598104676926
6 9 0.028204947485385053
6 10 0.040401472522197314
6 11 -0.1604573956652085
6 12 -0.07762365330568896
6 13 -0.03856813224304205
6 14 0.10287416492143094
6 15 -0.029973956441989837
6 16 -0.07135096951652987
6 17 0.05168267528195797
6 18 0.042734196659419146
6 19 0.07273439726062667
6 20 0.04501538186234012
6 21 -0.061142458015284465
6 22 -0.04474916695302837
6 23 0.014860345228910457
6 24 -0.08449178725028231
6 25 0.16408970238972312
6 26 -0.12210339064076023
6 27 0.10560777751513928
6 28 0.013644836233243012
6 29 -0.03894394391315164
6 30 0.02046500123845027
6 31 -0.009419169895534586
6 32 0.07190403969720144
6 33 0.029784899321750935
6 34 -0.01882691168207147
6 35 -0.1268381067237561
6 36 -0.09851101791043035
6 37 0.07987488533040901
6 38 0.1148144579340757
6 39 -0.15812987215403074
7 7 0.0
7 8 0.020402992682329063
7 9 0.03255513621800486
7 10 0.013268698651896976
7 11 0.029210148037300016
7 12 0.08288430059870601
7 13 -0.0795514605393399
7 14 -0.13674383903694234
7 15 -0.07951318747981008
7 16 0.08358827201345927
7 17 -0.08220098229319231
7 18 -0.09729926113587446
7 19 -0.17172576926062283
7 20 0.10928732886498016
7 21 0.12982058345362962
7 22 0.03479883841500171
7 23 -0.001304407578591227
7 24 0.059050346911228055
7 25 -0.036413294474295796
7 26 0.1934767414503347
7 27 -0.010804273079266211
7 28 0.12214563924876139
7 29 0.10290408174984078
7 30 -0.11426702075244807
7 31 0.12795491122610833
7 32 -0.08028137797206529
7 33 -0.08730406069083121
7 34 0.016446421193242293
7 35 0.10335171723699939
7 36 0.08028056850232004
7 37 -0.08821097442983121
7 38 -0.18566280272844135
7 39 0.03143776998725462
8 8 0.0
8 9 0.09464248675075738
8 10 0.005854385737862285
8 11 0.01477371768726495
8 12 0.010919196748329847
8 13 -0.038001005703902066
8 14 -0.0077717254409763155
8 15 -0.008531166975986179
8 16 0.001177996020199773
8 17 -0.043168044825738244
8 18 -0.05200952322859579
8 19 -0.023746517795839125
8 20 0.019946448740483333
8 21 -0.007925403567836508
8 22 -0.004307184433055859
8 23 -0.014749562795320428
8 24 -0.012318080347335551
8 25 0.013258096156414826
8 26 -0.012293238348157083
8 27 -0.01643803941274501
8 28 0.01842319223843606
8 29 0.022159128757001923
8 30 -0.015844325964645734
8 31 0.011826386668156075
8 32 -0.013255741103231791
8 33 0.01782556067473767
8 34 0.013504307336475114
8 35 -0.004046673674029595
8 36 -0.03326431495418112
8 37 -0.008358353452629686
8 38 0.011850702262613255
8 39 0.016655252852198356
9 9 0.0
9 10 0.02919586834226885
9 11 0.026288504675087226
9 12 0.039406544220116566
9 13 -0.028141775498937115
9 14 -0.0378195274643272
9 15 -0.03226191230442042
9 16 0.06946069631512643
9 17 -0.06599738275699693
9 18 -0.07143931684512562
9 19 -0.0795637916053947
9 20 0.10274407285270708
9 21 -0.10230917468356863
9 22 -0.08714555326927655
9 23 -0.09587040280871592
9 24 0.012655085138680935
9 25 -0.018418536593660672
9 26 -0.005188094732402463
9 27 0.004681073344090665
9 28 0.01304346976439692
9 29 0.057567095121093335
9 30 0.07469892717689439
9 31 -0.04170450648118802
9 32 -0.06130910245006527
9 33 0.10721090207136082
9 34 0.01328040387710944
9 35 0.0388056607011129
9 36 0.001590056240476438
9 37 0.012452337686026164
9 38 -0.01699894717687928
9 39 0.031120184754802615
10 10 0.0
10 11 -0.039630332410805616
10 12 0.028608721950023203
10 13 -0.012175590285827436
10 14 -0.023957843840244072
10 15 -0.11312605819465124
10 16 0.03967089283973536
10 17 -0.05573152651701254
10 18 0.004542413129274275
10 19 -0.06607061179990369
10 20 0.04696423543459728
10 21 -0.024319834712045085
10 22 -0.15444922361972035
10 23 -0.015438341618979274
10 24 -0.010972983931284413
10 25 0.043511668621655314
10 26 -0.06289338349458014
10 27 0.02092034169128387
10 28 0.10320897171654167
10 29 -0.030615600394647384
10 30 -0.0011248456523173097
10 31 0.05433690612725186
10 32 -0.013154098506020432
10 33 -0.03961109565078001
10 34 0.014036125217467587
10 35 -0.03613187938985504
10 36 0.019573393072225602
10 37 0.026585585234592098
10 38 -0.024722273966963325
10 39 -0.013511586344665354
11 11 0.0
11 12 -0.050919741555933595
11 13 0.011879416450117473
11 14 -0.02884825369668868
11 15 0.07878826249488016
11 16 -0.014563985766591658
11 17 -0.05182105250479563
11 18 -0.14332144249667342
11 19 -0.00860349457697748
11 20 -0.07152483155088987
11 21 -0.014777450391858104
11 22 0.01991053907628758
11 23 -0.07153242322429611
11 24 0.05381646776858782
11 25 -0.12789176855618464
11 26 0.0070571432876248286
11 27 -0.08120818170135144
11 28 -0.02635132175600009
11 29 0.06059881504569596
11 30 -0.08109939641244432
11 31 -0.002212244682209613
11 32 0.0013453547977503248
11 33 -0.005411376511056838
11 34 0.030804372771787686
11 35 0.051749894076783674
11 36 0.113009132945413
11 37 -0.05783717121881286
11 38 -0.07705916851028698
11 39 0.1472166962448328
12 12 0.0
12 13 -0.0041757972581575745
12 14 -0.07560974683239029
12 15 -0.08180244161750402
12 16 0.07544305625330429
12 17 -0.006194391506346999
12 18 0.1592510590331855
12 19 -0.08576548773158935
12 20 -0.01847597283905593
12 21 0.035941870716011834
12 22 -0.044024552714833895
12 23 0.05177378714144152
12 24 0.025589884956428832
12 25 -0.0027935069805349196
12 26 0.055573758734723346
12 27 -0.039561351113119946
12 28 0.0216796297748772
12 29 -0.07938946601646163
12 30 0.10596209927918784
12 31 0.00665688747624012
12 32 -0.09680987294368812
12 33 0.0382082314194024
12 34 -0.010176126243471608
12 35 0.04546564260326581
12 36 -0.06860825049663574
12 37 0.0017298442765697746
12 38 0.016289449998355403
12 39 0.0565236053468813
13 13 0.0
13 14 -0.005347270772932109
13 15 0.0215567967615198
13 16 0.05657730262409473
13 17 -0.0012129812371163918
13 18 0.0046808675289269856
13 19 0.06188224101209329
13 20 -0.006283166224679735
13 21 -0.05316404855675274
13 22 0.015501873290158261
13 23 -0.05547608218205874
13 24 0.005875985702594268
13 25 -0.11421679039570223
13 26 -0.02986578696187654
13 27 -0.013798229183624722
13 28 -0.09001662132349543
13 29 -0.04569628749202068
13 30 0.06293101179293177
13 31 -0.03201301576451862
13 32 -0.025897906913241342
13 33 0.01617728244256807
13 34 0.041318481477107025
13 35 -0.008926913174103246
13 36 -0.03383057701800414
13 37 -0.014204524310957659
13 38 0.007036289973192854
13 39 -0.0035463273522568714
14 14 0.0
14 15 0.053999418331722025
14 16 -0.06712881362368826
14 17 0.04187231984613048
14 18 0.008146491955578723
14 19 0.07978813533209922
14 20 -0.02380354490002916
14 21 -0.014395705666796038
14 22 0.034150498205437155
14 23 0.03490454719360712
14 24 -0.041218576777654545
14 25 0.06070361691838411
14 26 -0.05374639027145987
14 27 0.017685534471649157
14 28 -0.032381033496269376
14 29 0.002048577630314719
14 30 0.0018411154226366355
14 31 -0.04690987296100014
14 32 0.06595777097470548
14 33 0.00566842989862149
14 34 -0.02506980642528146
14 35 -0.03921348248700247
14 36 -0.02477877771875793
14 37 0.03560842470641134
14 38 0.07857736412384891
14 39 -0.049634250624345656
15 15 0.0
15 16 -0.06658413054544104
15 17 0.06450328886926791
15 18 -0.040516465665362426
15 19 0.10227769044450749
15 20 -0.06419757852469708
15 21 -0.005413212035758003
15 22 0.1668558914825265
15 23 -0.0025752485733905577
15 24 0.008283434812083379
15 25 -0.05572721581523334
15 26 0.03708916908032501
15 27 -0.025427855627309
15 28 -0.13385901374175802
15 29 0.05105233857910828
15 30 -0.0035131117067054283
15 31 -0.08860898074086168
15 32 0.041255262043875154
15 33 0.05556749454763564
15 34 -0.017266659154560333
15 35 0.0336240199071289
15 36 0.0034107809108705743
15 37 -0.02030835372277388
15 38 0.03886695557121668
15 39 0.023426269666648354
16 16 0.0
16 17 -0.07634271346128116
16 18 -0.020585953816713045
16 19 -0.07329484279879422
16 20 0.11927611400517424
16 21 -0.04603433800334121
16 22 -0.07696221527185389
16 23 -0.05098059299217752
16 24 0.014384190366698557
16 25 -0.06955687011878338
16 26 0.030766413375712214
16 27 -0.01364423512541051
16 28 0.01726811432628031
16 29 0.023343288122700763
16 30 0.09778240575855268
16 31 -0.024202491966350118
16 32 -0.08141490912907337
16 33 0.02048177142796342
16 34 0.022333897900024303
16 35 0.061174083094303014
16 36 0.0012884292507543541
16 37 -0.002052514260130989
16 38 -0.041593582745560076
16 39 0.003431714183022061
17 17 0.0
17 18 0.13677863781997007
17 19 0.07149020105507885
17 20 -0.08312763719551994
17 21 -0.008714096762611818
17 22 0.08904220341660193
17 23 0.012090830401624444
17 24 0.019810973031100663
17 25 0.026640258834318947
17 26 0.029911592678888977
17 27 0.06418279989145872
17 28 -0.09912693872780551
17 29 -0.05860891756024914
17 30 0.03844479900355363
17 31 -0.03633795799781792
17 32 0.022088167157107274
17 33 0.08547919370674001
17 34 -0.035496170087331795
17 35 -0.02731774500238852
17 36 -0.028370875211379896
17 37 0.01806822490480508
17 38 0.03762809840978766
17 39 -0.03683962964712364
18 18 0.0
18 19 0.017413305328103597
18 20 -0.11175043491724548
18 21 0.024711487061087997
18 22 -0.006427496987818114
18 23 0.10435343827670426
18 24 0.0056599644674715085
18 25 0.07859158452857554
18 26 0.010098439762367161
18 27 0.02668824330488325
18 28 -0.04647117288355079
18 29 -0.169592985190609
18 30 0.1466497239795836
18 31 -0.031647216317716866
18 32 -0.03481295259593588
18 33 0.07934466904825704
18 34 -0.053377598097942035
18 35 -0.027374567285284784
18 36 -0.11357559444659193
18 37 0.055205062221606926
18 38 0.10667220778426349
18 39 -0.014983475099609964
19 19 0.0
19 20 -0.08352023691056824
19 21 -0.006386909559930617
19 22 0.12381512577150264
19 23 0.015528362191504214
19 24 -0.032334027408182205
19 25 -0.019907537171285985
19 26 -0.05015642407715709
19 27 0.003114079972952557
19 28 -0.11892611916953055
19 29 -0.04198258558167861
19 30 -0.0075114392235506285
19 31 -0.03954967381344835
19 32 0.059572633530624176
19 33 0.007102201819443092
19 34 0.007288128361607346
19 35 -0.05973021998270611
19 36 -0.07086298753054258
19 37 -0.0009253055870811188
19 38 0.08410904719384357
19 39 -0.04406189965484313
20 20 0.0
20 21 -0.06829777322676331
20 22 -0.08395623306406275
20 23 -0.058853236868858474
20 24 -0.021522412711464066
20 25 0.025237835060670337
20 26 0.03945677645851241
20 27 0.0572555752633432
20 28 0.06521732585655485
20 29 0.1304076078210394
20 30 0.07402606966830126
20 31 -0.04612585499720101
20 32 -0.03330615433276729
20 33 0.019318120213787628
20 34 -0.007927956267111368
20 35 0.06198446580068003
20 36 0.036934057776100024
20 37 0.03190731783948849
20 38 -0.04679540690700299
20 39 -0.1001547983381875
21 21 0.0
21 22 0.11042437328653956
21 23 0.13615098171378243
21 24 -0.016645928179655455
21 25 0.04563986433865361
21 26 0.06743045059170602
21 27 -0.053855679897376316
21 28 0.05801773342627435
21 29 -0.012737203184975987
21 30 -0.11956840091556606
21 31 0.09202252001255479
21 32 0.01890561094492601
21 33 -0.1333171996299104
21 34 -0.008653946257085222
21 35 0.0026150904007485962
21 36 -0.03759186284609902
21 37 -0.046819859906135006
21 38 0.0006172488383105717
21 39 0.009401347931634225
22 22 0.0
22 23 0.06312251540447655
22 24 -0.0014298166351522964
22 25 -0.05577250941812577
22 26 0.12012408060502058
22 27 -0.03009367830874791
22 28 -0.15339302704124347
22 29 0.027392274952188173
22 30 -0.0614056798487649
22 31 -0.021244665301895043
22 32 0.026903804967466083
22 33 -0.0004475915403294092
22 34 -0.004767145975416962
22 35 0.025563028405963507
22 36 -0.08634695129686827
22 37 -0.0715650119383073
22 38 0.03799918604007144
22 39 -0.019721596490624646
23 23 0.0
23 24 -0.05114653111781078
23 25 0.11662231164801533
23 26 0.019709760984949806
23 27 -0.05274764990754627
23 28 0.04944633074046286
23 29 -0.02777573954974416
23 30 -0.015253344819064152
23 31 0.004689027459872298
23 32 0.0363646870622848
23 33 -0.08648938235252067
23 34 -0.052033886415635625
23 35 0.003602548659776604
23 36 -0.07220594072304068
23 37 0.019188825347607578
23 38 0.09901389161318858
23 39 -0.015164385693779963
24 24 0.0
24 25 -0.06112593275361702
24 26 0.04539434327364148
24 27 0.00339821759099522
24 28 -0.02215324344637843
24 29 0.00038881370896976376
24 30 0.0026663988001282258
24 31 0.006077123977953529
24 32 -0.03314757341483743
24 33 0.040151472956908726
24 34 0.006973176286473336
24 35 0.031906150779394786
24 36 0.05206813203053916
24 37 -0.023389375063216592
24 38 -0.0640765179443348
24 39 0.05297903405499673
25 25 0.0
25 26 -0.035155452289435465
25 27 0.048351930125296434
25 28 0.10687018645886781
25 29 -0.001350058101656068
25 30 -0.00995100866918111
25 31 0.008771708077949912
25 32 0.06079674565828822
25 33 -0.03292251343823853
25 34 -0.06587357247457143
25 35 -0.04402339649897329
25 36 -0.028670965741230663
25 37 0.07246125368170075
25 38 0.08061991460629221
25 39 -0.08553817388012096
26 26 0.0
26 27 -0.0025574412963815327
26 28 -0.027777914051026382
26 29 0.06828737868193355
26 30 0.008609770718123326
26 31 -0.012761909386061657
26 32 -0.04742021570548919
26 33 0.027468892337523275
26 34 -0.025555724913096496
26 35 0.10114856926344987
26 36 0.022216753013156672
26 37 -0.04195415331042286
26 38 -0.062416157224075466
26 39 0.012298437384845786
27 27 0.0
27 28 -0.002377875281739169
27 29 -0.003790376472962017
27 30 0.01366182400319314
27 31 0.008447873599687586
27 32 0.012803310565038337
27 33 0.04786181118321076
27 34 -0.009432986408426412
27 35 -0.04174479552195889
27 36 0.013794286642587883
27 37 0.028908320999806707
27 38 -0.025485726149264344
27 39 -0.09250820653292538
28 28 0.0
28 29 0.02713764971995431
28 30 -0.08624964198519898
28 31 0.09929655273638864
28 32 0.010342995221338361
28 33 -0.12082515046604374
28 34 -0.0065532835414603505
28 35 -0.01156213073246348
28 36 0.062190263429414284
28 37 0.016835938452842213
28 38 -0.05076475847189711
28 39 -0.0031639697844386616
29 29 0.0
29 30 -0.023750464581120678
29 31 -0.05660707102560057
29 32 0.016892709583706745
29 33 0.0016435008031710839
29 34 -0.023450225673965278
29 35 0.09031921089889566
29 36 0.09536995131566742
29 37 -0.005369059054503319
29 38 -0.05106623630190736
29 39 -0.008262228959418288
30 30 0.0
30 31 -0.16745839336964483
30 32 -0.06989623916324786
30 33 0.16703633521020717
30 34 -0.04244922069870676
30 35 0.0657350962985444
30 36 -0.06003008133441214
30 37 0.07426342950445171
30 38 0.09032368149116562
30 39 -0.01741969551414766
31 31 0.0
31 32 0.0021561823948618385
31 33 -0.12917114878194408
31 34 0.05234966355306549
31 35 -0.07560816265157919
31 36 0.002608529762405048
31 37 -0.05507677312909892
31 38 -0.08482383255887868
31 39 0.0017634061471845895
32 32 0.0
32 33 -0.047012484182599026
32 34 -0.016572261835793377
32 35 -0.04359513485197756
32 36 0.017881172166926453
32 37 0.01626581601469763
32 38 0.03406555774316904
32 39 -0.03494689605738459
33 33 0.0
33 34 -0.02846261593480951
33 35 0.04275653415691088
33 36 -0.011250815269885375
33 37 0.03815300919015129
33 38 0.031066243383053777
33 39 0.012108304504375562
34 34 0.0
34 35 -0.02990240706236577
34 36 -0.010876103365466898
34 37 -0.03512631119944389
34 38 -0.037563063392176174
34 39 0.012551542613130734
35 35 0.0
35 36 0.05328216626956282
35 37 -0.008110161876666577
35 38 -0.029777248444582523
35 39 0.05247986126043412
36 36 0.0
36 37 -0.004004586915696142
36 38 -0.1207819339271196
36 39 0.05788865983716288
37 37 0.0
37 38 0.05492161133959507
37 39 -0.03662119137848537
38 38 0.0
38 39 -0.03645942700056874
39 39 0.0
