0 0 0.0
0 1 0.04104879265027305
0 2 0.028430602604846235
0 3 0.000043070733776168725
0 4 0.031686585382327374
0 5 0.025054710337218455
0 6 -0.05789933708746122
0 7 -0.13393994016712868
0 8 -0.009437832520981924
0 9 -0.048215837537420404
0 10 -0.0011625547884344834
0 11 -0.03430703500178291
0 12 -0.1109854431263261
0 13 0.08799055595990543
0 14 0.018389528312176166
0 15 -0.08727702543168206
0 16 0.03736205533706028
0 17 0.042979105806042146
0 18 0.014273912825425422
0 19 0.09543069154603195
0 20 -0.02169656523577068
0 21 -0.005269498161753769
0 22 -0.04886280577218576
0 23 0.010029590417860963
0 24 0.03726524909777586
0 25 -0.1004284689427973
0 26 -0.0605270868533624
0 27 -0.0787657905602476
0 28 -0.031839673679398495
0 29 -0.00023387212647472253
0 30 0.0625389738006287
0 31 -0.015433351856088944
0 32 0.016378568030007316
0 33 -0.0043313406548618795
0 34 0.02346026796198132
0 35 -0.010081315785149267
0 36 0.057302156455601584
0 37 0.030686749379678878
0 38 -0.11536494460589293
0 39 0.06643924872453025
1 1 0.0
1 2 0.03136131657114087
1 3 0.12404976434693427
1 4 0.04322939101469125
1 5 0.04961019120411363
1 6 0.12089288518971283
1 7 -0.1136852389236146
1 8 -0.01952085342169181
1 9 0.016467100851634053
1 10 -0.010174910171825537
1 11 0.12326191286415253
1 12 -0.026045175358210854
1 13 0.04172896433705487
1 14 0.08262151414404903
1 15 0.02804633544680928
1 16 0.10096149423549935
1 17 0.044154079028399525
1 18 -0.011581691344217618
1 19 0.03415816552360658
1 20 0.08550367065081901
1 21 0.03839651433806331
1 22 -0.0012678036696413494
1 23 -0.04165630556780826
1 24 -0.03294573354224876
1 25 0.02467264170603902
1 26 0.037204646450558196
1 27 0.048834139471914825
1 28 -0.013781956043815189
1 29 0.03773870512326115
1 30 -0.014329466705293403
1 31 -0.04032340003442403
1 32 -0.07154915380717428
1 33 -0.06015515713758811
1 34 0.13932732857579394
1 35 0.062281818727246016
1 36 0.013556073343521468
1 37 -0.0032370803887837056
1 38 -0.0535098634049059
1 39 0.01937135192542494
2 2 0.0
2 3 0.024263822879842807
2 4 -0.028780206847703556
2 5 0.014808198029404149
2 6 0.0683263815776253
2 7 -0.0019184827799220874
2 8 -0.08917756402124644
2 9 -0.10808810689266643
2 10 0.03447664289910961
2 11 0.1625146223974191
2 12 0.02755415515234435
2 13 0.07803982492508389
2 14 -0.06377801154969287
2 15 0.13620903280497093
2 16 0.1395437583182261
2 17 0.008267582775309142
2 18 0.09281642009998733
2 19 0.13254356847630094
2 20 0.1379353456247207
2 21 -0.061463639383807986
2 22 -0.12668194602634478
2 23 -0.029046066991681534
2 24 0.07446140986416064
2 25 0.02316885721718613
2 26 -0.04048387537046555
2 27 -0.005543715963318062
2 28 -0.13199131172498962
2 29 0.182612233428979
2 30 0.011555391931086985
2 31 -0.050298741181164786
2 32 0.048873939893310944
2 33 -0.040364756988415955
2 34 -0.023149909680050408
2 35 0.1294638496972524
2 36 0.09657268737134357
2 37 -0.10797137935260223
2 38 0.012972961313039575
2 39 -0.01442924717098536
3 3 0.0
3 4 0.13264638470967788
3 5 0.005424485061169324
3 6 0.14783643067045413
3 7 -0.0847229325081532
3 8 0.05501043862750164
3 9 0.0117980099648963
3 10 -0.03318484578737786
3 11 0.09036237519939687
3 12 -0.062297732301345464
3 13 0.06422849872971621
3 14 0.07820855938796119
3 15 -0.05939156143608186
3 16 0.08848564014740515
3 17 0.05096407594765771
3 18 -0.0024435790535685172
3 19 0.01570722838345144
3 20 0.0506858425311321
3 21 0.051574855356375716
3 22 -0.08060806622596978
3 23 -0.054070164999211114
3 24 0.08540070118300179
3 25 0.07625468280102607
3 26 0.06499208282518237
3 27 0.02252946828120806
3 28 0.0034030626577374033
3 29 0.008188857468802551
3 30 -0.0632736911687872
3 31 0.008342427076210268
3 32 -0.09253962499494271
3 33 -0.06097333657132805
3 34 0.08943712973707577
3 35 0.12003850210784035
3 36 -0.02429118936598134
3 37 -0.007312820277945614
3 38 -0.0421040902904335
3 39 -0.029780018515899554
4 4 0.0
4 5 0.04732607236765773
4 6 -0.033794719920132686
4 7 -0.01913576574372561
4 8 0.2860486884748414
4 9 0.014153782575847585
4 10 0.00009906733572835437
4 11 0.08290467754745405
4 12 -0.1474458765474795
4 13 0.05104165324749008
4 14 0.0812194462247148
4 15 -0.15626203051989856
4 16 0.01242857159058915
4 17 0.13927719589865656
4 18 -0.04598777279724961
4 19 0.08071508963166715
4 20 -0.07355401284493715
4 21 0.0142514424270619
4 22 0.03360122724787745
4 23 -0.14893172492223322
4 24 0.06616794819083248
4 25 0.06653416017919601
4 26 -0.07789320029301644
4 27 0.08151878496478471
4 28 0.0134685234324329
4 29 -0.0626529544309993
4 30 -0.04055507334667566
4 31 0.05009039682726592
4 32 -0.08675835860747905
4 33 -0.023510092599079182
4 34 0.03626235855065724
4 35 0.008311408628826926
4 36 -0.06573934122717069
4 37 -0.0714669854801819
4 38 -0.012027730895486134
4 39 -0.0776820498099294
5 5 0.0
5 6 0.08958397203373752
5 7 -0.062224499602081804
5 8 -0.028160458058048572
5 9 -0.018516624472662634
5 10 -0.1409973817747062
5 11 0.09348686736352635
5 12 0.007272288284750862
5 13 0.024813195844546793
5 14 -0.0007101255663604832
5 15 -0.04719823891641839
5 16 -0.06719466302586533
5 17 0.07557810354575847
5 18 0.013566566827086835
5 19 0.040611422853454544
5 20 0.032592498744484284
5 21 -0.05423037909422631
5 22 0.03639237242668013
5 23 -0.05696592816461319
5 24 -0.07902333813771101
5 25 -0.015084830745145304
5 26 0.004006065980675121
5 27 -0.044057701054988796
5 28 -0.013985810162162165
5 29 -0.053464533016795115
5 30 -0.008441347199554545
5 31 -0.0504658231838376
5 32 0.08801167857776598
5 33 -0.11334469903137123
5 34 -0.0058815298727333725
5 35 -0.07727958464058146
5 36 -0.005440756435199305
5 37 -0.02346958856945144
5 38 -0.11137204066078965
5 39 -0.06557863118212216
6 6 0.0
6 7 -0.036540040598844234
6 8 -0.18259261520628461
6 9 0.030243723089158393
6 10 -0.038477970086749434
6 11 0.0395380021109999
6 12 0.08613367106158776
6 13 0.02507666900929273
6 14 -0.00569713546989002
6 15 0.033765099841974386
6 16 0.05024503463458615
6 17 0.019591868443304298
6 18 -0.020656418964880366
6 19 -0.09683704814999956
6 20 0.17583115705599406
6 21 0.019569507253013423
6 22 -0.07857825773821565
6 23 -0.015451544058777116
6 24 -0.05520379771425236
6 25 0.10092853585211867
6 26 0.12627074230201554
6 27 -0.0798146292707009
6 28 -0.01680707069400928
6 29 0.049165271685395716
6 30 -0.026297184940937263
6 31 -0.015474488008568755
6 32 0.009189332611049105
6 33 -0.12513954814526423
6 34 0.015315833301208814
6 35 0.12526435002834949
6 36 0.01264413531341953
6 37 -0.023224264629540935
6 38 0.004278189787798889
6 39 -0.08941423910307282
7 7 0.0
7 8 0.03843700678633476
7 9 0.014163453766656292
7 10 0.09453559935391045
7 11 -0.036656565484166265
7 12 0.09887071727197796
7 13 -0.11452023136096709
7 14 -0.07710597108926635
7 15 0.059456728607163965
7 16 -0.045112656686687944
7 17 -0.05353647163620726
7 18 -0.0316479854550038
7 19 -0.07656025642394279
7 20 -0.01677476887695501
7 21 -0.015129819293163625
7 22 0.056501278174376744
7 23 0.00648264973207476
7 24 -0.010837004171308623
7 25 0.10250473636297124
7 26 -0.030038131774268794
7 27 0.0440435404306973
7 28 0.016283854302153452
7 29 0.03463893910145179
7 30 -0.02227543928405811
7 31 0.07522467517281958
7 32 -0.014055318850252099
7 33 0.07071738961481726
7 34 -0.09710403505175395
7 35 0.0006150885334819518
7 36 -0.036513496207279075
7 37 -0.08411880619979008
7 38 0.17325060112455412
7 39 -0.08281606712276514
8 8 0.0
8 9 0.025234978691527226
8 10 0.014995754801675703
8 11 0.09775015467637474
8 12 -0.13807224688988656
8 13 -0.006312086796306125
8 14 0.09628826683594997
8 15 -0.1038210132927786
8 16 -0.015109679850861696
8 17 0.09127010781314339
8 18 -0.032443340476842275
8 19 0.09350942917337375
8 20 -0.1539970634564095
8 21 0.018080149369448784
8 22 0.10609263858461951
8 23 -0.1299337198367519
8 24 0.07148425850552
8 25 0.04238950580038468
8 26 -0.10095160440419344
8 27 0.18636290915916992
8 28 0.04171051333535268
8 29 -0.08440637463078553
8 30 -0.05937919870503964
8 31 0.04586197187061909
8 32 -0.11457533369994319
8 33 0.05211651138027745
8 34 0.057720325453624474
8 35 -0.05702273566016155
8 36 -0.09560848675445682
8 37 -0.04927700775984058
8 38 0.024518700744990907
8 39 -0.02463117136091128
9 9 0.0
9 10 0.03230937099931192
9 11 -0.0574604201473123
9 12 0.015564462276617022
9 13 -0.01422886621716272
9 14 0.05061525915084131
9 15 0.023259664643432314
9 16 -0.023435957718563293
9 17 0.030959809062434944
9 18 -0.07447922686967871
9 19 -0.10467705896164874
9 20 0.004127451383776044
9 21 0.03953425612247084
9 22 0.07769663041527029
9 23 -0.04167987817926676
9 24 -0.11713827799062493
9 25 0.015525198420395903
9 26 0.04005711461162929
9 27 0.05275987500472018
9 28 0.04259460895417131
9 29 -0.05719343461676053
9 30 0.014677955431795852
9 31 -0.011652972091857493
9 32 -0.0211127885032153
9 33 -0.01648417969759263
9 34 0.030398158061066584
9 35 -0.01767973475585173
9 36 -0.03839872876878771
9 37 0.04049983968301554
9 38 0.06640699054823597
9 39 -0.0037992802763734644
10 10 0.0
10 11 -0.08161013522073049
10 12 0.010904288503611826
10 13 -0.03869779711641287
10 14 -0.018272949745655208
10 15 0.06864213585384837
10 16 0.09833365105377725
10 17 -0.017226665892367467
10 18 -0.07971386983127668
10 19 -0.047527480590736804
10 20 0.03287285366359368
10 21 0.04188520717896305
10 22 0.024906662244366298
10 23 -0.0002663742537542479
10 24 -0.025757639049076
10 25 0.06413635512069835
10 26 -0.07095054026400952
10 27 0.0398628779557942
10 28 -0.01645457322459048
10 29 0.10823785477537237
10 30 0.0597047861623214
10 31 0.07286068239822348
10 32 -0.09522827797257241
10 33 0.0943709288135002
10 34 -0.0017176181703507719
10 35 0.09004913750331603
10 36 0.03062454156184282
10 37 -0.06648284566974924
10 38 0.18000846542868262
10 39 0.003661361323157801
11 11 0.0
11 12 0.011327991575553016
11 13 0.012746299494642779
11 14 0.06773862191563548
11 15 0.14255785628129466
11 16 0.10864461990147087
11 17 0.03782652481760112
11 18 0.08610331883545405
11 19 0.17490355459263823
11 20 0.07540894477825702
11 21 -0.03111231800927277
11 22 0.03462305226518731
11 23 -0.0998262409452325
11 24 0.023473162690508177
11 25 0.05812397695810673
11 26 -0.0093471918125655
11 27 0.2028267726919164
11 28 -0.06094807445063538
11 29 0.08903368020039049
11 30 -0.09283747796193567
11 31 -0.08917974987127539
11 32 -0.05300049671998304
11 33 -0.05973236005477136
11 34 0.15016692819064492
11 35 0.028007737048859355
11 36 -0.00417766033556321
11 37 -0.095193108269319
11 38 -0.050117922476732454
11 39 -0.006132214125917023
12 12 0.0
12 13 -0.08192583267386072
12 14 -0.06019105399963457
12 15 0.13116019611016863
12 16 -0.020922637940862323
12 17 -0.07054330787457305
12 18 0.0019471221699031715
12 19 -0.08718792600181614
12 20 0.07727851903987422
12 21 -0.0156756694718478
12 22 0.027516019722294522
12 23 0.04210667049965125
12 24 -0.08039019354962265
12 25 0.05373835363812145
12 26 0.055655126696533594
12 27 0.004005295942227527
12 28 -0.0014396039564021385
12 29 0.050392184315959446
12 30 -0.013360268570383518
12 31 -0.009788631688121482
12 32 0.03515193193773797
12 33 -0.005279377916962056
12 34 -0.03537812266808812
12 35 0.007143788648707533
12 36 0.0033636891573242565
12 37 -0.024746230203863857
12 38 0.08442248966801756
12 39 -0.036843201909752446
13 13 0.0
13 14 0.02873487637587014
13 15 -0.02551197578743366
13 16 0.047157427221452594
13 17 0.07321104482665246
13 18 0.030260203486227644
13 19 0.06373246411121979
13 20 0.030822448248571704
13 21 -0.012129090620700566
13 22 -0.0849316036333578
13 23 -0.04898510620440645
13 24 0.02554941419374789
13 25 -0.06636687948835066
13 26 -0.0004268095669624276
13 27 -0.0404285590214378
13 28 -0.04965131838147694
13 29 -0.001385705732113092
13 30 0.035299623499580726
13 31 -0.061230033492567115
13 32 0.0520699524641795
13 33 -0.06758888629941061
13 34 0.007486158732177504
13 35 0.03963558510326574
13 36 0.04162570025939881
13 37 0.03190123083513811
13 38 -0.07713481124835472
13 39 0.03165376280194879
14 14 0.0
14 15 -0.004507662480194089
14 16 0.03550616580226325
14 17 0.04807082717587738
14 18 -0.022492138696567063
14 19 0.01937233523414331
14 20 -0.01481145307433345
14 21 0.041917136334396296
14 22 0.048834563137824076
14 23 -0.055447785692433894
14 24 -0.028703400336593455
14 25 -0.009272289411126435
14 26 0.01835415940237701
14 27 0.09855559032960579
14 28 0.024206877745378837
14 29 -0.04179400286881087
14 30 -0.018252551196993937
14 31 -0.034860190463779486
14 32 -0.06766537866072583
14 33 -0.01974978187818187
14 34 0.11667018719126812
14 35 -0.00726877465532477
14 36 -0.03000879996910034
14 37 0.037639464883696946
14 38 -0.033624081462030476
14 39 0.04097698225171535
15 15 0.0
15 16 0.09711154437822861
15 17 -0.04487004791842998
15 18 0.030822831043945127
15 19 -0.0037600759167721438
15 20 0.1315839813410748
15 21 -0.013977213804540095
15 22 0.043985876018414985
15 23 -0.016995228554542007
15 24 -0.1161654447547706
15 25 0.019066797187519587
15 26 0.02888936780715263
15 27 0.14557479435935133
15 28 -0.06124533310399451
15 29 0.13192878983801806
15 30 0.010690451447725204
15 31 -0.09844617346330273
15 32 0.013180172854031409
15 33 -0.0062459541188270955
15 34 0.06161512209167741
15 35 0.04710166063290027
15 36 0.04524184661682338
15 37 -0.031300223578791406
15 38 0.11594925984070388
15 39 0.045304174871947905
16 16 0.0
16 17 0.00434426167210763
16 18 0.014685549092127274
16 19 0.0675597132912678
16 20 0.09468500477238283
16 21 0.030047977966524607
16 22 -0.05900255883861889
16 23 -0.021440666776098412
16 24 0.04396301906394306
16 25 0.03665784657158816
16 26 -0.011903459019743374
16 27 0.06523385674991153
16 28 -0.05909988750188676
16 29 0.1339714268325146
16 30 0.005528342781158493
16 31 -0.01695064194592041
16 32 -0.08557279943791364
16 33 0.007500627455452527
16 34 0.09593233978542504
16 35 0.13414600733430115
16 36 0.05315510704875596
16 37 -0.04606881868787859
16 38 0.033441414737235234
16 39 0.040887453983277325
17 17 0.0
17 18 -0.031015229576106564
17 19 0.03305440503311862
17 20 0.007232032110399279
17 21 -0.009175059410193635
17 22 0.025961311692742222
17 23 -0.10937568096967376
17 24 -0.052062249425280836
17 25 -0.008004448144669205
17 26 -0.031646791413267344
17 27 0.0238687209468759
17 28 -0.01746555858738979
17 29 -0.04008672035671302
17 30 0.02166512764522733
17 31 -0.030893391576625545
17 32 0.018150573693643146
17 33 -0.06834946867970113
17 34 0.016648492205562353
17 35 -0.010909528964878129
17 36 -0.00833214450573919
17 37 -0.01668766885288158
17 38 -0.022633066766097006
17 39 -0.03155573769034738
18 18 0.0
18 19 0.088120516462667
18 20 0.004960049332114086
18 21 -0.03708626200384616
18 22 -0.06885815882162308
18 23 0.028113286201599853
18 24 0.08504033739064086
18 25 -0.03822856461257123
18 26 0.007686957586723195
18 27 -0.008091441707528265
18 28 -0.03746758371162971
18 29 0.03142657441680212
18 30 -0.027769321473692092
18 31 -0.04212258904442908
18 32 0.044302457255411036
18 33 -0.011099869113710359
18 34 -0.005061202756178148
18 35 0.0044402861622921215
18 36 0.02658599049026275
18 37 0.003746636081170509
18 38 -0.07500331714417278
18 39 0.030267922481998465
19 19 0.0
19 20 -0.021788439587707806
19 21 -0.0427207583650304
19 22 -0.03664844383565331
19 23 -0.03475082901367688
19 24 0.10875236235947142
19 25 -0.0481075983680949
19 26 -0.08363461595022204
19 27 0.052201365084607064
19 28 -0.06360626190393298
19 29 0.05136725206205991
19 30 -0.016401565207232908
19 31 -0.039980876107046925
19 32 -0.004028648622244464
19 33 -0.000003466611189089306
19 34 0.05239899768495219
19 35 -0.004486049130842981
19 36 0.03665359966685201
19 37 -0.04665636110271193
19 38 -0.10652445582206593
19 39 0.04248076813629346
20 20 0.0
20 21 -0.0035476144957377886
20 22 -0.04761839628299463
20 23 -0.01908723629544957
20 24 -0.06686819035733797
20 25 0.046654932710410754
20 26 0.049694267205899596
20 27 -0.009065322271072408
20 28 -0.059731070869359235
20 29 0.1087615515527661
20 30 0.016314875571321805
20 31 -0.048834849765900634
20 32 0.018471352268820296
20 33 -0.07063204809736906
20 34 0.02669217931352332
20 35 0.10413068545548651
20 36 0.05394494339914422
20 37 -0.040426163207978
20 38 0.040243373068737306
20 39 -0.022419358689807028
21 21 0.0
21 22 0.008790239965997027
21 23 0.009371266344379608
21 24 0.0008097386319487297
21 25 0.023501947551447758
21 26 0.026395209402530196
21 27 0.023789104281193928
21 28 0.03141524256229217
21 29 -0.0070967139897523315
21 30 -0.007397774346914255
21 31 0.023896808006445783
21 32 -0.07246475969397687
21 33 0.021787263884081205
21 34 0.05280213710496599
21 35 0.032416057032027525
21 36 -0.017298815969187857
21 37 0.0248052635761292
21 38 0.022703408887386284
21 39 0.019313763350540435
22 22 0.0
22 23 -0.053869419318913814
22 24 -0.15330570987271938
22 25 0.01201835642949067
22 26 -0.034509585282263486
22 27 0.1331342548790376
22 28 0.04919948511122056
22 29 -0.061068333525860906
22 30 0.0017894732365583282
22 31 -0.008595788975085587
22 32 -0.03472629333392828
22 33 0.021816060033998615
22 34 0.05619063492947997
22 35 -0.11669246888032832
22 36 -0.05564524609273282
22 37 -0.009516643719232833
22 38 0.05963433901671008
22 39 -0.005968408141805604
23 23 0.0
23 24 0.06088837964387306
23 25 -0.030044119267040474
23 26 0.030705866484220905
23 27 -0.09814651160959242
23 28 0.020959128612708357
23 29 0.016998766708669937
23 30 0.0026682442338607703
23 31 0.037372289812492174
23 32 0.004523745536272895
23 33 0.060235282114964483
23 34 -0.03380641751381177
23 35 -0.000584698301466796
23 36 0.02373308912567961
23 37 0.045356197581418775
23 38 -0.027910299356354213
23 39 0.04372039633987285
24 24 0.0
24 25 0.02032377859602778
24 26 -0.02278617437784057
24 27 -0.05341849387909751
24 28 -0.01247523477138918
24 29 0.038660044980351416
24 30 -0.06576904720343595
24 31 0.07349126084920934
24 32 -0.05675026914692002
24 33 0.061923297567750404
24 34 -0.028942188830729736
24 35 0.08050002196131242
24 36 0.0039016560238762177
24 37 -0.024750428936544402
24 38 -0.06851128943616376
24 39 0.0060637725665964
25 25 0.0
25 26 0.013968174870638788
25 27 0.05082653734879916
25 28 0.012218817322623046
25 29 0.053747888131442365
25 30 -0.05792031781345416
25 31 0.06970141011777715
25 32 -0.08763359326277179
25 33 0.009561009576835004
25 34 0.004130270512482
25 35 0.08191270259013422
25 36 -0.03845760833711629
25 37 -0.09397165942553729
25 38 0.10891964928258743
25 39 -0.09649794849942935
26 26 0.0
26 27 -0.021385994391085756
26 28 0.027085538236947853
26 29 -0.026650661822433752
26 30 -0.034289653512919745
26 31 -0.03145910510998888
26 32 0.01074334395725701
26 33 -0.049952159270797616
26 34 0.024393748589041538
26 35 0.02919664027268325
26 36 -0.017307507097886334
26 37 0.06320858908461023
26 38 -0.021088871302341793
26 39 0.0024560574609945214
27 27 0.0
27 28 0.0065264313873042825
27 29 0.02238529795504049
27 30 -0.05363946289704841
27 31 -0.04743280145317859
27 32 -0.10487385083504205
27 33 0.026635765982002013
27 34 0.14080873447988812
27 35 -0.01403967219852196
27 36 -0.04997307661334307
27 37 -0.0385260355828377
27 38 0.08122032169903864
27 39 0.02964024564769278
28 28 0.0
28 29 -0.07360486117804145
28 30 -0.02307886987961719
28 31 0.035622031315155164
28 32 -0.03730942001742108
28 33 0.024339509155050964
28 34 0.010897794780951361
28 35 -0.044521427497524496
28 36 -0.050748881479366424
28 37 0.03832460832242886
28 38 0.0019597430395902303
28 39 -0.004641722891843383
29 29 0.0
29 30 0.010163572553289516
29 31 0.002530101722654648
29 32 -0.036486802608289695
29 33 0.025160327571547215
29 34 0.018369362684308103
29 35 0.11960754582219837
29 36 0.06776337809025094
29 37 -0.08568002080730756
29 38 0.07177239489789748
29 39 0.005098097975132923
30 30 0.0
30 31 -0.015147902508525426
30 32 0.04665328903113147
30 33 0.0005492581075990601
30 34 -0.03153115491256482
30 35 -0.009947766720506792
30 36 0.044565985204209665
30 37 0.018739564681361433
30 38 0.015780291551194463
30 39 0.02905721748935016
31 31 0.0
31 32 -0.06827275591042864
31 33 0.06818447362413968
31 34 -0.04886343288801111
31 35 0.02641993345835833
31 36 -0.025795403853761344
31 37 -0.04301634173478123
31 38 0.05523847398008287
31 39 -0.051772680643889214
32 32 0.0
32 33 -0.06957037894326054
32 34 -0.11208824049167594
32 35 -0.06498713421979245
32 36 0.036005011652560134
32 37 0.033937805551289786
32 38 -0.054435595701672855
32 39 -0.010169666246053179
33 33 0.0
33 34 -0.007823181326357096
33 35 -0.004921902186971539
33 36 -0.006422229767416769
33 37 -0.010748224323954834
33 38 0.061189623095844824
33 39 0.03402527781237542
34 34 0.0
34 35 0.018374819259448137
34 36 -0.010552038871443199
34 37 0.02136308302189675
34 38 -0.04144847791825306
34 39 0.07100186550578949
35 35 0.0
35 36 0.03791235918644677
35 37 -0.04900184585531949
35 38 0.06312272887379221
35 39 -0.018352589330594887
36 36 0.0
36 37 -0.00545554170319505
36 38 -0.01512719311217707
36 39 0.03272925502015141
37 37 0.0
37 38 -0.07401367881842066
37 39 0.07836803879635698
38 38 0.0
38 39 -0.053632999284022556
39 39 0.0
