0 0 0.0
0 1 -0.147165833577558
0 2 0.10223281954032823
0 3 -0.09354451830785039
0 4 -0.1602429126292765
0 5 -0.08762840710100551
0 6 -0.11677003174617959
0 7 0.14722358077571782
0 8 0.035470046844009846
0 9 -0.017059184653833444
0 10 0.09451192010265085
0 11 -0.07536830097142896
0 12 0.002550772880784184
0 13 -0.11200020987335964
0 14 0.06907355998445566
0 15 0.040366233943679594
0 16 0.09035106938069479
0 17 -0.13304621820469167
0 18 0.021586204910093408
0 19 0.028825117520862576
0 20 -0.21193530851186146
0 21 0.22553825396697857
0 22 -0.08352399449340792
0 23 -0.043292517520049256
0 24 -0.04551263794281158
0 25 0.07277904681763489
0 26 -0.03938996378266399
0 27 -0.06456461062013749
0 28 0.084536629051348
0 29 0.1934524289580914
0 30 -0.02433527349903912
0 31 -0.07491077876973701
0 32 0.060820725747673374
0 33 0.07304302741957919
0 34 0.03736154258168202
0 35 0.009932841312552631
0 36 0.09171970234032119
0 37 -0.11255215771513113
0 38 0.012647526117840882
0 39 0.027539000192110946
1 1 0.0
1 2 0.07393668103998322
1 3 0.23934395184905735
1 4 -0.01887935838168441
1 5 0.196822192014274
1 6 -0.08798092222195399
1 7 -0.2636952946984858
1 8 -0.14212749562534946
1 9 0.03270973929433948
1 10 0.19187290032196197
1 11 -0.03873124530136169
1 12 0.07393721286141028
1 13 -0.07249159066874619
1 14 0.07961233530037212
1 15 -0.06392467015367367
1 16 0.019644114757915457
1 17 -0.08981379647041385
1 18 -0.08313916516874632
1 19 0.19717219700696983
1 20 0.03671476542156375
1 21 0.10654554495100961
1 22 0.08081740477455854
1 23 0.1964466254227083
1 24 0.04625214357244176
1 25 -0.037392364454611686
1 26 0.06444839196650261
1 27 0.020046213663595124
1 28 -0.04235853251296644
1 29 -0.0028708415521099353
1 30 -0.04597881109619111
1 31 0.035613564981850136
1 32 -0.008375253702140381
1 33 -0.026662808881305206
1 34 -0.028962236802890617
1 35 0.10341973861115664
1 36 0.043163302159085135
1 37 0.2080948130382294
1 38 -0.19848566599203848
1 39 -0.09749051460265011
2 2 0.0
2 3 0.018782949737896976
2 4 0.06721633002003023
2 5 0.0913472270256556
2 6 0.017033965421454425
2 7 -0.12022572612604172
2 8 -0.07140313987420568
2 9 -0.1474371628845497
2 10 0.15974726559963723
2 11 0.012668232252702217
2 12 0.07230070756089799
2 13 -0.07682144973378004
2 14 0.2621846853023577
2 15 0.09142638924708385
2 16 -0.16431901428752638
2 17 -0.2059635446731754
2 18 0.19944398884041134
2 19 0.08630585082841116
2 20 -0.31857713467681237
2 21 0.2517596119240646
2 22 0.2139356591827596
2 23 -0.1476825132700609
2 24 0.12391247710001778
2 25 -0.11267443927591277
2 26 -0.0957108038924799
2 27 -0.1777685212934833
2 28 0.05898242169807357
2 29 0.1688818387606074
2 30 -0.13677596947098974
2 31 -0.022113424027554347
2 32 0.08714229505918707
2 33 -0.05245030038469377
2 34 0.00403660278250179
2 35 0.12477639566499574
2 36 -0.0737610583475806
2 37 -0.021167151991382808
2 38 0.020493291232574044
2 39 -0.019498748416018827
3 3 0.0
3 4 0.010827514683132025
3 5 0.2464659572656848
3 6 -0.2010219958491876
3 7 -0.11881629765135322
3 8 -0.0022392660707542815
3 9 0.01512182937886819
3 10 0.013668667082388671
3 11 0.017048693121393992
3 12 -0.05347747276890128
3 13 -0.12335703590474596
3 14 -0.02252166178822679
3 15 -0.11898822721106508
3 16 0.022565128520795417
3 17 0.005446648887595599
3 18 -0.09046742259041443
3 19 0.11434168631651738
3 20 0.031456641493776624
3 21 0.1419976273810124
3 22 0.01701148342423794
3 23 0.05874365247607934
3 24 -0.027064987976018147
3 25 -0.16836704675921849
3 26 0.134709868753451
3 27 0.0035404027972025095
3 28 0.04884088751415901
3 29 -0.09845024669817984
3 30 -0.09043013579992416
3 31 0.10514892434918573
3 32 -0.015494533121202584
3 33 -0.09470118638910233
3 34 0.08144321569767064
3 35 0.06275520735516452
3 36 0.30592019192726877
3 37 -0.0424507415429855
3 38 -0.1289125548176518
3 39 -0.10475552999506439
4 4 0.0
4 5 -0.0997725492657308
4 6 0.026958789285427453
4 7 -0.1143657260702948
4 8 -0.2255685440377913
4 9 -0.1743511299470436
4 10 -0.005328855247381769
4 11 0.15072764946253234
4 12 -0.21757828149981964
4 13 0.10853024039746897
4 14 0.1258764615246929
4 15 -0.08912234815037785
4 16 -0.0502313636949646
4 17 0.0674164804923705
4 18 -0.023743764198788403
4 19 -0.030958696804749154
4 20 -0.06102850557008684
4 21 -0.14445756009968655
4 22 0.007970823092959678
4 23 0.097425457011908
4 24 0.11599113007592472
4 25 -0.02583701055082111
4 26 0.056230188423683124
4 27 0.0755394682297104
4 28 0.12197588577075258
4 29 0.04268665342846156
4 30 0.09969800098206377
4 31 -0.08212205888987915
4 32 0.08932921002715624
4 33 -0.025949218257240347
4 34 0.06717659356669341
4 35 0.08643686056327446
4 36 -0.09508546939554484
4 37 0.07626081714477137
4 38 0.21146414581522946
4 39 -0.0518000345212841
5 5 0.0
5 6 -0.19312201467628506
5 7 -0.17162652057338357
5 8 0.15300368565508587
5 9 0.0826145681497402
5 10 0.02847971851906843
5 11 -0.0688915361595401
5 12 0.0152300035376889
5 13 -0.1255671717532576
5 14 -0.07954875690772799
5 15 -0.12581747094347645
5 16 -0.04554276640786306
5 17 -0.0030722822938074536
5 18 0.048611078903805796
5 19 0.13528747679410758
5 20 -0.02008941701471623
5 21 0.07681134039186424
5 22 0.07423440004961517
5 23 -0.12490400264615524
5 24 -0.0012759388350244776
5 25 -0.15120108806383234
5 26 0.035443234564363914
5 27 0.05395749152735905
5 28 -0.05237083750546965
5 29 -0.053137222427594846
5 30 -0.10857924882812944
5 31 0.14785917535618945
5 32 -0.005983606361380117
5 33 -0.03330248686252699
5 34 -0.02008803873024157
5 35 0.08369471821696886
5 36 0.31106480794459884
5 37 0.017351226761367133
5 38 -0.15172928812546652
5 39 -0.14536082451820742
6 6 0.0
6 7 0.13900523165777062
6 8 0.012305064644851059
6 9 0.03293233050233651
6 10 0.08418563088519651
6 11 0.16347487253625853
6 12 0.2263245415821566
6 13 -0.03430474065010154
6 14 -0.02014301755828757
6 15 0.06079785172509674
6 16 -0.05800335811104944
6 17 0.01019022441757022
6 18 0.14768581844452303
6 19 -0.32053238907111553
6 20 0.16820324353311067
6 21 -0.21207420448038644
6 22 0.009547328992373373
6 23 -0.11509925998579469
6 24 0.046643558955960736
6 25 0.06382114186486998
6 26 0.05602836081265259
6 27 -0.026026511010449904
6 28 0.06627056588232758
6 29 0.0030325738046122494
6 30 0.039655126524017564
6 31 -0.1551958170515373
6 32 0.09848750985650626
6 33 0.09468140393254701
6 34 -0.0446817406590632
6 35 -0.0912320669490875
6 36 -0.2260119723182073
6 37 0.0829500205305265
6 38 0.15963444219235087
6 39 0.0570937693169431
7 7 0.0
7 8 -0.020086476197485104
7 9 0.13673736596613165
7 10 -0.03764536809315687
7 11 0.060656988330368
7 12 0.03836796481687393
7 13 -0.14176830814701924
7 14 -0.0305752714169627
7 15 0.04175047119631746
7 16 0.2066176088968084
7 17 -0.04555557011137073
7 18 -0.13410478511487173
7 19 -0.29661863046763304
7 20 0.007146094782587276
7 21 0.07902169746414126
7 22 -0.19759329954482902
7 23 0.01162843117631337
7 24 0.0316159945961237
7 25 0.1572011268498034
7 26 0.023152969746280765
7 27 0.0629185504644718
7 28 0.07403403186350513
7 29 0.03623822855562399
7 30 0.14719440319137736
7 31 -0.15641944418455847
7 32 -0.04307658027518436
7 33 0.06263397700067139
7 34 0.03392004134037848
7 35 -0.006176581394223108
7 36 0.22893774152923152
7 37 -0.2954228066801739
7 38 0.13433447763610312
7 39 0.12475362851290825
8 8 0.0
8 9 0.07277559490192856
8 10 -0.03739374733893543
8 11 -0.05160048154708945
8 12 0.0744196922589454
8 13 -0.17778310640269002
8 14 -0.09609929091835359
8 15 0.03980285750351871
8 16 -0.11727782977758908
8 17 0.05427366383358262
8 18 0.2449015150237745
8 19 -0.05498744038862946
8 20 0.0665480676812259
8 21 0.17515689979278481
8 22 0.040159175344494195
8 23 -0.18931303608031516
8 24 -0.17077258582559945
8 25 -0.16966353177710727
8 26 0.015840407640616564
8 27 -0.06799591508733124
8 28 -0.19916955280993404
8 29 -0.09997315988415156
8 30 -0.29433615447546413
8 31 -0.05632597092338065
8 32 -0.010741800659712383
8 33 0.06710812771293997
8 34 0.03366934570379217
8 35 -0.2056250314710149
8 36 0.12016182818815749
8 37 0.0748671956460284
8 38 -0.05171559227923065
8 39 0.13865080201101393
9 9 0.0
9 10 0.013269160720075987
9 11 -0.04267739126684455
9 12 0.24818964289961185
9 13 -0.17094699307145456
9 14 -0.20996444702072461
9 15 0.14975557598368633
9 16 0.13400053143004892
9 17 0.05942258738367116
9 18 0.009068124869029675
9 19 -0.0044560263287878096
9 20 0.21485630503574754
9 21 0.0009340063749802669
9 22 -0.06155163426237218
9 23 -0.0022801569193247524
9 24 0.04220860386567748
9 25 0.01083518034051099
9 26 -0.0415298371187479
9 27 -0.016968084302884455
9 28 -0.0044894410958276005
9 29 -0.07321032380424086
9 30 0.0019746071682515704
9 31 0.058173715847729325
9 32 0.14836127002690824
9 33 0.05047452485833961
9 34 -0.13493051827967922
9 35 -0.03507816693666167
9 36 0.13493450197469536
9 37 -0.062196925510758595
9 38 -0.048398388737211195
9 39 0.020256203128335933
10 10 0.0
10 11 -0.07686200595205121
10 12 0.22025933417262622
10 13 -0.019885372688642274
10 14 0.08711114745800186
10 15 0.01866728317096849
10 16 -0.06985220143977648
10 17 -0.1346805754040346
10 18 0.046303552024126
10 19 0.01096746969620008
10 20 -0.09843851792018313
10 21 0.19145049277100396
10 22 -0.09498281670211427
10 23 0.02921646259447066
10 24 -0.01929219945226823
10 25 -0.014074555906911956
10 26 -0.007151400702890232
10 27 -0.011285172832851308
10 28 0.14123341305766107
10 29 -0.05516049804971925
10 30 0.07925218673810537
10 31 -0.26136217850013244
10 32 0.016388377104996642
10 33 -0.023829362143355588
10 34 -0.0878074008083097
10 35 0.0026480467636702263
10 36 0.10700561261167389
10 37 0.022415306486964177
10 38 0.02251270661572526
10 39 -0.21978524059735585
11 11 0.0
11 12 -0.11426054264863954
11 13 -0.0746484465976343
11 14 0.013281772388187677
11 15 -0.04783029416924602
11 16 0.05121338047097668
11 17 0.028394092516877772
11 18 0.0318311314380062
11 19 -0.13121566976836327
11 20 0.12064245646167157
11 21 -0.06396353516992838
11 22 0.015517046799101843
11 23 -0.02488189892277107
11 24 0.12402422128022908
11 25 -0.03994131623371906
11 26 0.13756961521650088
11 27 0.013464297274817998
11 28 0.06315780817612711
11 29 -0.060968596536376964
11 30 -0.048138782822118045
11 31 -0.07550896901236245
11 32 0.06940092973646347
11 33 0.09984749770946968
11 34 0.08738024174009107
11 35 0.014195344583953584
11 36 0.015366480136249297
11 37 -0.006967956832778245
11 38 0.17700764340128577
11 39 0.05689569423676257
12 12 0.0
12 13 -0.04152913626168146
12 14 -0.12933252216252783
12 15 0.04258600076983933
12 16 -0.058825933477516135
12 17 0.1066838855584129
12 18 0.018680325741652883
12 19 0.012294823179304446
12 20 0.16714734918370916
12 21 0.10101931321212258
12 22 0.06439390317433402
12 23 -0.2400591503185602
12 24 0.024054633535342883
12 25 -0.05105875831958438
12 26 -0.12200882738342309
12 27 -0.07822168857958442
12 28 0.10084698628974634
12 29 -0.0374361088696044
12 30 0.07248039769314477
12 31 -0.06467817016793764
12 32 0.20777287892679047
12 33 -0.1853185671070552
12 34 -0.1289868193408843
12 35 -0.05549915893911596
12 36 -0.210917134432828
12 37 0.023782835450590838
12 38 -0.15132673137919395
12 39 -0.14979024654353626
13 13 0.0
13 14 -0.03991874508346077
13 15 -0.06765135516234215
13 16 -0.08622339771246536
13 17 0.034622081596841645
13 18 -0.17730651163615122
13 19 0.07667544635757195
13 20 -0.0013630413035930645
13 21 -0.29240381700902673
13 22 0.028598347247249793
13 23 -0.012609719878787456
13 24 -0.04316473456589088
13 25 0.02019659579329385
13 26 -0.14029341273430804
13 27 0.06164209802567093
13 28 0.008637797804853306
13 29 -0.11452449026587633
13 30 0.2755035143317648
13 31 0.0887395892426808
13 32 -0.08638690481536433
13 33 -0.16480299910541377
13 34 -0.07248470407043445
13 35 -0.017478487840776682
13 36 -0.18893655972072876
13 37 0.09238642041219103
13 38 0.03922059393616262
13 39 -0.14748798926790657
14 14 0.0
14 15 0.05234376825255761
14 16 -0.09076209101284188
14 17 -0.25224330269377776
14 18 -0.007288508621992198
14 19 -0.00591901088159231
14 20 -0.3061638270700077
14 21 0.28230231186540444
14 22 0.07694454833633785
14 23 0.16633896976101298
14 24 0.07839824513805374
14 25 -0.041011416976738796
14 26 -0.03302892036493856
14 27 -0.09396609062839396
14 28 -0.10778317688252186
14 29 0.2288438273289831
14 30 -0.07883737268100295
14 31 -0.1477299648488188
14 32 -0.04645630687131805
14 33 0.019123775977193266
14 34 0.06219480692451766
14 35 0.04916507042067242
14 36 -0.029669752000288225
14 37 0.08222213364327827
14 38 0.028068934907499295
14 39 0.12314502760373199
15 15 0.0
15 16 -0.07814689446310091
15 17 -0.1289926071393998
15 18 0.323931490011173
15 19 -0.03265741603824747
15 20 -0.0917719747224163
15 21 0.048951885836085986
15 22 0.08310974554661352
15 23 0.11515211138475608
15 24 0.09588793647233176
15 25 0.008649666356353518
15 26 -0.06262806886254417
15 27 -0.2271517400264774
15 28 -0.028758434630607004
15 29 -0.04265232236235331
15 30 -0.18140448245997104
15 31 -0.04510087529528007
15 32 -0.0320503885369297
15 33 -0.031020592901420875
15 34 -0.18460801006690145
15 35 -0.18111756445772137
15 36 -0.24038773588173562
15 37 -0.05190918523636399
15 38 0.09037578750804455
15 39 0.1600475912317881
16 16 0.0
16 17 0.030447757895017618
16 18 -0.18281139260315576
16 19 -0.0405408532141108
16 20 0.09777848227165992
16 21 -0.04019552688053973
16 22 -0.13531281257133468
16 23 0.08614447664217126
16 24 0.022701476359644972
16 25 0.13653300951931727
16 26 0.06461205956703554
16 27 0.10831255897552479
16 28 0.07690128889192337
16 29 0.0186539685809954
16 30 0.12068485076652077
16 31 0.01421915931279232
16 32 0.03515250479974072
16 33 0.09058661140642492
16 34 0.04003743398973597
16 35 0.08222420222645274
16 36 0.18673561349672882
16 37 -0.09493857739177311
16 38 0.024461593488923437
16 39 0.029396473692564772
17 17 0.0
17 18 0.05651344080484248
17 19 0.042095789970057064
17 20 0.2876983767045119
17 21 -0.2867711054582713
17 22 -0.037608601062626826
17 23 -0.19004710543156844
17 24 -0.05127930690406143
17 25 0.06086794270483238
17 26 0.05609466950329841
17 27 0.10970918045650009
17 28 0.11878252262720748
17 29 -0.1767542135947926
17 30 0.054983972039695336
17 31 0.06694980094914366
17 32 0.0630576921456624
17 33 -0.06769445269583055
17 34 0.025541522782215352
17 35 -0.019501217682212937
17 36 -0.20455039888950974
17 37 -0.04338873560827838
17 38 -0.02155366240336141
17 39 -0.10620088943727694
18 18 0.0
18 19 0.0072614807753914766
18 20 0.011965359500757323
18 21 -0.10499252610733542
18 22 0.12980327405578637
18 23 -0.24860938664683346
18 24 0.025704799754509355
18 25 -0.008593290282655501
18 26 0.0362784112161735
18 27 -0.15549929368506754
18 28 -0.022404162413275967
18 29 -0.09457694047877932
18 30 -0.33315655193112187
18 31 -0.0722750670963885
18 32 0.012982805439977646
18 33 0.06109046618205346
18 34 -0.0664422928257937
18 35 -0.17476407937554267
18 36 -0.27089740881527824
18 37 -0.019279726175759716
18 38 0.10301284998169151
18 39 0.09691187874688875
19 19 0.0
19 20 -0.004577259216489991
19 21 0.06248520268688799
19 22 0.10062912817340286
19 23 -0.028002219030422028
19 24 0.003654911388661645
19 25 -0.04432159782662584
19 26 -0.11132208654406368
19 27 -0.04248787581191759
19 28 -0.06206268618207429
19 29 -0.02602087431695203
19 30 -0.07068098194371973
19 31 0.178298464518618
19 32 0.009772562164314848
19 33 -0.07153394253292686
19 34 -0.024735599779627214
19 35 0.07348217298897032
19 36 -0.09628249747568157
19 37 0.021523462596937222
19 38 -0.19305733824844357
19 39 -0.09494063840651187
20 20 0.0
20 21 -0.2810419093219057
20 22 -0.045790385513210914
20 23 -0.14639232856432635
20 24 0.020094280387118035
20 25 0.012049727723332482
20 26 0.09111122247781563
20 27 0.08315902176810387
20 28 -0.016527126341069252
20 29 -0.3164510700413656
20 30 0.009325715181463082
20 31 0.0378445600650522
20 32 0.06401604663245433
20 33 0.04555103068249651
20 34 -0.0034637235722034102
20 35 -0.1026987535619546
20 36 -0.06927428638854864
20 37 -0.01591263959944105
20 38 -0.008859148718102658
20 39 -0.02165202237888094
21 21 0.0
21 22 0.10234300381471602
21 23 0.13283122831892663
21 24 0.09707795787252309
21 25 -0.22710280909495406
21 26 -0.13088164973946612
21 27 -0.10100328333791479
21 28 -0.0836380443966642
21 29 0.12468599224966603
21 30 -0.27867004333307926
21 31 -0.17343933996525177
21 32 -0.0035670952498521057
21 33 -0.03451856030404958
21 34 0.09341417683186878
21 35 0.038709814366471945
21 36 0.23124954257237523
21 37 -0.12199540082665399
21 38 -0.048474686871423776
21 39 0.15996163807935584
22 22 0.0
22 23 -0.10758288420242919
22 24 0.12003199468682513
22 25 -0.12964104886851488
22 26 -0.1110191080974166
22 27 -0.07827757479361168
22 28 -0.05838558325396791
22 29 0.017651450262044954
22 30 -0.17629684238393922
22 31 0.10793535582790229
22 32 0.05419817094826077
22 33 -0.0900301540900708
22 34 -0.011642803250738996
22 35 0.005044673030727526
22 36 -0.23166547685004618
22 37 0.08017544088439227
22 38 -0.0037106225056568617
22 39 0.07923882243437633
23 23 0.0
23 24 -0.0038758652181131864
23 25 0.0505678939273649
23 26 0.06262569642859138
23 27 -0.008147336840535419
23 28 -0.06574104720029238
23 29 0.1312132512556756
23 30 0.04558891454766664
23 31 -0.04068161028522102
23 32 -0.1057330904596604
23 33 0.0720274711120296
23 34 -0.030843341767232486
23 35 0.03283080064073364
23 36 0.07564168899651423
23 37 0.13756697306909854
23 38 -0.02913754851770674
23 39 0.08613336411386908
24 24 0.0
24 25 -0.0006546520668064033
24 26 -0.051336253480377306
24 27 0.05073776144979327
24 28 0.06160232920323434
24 29 -0.0016754781066520765
24 30 -0.024692748203403767
24 31 -0.062282994355651086
24 32 0.0570849764193195
24 33 -0.02067548212437894
24 34 -0.051551523659110796
24 35 0.07354284528047676
24 36 -0.16745291724508762
24 37 -0.11456908788368889
24 38 0.16949686621835322
24 39 0.011110787828555433
25 25 0.0
25 26 -0.03424113268646713
25 27 0.1385189465486833
25 28 0.07922169580007829
25 29 0.08502286397700871
25 30 0.16677821631191173
25 31 0.008755612873546339
25 32 -0.10292563678462127
25 33 0.0879742049517226
25 34 -0.0435504433582323
25 35 0.07792444561615237
25 36 -0.17520836673239212
25 37 -0.1369176532754748
25 38 0.022189539372769525
25 39 0.017952935248631903
26 26 0.0
26 27 -0.014143738175599288
26 28 0.05955665793448708
26 29 -0.061747424721300445
26 30 -0.03529535931759848
26 31 -0.10094382690594832
26 32 -0.0006317811097307646
26 33 0.06851995232793968
26 34 0.08389880259265341
26 35 -0.04531926023385305
26 36 0.15804810993589627
26 37 0.08954489853920612
26 38 0.008256903633541908
26 39 -0.06074475461593043
27 27 0.0
27 28 0.09310615386544133
27 29 -0.04575976203091915
27 30 0.16530094880690632
27 31 0.0023633873086748775
27 32 -0.06663690324188921
27 33 -0.0022942758890848345
27 34 0.031049267675755027
27 35 0.09769153665646917
27 36 0.06836685878332134
27 37 -0.09575728907339887
27 38 0.08669272605501921
27 39 -0.07117393550599396
28 28 0.0
28 29 -0.06072589132992451
28 30 0.1631839056256604
28 31 0.00621081940345646
28 32 0.10695793924918762
28 33 -0.12845220526351758
28 34 -0.016579915391755223
28 35 0.11448322719787699
28 36 -0.07129319963741028
28 37 -0.20573168900032676
28 38 0.15277509223457858
28 39 -0.24862364172381896
29 29 0.0
29 30 0.02563019946179317
29 31 0.024592258347975873
29 32 0.11808834154901264
29 33 0.09600940887065021
29 34 0.0382596493730028
29 35 0.1355782122085672
29 36 -0.04206401833674192
29 37 0.1456994734384918
29 38 -0.08160726365100378
29 39 0.11408640422303022
30 30 0.0
30 31 -0.011172285904788425
30 32 0.007607152904980671
30 33 -0.09232991419997652
30 34 -0.05457981791957663
30 35 0.11086820800715554
30 36 0.05917641922147145
30 37 -0.0205322045162331
30 38 0.027142890982251734
30 39 -0.21954467578699371
31 31 0.0
31 32 -0.0010407721738770347
31 33 -0.038904009424181166
31 34 -0.03408041582702077
31 35 0.1169572792509174
31 36 -0.030316827044209287
31 37 -0.0631350488707597
31 38 -0.16733274772865908
31 39 -0.024688476312004513
32 32 0.0
32 33 0.023160425547416992
32 34 -0.0008836098238745253
32 35 0.032867047303473326
32 36 -0.027677070843805846
32 37 0.15993899411232396
32 38 0.04143520607387695
32 39 -0.03327992438215941
33 33 0.0
33 34 0.028479282268563104
33 35 0.032486367356649955
33 36 0.1075408001182302
33 37 0.07658623867770346
33 38 0.0459471310011346
33 39 0.14208132424229292
34 34 0.0
34 35 0.029018963537955977
34 36 0.12874187700024697
34 37 -0.020450067581487597
34 38 0.009939098851909637
34 39 0.0765693790932427
35 35 0.0
35 36 0.060398578201452266
35 37 -0.07679205046737772
35 38 -0.03491735992273238
35 39 -0.09196292452248189
36 36 0.0
36 37 -0.10391163301065347
36 38 -0.025788247103773587
36 39 -0.03390533148203706
37 37 0.0
37 38 -0.10201782009769111
37 39 0.010322210881349162
38 38 0.0
38 39 0.0650790156670701
39 39 0.0
