0 0 0.0
0 1 0.03976658254178031
0 2 0.02448951578298094
0 3 -0.12945517118232788
0 4 0.04650564189987711
0 5 0.15159840331029978
0 6 -0.15010015054302
0 7 0.03513793835511757
0 8 -0.01592016979298071
0 9 -0.1336723966362042
0 10 -0.09407181266849969
0 11 0.07129862814234572
0 12 -0.1452974370677881
0 13 0.0726604151428544
0 14 0.03890698351844345
0 15 -0.010835708609749273
0 16 -0.0187649487967435
0 17 -0.05671003172867144
0 18 0.008283285281977845
0 19 -0.007129597908029065
0 20 -0.027364241938683597
0 21 -0.10593090673662095
0 22 -0.07533883131991304
0 23 -0.04871491652835076
0 24 0.04481473212983674
0 25 -0.06084456841064682
0 26 0.03140459460503207
0 27 0.14397402327666187
0 28 -0.07947331738629342
0 29 -0.12287058755664577
0 30 0.07389698925078726
0 31 -0.08932982633778855
0 32 0.0038680740160624448
0 33 0.05396692391562576
0 34 0.05460589514891223
0 35 -0.046418218904445356
0 36 0.07363564619182107
0 37 -0.0797728539313636
0 38 -0.16573735483286253
0 39 -0.07973173100319038
1 1 0.0
1 2 -0.030488199141126836
1 3 -0.22594075114092216
1 4 0.1037421645588753
1 5 0.05268372287349112
1 6 -0.11501954258142325
1 7 -0.1280619477694435
1 8 -0.1024371798961395
1 9 0.17155690504719717
1 10 0.07966739427739784
1 11 0.28172265444875094
1 12 -0.039159059254438695
1 13 -0.02858142826801008
1 14 -0.10313820498788814
1 15 0.00038468486377687267
1 16 0.0585037197240614
1 17 -0.015132280604259373
1 18 -0.058566467823144196
1 19 -0.025288557421919728
1 20 -0.21452518949071106
1 21 0.019557536506957976
1 22 -0.07164524600555965
1 23 0.13488853517876342
1 24 0.043652898316
1 25 0.15332501286037967
1 26 -0.08726182012976821
1 27 -0.02697768226031414
1 28 -0.04410749739585283
1 29 0.15356055388264772
1 30 -0.10387189620192402
1 31 0.03734589935284755
1 32 -0.04876097199006836
1 33 0.02641096401068995
1 34 0.031821472936143784
1 35 0.03086101373336292
1 36 0.10155726033539525
1 37 0.14497209938999178
1 38 -0.09168482618333415
1 39 -0.09277219063892853
2 2 0.0
2 3 -0.08775857759106084
2 4 0.09077320263243854
2 5 -0.038651047981061996
2 6 -0.09397321442309332
2 7 0.025285413493781772
2 8 -0.02646303058112761
2 9 -0.196441659236605
2 10 0.04749249186500566
2 11 -0.18724579564030286
2 12 0.07387723953691708
2 13 -0.06752649324516999
2 14 -0.00921331424887763
2 15 0.009880049650845074
2 16 -0.11084672321109505
2 17 -0.07068655197697389
2 18 -0.07814585161802785
2 19 0.06561754654027868
2 20 -0.14342694395792926
2 21 0.09139567212660495
2 22 -0.05782633100506866
2 23 -0.06000849807508536
2 24 0.0033596494163045444
2 25 0.0014110471582077081
2 26 0.05160944431499252
2 27 0.20707250934811933
2 28 -0.1143133426676977
2 29 0.05781950414059074
2 30 -0.01154793689481984
2 31 0.1415448656052994
2 32 -0.006965006368547208
2 33 0.02690976228014791
2 34 0.042769673669576694
2 35 -0.04955656372626318
2 36 0.008625189436134878
2 37 -0.0034210839463892696
2 38 -0.05309368202834889
2 39 0.021944020147431454
3 3 0.0
3 4 0.13652502559351545
3 5 -0.017521663448425366
3 6 -0.05472050466216405
3 7 0.32268644048001255
3 8 0.15261034188940883
3 9 -0.10502401071967116
3 10 0.0317980337918971
3 11 -0.10158589672816601
3 12 0.056029248020622965
3 13 -0.10969451669411401
3 14 -0.08160164286319231
3 15 -0.11162458881791912
3 16 0.09067106567107548
3 17 -0.11317946033079143
3 18 -0.04562142609221761
3 19 0.17041927294735335
3 20 0.21975266005708569
3 21 0.016580292690242936
3 22 0.15090175083825125
3 23 -0.09341306109533798
3 24 -0.010653754832194263
3 25 -0.16372871179138623
3 26 0.2053134173859099
3 27 0.019087674228638274
3 28 0.020581236496661943
3 29 -0.0463153515158177
3 30 -0.049510136216368336
3 31 -0.02244156054805927
3 32 -0.08157877928577344
3 33 -0.020743924607768194
3 34 0.0687801408344379
3 35 -0.04188547903781853
3 36 -0.06922845699408887
3 37 -0.008256627758886814
3 38 0.19898694320979488
3 39 -0.030886908740962227
4 4 0.0
4 5 0.14806069565239308
4 6 -0.2637605751839227
4 7 0.26106933156094847
4 8 -0.12808773472884633
4 9 -0.24114505906239997
4 10 0.05813716312706135
4 11 -0.027495728957987787
4 12 -0.08241416777021988
4 13 -0.22923989126318656
4 14 0.07800616414930758
4 15 0.0124160209610458
4 16 0.1492104672152846
4 17 -0.2524357228897867
4 18 -0.09745871294149895
4 19 0.08653005837731599
4 20 -0.16965480941873576
4 21 0.036131657200292384
4 22 0.16145287642148715
4 23 -0.15079227873863932
4 24 0.0019936529307982686
4 25 -0.11349302331744893
4 26 -0.009589518694995459
4 27 0.1928244015854939
4 28 -0.2645749202934381
4 29 0.02319647229594285
4 30 0.0877620807785673
4 31 0.028086378971375576
4 32 0.06899308307900025
4 33 0.004687156160148526
4 34 0.04871675928383645
4 35 -0.015171778807292178
4 36 0.08974375151629935
4 37 0.12985880270597538
4 38 -0.022754784750938097
4 39 -0.052809346747587416
5 5 0.0
5 6 -0.23342406224854675
5 7 0.10391972410376651
5 8 -0.038901020414577415
5 9 -0.22171628427179982
5 10 -0.15374596467208018
5 11 0.024515183362081906
5 12 -0.10753378130446303
5 13 0.08370997919094106
5 14 0.017173408002417637
5 15 -0.14986915376416066
5 16 -0.005165054212717833
5 17 -0.12381325470611396
5 18 -0.03133222078834789
5 19 0.04529918140012486
5 20 -0.062318915039214426
5 21 -0.05653604790792801
5 22 0.04524933055137436
5 23 0.032012864056375503
5 24 0.015126666082177035
5 25 -0.07328421734690604
5 26 -0.19884686604504212
5 27 0.05226638675907508
5 28 -0.06955465887037288
5 29 -0.1481300648469048
5 30 0.01610850622381791
5 31 0.03118611314926486
5 32 0.06999460703185476
5 33 0.03928539926945983
5 34 0.013400819701628527
5 35 0.014788633750537367
5 36 0.007028297966928536
5 37 0.044714569763993586
5 38 -0.25766076288795065
5 39 0.04913411782178425
6 6 0.0
6 7 -0.011085229026255515
6 8 -0.03114097496291705
6 9 0.2369564320848634
6 10 0.03654858364215109
6 11 -0.025774741997261187
6 12 0.09372376936493935
6 13 -0.04579480510982775
6 14 0.10509403820570076
6 15 0.17565243694670166
6 16 0.02779195312702688
6 17 0.3453801869119701
6 18 0.08180556840004692
6 19 -0.17761471565902617
6 20 0.09554164895125902
6 21 0.01971579861426383
6 22 -0.14481561765514783
6 23 -0.05262331626785477
6 24 -0.07496695369763098
6 25 0.01148949424298944
6 26 0.08534473037570615
6 27 -0.15825538338652623
6 28 0.0713974009224901
6 29 0.07509011916518266
6 30 0.03480097706259206
6 31 0.009087352121454824
6 32 0.02500081471844125
6 33 -0.018624505520871408
6 34 0.030692684799261218
6 35 -0.031802528270155166
6 36 0.04081417684913076
6 37 -0.041666111255524885
6 38 0.09757106898081887
6 39 -0.020226225860122404
7 7 0.0
7 8 0.01140750783841812
7 9 -0.05095754686282925
7 10 0.06186120395337532
7 11 -0.03533795159177072
7 12 -0.05942752650432377
7 13 -0.15205910642720527
7 14 -0.014632808877691469
7 15 0.13652256919468583
7 16 0.10191611106930147
7 17 -0.015005643094462801
7 18 0.020926323924244906
7 19 0.08536742563056013
7 20 -0.056067672041197926
7 21 0.03418095569767923
7 22 0.11069236469817283
7 23 -0.05887202214332682
7 24 -0.05476827675670744
7 25 -0.1775144110606711
7 26 0.11616090349715628
7 27 0.023500535185255286
7 28 -0.16674818633703456
7 29 -0.17256389764404437
7 30 -0.06120551187506832
7 31 -0.048688029775993596
7 32 -0.0013913140294239067
7 33 -0.12134719234067212
7 34 0.2719772568940232
7 35 -0.1101162370214209
7 36 -0.04034991526690095
7 37 0.04901230971405883
7 38 -0.010351175354798136
7 39 -0.2148119329854449
8 8 0.0
8 9 0.061333175217102374
8 10 0.00645974142317606
8 11 0.09850121217138048
8 12 0.024442333459761694
8 13 0.06334188579432151
8 14 -0.06711426074651272
8 15 -0.11774684856266879
8 16 -0.19998109056285537
8 17 0.026917761353801084
8 18 -0.04881761949871669
8 19 0.12608330209651306
8 20 0.04544940883112525
8 21 0.030334693549428922
8 22 -0.004918767356505677
8 23 -0.023935681184056617
8 24 -0.0277115991906706
8 25 0.09015143409255104
8 26 -0.0680278292588009
8 27 -0.1064077922644304
8 28 0.01737986583433286
8 29 0.0712319181889228
8 30 0.06916297520486367
8 31 -0.01613366873293413
8 32 0.03057075789716731
8 33 -0.005495224535009657
8 34 0.01102300985635184
8 35 0.1046139985642242
8 36 -0.06283565172452027
8 37 -0.1959110851314792
8 38 0.13738136900541917
8 39 0.018985873089182398
9 9 0.0
9 10 0.05063738439998004
9 11 0.19265909586829588
9 12 0.07583069395897454
9 13 -0.004428468411848649
9 14 -0.06572225638719838
9 15 0.029792801575988365
9 16 -0.05443798613385235
9 17 0.17821993414940807
9 18 0.053705388197224334
9 19 -0.05330324310844502
9 20 0.07307215492397355
9 21 0.11329213288251512
9 22 -0.0611433875002837
9 23 0.13155807171709802
9 24 -0.00007312831491479649
9 25 0.3284366701917616
9 26 -0.0021329306244739486
9 27 -0.32522489383815145
9 28 0.1991939603257012
9 29 0.037115757728632806
9 30 -0.07628013176674589
9 31 -0.03423935230018158
9 32 -0.07820899089451971
9 33 -0.13209286099024126
9 34 0.10549560557109947
9 35 0.03872445962108886
9 36 -0.08742159649816206
9 37 -0.06686888827302546
9 38 0.2706408366284128
9 39 -0.14165168420294405
10 10 0.0
10 11 0.16573725104418077
10 12 0.02716030348113644
10 13 -0.09982328467288114
10 14 -0.161051471440191
10 15 0.12945988566741345
10 16 0.09659039982618108
10 17 -0.08123469276838183
10 18 -0.09381043408979328
10 19 0.10517815521482432
10 20 -0.26103267507486533
10 21 0.06349213481864031
10 22 -0.08662568549800383
10 23 0.017415758476126135
10 24 -0.030538314028430623
10 25 -0.09444829943542483
10 26 0.08796568421907443
10 27 0.006844327003925144
10 28 -0.07870049913542543
10 29 0.16235413088383577
10 30 -0.08019341662963772
10 31 0.15669157000985381
10 32 -0.01590757735576022
10 33 0.018073238482387184
10 34 0.06275199147714582
10 35 0.024062361220465688
10 36 -0.015341675352998352
10 37 0.0208712709546437
10 38 0.0775765229370309
10 39 -0.17559951755303138
11 11 0.0
11 12 -0.07971236421027679
11 13 -0.001496792253140175
11 14 -0.10931520407596429
11 15 0.0315278888705585
11 16 0.044060708615503916
11 17 -0.018066406385972518
11 18 -0.17400446423466806
11 19 0.03554090465137525
11 20 -0.23828789198795639
11 21 -0.01798536003874187
11 22 -0.16097958737809206
11 23 0.12036907506695035
11 24 -0.004076016530819453
11 25 -0.03665282033789288
11 26 -0.16103865717471386
11 27 -0.13299457248864596
11 28 -0.017117126173647534
11 29 0.06724420806249079
11 30 -0.011986909239211831
11 31 0.054261800675123886
11 32 0.06390402272401027
11 33 0.007046051705594787
11 34 0.059037271838133766
11 35 0.08452287509729549
11 36 0.060474588535063115
11 37 0.04483954162136916
11 38 -0.07648769158846931
11 39 -0.241720417718771
12 12 0.0
12 13 -0.27310748202673113
12 14 -0.0738496275306754
12 15 -0.02317031218836376
12 16 0.07965195502876699
12 17 0.0648262129779931
12 18 -0.06336486549901783
12 19 0.10388601911390136
12 20 -0.06479056001304681
12 21 0.13673293052468208
12 22 -0.1701697595709288
12 23 -0.0056544039921379245
12 24 0.17951927335646872
12 25 -0.038554400594570166
12 26 -0.1282274960610604
12 27 -0.19093489123584287
12 28 0.06874326408527968
12 29 0.0673510466071979
12 30 -0.04235477179099185
12 31 0.14381633600705346
12 32 -0.01911448865860262
12 33 0.22578391918482965
12 34 0.11254008929543409
12 35 -0.0810795744532031
12 36 0.10919581703052983
12 37 -0.01247680496213537
12 38 0.09011374962358841
12 39 0.026240656372207082
13 13 0.0
13 14 -0.06537769985229559
13 15 -0.14293212426958224
13 16 -0.046512073891357364
13 17 0.014730706547491965
13 18 0.08568891706639128
13 19 -0.09046697884819985
13 20 0.008844833326406992
13 21 -0.09801698407312506
13 22 0.0679529789007403
13 23 0.089667707658402
13 24 -0.07624957826639024
13 25 0.17130546846989445
13 26 -0.004672141501343709
13 27 0.10469934767630314
13 28 -0.005294796428385809
13 29 -0.12209490864292268
13 30 -0.057068218305481186
13 31 -0.1258432274736295
13 32 0.04475367985883201
13 33 -0.051384129649756846
13 34 -0.1827661834595921
13 35 0.09570710595628892
13 36 -0.2502280009955614
13 37 -0.12321167018420613
13 38 -0.1136314789930121
13 39 0.05799921027159964
14 14 0.0
14 15 -0.011377764744601632
14 16 -0.06713498708671999
14 17 0.1000753693938711
14 18 0.04568166905142555
14 19 -0.17203205185265555
14 20 0.1306097858387581
14 21 0.02077544948721933
14 22 0.09425374640760291
14 23 -0.09621646680326423
14 24 -0.06156423919038649
14 25 -0.036415090298105086
14 26 -0.0821195134793387
14 27 -0.027144372608968674
14 28 0.0005619452730178589
14 29 0.01661538245161098
14 30 0.17500869476442907
14 31 -0.06025388319997911
14 32 0.13458793937154376
14 33 -0.053095394518678805
14 34 -0.03364551298593338
14 35 -0.0025618778251101934
14 36 0.11491091225033889
14 37 -0.025793831407035995
14 38 0.060200733194188526
14 39 0.11727886115288191
15 15 0.0
15 16 0.10635947952237232
15 17 0.11963718486218669
15 18 0.17176310209720969
15 19 -0.06384316975858546
15 20 -0.0409029698979687
15 21 -0.1074565229250877
15 22 0.07659049198140719
15 23 -0.010394095407174196
15 24 0.0059988924631500075
15 25 -0.03894056098624689
15 26 0.05570281838576295
15 27 0.03604964046005299
15 28 -0.09953883531950175
15 29 0.15010655381834392
15 30 0.08434098317227233
15 31 -0.14510620374071131
15 32 -0.022229940792138532
15 33 -0.13102869799321298
15 34 -0.08602387004842907
15 35 -0.15858023461722084
15 36 0.08744490730234858
15 37 0.1581167271350529
15 38 -0.08623010308372504
15 39 -0.1778494956124273
16 16 0.0
16 17 -0.035020959294511884
16 18 -0.06770144051783775
16 19 0.026156419850088923
16 20 -0.13885051093688228
16 21 0.05828922606908149
16 22 0.008450467028035251
16 23 -0.05001753743747896
16 24 0.14152416790653005
16 25 -0.16457331092004662
16 26 -0.010249781582853269
16 27 0.14549327104857784
16 28 -0.08574648057836616
16 29 0.009040107009897061
16 30 -0.1280386561513234
16 31 0.02130021866452273
16 32 -0.01355904593648206
16 33 0.17710629129463293
16 34 0.040830111619644206
16 35 -0.14611729724058015
16 36 -0.012509725344004977
16 37 0.12362977964583184
16 38 -0.12641894494745382
16 39 -0.1527829577874799
17 17 0.0
17 18 0.13511942778000768
17 19 -0.17494924552801727
17 20 0.0663293256565778
17 21 0.07429166989364108
17 22 -0.07923757584137178
17 23 -0.044030163157917086
17 24 -0.07551906825154724
17 25 0.14595656749497776
17 26 -0.00706959325315455
17 27 -0.14882588473845917
17 28 0.08373431608683266
17 29 0.04099436372608866
17 30 0.004701500997557522
17 31 -0.1946482271351508
17 32 -0.031156075626598945
17 33 -0.045515676480776694
17 34 0.060641229189499844
17 35 0.004153671084832049
17 36 0.04611928278676467
17 37 -0.014213485503574753
17 38 -0.058147825410027484
17 39 0.06312193656306192
18 18 0.0
18 19 -0.099892272393987
18 20 0.14213176131493274
18 21 -0.047672055603263916
18 22 0.11920211616033463
18 23 -0.006837245474598154
18 24 -0.011602537685102199
18 25 0.12145747945617784
18 26 0.17340485646796994
18 27 -0.06458064744609299
18 28 0.029425120848352204
18 29 0.06454374600987291
18 30 0.03368569391547926
18 31 -0.244068342243692
18 32 -0.06613270410146321
18 33 -0.05613359244320476
18 34 -0.1333578765643447
18 35 -0.08623663159557568
18 36 0.03312428344095455
18 37 -0.017896960508065336
18 38 0.08570518441085988
18 39 -0.025192238208124818
19 19 0.0
19 20 -0.045569025822729564
19 21 0.07164045151528985
19 22 0.032206924834884666
19 23 -0.05850545593014851
19 24 0.053172810559787884
19 25 -0.03802454906542097
19 26 -0.006180161850053577
19 27 0.06764313134966457
19 28 0.03335810615588004
19 29 0.1285828141747548
19 30 -0.02844026600454038
19 31 0.17100495686696782
19 32 -0.07728406343840091
19 33 0.08878713327150685
19 34 0.06855277335916288
19 35 -0.05404478491081366
19 36 -0.06069295157151455
19 37 -0.0890572442019533
19 38 0.013661102886570842
19 39 -0.09557699843136824
20 20 0.0
20 21 -0.10681773982046476
20 22 0.1735921999250964
20 23 -0.06604860750979993
20 24 -0.06373830921840709
20 25 0.05250289653928893
20 26 0.2676852131770412
20 27 -0.04500334158191079
20 28 0.28594823582758533
20 29 -0.04281061432144223
20 30 0.1177486989487514
20 31 -0.16796444189808285
20 32 -0.18103509941310741
20 33 -0.18656635771493169
20 34 -0.09917776565037952
20 35 -0.0867328820478473
20 36 0.000918671847408483
20 37 -0.04653078434693757
20 38 0.18752842889078525
20 39 0.16405414893687492
21 21 0.0
21 22 -0.048678288882781535
21 23 -0.05503598218037166
21 24 0.05396986090868964
21 25 0.0447425051620816
21 26 -0.17547877987667387
21 27 -0.1314067793935939
21 28 0.04253979873881146
21 29 0.15206067679442595
21 30 -0.04262792064496204
21 31 0.10186412795650779
21 32 -0.02708003767741211
21 33 0.05132018113572784
21 34 0.11010136900757365
21 35 0.05033368591077235
21 36 0.04790521191388565
21 37 0.05965378026745678
21 38 0.05576994070979287
21 39 -0.008900045806660808
22 22 0.0
22 23 0.012437821880497905
22 24 -0.07198059720823079
22 25 0.1254297286566511
22 26 0.01385940024111012
22 27 0.12987542132765553
22 28 0.04011991334592867
22 29 0.0166340491765773
22 30 -0.02858084198124431
22 31 -0.18713194172778483
22 32 -0.03516482590620875
22 33 -0.21632179979934577
22 34 -0.11515649930139649
22 35 -0.01637353861952833
22 36 -0.18361564057710186
22 37 0.03631427560465842
22 38 0.06734597876759978
22 39 0.12966174701799807
23 23 0.0
23 24 0.005508573572787287
23 25 0.05109911811206014
23 26 -0.11162757584137446
23 27 -0.14517247304227388
23 28 0.0833805333177599
23 29 -0.12270419881805188
23 30 -0.14542224761843134
23 31 -0.015178291828578199
23 32 -0.00075707241666082
23 33 -0.09428136679480834
23 34 -0.014682891721874541
23 35 0.05200126810933616
23 36 -0.0772757295525397
23 37 0.1026322652696012
23 38 -0.03336151886419519
23 39 0.009416742425259871
24 24 0.0
24 25 -0.027907290037623246
24 26 -0.10166712102998401
24 27 0.010375826489714588
24 28 -0.02450806236949381
24 29 0.04939581704437436
24 30 -0.04993940913451553
24 31 0.06761420400431425
24 32 -0.0251418701204806
24 33 0.19584592544967847
24 34 0.03047000813432906
24 35 -0.07508614684574064
24 36 0.09306773278198047
24 37 0.02650262696251342
24 38 0.0014033214955846134
24 39 -0.02787561549300966
25 25 0.0
25 26 -0.06379794152443422
25 27 -0.04592527887491714
25 28 0.05498472888181919
25 29 0.1036457562934611
25 30 -0.029476180788489053
25 31 -0.12129839145922987
25 32 -0.059817060688753865
25 33 -0.10660324797767765
25 34 -0.053805401420005616
25 35 0.09084588810574432
25 36 -0.1506838397681836
25 37 -0.11456882987344921
25 38 0.09669251920120955
25 39 0.13764072557195442
26 26 0.0
26 27 0.20713331504688828
26 28 0.06845324514329566
26 29 0.0028302692604732296
26 30 -0.07195707349361763
26 31 -0.1886048329047197
26 32 -0.246397081018495
26 33 -0.07152361778260251
26 34 -0.030938678877406832
26 35 -0.18118056466521
26 36 0.0016807312874858697
26 37 -0.052329260306060756
26 38 0.24861781196261507
26 39 -0.23536258995771644
27 27 0.0
27 28 -0.13981886176975974
27 29 0.016442454832735938
27 30 -0.09264617019983987
27 31 0.058698910492765856
27 32 -0.08093848554278418
27 33 0.041798019437996485
27 34 -0.009933166803269366
27 35 -0.07405705294489602
27 36 -0.11293604601107181
27 37 -0.0020188220409581544
27 38 -0.1775691688807392
27 39 0.048524299902583334
28 28 0.0
28 29 -0.050480934296560295
28 30 -0.08135253257736166
28 31 -0.04727653708775851
28 32 -0.1618336037917418
28 33 -0.10497123617532447
28 34 0.0038159290873007066
28 35 -0.018344160291768104
28 36 -0.058947085096126714
28 37 0.018472004229924156
28 38 0.07013677332729998
28 39 0.05128851979361256
29 29 0.0
29 30 0.08573066640278712
29 31 0.22983116725068187
29 32 -0.02832037034167261
29 33 0.1692768457597475
29 34 -0.1340030028306612
29 35 -0.0739080916799882
29 36 0.2020121232229534
29 37 -0.05886475737655007
29 38 0.19234024239913466
29 39 -0.0827437118762161
30 30 0.0
30 31 -0.04699446963677117
30 32 0.147541393650907
30 33 0.0006835127176528316
30 34 -0.1389134237766569
30 35 -0.0013125404190421086
30 36 0.14168272457573214
30 37 -0.11355244677420914
30 38 0.04562933116089485
30 39 -0.012414601104582035
31 31 0.0
31 32 0.06019051928469129
31 33 0.19684212449089636
31 34 0.12540480879052182
31 35 0.029279018367485386
31 36 0.038102157892422876
31 37 -0.04793570223949917
31 38 0.00154752794655609
31 39 0.047020738671571014
32 32 0.0
32 33 0.05619288491268644
32 34 -0.07302665045231493
32 35 0.06459589120249316
32 36 0.014714640787984058
32 37 -0.07058389293603129
32 38 -0.022505144218241385
32 39 0.0021889502507781875
33 33 0.0
33 34 0.012238599870212735
33 35 -0.08157013955053824
33 36 0.14876759724297633
33 37 -0.10556781921269447
33 38 -0.016466471711338065
33 39 -0.060329868588458214
34 34 0.0
34 35 0.015151201804130566
34 36 0.001031950152940073
34 37 -0.014906602344598605
34 38 -0.034577302518613726
34 39 0.002100031831380639
35 35 0.0
35 36 -0.07423152092592321
35 37 -0.0048686795333783865
35 38 -0.0037466490760227457
35 39 0.19568794850478372
36 36 0.0
36 37 0.10265530690230282
36 38 0.028426331796458655
36 39 -0.08480307289623314
37 37 0.0
37 38 -0.16524727361007427
37 39 -0.01141632964522667
38 38 0.0
38 39 -0.06456828759895253
39 39 0.0
