0 0 0.0
0 1 0.14780962088782418
0 2 0.2904966190289276
0 3 -0.05734637004918706
0 4 0.1063282356885964
0 5 0.050507686236323325
0 6 0.06965048298030103
0 7 -0.03249110654153732
0 8 0.036690307799298105
0 9 0.01847396074676301
0 10 -0.1278434462755556
0 11 0.06513462956305621
0 12 -0.18613926073148268
0 13 -0.006337077633117592
0 14 0.03329308816661291
0 15 -0.09555704608753193
0 16 0.008432004244495445
0 17 -0.043098568660736636
0 18 -0.060700996977519184
0 19 0.05021463256625369
0 20 0.04525170562130902
0 21 -0.13340890918196646
0 22 -0.049714353749201766
0 23 0.009495727337361162
0 24 0.04770935612194739
0 25 0.13420375455856154
0 26 -0.1072698375847082
0 27 0.09480345693233096
0 28 0.21468062521313608
0 29 -0.024599858507608378
0 30 0.2200129658281568
0 31 0.07590786916820799
0 32 -0.129282011678613
0 33 -0.04616498017520036
0 34 -0.024061785292491956
0 35 0.16229714366937906
0 36 -0.06890283875543397
0 37 0.18749059716956523
0 38 0.13557535581630376
0 39 0.06185773900804037
1 1 0.0
1 2 0.12042784154126585
1 3 -0.13428724572732129
1 4 0.0017435976724352992
1 5 -0.12122364451111393
1 6 0.02331576307409822
1 7 0.03433201443177285
1 8 -0.053277297921405654
1 9 -0.09790286682005113
1 10 -0.19153098681842873
1 11 0.20088763926787429
1 12 -0.17529158974638195
1 13 0.06729831318814232
1 14 0.09862271639332877
1 15 0.11173547925791057
1 16 0.09643431654137581
1 17 0.0014672819928358244
1 18 -0.0383279827742585
1 19 -0.052936800692064
1 20 -0.012201214999325928
1 21 0.01956851695632845
1 22 -0.0470818552603635
1 23 0.05924204851597949
1 24 -0.111097285622525
1 25 0.0771935607633841
1 26 -0.02627979731079518
1 27 -0.04425786805282239
1 28 0.05135842082012885
1 29 -0.15823728681775606
1 30 0.06412017699719243
1 31 -0.091812358160163
1 32 -0.12172022095761319
1 33 -0.13769952573649147
1 34 -0.08623871263860697
1 35 0.0925490931113788
1 36 -0.03747689996669678
1 37 0.0601038078562053
1 38 0.010667156740428115
1 39 0.05960454059604353
2 2 0.0
2 3 0.008085847818472177
2 4 0.07254613464911705
2 5 -0.09103198535141714
2 6 0.1740057041365874
2 7 -0.08196452126901657
2 8 -0.10180360917742655
2 9 0.08958061660453887
2 10 0.060217920756214106
2 11 0.05186275677462608
2 12 -0.060400730805294046
2 13 0.061668561285040537
2 14 0.05991179250708092
2 15 -0.1475029927140869
2 16 0.006162822536003516
2 17 0.016561707086375506
2 18 -0.017107561032514536
2 19 0.1434307864504363
2 20 0.1182361222300254
2 21 -0.22852999612707733
2 22 -0.09021257878234583
2 23 -0.1047801321271206
2 24 0.008556697192745839
2 25 0.14937876445357992
2 26 -0.1916028611565314
2 27 0.024332836942672686
2 28 0.06782764101750799
2 29 -0.07753988554462336
2 30 0.2565460353971891
2 31 0.14370033522604203
2 32 -0.0056193553772087524
2 33 -0.02395465466232718
2 34 -0.053215729918744833
2 35 0.1701849706375427
2 36 -0.09150848373038455
2 37 0.05096865897463486
2 38 0.09033099836654779
2 39 -0.06960587819593542
3 3 0.0
3 4 0.006541238661609622
3 5 -0.08489279071942527
3 6 -0.1552527443630104
3 7 -0.019785543401544512
3 8 0.007825539057968258
3 9 -0.034624240929342874
3 10 0.224416750289413
3 11 0.01115047674039486
3 12 0.14654337340614684
3 13 -0.06741751774562148
3 14 -0.1306359384654655
3 15 -0.1277548021366069
3 16 0.11066313983973189
3 17 0.05761409076469356
3 18 -0.047648040946549626
3 19 -0.057271306497244545
3 20 0.1444968057563558
3 21 -0.08183464482029987
3 22 0.14954855661801078
3 23 0.029045779553090505
3 24 -0.06376617422809974
3 25 -0.16494765534742856
3 26 -0.15373845183475718
3 27 0.038389030359969295
3 28 -0.24198795148169755
3 29 0.04601865593275843
3 30 0.03187698367560001
3 31 0.03219299477995091
3 32 0.06697863619497414
3 33 0.050501669003119254
3 34 0.052736815469577536
3 35 -0.00390608105326089
3 36 -0.004416019492713569
3 37 -0.08760670690016427
3 38 -0.0035443076049067055
3 39 -0.08149395810507627
4 4 0.0
4 5 -0.0363012391143661
4 6 0.008707887844446906
4 7 0.05322568177837465
4 8 -0.030797688433294924
4 9 -0.004913890868705751
4 10 -0.049407135667014525
4 11 0.040409332714400795
4 12 -0.005201084130186154
4 13 0.08357340027051578
4 14 -0.11559914501776221
4 15 -0.08173807409586739
4 16 -0.0636005309060482
4 17 0.023124350624984746
4 18 -0.13980911385692169
4 19 -0.07512192225602282
4 20 0.00009564028663723727
4 21 -0.07391664836597077
4 22 -0.03216558124337239
4 23 -0.012642319478356059
4 24 0.11939068815545839
4 25 -0.011629247807702687
4 26 0.017320920585549626
4 27 0.03470667388097018
4 28 0.19318632164322067
4 29 -0.010087573139159575
4 30 0.034166721971222475
4 31 -0.027156674190314957
4 32 -0.05756817708602755
4 33 0.03363352241642904
4 34 0.04212256404273903
4 35 0.08387153735791215
4 36 -0.014407109006292588
4 37 0.09458159036571004
4 38 0.005154475440060881
4 39 0.0679773481431183
5 5 0.0
5 6 -0.0208029372246477
5 7 -0.05290462128803073
5 8 0.09031745671529288
5 9 0.05333397037957379
5 10 -0.07173920644025376
5 11 -0.14744255157023545
5 12 -0.024821447780094423
5 13 -0.09330857943716386
5 14 0.012337898409421776
5 15 0.01371556589716241
5 16 -0.07428895667838527
5 17 -0.11523194599587239
5 18 0.06335064713404716
5 19 0.031655725842730784
5 20 -0.1015917981144763
5 21 0.04784547167531457
5 22 0.0017305303922002455
5 23 0.03372583049149818
5 24 0.07252156667802888
5 25 0.06899505725069459
5 26 0.07974241845734709
5 27 0.04575593420917861
5 28 0.19472770581523735
5 29 0.06611691355342522
5 30 -0.035022961388666674
5 31 -0.007108677042648341
5 32 -0.05584837070140601
5 33 0.004698806466808568
5 34 -0.026331157647439242
5 35 -0.009203210882844311
5 36 -0.0011791916046593783
5 37 0.0982679121778549
5 38 0.051682070005958
5 39 0.06878001217171491
6 6 0.0
6 7 0.026582192350517418
6 8 -0.07595689158478722
6 9 0.11975477262904696
6 10 -0.12902948421491842
6 11 0.039890863342026434
6 12 -0.08950583075138305
6 13 0.17114213186310118
6 14 0.21737989755063608
6 15 0.059371189828209936
6 16 -0.1694204616035246
6 17 -0.009683329810515277
6 18 0.036024571881203046
6 19 0.15513638077157033
6 20 -0.07195229832232361
6 21 -0.00045018013278265895
6 22 -0.20059487680418325
6 23 -0.12617686963672112
6 24 0.09326971295976332
6 25 0.21914164032514213
6 26 0.07444544074867328
6 27 -0.042752736828188885
6 28 0.15859815388411358
6 29 -0.027948727962878134
6 30 0.14076621526937105
6 31 0.07469092952301756
6 32 0.017676006123661617
6 33 0.0713256323420638
6 34 0.03452048298169465
6 35 -0.015970178256890417
6 36 -0.02563221097938877
6 37 0.01618849819371329
6 38 0.03373959388131261
6 39 -0.029356349207289224
7 7 0.0
7 8 0.024734964601892003
7 9 -0.023687657669085205
7 10 -0.10138474820632501
7 11 0.08061418853753008
7 12 -0.05467238354607944
7 13 0.06436414457067348
7 14 -0.0004151329214232699
7 15 0.059839285975535096
7 16 -0.0055968192085708865
7 17 0.05416574153745969
7 18 -0.06671736071681522
7 19 -0.06044196549922086
7 20 -0.02544764999326608
7 21 0.08375382439676836
7 22 -0.04093002208690415
7 23 0.00810601632008963
7 24 0.05016047751998766
7 25 -0.034239370453625934
7 26 0.0682920486242557
7 27 0.0000060704037319845644
7 28 -0.020843087762896555
7 29 0.029666910571828176
7 30 -0.026129073648457464
7 31 -0.025383391239262885
7 32 -0.011678524461698172
7 33 0.025513962460740974
7 34 0.04256630594564767
7 35 -0.055764846201576734
7 36 0.03178359431979449
7 37 0.0018696921552883814
7 38 -0.002088649352786984
7 39 0.03781795323867455
8 8 0.0
8 9 -0.05404145381835005
8 10 -0.055217960331241836
8 11 -0.0440689595174283
8 12 -0.10197543914645868
8 13 -0.053485149255037966
8 14 0.011118629636115703
8 15 0.04859511443815088
8 16 -0.0015667036901555603
8 17 -0.019886800176737107
8 18 0.02884795999827816
8 19 0.0005723239161236867
8 20 -0.017559633862568796
8 21 0.0799373190177383
8 22 0.07029955213192102
8 23 0.06484204675256668
8 24 0.0385762315494188
8 25 -0.035079163383388456
8 26 0.010484508169742349
8 27 0.06552017197393321
8 28 -0.06451125072720229
8 29 0.06687721712442826
8 30 -0.0573747867853404
8 31 0.01809581027669373
8 32 -0.029876314196487907
8 33 0.019526739502480205
8 34 0.029488001384578893
8 35 -0.004309980754877753
8 36 0.05296475254412204
8 37 0.04385073410607186
8 38 0.02270935663250446
8 39 0.031037935505328424
9 9 0.0
9 10 0.053097701375416285
9 11 -0.10677088778551243
9 12 0.061833281010678864
9 13 0.010625678614467587
9 14 0.008620170445091464
9 15 -0.039192240812870004
9 16 -0.013444430456361678
9 17 0.028634516643076025
9 18 0.03024776542162356
9 19 0.1012239532124533
9 20 -0.01624604635030408
9 21 0.0021887173955718103
9 22 -0.16878126261291965
9 23 -0.12179251347235501
9 24 0.14283721433689567
9 25 0.0802785454362731
9 26 -0.007811470146645095
9 27 -0.014143995408256962
9 28 -0.0022235803486278377
9 29 0.09210518577291249
9 30 0.05484016791056891
9 31 0.11405122528251613
9 32 0.08006330782621143
9 33 0.027845638155727874
9 34 -0.11978899605312159
9 35 -0.06738094403045347
9 36 -0.04190086056469938
9 37 -0.04534091077381826
9 38 0.10739394016635462
9 39 -0.05098551350982498
10 10 0.0
10 11 -0.12975678078921465
10 12 0.23617971106893024
10 13 -0.04902034145436326
10 14 -0.12060411964111273
10 15 -0.1375822459817682
10 16 0.05910709081875738
10 17 0.039231567697429116
10 18 0.07384536359942245
10 19 0.04620493113361106
10 20 0.14810648893327566
10 21 -0.12359981953897983
10 22 0.1325058204563842
10 23 -0.018505529048017628
10 24 -0.03314075477976934
10 25 -0.1326437420145977
10 26 -0.20100314984997164
10 27 -0.023894666381398432
10 28 -0.3213376452694717
10 29 0.00954118092695835
10 30 -0.023356545607131476
10 31 0.07570217929257247
10 32 0.16105440214140204
10 33 0.06681666914477626
10 34 -0.0193830470365942
10 35 0.014736850305733573
10 36 -0.019283034634442985
10 37 -0.1819930411386399
10 38 -0.045442026585010814
10 39 -0.1882793783227689
11 11 0.0
11 12 -0.07872004667211684
11 13 0.033962072608452756
11 14 0.03912907590069697
11 15 -0.008158641413995658
11 16 0.098321549879481
11 17 0.047013201800567284
11 18 -0.11823609383234737
11 19 -0.10582755695828594
11 20 0.0735369643069812
11 21 -0.02918551657364128
11 22 -0.00652474815649929
11 23 0.06541635214363936
11 24 -0.14321566997375823
11 25 -0.01766108338492302
11 26 -0.025077176595260535
11 27 -0.007360371214171327
11 28 0.007524184537708835
11 29 -0.056543142825658296
11 30 0.1657187651608329
11 31 -0.04879538052926001
11 32 -0.06789746035035868
11 33 -0.03551465401127741
11 34 0.11029555261773458
11 35 -0.03618450171008453
11 36 -0.041889271399031494
11 37 0.02541631032084605
11 38 0.011984433134548519
11 39 0.030242284615572067
12 12 0.0
12 13 -0.029325717388377626
12 14 -0.1283603907759287
12 15 -0.07897451689916521
12 16 0.03258172178700812
12 17 -0.01087656453344308
12 18 -0.039436885294163074
12 19 -0.0812735752718127
12 20 0.009949198919034844
12 21 -0.030650547927652323
12 22 0.09548351757991964
12 23 -0.019227612881633716
12 24 -0.021828885569945614
12 25 -0.10309296094502325
12 26 -0.04308730643823873
12 27 -0.028584209470418103
12 28 -0.05591614032860052
12 29 0.019820961148031873
12 30 -0.03037945042176521
12 31 -0.07695254736354562
12 32 0.06259006668555156
12 33 0.06969046058938981
12 34 -0.03310991612914296
12 35 -0.02825487296865407
12 36 -0.03297637205403589
12 37 -0.10561397620894648
12 38 -0.02068669994976734
12 39 -0.04848736950331189
13 13 0.0
13 14 0.06810083799829421
13 15 0.07587734770832483
13 16 -0.13019220552598534
13 17 0.017000187829575696
13 18 -0.015674042963242072
13 19 0.02118029874874178
13 20 -0.05311876634499545
13 21 0.025934482220053356
13 22 -0.06266370856850752
13 23 -0.03351624299241908
13 24 0.10858537037590026
13 25 0.05979622427864417
13 26 0.035529710728924906
13 27 -0.0480004957345525
13 28 0.037034865600815155
13 29 -0.06783592671180225
13 30 -0.0041530754068999165
13 31 -0.030294353842597554
13 32 0.006267096488333411
13 33 0.08326220403720873
13 34 0.02945381414744185
13 35 0.04471171488280552
13 36 0.008992848387607773
13 37 -0.018314650336466363
13 38 -0.04441678947484614
13 39 -0.024756956202457776
14 14 0.0
14 15 0.12876395166880716
14 16 -0.07089727751080749
14 17 -0.04453132772030565
14 18 0.10248099056794122
14 19 0.1196378354545186
14 20 -0.06047879540630886
14 21 0.064880307614646
14 22 -0.06807779982789997
14 23 -0.018141285877025442
14 24 -0.031016195631944264
14 25 0.15284008902867058
14 26 0.036314943939924134
14 27 -0.0338778583592655
14 28 0.00844883469234988
14 29 -0.0460648620770722
14 30 0.06576935922378242
14 31 0.025584698711576193
14 32 -0.00971872615676897
14 33 0.012074122337079796
14 34 0.013050518096789745
14 35 -0.017632922765512878
14 36 0.0015282310125869672
14 37 -0.002476113792201275
14 38 0.011127002318523269
14 39 -0.02822537023595102
15 15 0.0
15 16 -0.051293040591606706
15 17 -0.026469401855529602
15 18 0.054320686637236625
15 19 -0.004102279700858101
15 20 -0.1416596861887772
15 21 0.1973953108532051
15 22 -0.015871119329752166
15 23 0.02062049928210696
15 24 0.027666596794921238
15 25 0.04190783311265549
15 26 0.12172833045495146
15 27 -0.04077011583429729
15 28 -0.026473581436426263
15 29 -0.027321218932322477
15 30 -0.13519837819050115
15 31 -0.09170745990238484
15 32 -0.032021642912722206
15 33 0.004411034238615287
15 34 -0.05023777875925371
15 35 -0.027046061818273265
15 36 0.06140929767326945
15 37 -0.014703714974706766
15 38 -0.03341773920261799
15 39 0.042880359110780544
16 16 0.0
16 17 0.0714116906996782
16 18 -0.05785309577062665
16 19 -0.07598088265755669
16 20 0.10919898542881472
16 21 -0.007804350659108533
16 22 0.03950592057428778
16 23 0.02392625740920753
16 24 -0.13967529551034055
16 25 -0.10487092638915381
16 26 -0.10812177097735606
16 27 0.02374546288381418
16 28 -0.20039643695229864
16 29 0.0402919224228089
16 30 0.053276851306885066
16 31 0.017353554923243853
16 32 0.004085004404264373
16 33 -0.10066860024863541
16 34 -0.07735633314113467
16 35 -0.04863385705544418
16 36 -0.02441135731262798
16 37 -0.04457420178721243
16 38 0.07097637972635008
16 39 -0.002808064913619437
17 17 0.0
17 18 -0.038342533543357045
17 19 0.008416446669984142
17 20 0.07319914277965753
17 21 -0.0021982446799853174
17 22 -0.06916257752555327
17 23 -0.07125284404563727
17 24 0.012846257623060676
17 25 -0.06416122323962462
17 26 -0.01952706941221804
17 27 -0.008160239830673568
17 28 -0.17068026378698448
17 29 0.044990460616421826
17 30 -0.017040140441698964
17 31 0.08139755309184879
17 32 0.07815206533367823
17 33 -0.022028224446016313
17 34 -0.013912537578491122
17 35 -0.05626446423098257
17 36 0.02655510194054239
17 37 -0.06986415222477028
17 38 0.001177035259533443
17 39 -0.03617143538885718
18 18 0.0
18 19 0.14484933698505492
18 20 0.0057848368178570414
18 21 0.012552473939858593
18 22 0.0008525323895299372
18 23 0.015675527263925973
18 24 -0.014470488790406091
18 25 0.048266175246641715
18 26 -0.02862811584788243
18 27 -0.05603955649166339
18 28 -0.1488921997881339
18 29 -0.024697302267654812
18 30 -0.05981037431952844
18 31 0.07454458143163356
18 32 0.09053826546641744
18 33 0.00837835843783531
18 34 -0.006154626836768799
18 35 -0.033549367951780575
18 36 0.01148161650917621
18 37 -0.09015158693885741
18 38 -0.05250010137158691
18 39 -0.12049440610380568
19 19 0.0
19 20 0.021627929015467347
19 21 -0.04816560451841335
19 22 -0.10468749441398757
19 23 -0.1041937559262183
19 24 0.04984416037923831
19 25 0.11971776107966217
19 26 -0.03291418407538403
19 27 -0.018753093614795973
19 28 -0.06632875835028464
19 29 0.005468726777250672
19 30 0.0231935942907891
19 31 0.16500739018167002
19 32 0.09267070166909408
19 33 0.0012267663760159408
19 34 -0.03456475384164383
19 35 0.009326644790538154
19 36 0.00746419159296594
19 37 -0.039979964521938596
19 38 0.00801907996205571
19 39 -0.09789696410487121
20 20 0.0
20 21 -0.1426304895191063
20 22 0.044460902535470574
20 23 0.0252667969149948
20 24 -0.09135575700367551
20 25 -0.08313580118915521
20 26 -0.17435214191249943
20 27 0.006302610496665887
20 28 -0.22131190285622532
20 29 0.0016880593838408352
20 30 0.1141368223285085
20 31 0.1118037448620802
20 32 0.07749075057900318
20 33 -0.009723899955122161
20 34 0.06830683194919353
20 35 -0.015154504695766343
20 36 -0.037637808532518906
20 37 -0.0754457695453019
20 38 0.0016122213344389644
20 39 -0.11778769492662033
21 21 0.0
21 22 -0.017382184693380116
21 23 0.01606458557757032
21 24 0.06354518187780284
21 25 -0.01476211678199745
21 26 0.14066946797459795
21 27 -0.011141106270212626
21 28 -0.057992072427500777
21 29 0.05998077832332345
21 30 -0.15219388857303826
21 31 -0.08347925696864866
21 32 -0.020143570111324928
21 33 0.019256279974721877
21 34 -0.06174201479864481
21 35 -0.0915187355901769
21 36 0.06992591715649785
21 37 -0.02099980205826785
21 38 0.010093343505356631
21 39 0.06613550426961169
22 22 0.0
22 23 0.15457561191811986
22 24 -0.10970670739088231
22 25 -0.13539932645540864
22 26 -0.10450006729157402
22 27 0.03692129911495867
22 28 -0.11724229699890862
22 29 -0.04377631318505808
22 30 -0.03994496626320193
22 31 -0.11140846501522206
22 32 -0.04158764255008782
22 33 0.052814917994247534
22 34 0.08107522755899278
22 35 0.07696859585452062
22 36 0.012142702330921577
22 37 -0.014623260515766356
22 38 -0.06275296069823384
22 39 -0.020233589933690083
23 23 0.0
23 24 -0.07438653118465649
23 25 -0.0719947246280894
23 26 -0.0543352477628423
23 27 0.0009697505146932369
23 28 -0.04208173091869247
23 29 -0.044844183442749694
23 30 0.02030023486588849
23 31 -0.09890573162523594
23 32 -0.06187828810588904
23 33 0.03173837507215628
23 34 0.10288512503042395
23 35 -0.0041010511722060165
23 36 -0.02609076041798696
23 37 0.009166982222629632
23 38 -0.03033177990879027
23 39 -0.012659048957085797
24 24 0.0
24 25 0.0495109465777824
24 26 0.06178953184850187
24 27 0.02537317603108119
24 28 0.08264333687957753
24 29 0.07970300454623308
24 30 -0.06712147052149896
24 31 0.04782988319464117
24 32 0.017423452847872917
24 33 0.0959199369486016
24 34 -0.061958646653510266
24 35 0.02567010168987331
24 36 0.027228385569186064
24 37 0.034445713934733405
24 38 0.051974834322326746
24 39 0.018645096580132327
25 25 0.0
25 26 0.054385735587874996
25 27 -0.010801677379728435
25 28 0.22587114352288404
25 29 -0.041739316596100855
25 30 0.09027309903459392
25 31 0.03500360454546701
25 32 -0.04739038698700449
25 33 -0.017810771287721117
25 34 -0.04648896852796704
25 35 0.050048574113107536
25 36 -0.03222616815340028
25 37 0.08386441511311363
25 38 0.04970711934384775
25 39 0.030545505503785885
26 26 0.0
26 27 -0.018156872867674853
26 28 0.24291619118575705
26 29 0.027184216495742052
26 30 -0.1427531012190629
26 31 -0.08265790041279862
26 32 -0.04778128053454052
26 33 -0.024303045761807772
26 34 -0.0005290420000681737
26 35 -0.06776963027642464
26 36 0.06407751242095885
26 37 0.07216536028059398
26 38 -0.04216562438506374
26 39 0.140654725074711
27 27 0.0
27 28 0.05111359540058878
27 29 0.05207899135925814
27 30 0.032632319595843326
27 31 0.01679268783365314
27 32 -0.05091428379195963
27 33 0.001116719798986888
27 34 -0.0005886033850185076
27 35 0.044259663897239405
27 36 0.009887080098343019
27 37 0.07744890991913536
27 38 0.05867296231753174
27 39 0.05740325756609793
28 28 0.0
28 29 -0.06617449595779547
28 30 0.07747208282862304
28 31 -0.15625936319296105
28 32 -0.24764111606605796
28 33 -0.052499521346304666
28 34 0.00537257194607489
28 35 0.1441519406272935
28 36 -0.05063980023809618
28 37 0.3296777010952847
28 38 0.038858824748894225
28 39 0.2823159856989259
29 29 0.0
29 30 -0.011845383487701764
29 31 0.07576157914969814
29 32 0.04021884348887533
29 33 0.024899507842572128
29 34 -0.02149386420381657
29 35 -0.09809960781786066
29 36 0.02370994885131348
29 37 -0.008546951092574754
29 38 0.08034474946667497
29 39 0.015733672266842202
30 30 0.0
30 31 0.07213861360849896
30 32 -0.042782226894029836
30 33 0.02330399896598586
30 34 0.07836043061889342
30 35 0.007964044391152883
30 36 -0.12035279247656025
30 37 0.05022097686120972
30 38 0.1220794314547268
30 39 -0.04188396162931302
31 31 0.0
31 32 0.11628395065534414
31 33 -0.008721059296053324
31 34 -0.006254664840686307
31 35 -0.04281022176348402
31 36 -0.0011401259601250568
31 37 -0.05039084861532099
31 38 0.05080573966220031
31 39 -0.10377810443598745
32 32 0.0
32 33 0.033880200727706714
32 34 0.005558983368040875
32 35 -0.09071677483543865
32 36 0.015427708578611176
32 37 -0.15243746591012036
32 38 -0.03969000148976737
32 39 -0.13932588151065997
33 33 0.0
33 34 0.08902115855544597
33 35 -0.015267748857213853
33 36 -0.0019692628118043666
33 37 -0.04498918965729595
33 38 -0.008290097707798842
33 39 -0.06428681000892969
34 34 0.0
34 35 -0.05183129725205441
34 36 -0.003530568753511797
34 37 -0.0012730313161309413
34 38 -0.08043917374986206
34 39 -0.04308186689842995
35 35 0.0
35 36 -0.004101367654216817
35 37 0.10498991704220506
35 38 -0.008845646636133752
35 39 0.04688415840166934
36 36 0.0
36 37 -0.006691633889769779
36 38 -0.04137203135994221
36 39 0.026151217097820322
37 37 0.0
37 38 0.05457162957570638
37 39 0.15809030894416812
38 38 0.0
38 39 0.036032835099419694
39 39 0.0
