0 0 0.0
0 1 -0.10173302099940795
0 2 0.1035976117741404
0 3 -0.054911947594978416
0 4 0.09686930570937244
0 5 -0.1329901937383953
0 6 -0.026944037044152363
0 7 0.04558238797192647
0 8 0.16004103744681344
0 9 0.017279366343842938
0 10 -0.07572366467498211
0 11 -0.050919617664917614
0 12 -0.012969467825720973
0 13 -0.05795301894832028
0 14 0.01712202325929433
0 15 -0.004389430314089287
0 16 -0.10241559441637893
0 17 0.005882230818194683
0 18 0.07924564944344684
0 19 0.020209376264956898
0 20 -0.0831105445535557
0 21 0.08952152785236518
0 22 0.05384215288113363
0 23 0.0015478193438308737
0 24 -0.046072046094087174
0 25 -0.02948550515861146
0 26 0.052558181348363986
0 27 0.00899689644355052
0 28 -0.12717859736978604
0 29 -0.05616437914970788
0 30 -0.0011827143620060621
0 31 0.10898157003997674
0 32 -0.20405309081734382
0 33 0.02203593461608864
0 34 -0.0737882469445131
0 35 0.025624028392012044
0 36 -0.060462941919886125
0 37 0.09038335105398661
0 38 -0.00739966637590359
0 39 0.0454377122848187
1 1 0.0
1 2 0.015216372082000915
1 3 0.13811407993558755
1 4 -0.08368642019027096
1 5 0.13321792928874926
1 6 -0.06861551030417692
1 7 0.016636725208083077
1 8 0.16982710610924304
1 9 -0.0028275743129717473
1 10 -0.002407163500101404
1 11 0.12318870334138199
1 12 -0.15057884479246764
1 13 0.21272001312120467
1 14 -0.038035350836411894
1 15 0.14142928462789991
1 16 -0.010748686505489054
1 17 -0.058499176008846396
1 18 0.00550659861445901
1 19 0.004354327639916829
1 20 -0.1015340008265865
1 21 0.0412838760833813
1 22 0.06408717574253465
1 23 0.047669430342610494
1 24 -0.059367591724095725
1 25 -0.05299099024414531
1 26 -0.005766183022635373
1 27 0.006617661959545454
1 28 0.06524162415559512
1 29 0.11320333438512613
1 30 0.031477661214133465
1 31 0.02119773917317582
1 32 0.057021376134799365
1 33 0.07167340385880769
1 34 -0.04743964081482756
1 35 -0.09890156619616382
1 36 0.03334111098339883
1 37 -0.1884214744705046
1 38 -0.09173963318311021
1 39 0.23924934942680953
2 2 0.0
2 3 0.1159713387135467
2 4 0.12470250946842554
2 5 0.01829970195376339
2 6 -0.041753126515478654
2 7 -0.030151657475243752
2 8 0.23821851622326107
2 9 -0.053061156967338007
2 10 -0.13254290795753884
2 11 0.03562691749177585
2 12 -0.010416629924771114
2 13 0.09413396309108275
2 14 0.0545133781697842
2 15 0.14123976514561237
2 16 0.027574427080377405
2 17 0.0261248747753266
2 18 0.0714159573973011
2 19 0.056602591263955025
2 20 0.07089414884172798
2 21 -0.03175263167723476
2 22 0.06834916881337569
2 23 -0.04525748250839673
2 24 -0.08443787297088914
2 25 -0.14615070535953795
2 26 -0.030524820689484526
2 27 -0.015621580971151044
2 28 -0.283056107584855
2 29 0.003336657875854355
2 30 -0.0154086563709596
2 31 0.12668178327095952
2 32 -0.07719459678470184
2 33 0.09733156174683151
2 34 0.09546204111740302
2 35 -0.03926479191447198
2 36 -0.07637309704013387
2 37 -0.04375231286745411
2 38 -0.05393439368821845
2 39 0.2810310231548152
3 3 0.0
3 4 -0.03798532817579816
3 5 0.019249069834795237
3 6 0.03287525351126365
3 7 0.12494393458643331
3 8 0.21130910908594788
3 9 -0.01800589133462972
3 10 -0.13374758255511565
3 11 0.013345561097076361
3 12 -0.15738013138834833
3 13 0.15955949881526
3 14 0.11035239279861883
3 15 0.06676508661008
3 16 0.08846864712576365
3 17 -0.09842743141881144
3 18 0.035056749986800376
3 19 0.0677252647929329
3 20 -0.03033276122373882
3 21 -0.15063310071580457
3 22 0.152237513521007
3 23 -0.04870599823836126
3 24 0.06265024008402824
3 25 -0.020956674307154234
3 26 0.05950218401243955
3 27 -0.15026960991974495
3 28 -0.09776335363292454
3 29 -0.03987617177459654
3 30 -0.026692790746729932
3 31 -0.0487983121893527
3 32 0.05049808684083211
3 33 0.07400188556161807
3 34 0.19012747657701914
3 35 -0.021149899357106747
3 36 -0.035950808336670165
3 37 -0.18470900355692402
3 38 0.1061800560914737
3 39 0.0723437068560351
4 4 0.0
4 5 0.0536973827216463
4 6 0.07196846181832744
4 7 0.11244262146167423
4 8 0.12559704944962016
4 9 -0.09041297565164381
4 10 -0.034201404898033964
4 11 0.03705559538441365
4 12 0.11812294455167893
4 13 -0.017720170147208343
4 14 -0.07856157118054616
4 15 0.009889160742081383
4 16 -0.05000045609592293
4 17 -0.015705993892129406
4 18 -0.041511333502135955
4 19 0.15256547027105508
4 20 0.033781666856571316
4 21 0.15879912662238266
4 22 0.03634451346005295
4 23 0.022871135783886977
4 24 -0.04336169719156504
4 25 -0.08506353679430771
4 26 -0.0945437075510652
4 27 0.09121334884182569
4 28 0.03127723853874877
4 29 -0.009442148639559448
4 30 -0.14252041621683686
4 31 0.04407507297213836
4 32 -0.005092577265464799
4 33 0.07958753311042602
4 34 0.012846646766422738
4 35 0.028395172259613348
4 36 -0.08346348400167984
4 37 0.08039362959581473
4 38 -0.06489075657579663
4 39 -0.0072266541798320675
5 5 0.0
5 6 -0.015103211463499794
5 7 0.0908093164279496
5 8 -0.009101195325903378
5 9 -0.028804305391427875
5 10 -0.058277225246292044
5 11 0.02704037720236923
5 12 0.06930222609319438
5 13 0.18814454130125713
5 14 0.011030382676225425
5 15 0.026777796366955115
5 16 0.12410798322967338
5 17 -0.08580711037116387
5 18 -0.19180867914409558
5 19 0.1280282421323155
5 20 0.15551629039323872
5 21 0.05004768345400421
5 22 -0.012077157063366328
5 23 0.006704582792196436
5 24 -0.048387233732490785
5 25 -0.026501725318210944
5 26 -0.19786949890230765
5 27 -0.09297200594859194
5 28 0.22477491710821748
5 29 0.04655768662388231
5 30 -0.15684788400813734
5 31 -0.07800001705841787
5 32 0.1982460682652068
5 33 0.16393575756370787
5 34 0.15579814078678508
5 35 0.04809700526843671
5 36 0.1786038610844228
5 37 -0.09473989726998513
5 38 -0.08705412288828447
5 39 -0.00568757797322231
6 6 0.0
6 7 0.031323079945143925
6 8 -0.03975599412214902
6 9 -0.03800747968140252
6 10 -0.11043288729912108
6 11 0.09263741857708707
6 12 0.051989854315298525
6 13 -0.10489402829022947
6 14 -0.04887726784230491
6 15 -0.0071231602770271156
6 16 -0.04894390109484827
6 17 0.1022922643007507
6 18 -0.1925245452625761
6 19 0.023947563886969794
6 20 -0.010752391303586312
6 21 -0.03967269545124321
6 22 -0.042023358707451754
6 23 0.14601034576131425
6 24 0.050507409277270744
6 25 -0.07765292535624901
6 26 -0.08949136046065627
6 27 0.03295784723662995
6 28 -0.08538857478187892
6 29 -0.04930888084986236
6 30 -0.08763228868693783
6 31 -0.020192899513103324
6 32 0.032133937928262926
6 33 -0.07801245396144155
6 34 0.10291643874320602
6 35 -0.038941357547224595
6 36 0.09054121217645253
6 37 -0.04272045523226828
6 38 0.031979589747474904
6 39 -0.1279331358080498
7 7 0.0
7 8 -0.054878014380453886
7 9 0.018641782526765266
7 10 -0.13765348273317005
7 11 -0.1589584920125828
7 12 -0.09944725773381091
7 13 0.09856828120478697
7 14 -0.12149740240278839
7 15 -0.08743548522622221
7 16 -0.15941700931653208
7 17 -0.1417588011252283
7 18 0.09397270741684713
7 19 0.09236473467420418
7 20 -0.20561111432150003
7 21 0.0674257429711848
7 22 0.22285563302020567
7 23 0.22608136070682877
7 24 0.10690948899448256
7 25 -0.01942050261801464
7 26 -0.04348035176189645
7 27 0.07228388754710319
7 28 0.19622811485959965
7 29 -0.025517681183513902
7 30 0.02889036333744339
7 31 -0.12064856978662437
7 32 -0.005029042711036338
7 33 0.11017623297590222
7 34 -0.01527511031258041
7 35 0.15980948559632063
7 36 -0.060806530842495835
7 37 -0.026324869965238844
7 38 0.03412078964894637
7 39 -0.28818778592003863
8 8 0.0
8 9 -0.20876392610986647
8 10 -0.206053116744814
8 11 0.20846095535129416
8 12 -0.079145509998273
8 13 0.0883595731515516
8 14 0.12172994882142615
8 15 0.23431523500407342
8 16 -0.17185251308544042
8 17 -0.11959890460503794
8 18 -0.02632259000047457
8 19 -0.001292029490482656
8 20 -0.12059946213634205
8 21 0.06037723534313044
8 22 0.11096278419875401
8 23 -0.11687044490292833
8 24 -0.18425944888909587
8 25 -0.11375317490460676
8 26 0.11556471835325946
8 27 -0.20038901564014971
8 28 -0.17934985860851077
8 29 0.012430287958426618
8 30 -0.16185717220563317
8 31 0.199516058174451
8 32 0.03871419924812701
8 33 0.07916416153976731
8 34 0.1200939638237815
8 35 -0.21092494004840576
8 36 0.023792230414987015
8 37 -0.05701844455603248
8 38 -0.11264322160579794
8 39 0.4098692290120951
9 9 0.0
9 10 0.1870725695996104
9 11 0.03552766144766569
9 12 -0.13302048754664103
9 13 0.035004163673738056
9 14 0.0853363817101891
9 15 -0.1048815477635617
9 16 -0.012933265780662997
9 17 -0.13233708289797988
9 18 0.033298693913484806
9 19 0.12495544502934172
9 20 0.012802287978850172
9 21 -0.09324054007787931
9 22 -0.13717395369008106
9 23 -0.08140002224603803
9 24 0.021519325237185142
9 25 -0.020328649370989278
9 26 0.010086818904799146
9 27 0.08372740960573939
9 28 0.12239917300301087
9 29 0.018294527698290375
9 30 -0.025995074765464005
9 31 -0.19811359918756205
9 32 -0.2597231111030904
9 33 0.17314442894050988
9 34 -0.17852484099706684
9 35 0.09135040961955677
9 36 -0.05665867521922322
9 37 -0.025955650765355043
9 38 -0.05079699240335619
9 39 -0.2507462785816873
10 10 0.0
10 11 0.10903337095896612
10 12 0.04859117090606479
10 13 -0.023844958260538028
10 14 0.00037139239749359784
10 15 -0.04498726357967718
10 16 0.13593817489775856
10 17 0.07234415374901057
10 18 -0.03766825368342857
10 19 0.15035667445020387
10 20 0.06722791820417695
10 21 -0.011092463964732537
10 22 -0.2590442804076083
10 23 -0.284420455576433
10 24 0.20125798024212535
10 25 0.08750998691943195
10 26 0.10923086514236517
10 27 0.023682912598819116
10 28 0.11554437539625191
10 29 -0.04799587899896122
10 30 -0.026333359383401693
10 31 -0.012513737244961054
10 32 0.06744657834151412
10 33 -0.04995825467936061
10 34 -0.321599739364514
10 35 0.06447405886600525
10 36 -0.039842502392482396
10 37 0.13869605201675875
10 38 0.1415439343152019
10 39 -0.004616501066993519
11 11 0.0
11 12 0.03503998277732031
11 13 0.03197010011954453
11 14 -0.0381569123773092
11 15 0.128845356432479
11 16 0.03871576676473114
11 17 0.011379404835293448
11 18 -0.14438170975326597
11 19 0.041845888518650995
11 20 -0.014194838763249248
11 21 0.04924963497454442
11 22 -0.2924498377033234
11 23 -0.11172641494877888
11 24 0.04168869806241552
11 25 -0.025672100377393408
11 26 0.11663520187418464
11 27 -0.0460017076673082
11 28 -0.10245101464156596
11 29 0.07792604144650796
11 30 -0.18769398657092753
11 31 0.03081142019316806
11 32 -0.028445143135255285
11 33 -0.03077924341790659
11 34 -0.09071681231204298
11 35 -0.11369104110065802
11 36 0.12129779720731788
11 37 -0.13682603684245337
11 38 -0.12503011524758068
11 39 0.18174533924543118
12 12 0.0
12 13 -0.04261992336700725
12 14 0.06145135222102153
12 15 -0.02695247772401806
12 16 0.1455000720037442
12 17 0.028728116129956925
12 18 -0.06697877823862874
12 19 -0.015401642015407512
12 20 0.2796954029959769
12 21 0.06856667041143197
12 22 -0.04578016099836211
12 23 -0.21019074775006713
12 24 0.047210988662197
12 25 -0.08750037210831071
12 26 -0.05573028806846629
12 27 -0.04635751875112358
12 28 -0.015902128748856558
12 29 -0.06425062658868066
12 30 -0.008376544287914078
12 31 0.07718031141781945
12 32 0.05419999240054211
12 33 -0.12533667387997596
12 34 0.06222646046618394
12 35 0.0685880680405849
12 36 0.2285790217833358
12 37 0.30661799265126083
12 38 -0.056718439873868966
12 39 0.020996416520146267
13 13 0.0
13 14 0.1322335625318683
13 15 0.11901379443751463
13 16 0.1440817357421646
13 17 -0.21905981135736224
13 18 0.09340499754090298
13 19 0.21228076611254446
13 20 -0.010456456234900654
13 21 -0.08581980926214641
13 22 -0.0027498851352838424
13 23 0.15521780125560075
13 24 -0.06566593225133645
13 25 -0.17994626559193333
13 26 -0.17853737036116182
13 27 0.03504238304406693
13 28 0.04743560503679882
13 29 0.1410323296199028
13 30 0.12806958415238603
13 31 -0.0484191516330986
13 32 0.06576786785388332
13 33 0.04586136668932282
13 34 -0.028208772899802104
13 35 -0.002162536288347151
13 36 0.030805576565203364
13 37 -0.02706218029492987
13 38 0.06166086785522827
13 39 0.013206109668048
14 14 0.0
14 15 -0.020006056158266068
14 16 0.18213713543043714
14 17 -0.11558761525829941
14 18 -0.042730003216893325
14 19 0.031289097615564414
14 20 0.1254733425278708
14 21 -0.18336788135596532
14 22 -0.03920297474365053
14 23 -0.1712005023691118
14 24 -0.09855411360433154
14 25 -0.16089001017291987
14 26 -0.05217654804180603
14 27 -0.18321159083545177
14 28 -0.12737736872682523
14 29 -0.03649532073967293
14 30 0.033987788559928005
14 31 0.050983089133864214
14 32 0.021879512192874255
14 33 0.014448410707709507
14 34 0.10435504781882113
14 35 0.005504735365184835
14 36 0.07154703697073296
14 37 0.16716725031014662
14 38 0.023709444820689134
14 39 0.10456720993482456
15 15 0.0
15 16 -0.011956075948709725
15 17 0.3010483767517424
15 18 -0.06165347474036979
15 19 -0.15987206160927703
15 20 -0.06214852220132564
15 21 -0.16144126095863948
15 22 -0.05500297851466549
15 23 0.132830036594858
15 24 -0.13457212216444692
15 25 -0.08140868995859833
15 26 -0.006938684061244926
15 27 -0.11746229450683746
15 28 -0.2974439048175645
15 29 0.07303397191421278
15 30 0.015888790580144738
15 31 0.21384521281420793
15 32 0.06606680268168794
15 33 0.14956524462390713
15 34 0.02872939146043787
15 35 -0.24540869235106655
15 36 0.08946504549586043
15 37 -0.17791260985465832
15 38 0.11367249118514773
15 39 0.20940288959303444
16 16 0.0
16 17 -0.03075462892965533
16 18 -0.09719036761767583
16 19 0.1689879806870953
16 20 0.2992998179643033
16 21 -0.07666488574988373
16 22 -0.1386843769173905
16 23 -0.20273563940371875
16 24 0.06707822809069544
16 25 -0.054666726367009165
16 26 -0.1067037752679999
16 27 -0.22857276604078755
16 28 -0.024657684442767308
16 29 -0.05831126487366112
16 30 -0.04120580225212375
16 31 -0.012378556735083212
16 32 0.10312077268401536
16 33 -0.10758183626118203
16 34 0.034822622732441355
16 35 -0.017589042608213694
16 36 0.15573578983388822
16 37 -0.05584406402820232
16 38 0.13514872592474564
16 39 0.13264090025336345
17 17 0.0
17 18 -0.11629622786751266
17 19 -0.2475824855664564
17 20 0.023880875987637003
17 21 -0.1770366790519973
17 22 -0.1394029987743665
17 23 0.11798380697770346
17 24 0.06286535072925158
17 25 -0.008790826317204218
17 26 0.004546308460296947
17 27 -0.055827724343344966
17 28 -0.4734408619708142
17 29 0.07136166006629621
17 30 -0.008509555939081705
17 31 0.28507869070095754
17 32 -0.05800429339011254
17 33 0.05853625730799509
17 34 0.03914686913751753
17 35 -0.061646772051799116
17 36 0.04621648310401772
17 37 -0.14851349596001143
17 38 0.20950691665809812
17 39 0.20615898644920355
18 18 0.0
18 19 -0.1117196884727872
18 20 -0.17225046300222113
18 21 -0.04438954433441949
18 22 0.08323905402794204
18 23 0.00023478646173206376
18 24 0.08909945961892243
18 25 -0.08783634534529555
18 26 0.06224429339065642
18 27 0.14305136058164233
18 28 -0.09641277446232724
18 29 0.046193929869903
18 30 0.14422958730369584
18 31 -0.03559751700023722
18 32 -0.13426395115723094
18 33 -0.09665719832003912
18 34 -0.0949154635001212
18 35 0.057959748285616994
18 36 -0.10763342419447974
18 37 -0.042201003895410406
18 38 -0.18170963679759647
18 39 -0.004278192219851437
19 19 0.0
19 20 0.1279311068887171
19 21 0.11504093211644664
19 22 -0.039553321779205765
19 23 -0.07986504686064148
19 24 0.05750930943471866
19 25 0.0006610552461730349
19 26 -0.12395723757363589
19 27 0.060582607616769354
19 28 0.24395854413333112
19 29 -0.08357473735043824
19 30 -0.16154057251006823
19 31 -0.1511631534180271
19 32 0.03646834513604067
19 33 -0.0009915079602169905
19 34 -0.08387930821047926
19 35 0.06864247814336638
19 36 -0.08485585410540838
19 37 0.03808326667690281
19 38 0.07507848994651074
19 39 -0.11143941099648995
20 20 0.0
20 21 -0.05870937178053568
20 22 -0.013322753682519433
20 23 -0.2973774155496453
20 24 -0.01676074184810331
20 25 0.0005865787272508698
20 26 -0.1065059992032428
20 27 -0.09601824537469597
20 28 0.0545846725685178
20 29 0.004912848279032343
20 30 -0.09272749983666716
20 31 -0.07066742722372557
20 32 0.05610182363466706
20 33 0.010219373470714343
20 34 0.20464966858981462
20 35 0.04200952637851545
20 36 0.07519789616607901
20 37 0.12210699628303454
20 38 0.010623318440402445
20 39 0.06505045224750008
21 21 0.0
21 22 0.10097699737103541
21 23 -0.140171710958898
21 24 -0.13696511478398782
21 25 0.2938320995640099
21 26 0.028992475801009682
21 27 0.24142643455712828
21 28 0.32312159375013644
21 29 -0.10179485274902174
21 30 -0.08224257360309221
21 31 0.09706756946794878
21 32 -0.26148182269583786
21 33 0.010761851394461704
21 34 -0.12495762045002579
21 35 0.08881797091584849
21 36 -0.0530320759962155
21 37 0.10868612263565988
21 38 -0.1491066842869589
21 39 0.09397366507502768
22 22 0.0
22 23 0.08476880990077876
22 24 -0.04746534699548401
22 25 -0.03733801198673934
22 26 -0.05863710447449881
22 27 0.05556026084104112
22 28 0.13627662355762
22 29 -0.08228713065108498
22 30 0.23037990708973374
22 31 -0.004719584203251725
22 32 0.012032127577698889
22 33 0.03586119602911564
22 34 0.13421584153023336
22 35 0.050436319617588585
22 36 -0.08877151728169395
22 37 0.08432365512083688
22 38 0.06097200200918412
22 39 0.002745169464894513
23 23 0.0
23 24 -0.11656990075128892
23 25 -0.18551052624748482
23 26 -0.2442143975637933
23 27 0.16785371067601781
23 28 -0.030874151760019054
23 29 0.20101034775265658
23 30 0.1411062217161018
23 31 -0.05053753704315728
23 32 0.07492354217357161
23 33 0.05213579458530944
23 34 0.009886538425732646
23 35 -0.10020528048479757
23 36 -0.10975873988442648
23 37 -0.2302993343954805
23 38 0.0633636391901046
23 39 -0.2416751040008823
24 24 0.0
24 25 -0.0214488593414419
24 26 0.1591039689317357
24 27 -0.12063337690215778
24 28 -0.06367327655593293
24 29 -0.12785869992839757
24 30 0.03232165771629989
24 31 -0.10551039286611574
24 32 0.07864369205183616
24 33 -0.24281363873299777
24 34 -0.13436686000944756
24 35 0.17071962490031423
24 36 0.18031825331359166
24 37 -0.033183797459216985
24 38 0.16550416905544213
24 39 -0.11797723528219976
25 25 0.0
25 26 0.26331431692588314
25 27 0.039611893902490376
25 28 0.27901907329788583
25 29 -0.12828459087794963
25 30 -0.1214722941973994
25 31 -0.057713731599120056
25 32 -0.10628773311751068
25 33 0.04636243859081425
25 34 -0.014919932979121028
25 35 0.03157047180705082
25 36 -0.10485450052119308
25 37 -0.02562887267815723
25 38 0.11520726118653205
25 39 -0.14985255734434194
26 26 0.0
26 27 -0.11801306532974742
26 28 -0.07804163398511481
26 29 -0.05920973952953292
26 30 -0.009340759298544275
26 31 0.029403418261695107
26 32 -0.12134007742960529
26 33 -0.0445265045746114
26 34 -0.12737763996538687
26 35 0.03735220020060149
26 36 -0.030297962209919937
26 37 0.04508679734744485
26 38 0.01536266607608584
26 39 0.08027926289960677
27 27 0.0
27 28 0.1592081277468819
27 29 0.08935621915119793
27 30 0.0918144667668815
27 31 -0.04805371678868864
27 32 -0.1776781786296525
27 33 0.02943758729174346
27 34 -0.11323936671719663
27 35 0.06275242423511952
27 36 -0.267646577458645
27 37 0.07905198807035634
27 38 -0.1358720973510201
27 39 -0.12822794406194124
28 28 0.0
28 29 -0.019369218256130562
28 30 -0.08839880426233018
28 31 -0.3577187407800436
28 32 0.15555970821851856
28 33 0.07304371884440788
28 34 -0.07997386873010881
28 35 0.08657726803157603
28 36 -0.09399565341147254
28 37 0.08370297455640838
28 38 -0.07904118657147552
28 39 -0.43723261726558055
29 29 0.0
29 30 -0.003054576675594934
29 31 -0.0460417229702685
29 32 -0.0322784221366806
29 33 0.15082127011922475
29 34 0.024297387288686342
29 35 -0.015243915161099807
29 36 -0.16134059949012894
29 37 -0.1398276603743767
29 38 -0.16257492413081218
29 39 0.07329028781310747
30 30 0.0
30 31 0.06757703833514697
30 32 -0.03081618022131623
30 33 -0.11979847175491609
30 34 -0.10367147219994385
30 35 0.045742314920371556
30 36 -0.012035871852936758
30 37 0.17007422126159844
30 38 0.14890365889407392
30 39 0.017897909511804238
31 31 0.0
31 32 -0.10210085891745639
31 33 0.005154289648296646
31 34 -0.021247081428008418
31 35 -0.059295107352904594
31 36 0.062104133336271204
31 37 0.09659225680846537
31 38 0.05327763638067249
31 39 0.393590661248139
32 32 0.0
32 33 -0.12032244597033562
32 34 0.128689236719805
32 35 -0.13598395714703454
32 36 0.10403430936450231
32 37 -0.005093476479812951
32 38 0.0957239313799949
32 39 -0.06649247185542227
33 33 0.0
33 34 0.08660134093689445
33 35 0.023952676175953286
33 36 -0.19102115654419974
33 37 -0.09065381507859956
33 38 -0.061041592744347936
33 39 -0.015552289808628434
34 34 0.0
34 35 -0.035736454782218485
34 36 0.04036390765822789
34 37 -0.08072199552293241
34 38 -0.044568510985421014
34 39 0.0290153735425497
35 35 0.0
35 36 -0.030413295718924177
35 37 0.17065245342472185
35 38 -0.007334117028567659
35 39 -0.1126903815510559
36 36 0.0
36 37 -0.007347044315525161
36 38 0.02427631455866582
36 39 0.02623686861930947
37 37 0.0
37 38 0.005150960395255524
37 39 -0.04918374799414775
38 38 0.0
38 39 -0.13012107953890834
39 39 0.0
