0 0 0.0
0 1 -0.024130603604264673
0 2 0.007733461011850601
0 3 -0.016595235018656743
0 4 0.14146253810521353
0 5 0.086423056202062
0 6 0.02349350078777812
0 7 -0.07605231912718337
0 8 0.07953458700026546
0 9 0.2028578810725325
0 10 0.0407296198677569
0 11 0.017965517857714944
0 12 -0.02169313006523482
0 13 0.20523425084959998
0 14 0.10222273425251119
0 15 -0.044707368555695084
0 16 0.04416300773938453
0 17 0.07488052034318234
0 18 -0.1603031462552024
0 19 0.027389940311732208
0 20 0.024089954598986527
0 21 -0.018471674171631126
0 22 0.17024935317484202
0 23 -0.12121163635089316
0 24 -0.13053323111216747
0 25 0.10479328284108935
0 26 -0.10001300537536165
0 27 -0.13581026613053687
0 28 -0.00539828793058422
0 29 -0.013161296741955375
0 30 0.13803305074956945
0 31 0.039578332279897536
0 32 -0.03745988887911829
0 33 0.3280844566491783
0 34 -0.10945630625479712
0 35 -0.09781526504079639
0 36 0.02688966531201008
0 37 0.015097792388938821
0 38 0.12742479039063162
0 39 0.09328884093493392
1 1 0.0
1 2 -0.05929585250454178
1 3 -0.14663801124724712
1 4 0.07757141225773062
1 5 0.14982796437952978
1 6 0.003707480516405628
1 7 -0.031178610719293832
1 8 -0.012824254574250692
1 9 0.008078366735502324
1 10 0.11851899871213731
1 11 -0.1017854283292986
1 12 -0.006351262416012994
1 13 0.09885076761006438
1 14 0.08058761642770038
1 15 -0.06088379656685063
1 16 -0.1481736261332898
1 17 0.021793436573678646
1 18 0.06413000287044132
1 19 -0.06745141639832884
1 20 0.06584792498650849
1 21 -0.10776153709550065
1 22 -0.014965196394880698
1 23 0.11497541101709238
1 24 0.002775265462731029
1 25 0.011111461203363161
1 26 0.11471292884947293
1 27 -0.1648189704807752
1 28 -0.1236909720715225
1 29 -0.1641692874591088
1 30 -0.13796592879423422
1 31 -0.014148736984728863
1 32 -0.03719902603052871
1 33 -0.003243149653028716
1 34 -0.07180315199809474
1 35 0.020097820228945837
1 36 0.17666644795172837
1 37 -0.07644651731364085
1 38 0.11516759991573489
1 39 -0.16545569925279047
2 2 0.0
2 3 0.09775973544423502
2 4 -0.12949783387310226
2 5 0.02973700185195331
2 6 0.016676928643618843
2 7 0.03319258364628395
2 8 -0.048045457500286395
2 9 0.09133910075835464
2 10 -0.061038023830467324
2 11 -0.17591530834786434
2 12 0.011335409015293427
2 13 -0.09979365849456687
2 14 -0.13598167160089242
2 15 -0.04121398367970097
2 16 -0.043730554071891505
2 17 -0.0686463698596065
2 18 0.09657038499439793
2 19 0.10248912178889928
2 20 -0.033379821552789776
2 21 0.020568546263250956
2 22 0.038457932029371776
2 23 -0.11689203057921507
2 24 -0.09271734340249839
2 25 -0.034438480132543074
2 26 0.03937735996798603
2 27 -0.05911848072568675
2 28 -0.08433506948965444
2 29 0.039528611139710915
2 30 -0.0629118893188916
2 31 -0.0827300353934157
2 32 -0.1451324029617754
2 33 0.04062819617935315
2 34 0.18781342278041696
2 35 -0.08792554990519613
2 36 -0.09119908698602465
2 37 0.00524085045700783
2 38 -0.03610008769449456
2 39 0.019759790589100105
3 3 0.0
3 4 -0.017326408352432963
3 5 0.05096346327994407
3 6 -0.06045498512483786
3 7 0.13074369890696927
3 8 -0.23888944076963498
3 9 -0.06834359778146917
3 10 0.07039283837088502
3 11 -0.012419747360877203
3 12 0.014593850415613835
3 13 -0.006201014135956075
3 14 -0.2815377518342215
3 15 0.14057298696079532
3 16 0.06359436920934979
3 17 -0.03419345785048657
3 18 0.032960106684850034
3 19 0.17473399170477033
3 20 0.03232310744421393
3 21 0.1305585484822464
3 22 0.02844198899391671
3 23 0.025898837403549185
3 24 -0.08016761803403177
3 25 0.05752182903645749
3 26 -0.005707960338156952
3 27 0.0024471364791663302
3 28 0.1298657311628006
3 29 0.13427256372277036
3 30 -0.0721659368458629
3 31 -0.0031964575905341435
3 32 -0.02611888432125633
3 33 -0.1391139816545674
3 34 -0.06535015134190637
3 35 0.11933214033524753
3 36 -0.015345129853108574
3 37 -0.01510400421414497
3 38 -0.19321365918302122
3 39 -0.000916554909689378
4 4 0.0
4 5 0.08880804991641508
4 6 -0.09290862085784432
4 7 -0.11234439794851499
4 8 0.17400656647966598
4 9 0.042422272971742704
4 10 0.13185645450336275
4 11 0.02549601604360866
4 12 -0.02126213215558419
4 13 0.19994341252038392
4 14 0.10688064587902044
4 15 0.14289600484597859
4 16 -0.037379042326943994
4 17 -0.07412478672403158
4 18 -0.060958859106912545
4 19 0.05507424230750814
4 20 0.15499709493278585
4 21 0.06453432135538532
4 22 0.003445188303685345
4 23 -0.020087325793314525
4 24 -0.17497417794933745
4 25 0.11699032665663436
4 26 0.07302990974106463
4 27 -0.030594263660284737
4 28 -0.010724443735749016
4 29 0.12234177007502978
4 30 0.060978569683432925
4 31 -0.053929477550782215
4 32 -0.12091877583027552
4 33 0.026513589993365606
4 34 -0.3199412826296037
4 35 0.1664878652561229
4 36 0.03627535748600864
4 37 0.0586480804069542
4 38 0.016914554793273938
4 39 -0.22019584639134093
5 5 0.0
5 6 0.06132049958307774
5 7 -0.01707481686350757
5 8 -0.13866523688601515
5 9 0.26911365712118523
5 10 0.03584939762422606
5 11 -0.006554603912954861
5 12 -0.16119601622099286
5 13 0.02925644314175495
5 14 -0.17258012859266764
5 15 -0.06524068085145518
5 16 -0.10567206058773407
5 17 0.20066711389272052
5 18 0.03483364718366548
5 19 0.0863371475443475
5 20 0.07328485705511964
5 21 0.05964401522310016
5 22 -0.000042435497871665386
5 23 0.050712393834941694
5 24 0.06771501565519258
5 25 0.030742543722105907
5 26 -0.026998850921284085
5 27 0.032079885559534324
5 28 -0.0809477449496849
5 29 -0.028645195660673434
5 30 -0.09495805586941886
5 31 -0.053023153323754305
5 32 -0.03776658816106525
5 33 -0.25973877872794915
5 34 -0.0657092760407932
5 35 0.18775821297937456
5 36 0.06912627929348582
5 37 -0.01607161981013106
5 38 0.10560558177495975
5 39 0.0032357109311749767
6 6 0.0
6 7 0.11175546200070867
6 8 -0.018739851399228055
6 9 -0.05809709534900574
6 10 -0.11079480117233764
6 11 -0.07893314420934552
6 12 -0.18513328260397774
6 13 -0.06788021088020892
6 14 -0.11917597528467098
6 15 -0.04308808634617732
6 16 0.14437779155158695
6 17 0.02687417710616192
6 18 0.06437949530602101
6 19 -0.12702136315137064
6 20 -0.008992485883783406
6 21 -0.12168733838520304
6 22 -0.05801544699014712
6 23 0.0762077068188209
6 24 0.19081036875674479
6 25 -0.028579737721253662
6 26 0.028988170682744663
6 27 -0.033932960270059334
6 28 0.07405130342080395
6 29 0.0372330897542861
6 30 0.09323161452153492
6 31 0.07025309992543691
6 32 0.09332655508826573
6 33 -0.08105023716312434
6 34 0.07766427101579662
6 35 0.02451557304723347
6 36 -0.009875200071049231
6 37 0.14104773157016767
6 38 0.13082408081950544
6 39 0.14936200106959474
7 7 0.0
7 8 -0.22781734363743822
7 9 -0.0016755585498141735
7 10 0.05151089439300519
7 11 -0.12953087713272368
7 12 -0.10959996641583684
7 13 -0.2114719443963114
7 14 -0.13556251736952202
7 15 0.1314502285284685
7 16 0.09357007466381587
7 17 -0.09821030048101223
7 18 -0.09808736010146359
7 19 -0.06603331559173783
7 20 0.02647402747128071
7 21 -0.03562543200499253
7 22 -0.22614282058183846
7 23 -0.06778001698488112
7 24 0.05790820175103327
7 25 -0.1146896631980022
7 26 0.15188494287862847
7 27 -0.1261020896517126
7 28 0.05767335261486593
7 29 0.021785045579344
7 30 -0.1752454089431856
7 31 -0.013643426335089349
7 32 0.11767686648722268
7 33 -0.18656777344181832
7 34 0.04349520408504457
7 35 -0.04376226806662054
7 36 0.3120086629591405
7 37 0.1551614075323069
7 38 0.035904151533896055
7 39 0.027904939231767744
8 8 0.0
8 9 -0.0015693314990061207
8 10 -0.11481657989620334
8 11 0.08992794098694659
8 12 -0.059072890777972606
8 13 0.15606441525163023
8 14 0.30279760582523263
8 15 -0.043029657078043265
8 16 -0.006182581887363177
8 17 -0.1254539947764554
8 18 -0.10025729406323083
8 19 0.061435456749472726
8 20 0.023450458051534343
8 21 -0.04843575495638574
8 22 -0.017598187021468654
8 23 -0.04055996607966891
8 24 -0.13569572457403606
8 25 0.004119062331595745
8 26 0.01251580533767541
8 27 0.05641186676100731
8 28 0.13573607128565587
8 29 0.1356898327281235
8 30 0.1447813257715867
8 31 -0.30327446310976075
8 32 0.029331419360661602
8 33 0.18050673652873972
8 34 -0.17754778896408285
8 35 -0.1168503486215483
8 36 -0.07002392004525007
8 37 0.05121755113152526
8 38 0.04776297964491649
8 39 -0.2313401383976658
9 9 0.0
9 10 0.0034884258869658812
9 11 -0.009636919874587039
9 12 0.0780496573558184
9 13 0.08411823690355591
9 14 0.1186471146319444
9 15 -0.13025726151298053
9 16 -0.04153112462659011
9 17 0.15126513373220357
9 18 -0.06353971261751815
9 19 0.035227060432675525
9 20 0.06217967258776377
9 21 0.04717511473654233
9 22 0.011792445056668875
9 23 -0.15524126840835525
9 24 -0.06158955227213907
9 25 0.0509457296487892
9 26 -0.07110485163791726
9 27 -0.0715300545785737
9 28 -0.1849852784728548
9 29 -0.11634282393745896
9 30 -0.12303802694983837
9 31 0.07623065058137558
9 32 0.006082233150073449
9 33 0.03719105474922274
9 34 0.10879530163045599
9 35 -0.020409590951180535
9 36 -0.02539611456355967
9 37 -0.04326462979071814
9 38 0.134076801965308
9 39 0.08351114169953569
10 10 0.0
10 11 -0.05873657908042147
10 12 0.05221805064521158
10 13 0.11538904288340232
10 14 -0.037690627125278695
10 15 0.026485888454167588
10 16 -0.13521717576676714
10 17 -0.08293275184018085
10 18 -0.0070125876945229424
10 19 -0.011847250350668763
10 20 0.12707220660329763
10 21 -0.02822437539369129
10 22 -0.03676210561787608
10 23 -0.028453656553063356
10 24 -0.04563092561760331
10 25 0.06630576366701221
10 26 0.08222396569353058
10 27 -0.12676245473040265
10 28 -0.002457857495337264
10 29 0.039787905401631796
10 30 -0.07869195608914023
10 31 0.0785145457210484
10 32 -0.06907601453761755
10 33 0.03625205932940729
10 34 -0.1679943619502
10 35 0.09954682974728885
10 36 0.10421627676537684
10 37 -0.046359803658888525
10 38 -0.054953294953138346
10 39 -0.160156566494177
11 11 0.0
11 12 0.02140991069355037
11 13 0.020100456404041355
11 14 0.09103807379603365
11 15 -0.014671874979463827
11 16 0.05760655026019923
11 17 0.08325917683930013
11 18 -0.25055990285577334
11 19 0.024467884053222096
11 20 -0.10989125224604077
11 21 0.13864670188173234
11 22 0.02763856303776141
11 23 0.07083220402467243
11 24 0.10080505324965301
11 25 0.028612062359481265
11 26 -0.14105898615910767
11 27 0.25277914690327813
11 28 0.11594974179180254
11 29 -0.07792037435106254
11 30 0.09968377581429451
11 31 -0.018648827448425352
11 32 0.1925557464525412
11 33 -0.09606797057916906
11 34 -0.1551206199184919
11 35 -0.005410460873860727
11 36 0.05772384249120109
11 37 0.02092599082120704
11 38 -0.07118317349577019
11 39 0.07241981200180815
12 12 0.0
12 13 0.0761634649108496
12 14 0.16711631880136193
12 15 0.025053746201796744
12 16 0.05753830217422874
12 17 0.06263324360396046
12 18 0.04851425968953875
12 19 0.002948802591034025
12 20 0.003641462528596498
12 21 0.08271180344566406
12 22 0.01646345074170268
12 23 -0.0910105519955986
12 24 -0.026215179672199513
12 25 0.05052205868699929
12 26 -0.04578001440412609
12 27 -0.15949523427177928
12 28 -0.1354265543637358
12 29 -0.1826888221317284
12 30 -0.19065703632862252
12 31 0.23062261770549922
12 32 0.07599552079831332
12 33 0.15857926680707612
12 34 0.024754602812485805
12 35 -0.08615111794541759
12 36 -0.03974800219201317
12 37 -0.07456035532064015
12 38 -0.03982862222664464
12 39 -0.01738779720373174
13 13 0.0
13 14 0.2088913937134083
13 15 -0.051431682748807016
13 16 -0.013865113007135537
13 17 0.06313926961427255
13 18 0.05121376919384986
13 19 -0.048592020841848826
13 20 0.12720824823734062
13 21 -0.030364300285271446
13 22 0.06322871689295263
13 23 0.09371229561956752
13 24 -0.16403408395856275
13 25 0.14287232743328554
13 26 -0.053174105165372396
13 27 -0.16763671720054457
13 28 0.07279907921629591
13 29 0.030257090990852786
13 30 0.018531949050499825
13 31 0.07054579890031908
13 32 0.08576064970232009
13 33 0.23355425499474353
13 34 -0.15130128287167582
13 35 0.13452778391660278
13 36 -0.03078705996536722
13 37 -0.09951775025946911
13 38 -0.019021665950805722
13 39 -0.12313127888233806
14 14 0.0
14 15 -0.04342578211149291
14 16 0.0419253075508003
14 17 0.058111448016100894
14 18 -0.09511241449909927
14 19 -0.08132424424526037
14 20 -0.007831635653161197
14 21 -0.030217872249317664
14 22 0.01537696618580533
14 23 -0.0030402095547940474
14 24 -0.16931299858209303
14 25 0.0251251418578317
14 26 -0.027993508406507883
14 27 -0.09481223072990383
14 28 -0.06855905202243404
14 29 -0.19135417598485766
14 30 -0.030776048177367666
14 31 0.018028837239412364
14 32 0.08479903674310979
14 33 0.2681686964018285
14 34 -0.012191511896172536
14 35 -0.14476193066283458
14 36 0.05000409657718012
14 37 -0.04963399876721313
14 38 0.1108202920624839
14 39 -0.06670944969070818
15 15 0.0
15 16 0.09935131623250884
15 17 -0.06977488385001804
15 18 0.04438393356620444
15 19 0.11075258802987634
15 20 0.11159829815138136
15 21 0.1361932814011781
15 22 -0.092001396947718
15 23 -0.12897724212706663
15 24 -0.10805634099298836
15 25 -0.012047636607325586
15 26 0.02256566427196765
15 27 0.03850375650863528
15 28 -0.02329192913970192
15 29 0.04964507255129445
15 30 -0.1408797600810318
15 31 -0.01631180022849039
15 32 -0.05326797637438191
15 33 -0.20438131348200872
15 34 -0.14688218341762913
15 35 0.12540810426700727
15 36 0.06298139351648294
15 37 0.23992581452482192
15 38 -0.11515321095950568
15 39 -0.06129706484271573
16 16 0.0
16 17 0.15180981140036998
16 18 -0.006293427949038288
16 19 -0.07767983083592347
16 20 -0.07764564369038421
16 21 -0.03561426400561982
16 22 0.019886486471485276
16 23 0.04748617033248499
16 24 0.05798553687278073
16 25 0.03473452004779222
16 26 -0.043616392242516816
16 27 -0.09443326063061347
16 28 0.10075574224673522
16 29 -0.0422054704309526
16 30 0.03415135903530664
16 31 0.20740144447374761
16 32 0.14558420734035374
16 33 -0.013392162197931573
16 34 -0.043453595409133496
16 35 -0.034116685107140485
16 36 -0.04151247467391727
16 37 0.11369668650816749
16 38 0.013797658951834013
16 39 0.10593344360884338
17 17 0.0
17 18 0.11176374017658683
17 19 -0.017317023110494652
17 20 -0.11267679464249783
17 21 0.04174459884480809
17 22 0.17736162337292832
17 23 0.15862049145504298
17 24 0.13044057797247985
17 25 -0.12041918531772171
17 26 -0.19290856040479354
17 27 -0.03537182527697355
17 28 -0.14740348722708677
17 29 -0.19696757445625493
17 30 0.0060539135400872164
17 31 0.16501744834114834
17 32 0.17499227906334563
17 33 0.04408900733329834
17 34 0.05005124653061697
17 35 -0.046952291459162555
17 36 -0.0894190742003339
17 37 -0.1099710510861043
17 38 0.16620593840357098
17 39 0.12028823289684532
18 18 0.0
18 19 0.03714957396985945
18 20 0.0625904536913603
18 21 -0.021749442846153405
18 22 -0.027283911974490427
18 23 -0.038051050213598614
18 24 0.018397726765885018
18 25 -0.048399192972860994
18 26 0.03722234005294496
18 27 -0.06931465752036013
18 28 -0.0472932193591741
18 29 0.03570234769451315
18 30 -0.09972080745051268
18 31 0.1692481020800997
18 32 -0.08135492909790344
18 33 -0.03544207780943554
18 34 0.12727811547865792
18 35 0.18899681975422747
18 36 -0.1946588639559538
18 37 0.06750047522984517
18 38 -0.008825181806812972
18 39 -0.014095133579887745
19 19 0.0
19 20 0.016987938744574042
19 21 0.1973525410365537
19 22 0.08939675045647448
19 23 -0.04645941783964861
19 24 -0.22416114114824204
19 25 0.050420455546004994
19 26 0.039274532805446696
19 27 0.14218775336745984
19 28 0.014252643357893452
19 29 -0.0053988404909371904
19 30 -0.03916040700403051
19 31 -0.10740789745034562
19 32 -0.23019724047426182
19 33 -0.05624303367958885
19 34 -0.07158462402611673
19 35 0.00266955104047099
19 36 -0.05138553334287087
19 37 0.053483265991748165
19 38 -0.08435460424606958
19 39 -0.01772102071991782
20 20 0.0
20 21 0.03885545424806571
20 22 -0.13851805990321453
20 23 -0.006679981756295276
20 24 -0.05814266249522132
20 25 0.11279366945696448
20 26 -0.011900829573497152
20 27 -0.09653100227891223
20 28 -0.060362487622478575
20 29 0.09617423446109555
20 30 -0.14925559556333792
20 31 0.03926751235187771
20 32 0.0068822743050289984
20 33 -0.08147686328619946
20 34 -0.06284552215037621
20 35 0.14293690666758146
20 36 -0.027199292251142298
20 37 0.02084903416001072
20 38 -0.06506970245914397
20 39 -0.039258715067538814
21 21 0.0
21 22 -0.07963396675887836
21 23 -0.06409647035089268
21 24 -0.05639420401559875
21 25 -0.025682052256516763
21 26 -0.05204495637260823
21 27 0.12618069274043336
21 28 -0.056112353178897754
21 29 0.0454591649934196
21 30 -0.07525245195293247
21 31 -0.029145325171931823
21 32 0.04515108518497518
21 33 -0.058782981390517686
21 34 -0.02250518540636758
21 35 0.03780402615391
21 36 -0.03283860111925073
21 37 0.11306546886955096
21 38 -0.050259111458132125
21 39 0.05045997703134926
22 22 0.0
22 23 0.15336731784122365
22 24 -0.11600121417736182
22 25 0.058429765714506254
22 26 -0.08076846297964578
22 27 -0.0043727791700558455
22 28 -0.09008361360892293
22 29 -0.11334095197154118
22 30 0.19392600705311738
22 31 -0.03681735715037021
22 32 -0.15232759202346427
22 33 0.1997160032056146
22 34 -0.013723391042569774
22 35 -0.13452032355634408
22 36 -0.10895753105482679
22 37 -0.23807648385358698
22 38 0.007625702461372991
22 39 0.024950351642360487
23 23 0.0
23 24 0.0033779562965470223
23 25 0.07741400280397089
23 26 -0.0022980508759395833
23 27 -0.05863958325337519
23 28 0.003214762552523489
23 29 -0.07830167110402254
23 30 0.10961952584515
23 31 -0.07896474504526749
23 32 0.10231003976109465
23 33 -0.019115023098766077
23 34 -0.012033167590746876
23 35 -0.07204494799979312
23 36 -0.012328169566123544
23 37 -0.3466146207719477
23 38 -0.0014737227648246962
23 39 -0.01921104195373181
24 24 0.0
24 25 -0.06183608751645605
24 26 -0.11903227324229226
24 27 0.0390058924576452
24 28 0.022424752470024237
24 29 -0.06683149102296308
24 30 0.029533215793125994
24 31 0.24514881072377617
24 32 0.43398616819009456
24 33 -0.15940909351669627
24 34 0.009283411160184156
24 35 0.0497326331541713
24 36 0.05382635300310014
24 37 -0.006840904837085672
24 38 0.1706059740046005
24 39 0.2240468041710833
25 25 0.0
25 26 -0.012741505519632818
25 27 -0.0713166206687814
25 28 0.045934081489561025
25 29 -0.01886796874769666
25 30 0.016862700057654053
25 31 0.13070629459571503
25 32 -0.03857579499207063
25 33 0.03583160843524749
25 34 -0.12459634930875581
25 35 0.07114516856168848
25 36 -0.030916315752146605
25 37 -0.10206574334770198
25 38 -0.08777777765379963
25 39 0.025768943146881544
26 26 0.0
26 27 -0.09521365661447975
26 28 0.05000989304083644
26 29 0.03690761654764542
26 30 -0.01951712643605339
26 31 -0.036735030662151016
26 32 -0.20237888149214678
26 33 -0.007183001066289309
26 34 -0.07999355140105911
26 35 0.022211850962386086
26 36 0.13244933527739167
26 37 0.11283944114714291
26 38 0.05369493894275471
26 39 -0.2102035664194327
27 27 0.0
27 28 0.1307137795584838
27 29 0.09677163965769212
27 30 0.16609210574299332
27 31 -0.17312137479563416
27 32 -0.07774308765553814
27 33 -0.28102475987837994
27 34 0.03092922566178107
27 35 0.1320583927754365
27 36 -0.10879713505120965
27 37 0.12394288171079389
27 38 -0.10143447817706049
27 39 0.12510628757371736
28 28 0.0
28 29 0.21867122658595725
28 30 0.1723901567002539
28 31 -0.0029699428891422556
28 32 0.06582096052975049
28 33 -0.02240025652831006
28 34 -0.14454504395943804
28 35 0.14793582530458368
28 36 0.020735086608206103
28 37 0.10897462349412057
28 38 -0.07695834392618559
28 39 -0.011274487168864368
29 29 0.0
29 30 0.22282189820051715
29 31 -0.1566975233183206
29 32 -0.0955379355153249
29 33 0.008126096295560211
29 34 -0.08351138480357836
29 35 0.18389369455582996
29 36 -0.18464458725158286
29 37 0.0950620599202763
29 38 -0.1406346489274135
29 39 -0.11852664745719647
30 30 0.0
30 31 -0.05393599453101224
30 32 -0.08556307465608184
30 33 0.23099200076478105
30 34 -0.07070010838978022
30 35 -0.020316935466847708
30 36 -0.17747969731855123
30 37 -0.06337318523759641
30 38 0.05507141012414779
30 39 0.06401428599685058
31 31 0.0
31 32 0.14685828284063418
31 33 0.09304072914709313
31 34 0.003223756901706796
31 35 0.11733637860693114
31 36 -0.08315180403778558
31 37 0.06505359124564812
31 38 0.06589856052410747
31 39 0.22395035982435094
32 32 0.0
32 33 -0.02616121628229349
32 34 0.0015249744908538343
32 35 -0.021749096077792924
32 36 0.12997072189383838
32 37 -0.06693521097143143
32 38 0.11842729146111768
32 39 0.18005160098830458
33 33 0.0
33 34 0.03267087351543544
33 35 -0.2869298413694946
33 36 -0.10173332719635642
33 37 -0.19652965911876824
33 38 0.1478919774065109
33 39 -0.016051389488545516
34 34 0.0
34 35 -0.14129944182771864
34 36 -0.17225423562130524
34 37 -0.08064100752014083
34 38 0.05969975039565371
34 39 0.26901817212393314
35 35 0.0
35 36 -0.049078814575581095
35 37 0.16279867211638754
35 38 -0.09717545790707917
35 39 -0.04813781801105452
36 36 0.0
36 37 0.06856423946853928
36 38 0.0933338117708462
36 39 -0.10836056168657111
37 37 0.0
37 38 -0.0038761715878447857
37 39 0.009171687444988951
38 38 0.0
38 39 0.09323843784230305
39 39 0.0
