0 0 0.0
0 1 0.07064440129532473
0 2 -0.0024854732757712173
0 3 0.04581685366815893
0 4 0.02501953427165988
0 5 -0.0027600122948686643
0 6 0.027898056544877654
0 7 0.24346317632005082
0 8 -0.11233105284030535
0 9 -0.04311710990603172
0 10 0.0529391880892132
0 11 0.03285539880967515
0 12 0.11923093851401807
0 13 0.0869134290068529
0 14 0.08568801581348215
0 15 0.07078531572349726
0 16 -0.02636219613639233
0 17 0.06520477561890954
0 18 0.0900321299797521
0 19 0.05573699492472413
0 20 -0.0009092954211150133
0 21 -0.11994068093426942
0 22 -0.0009792293941796423
0 23 0.1452051081408772
0 24 0.08792364321722217
0 25 -0.13110128781321984
0 26 -0.08212168982270276
0 27 -0.1431479619833111
0 28 -0.03031967512622505
0 29 0.05874726203834803
0 30 0.24535759534225227
0 31 0.07967236995192903
0 32 -0.01621347165577356
0 33 0.03701390315246001
0 34 0.13954855933440397
0 35 0.14638967132148437
0 36 0.038969936945307454
0 37 -0.0083518021470635
0 38 0.09022041348113949
0 39 0.029672442007294957
1 1 0.0
1 2 -0.24081357686955146
1 3 0.09194472882956779
1 4 -0.10456639285540965
1 5 -0.0963859545321021
1 6 0.2302567779268377
1 7 0.08263093992439502
1 8 -0.11848220668477176
1 9 -0.04974457808149164
1 10 -0.12435185225412286
1 11 0.24207056249446626
1 12 0.052078220153730856
1 13 0.08359748786825247
1 14 -0.0629683618731233
1 15 -0.34885223560007966
1 16 -0.1681712586759514
1 17 -0.06829751822332711
1 18 0.10187451446699228
1 19 -0.096794208084687
1 20 0.0787534745674201
1 21 -0.07799581695810888
1 22 0.14742012744921884
1 23 0.26675133831166714
1 24 0.21234272966145826
1 25 -0.11733070199530686
1 26 -0.12296126740252326
1 27 -0.10657070054969113
1 28 -0.09143720478090908
1 29 -0.00870297443884972
1 30 -0.05232684542830127
1 31 -0.04316956752386487
1 32 -0.13572909323354673
1 33 0.06806884539109065
1 34 -0.05386084956526197
1 35 0.04022182924531656
1 36 -0.03816411345758182
1 37 -0.06034050001190968
1 38 -0.058686022197096586
1 39 0.1632224627358898
2 2 0.0
2 3 -0.03302655052502846
2 4 0.002434226508771508
2 5 0.004498107479461058
2 6 -0.01025232813021705
2 7 -0.01765676847754885
2 8 0.023230724019080298
2 9 0.14319352486924625
2 10 0.10126212343113342
2 11 -0.14196536043654115
2 12 0.0917486307399968
2 13 -0.016505562810516867
2 14 -0.12469269764071056
2 15 0.05254003459113439
2 16 0.010048170446477846
2 17 -0.10607075849108025
2 18 -0.08451635723613776
2 19 0.1499780616553666
2 20 0.061274929601886054
2 21 0.07841168575371261
2 22 -0.055711517625327237
2 23 -0.1572141483414527
2 24 -0.10891405396813521
2 25 0.1206951135375125
2 26 -0.07338533012828627
2 27 -0.019045516663296302
2 28 -0.09168572508294334
2 29 0.01412532293328012
2 30 -0.0482241046920997
2 31 0.13300986650769503
2 32 0.10668144684574694
2 33 -0.04085600672168327
2 34 0.10121536073764159
2 35 0.09748826852163531
2 36 0.09174864721579204
2 37 0.030609003118495775
2 38 0.12291521747967471
2 39 -0.07111382951818321
3 3 0.0
3 4 -0.09295115251413126
3 5 0.08921988791983498
3 6 -0.10789697258693406
3 7 -0.06035707368691055
3 8 -0.039492965408592366
3 9 -0.08629908368939548
3 10 -0.06365375458923285
3 11 0.05336045703549008
3 12 -0.04627993019402402
3 13 -0.1344904970242071
3 14 -0.03658088402412248
3 15 -0.053505263731711425
3 16 -0.06355200193162695
3 17 0.11901396700886897
3 18 0.0036585160594890245
3 19 -0.12035525664167686
3 20 -0.06430641241144334
3 21 0.09415221493371947
3 22 -0.02412702434659775
3 23 0.009150182397126099
3 24 -0.03930551591164687
3 25 0.013501969750666398
3 26 -0.017222760749877174
3 27 -0.05204054986841564
3 28 -0.05080208648337796
3 29 0.02960078085312341
3 30 0.02194384274244395
3 31 -0.037806190040862594
3 32 -0.03458585268218335
3 33 -0.09145772609125838
3 34 -0.004130637725713643
3 35 -0.04143372987123543
3 36 0.011594754288592898
3 37 0.05781349818938274
3 38 -0.015707227188601063
3 39 0.04215606710934221
4 4 0.0
4 5 -0.013275754072526786
4 6 0.003601393267378933
4 7 0.10038121201688413
4 8 -0.0877195942889741
4 9 0.05278331400182197
4 10 0.01091424146683451
4 11 -0.041079199209649656
4 12 -0.10787400973396552
4 13 0.06514276043884912
4 14 0.15225417205170344
4 15 -0.04644871478591972
4 16 0.058013746922267205
4 17 0.15301926025257498
4 18 0.0876610039100228
4 19 0.11696530452996046
4 20 0.039849534287005474
4 21 -0.028517363704098596
4 22 -0.013830771447972812
4 23 0.09152660797143655
4 24 -0.01987605977582618
4 25 0.05341409517045052
4 26 -0.0020701775719069054
4 27 0.0973586235019439
4 28 0.005862458751822451
4 29 0.020010184782966848
4 30 0.07376483262618953
4 31 -0.12072205252937356
4 32 -0.08095961689692315
4 33 0.029469985170359668
4 34 0.14290093842977764
4 35 -0.01443231984054518
4 36 0.11999882304493689
4 37 -0.2220596152959607
4 38 -0.10344908947748399
4 39 -0.18977940131493629
5 5 0.0
5 6 -0.0006701759006214185
5 7 0.0004914050362464486
5 8 0.06202095722873032
5 9 -0.05418353935511906
5 10 -0.022844741297457807
5 11 -0.08010833979527862
5 12 0.07954965767354163
5 13 -0.14112661277594601
5 14 0.0022850788502434883
5 15 0.1280931605637913
5 16 0.004691228769019118
5 17 0.0577526205616846
5 18 0.0021219162763152864
5 19 -0.012923197888303026
5 20 0.06034423183782735
5 21 0.14827319283386514
5 22 -0.05573419296510761
5 23 -0.12853489615480349
5 24 -0.01057435500709684
5 25 0.07869549930991313
5 26 0.10750334397869617
5 27 0.0572176630514191
5 28 -0.0370044542825036
5 29 0.11030769994954281
5 30 0.02936955037997873
5 31 0.040406948049364434
5 32 0.01598900582153221
5 33 -0.1192189741171816
5 34 -0.016980929501304944
5 35 -0.04030236747536094
5 36 -0.016591268021281688
5 37 -0.04685709913604462
5 38 -0.03279720534716697
5 39 -0.13419657851272226
6 6 0.0
6 7 0.21696779804928212
6 8 -0.03741452835017585
6 9 0.1890661625021563
6 10 -0.04012941509968704
6 11 0.05542026756023869
6 12 0.18517702896968746
6 13 0.11838423974996179
6 14 0.05018131303709378
6 15 -0.04528565410981887
6 16 0.013029129533780114
6 17 -0.1111148205926216
6 18 0.02150963199541895
6 19 0.0636526154717907
6 20 0.23716267775404704
6 21 -0.06546263749859065
6 22 0.12565129458680963
6 23 0.07036931474334714
6 24 0.10869147511594693
6 25 0.1322707260723213
6 26 0.0318816270797682
6 27 -0.07934286658376069
6 28 -0.05637894705567087
6 29 0.1350922311800604
6 30 0.04992833431410903
6 31 0.1868676967063234
6 32 0.08830643249943564
6 33 0.13062573676993122
6 34 0.13533562454858725
6 35 0.11283303025971739
6 36 0.08839643035357558
6 37 -0.08944058354168581
6 38 0.04802824220654313
6 39 0.07603676854966918
7 7 0.0
7 8 -0.07089265574082718
7 9 0.06750133152679436
7 10 -0.04795421931613683
7 11 0.02539344622152482
7 12 0.24033856602619488
7 13 0.013905781581791486
7 14 0.15807142395040827
7 15 -0.04907366180055002
7 16 0.019108981922479888
7 17 0.055220550220327104
7 18 0.26374933109736476
7 19 0.09173233584642916
7 20 0.20177756615993098
7 21 -0.10585773786257988
7 22 0.186969086091576
7 23 0.21723495331206316
7 24 0.16162278067033217
7 25 0.11162439169252844
7 26 0.06065073112595226
7 27 0.025155842857015265
7 28 -0.17749416354514252
7 29 0.2812859915882327
7 30 0.3186207045798328
7 31 0.2530599143216891
7 32 0.16007706809053066
7 33 0.10388850154360715
7 34 0.19317770268942924
7 35 -0.0947380809984177
7 36 0.05152761016968867
7 37 -0.05752417261240371
7 38 -0.056877714725091996
7 39 0.05783585857224346
8 8 0.0
8 9 -0.12039803333573906
8 10 -0.0744249956615503
8 11 -0.003206461344404902
8 12 0.10326532131224808
8 13 -0.2024204038075142
8 14 -0.1963549123110762
8 15 0.17437696637961908
8 16 0.0588628295452799
8 17 -0.10980101140122862
8 18 0.026634455125255658
8 19 0.07805342786509752
8 20 0.030369409090735693
8 21 -0.03970185231850519
8 22 0.13244761712377
8 23 -0.250697956302553
8 24 0.12882889670795303
8 25 0.03188362154712503
8 26 0.16266779318092767
8 27 0.01488847098205139
8 28 0.033990041301223656
8 29 -0.059938657126706686
8 30 -0.1987062051030805
8 31 0.02684379697787668
8 32 0.09242537684646629
8 33 -0.2363255243409844
8 34 -0.06901922303382602
8 35 -0.02217935583834899
8 36 0.0015015621723059908
8 37 0.13365776456821107
8 38 0.12016306911329007
8 39 0.11237606036060899
9 9 0.0
9 10 0.04919681400471608
9 11 0.0640015099611272
9 12 -0.1138503815858993
9 13 0.1470809717429711
9 14 -0.12122575859474978
9 15 -0.010858618586125189
9 16 0.06657091990351821
9 17 -0.11525381072609309
9 18 0.018653112675862303
9 19 0.3305393579331867
9 20 0.10396470486036671
9 21 0.051414528848658644
9 22 0.10229770954344979
9 23 0.1568539672203128
9 24 0.17286533697015283
9 25 0.24576059860801033
9 26 -0.04641479551375625
9 27 0.024614889519094175
9 28 0.03005421248034893
9 29 0.08352498283405001
9 30 0.14890024632070648
9 31 0.1287910554045424
9 32 0.035578155823592195
9 33 0.07422801818560923
9 34 0.035043650052960715
9 35 -0.12288826029626905
9 36 0.1133699522475875
9 37 0.1066742682178237
9 38 -0.1440473912488622
9 39 -0.05852689875330701
10 10 0.0
10 11 -0.11396496530605423
10 12 0.0466799027678728
10 13 0.1823275109428673
10 14 0.013139868819877481
10 15 -0.036009591800723835
10 16 -0.07392026220580347
10 17 -0.02145707331400615
10 18 -0.10885260281370808
10 19 0.04555514347354848
10 20 0.02013535729415066
10 21 0.0049596108536362005
10 22 -0.08838522137807767
10 23 0.002969598127933934
10 24 0.05534958556332988
10 25 -0.12060866913882236
10 26 -0.09177275950999964
10 27 0.028415282198346083
10 28 0.06363181328463276
10 29 -0.06180490339870261
10 30 0.07079762055643649
10 31 -0.0010101168018332165
10 32 -0.014922345009610835
10 33 0.009864782298771073
10 34 -0.10741188173777079
10 35 0.000994058158455285
10 36 -0.12583503171257956
10 37 -0.0137796236028002
10 38 0.0032729768195034724
10 39 -0.027881136410754247
11 11 0.0
11 12 -0.004769047577658476
11 13 -0.012475671326645824
11 14 -0.021850363950171318
11 15 -0.1510941051470734
11 16 0.026938065573343016
11 17 0.13864534380038163
11 18 -0.08218603103308526
11 19 0.05794582737288945
11 20 -0.06787850390686302
11 21 -0.10331068899747842
11 22 0.0766604293214753
11 23 0.14986021222149237
11 24 0.17889113162413658
11 25 0.13282463604580813
11 26 0.05889729389570324
11 27 -0.04025525238048201
11 28 0.09397812949737376
11 29 0.08910005086809507
11 30 0.037783837018308467
11 31 0.0551336734849725
11 32 -0.09601921009744407
11 33 -0.0176753645968315
11 34 0.12911746293888754
11 35 -0.17064045603699393
11 36 0.1427840413248616
11 37 0.022898076418756345
11 38 0.1227034439084775
11 39 0.305919398934425
12 12 0.0
12 13 0.04392861669905664
12 14 -0.02873792676731419
12 15 0.008934253544324854
12 16 0.08664584971591104
12 17 -0.3801581359494482
12 18 0.14523643671627456
12 19 0.06187415542607574
12 20 0.15892459741623963
12 21 -0.11474344293030518
12 22 0.0461223844301221
12 23 -0.1849541921926748
12 24 0.1637442137300492
12 25 -0.06388745343967395
12 26 0.0492107629298167
12 27 -0.07940984392022268
12 28 -0.09412766120825218
12 29 0.1622030473607383
12 30 0.08585814206918788
12 31 0.16896544441610337
12 32 0.0629462462066728
12 33 -0.005911929078008252
12 34 0.03593705897557143
12 35 -0.0007742359587867578
12 36 -0.058660933736753115
12 37 0.03357765811573556
12 38 0.3580314487778923
12 39 -0.06074073995404855
13 13 0.0
13 14 0.06125178813181872
13 15 -0.12844604394860779
13 16 -0.023473793425253332
13 17 -0.053610093141466565
13 18 -0.08872221364569058
13 19 0.05030560569183501
13 20 0.05647627186222419
13 21 -0.13689407842946943
13 22 -0.020830603834639968
13 23 0.15393794265536123
13 24 0.1278924897364177
13 25 -0.17927658883338826
13 26 -0.06399470809117044
13 27 -0.04920371626617516
13 28 0.08663717825963922
13 29 -0.057962497129313485
13 30 0.14948746222228115
13 31 -0.017364883599761283
13 32 -0.11668905194259145
13 33 0.2043070168152259
13 34 -0.029721153209143435
13 35 0.08769968150144782
13 36 -0.0872702663537277
13 37 -0.06973349983524484
13 38 0.03301049932618656
13 39 -0.013777793929624794
14 14 0.0
14 15 0.005397369358897306
14 16 -0.01554956309687865
14 17 0.31153535051321446
14 18 0.0020827887289824086
14 19 -0.18643725130449207
14 20 0.009391868064036865
14 21 0.07218229133397853
14 22 0.02435881129292953
14 23 0.11259186775816019
14 24 -0.254884577419456
14 25 -0.0034752183817145857
14 26 -0.004911492311658756
14 27 0.06735299540108951
14 28 -0.0394513601254448
14 29 0.10148940908017119
14 30 0.13091346666027198
14 31 -0.10176836753869963
14 32 0.04633064317436774
14 33 0.1857735952855244
14 34 0.14976820330828577
14 35 -0.0017063105496353845
14 36 0.11921075763417918
14 37 -0.34756000355538785
14 38 -0.01507313557993178
14 39 0.04409628406230422
15 15 0.0
15 16 0.1557326451816112
15 17 -0.09619363053087784
15 18 0.0010915453382651964
15 19 0.1110892630609436
15 20 -0.07992762302808169
15 21 0.03433075071522881
15 22 -0.06536305923680844
15 23 -0.15084844726451285
15 24 -0.20088609143270492
15 25 -0.0036963480394074898
15 26 0.08598695146028477
15 27 -0.03702631363495722
15 28 0.05676893063484251
15 29 0.039978170020601
15 30 -0.04146209556164186
15 31 0.09043815093404615
15 32 0.1182373335107143
15 33 0.000102531018327216
15 34 -0.002483373595628789
15 35 0.2297605195533865
15 36 0.04451874044929519
15 37 0.11082120779283566
15 38 0.08347765660732029
15 39 -0.10905233946263695
16 16 0.0
16 17 -0.1457208665249706
16 18 0.10996431000128319
16 19 0.1186680503582962
16 20 -0.025263058865394518
16 21 -0.07779191405181402
16 22 0.008765168388923434
16 23 -0.07164549950955759
16 24 -0.011437941698196038
16 25 0.06472005408172521
16 26 0.0755885899642414
16 27 -0.01635776244053616
16 28 0.04553326483318597
16 29 0.04945136144995361
16 30 0.018127230553906103
16 31 -0.011997585827247435
16 32 -0.014774601497313267
16 33 0.021603617506525258
16 34 0.0922583415985282
16 35 -0.0004080001346233921
16 36 0.09314415347426562
16 37 0.05694950871400195
16 38 0.09935626984485416
16 39 -0.14867274151577073
17 17 0.0
17 18 -0.24555957897934805
17 19 -0.2273028790349591
17 20 0.03818096929945216
17 21 0.2278782279322898
17 22 0.02392021001511176
17 23 0.29049989454549074
17 24 -0.14263340281992765
17 25 0.0660065683085733
17 26 0.09584131524448633
17 27 0.009903391011079014
17 28 0.03379056435781571
17 29 0.051692298234838494
17 30 0.06933820326984161
17 31 -0.10556973137638323
17 32 -0.06172187917640624
17 33 -0.005007751642951627
17 34 0.20390831801162806
17 35 0.02028960590178931
17 36 0.11694662360890111
17 37 -0.28957948906504766
17 38 -0.27099944617904825
17 39 0.3049239509111246
18 18 0.0
18 19 0.16126515638159267
18 20 0.022175494074758932
18 21 -0.08030697405017954
18 22 0.13694978088266777
18 23 0.08744957261470586
18 24 0.142998086554494
18 25 -0.00848779758357621
18 26 -0.06214623980327109
18 27 0.03452288921573944
18 28 -0.09174839394584992
18 29 0.07815611789260779
18 30 0.10685902951899409
18 31 -0.09942660183633688
18 32 -0.006053590289163489
18 33 -0.04880802218421405
18 34 -0.007866767734690859
18 35 -0.13857022844744166
18 36 0.03248168394313621
18 37 0.055173409012937956
18 38 -0.07640454349247008
18 39 -0.2509338853439146
19 19 0.0
19 20 0.010690295667572331
19 21 -0.001101706065217899
19 22 0.03063937190303296
19 23 0.022880647023550284
19 24 0.20127310547742625
19 25 0.09745585144716964
19 26 -0.01074124419756306
19 27 0.03883519818873561
19 28 0.03726136014582374
19 29 0.049136571098740756
19 30 0.09789257545331964
19 31 0.04437420959780447
19 32 -0.02956563337739
19 33 -0.03934441478683297
19 34 0.0013764226491003637
19 35 -0.09384035343949562
19 36 0.1065387531432876
19 37 0.04918938984490689
19 38 0.05613126021710692
19 39 -0.16573713793158074
20 20 0.0
20 21 -0.0011233421514829228
20 22 0.15118749018102823
20 23 0.07450221332588744
20 24 0.1339866749227351
20 25 0.10106081295391293
20 26 0.01325305292371074
20 27 0.016611796453155123
20 28 -0.08110524568799726
20 29 0.11829547772104451
20 30 -0.0002000545634833489
20 31 0.09929370001676507
20 32 0.061292742152109024
20 33 -0.023908434776497543
20 34 0.08531766994965098
20 35 0.05592729645658036
20 36 0.016979754566219935
20 37 -0.08027069563658562
20 38 -0.11156108575808403
20 39 -0.0037712029364652157
21 21 0.0
21 22 -0.05344253130364972
21 23 -0.011928961427797171
21 24 -0.14640036483172447
21 25 0.060591670256307795
21 26 0.019999669085137405
21 27 0.031359862278599125
21 28 -0.04194610259884496
21 29 0.014937793494797128
21 30 -0.04923443192646601
21 31 -0.0683430973588532
21 32 0.005604231953279627
21 33 -0.017006731427066393
21 34 -0.07416806104115191
21 35 -0.10252946252081023
21 36 -0.008479952990485914
21 37 -0.12781125002261406
21 38 -0.14861835708542848
21 39 -0.01582403183084506
22 22 0.0
22 23 0.11652757507278282
22 24 0.19377271516887035
22 25 0.07442262612551573
22 26 0.034490898492203916
22 27 -0.00043441718361029454
22 28 -0.05947567818619991
22 29 0.05281900492882695
22 30 0.00391314645150717
22 31 0.016198554772447703
22 32 0.06419353242758287
22 33 -0.04433693240032826
22 34 0.04800886450911377
22 35 -0.07882897777714092
22 36 0.07677213299801006
22 37 0.03759103031018508
22 38 -0.08057316577708906
22 39 0.15133106493943738
23 23 0.0
23 24 0.06672814179699842
23 25 -0.03977765716219803
23 26 -0.16712572281008045
23 27 -0.007998024615511709
23 28 0.018407992154405382
23 29 0.09772392838515678
23 30 0.11732372578881059
23 31 -0.08567328385540653
23 32 -0.09858898187916317
23 33 0.13433186179882223
23 34 0.01764809691768121
23 35 0.02849117898784153
23 36 0.007986795979818535
23 37 -0.04578539098929857
23 38 -0.3421681368379756
23 39 0.09479790369938053
24 24 0.0
24 25 -0.07071229359630585
24 26 0.06315612625896953
24 27 -0.03437388502888376
24 28 0.11083607150272042
24 29 -0.06887622725762746
24 30 0.1978818197204398
24 31 0.049518120660001136
24 32 -0.11197481348995757
24 33 -0.18253733753799586
24 34 -0.07891895885476354
24 35 -0.2960890371486167
24 36 -0.1409603272470851
24 37 0.1594219061739779
24 38 -0.06726309025912232
24 39 0.05128062698796441
25 25 0.0
25 26 0.08243470502546292
25 27 0.11243831159506798
25 28 -0.08853933399095484
25 29 0.20783948976311484
25 30 -0.0053397736690717545
25 31 0.17931492008607317
25 32 0.16229167508681513
25 33 -0.05955365999357065
25 34 0.1848895623069969
25 35 -0.14373978837994134
25 36 0.2292717415676976
25 37 -0.005095476428694395
25 38 -0.052327926579126605
25 39 0.03396660975926765
26 26 0.0
26 27 0.029874184641604094
26 28 0.010048962195562571
26 29 0.07940724927620416
26 30 0.0895982389750474
26 31 0.12347543516975865
26 32 0.03794036933441796
26 33 0.016845722264374387
26 34 0.03735189210488693
26 35 -0.11519689362411019
26 36 0.0007957423239753805
26 37 -0.02245470786495918
26 38 0.12026584658772752
26 39 0.09825000463606408
27 27 0.0
27 28 -0.03639002986821506
27 29 0.08043835236131414
27 30 -0.024787860499629125
27 31 -0.023298333427172583
27 32 0.03481525829761199
27 33 -0.049131728999958255
27 34 -0.12950262535226226
27 35 -0.22171182770668332
27 36 -0.04809884481059374
27 37 -0.07853576319009939
27 38 -0.1745515228569403
27 39 -0.13234122789078734
28 28 0.0
28 29 -0.12207715052499972
28 30 -0.012203492931635094
28 31 -0.10134146231878696
28 32 -0.1027306650937078
28 33 -0.032910960508050674
28 34 -0.06997347893415459
28 35 -0.02295563657796603
28 36 -0.05960323485092137
28 37 0.061399375334909426
28 38 -0.012630211968340039
28 39 0.03170115473357947
29 29 0.0
29 30 0.13691491352424384
29 31 0.17498544995899334
29 32 0.10255559190251624
29 33 0.06343965206522187
29 34 0.10039153907888139
29 35 -0.05794907789223312
29 36 0.09155734729642659
29 37 -0.04040140358423758
29 38 0.0027401396963869125
29 39 -0.0034152009419162995
30 30 0.0
30 31 0.13946542772545004
30 32 0.002190110261731266
30 33 0.1195220488612441
30 34 0.0837016334099451
30 35 -0.18727674821832724
30 36 -0.017028589710546483
30 37 -0.004645434669720056
30 38 0.033125424623084314
30 39 -0.007578256384927278
31 31 0.0
31 32 0.2309013105293837
31 33 0.07098105429026971
31 34 0.09255675891659236
31 35 0.013253829333659891
31 36 -0.004531480229136143
31 37 0.12603964265414394
31 38 0.12726179168362992
31 39 0.17783610106419098
32 32 0.0
32 33 0.01194549619937993
32 34 0.030295423236403433
32 35 0.0003526334126838208
32 36 0.03029156451823653
32 37 0.0771182521782114
32 38 0.03572104627571421
32 39 0.1386227782014239
33 33 0.0
33 34 0.04684718328951491
33 35 0.12253388273598861
33 36 0.004294722471987662
33 37 -0.10579440618225519
33 38 0.06487467956729512
33 39 0.03637915152068453
34 34 0.0
34 35 0.1518308882183673
34 36 0.29998646728490996
34 37 -0.15064719235201557
34 38 0.13120236083794531
34 39 0.04997755823666597
35 35 0.0
35 36 0.08779276098821319
35 37 -0.05802614256558366
35 38 0.11114592793672007
35 39 -0.008476336961098514
36 36 0.0
36 37 -0.12205128941408258
36 38 0.1131712981399644
36 39 0.02658072061774102
37 37 0.0
37 38 0.012057924842286794
37 39 0.06356465859818337
38 38 0.0
38 39 0.12216774530888792
39 39 0.0
