0 0 0.0
0 1 0.1953968638936687
0 2 -0.06320180084216179
0 3 0.050751833338576635
0 4 -0.12509779341230548
0 5 -0.09765849507275279
0 6 0.08494548822404613
0 7 0.10766516297601743
0 8 -0.07573922118932373
0 9 -0.046445259825952996
0 10 -0.024700847857400038
0 11 0.09977955898663612
0 12 -0.17957192846522668
0 13 0.04412855991862899
0 14 0.040746559399517
0 15 0.11757593468700236
0 16 0.008526964370520349
0 17 0.1809207453531298
0 18 0.017819184976003814
0 19 0.05630028235661707
0 20 0.06552620161073539
0 21 -0.1793150338372754
0 22 -0.05819870853611027
0 23 0.006790356275457926
0 24 -0.025299357072210694
0 25 -0.1295961383979249
0 26 -0.09605816066077785
0 27 -0.01672833930303389
0 28 -0.0657728317656372
0 29 -0.0099505445531561
0 30 0.04944580272015126
0 31 0.05593002379168159
0 32 -0.04269376298687917
0 33 0.13525198511959882
0 34 0.053361391219675945
0 35 -0.12447483044448757
0 36 0.05389432984058242
0 37 -0.09967828682261265
0 38 -0.01202244942908194
0 39 -0.003171217016773835
1 1 0.0
1 2 -0.029893626052462836
1 3 -0.08023796360566794
1 4 -0.0021882594419464544
1 5 0.06188296692198286
1 6 0.03868929379906808
1 7 0.048975373145758845
1 8 -0.07587565292536173
1 9 0.09955056388313517
1 10 -0.10061746506738838
1 11 -0.07538018077355445
1 12 -0.1917283807357742
1 13 0.1401706533420803
1 14 -0.06541498702589141
1 15 0.09047930455615757
1 16 -0.05933489311496641
1 17 0.026340298723691553
1 18 -0.025422427685853826
1 19 0.13620536808238343
1 20 0.11841951283994838
1 21 -0.052347840133967906
1 22 -0.015039143743776592
1 23 -0.08725728872387033
1 24 0.0023427078641453042
1 25 -0.31813213910316873
1 26 0.02008081174281675
1 27 0.014405824812778217
1 28 -0.00007669229623773911
1 29 -0.13047701910256967
1 30 0.06228917501497718
1 31 0.07603831095025014
1 32 0.08942357180993042
1 33 0.17757031767119497
1 34 0.16469400017400304
1 35 -0.09255166850187675
1 36 -0.03792337727537967
1 37 -0.06927739832400046
1 38 0.10427460028078042
1 39 0.007856893389683463
2 2 0.0
2 3 -0.21885584296130084
2 4 -0.08743296271602444
2 5 -0.06675110700137313
2 6 0.05423184776397574
2 7 -0.09603125019686741
2 8 -0.08076369289338789
2 9 -0.1578734130013571
2 10 0.05611408366760075
2 11 -0.1961616089949223
2 12 0.04093485384934002
2 13 -0.048219740614921666
2 14 0.021670106970796358
2 15 0.012489159772784673
2 16 -0.178301106991609
2 17 -0.1421925250919
2 18 0.10644612602823866
2 19 0.01808405255806914
2 20 -0.17046125923654032
2 21 0.02942169386931761
2 22 -0.04513634440562792
2 23 -0.008525704910325501
2 24 -0.08579319439546718
2 25 0.2632883628013497
2 26 0.10673209155200399
2 27 0.06747624531330107
2 28 -0.03877333453451557
2 29 -0.08714336271726617
2 30 0.046433523558140025
2 31 0.2373637879126492
2 32 -0.2978235765110135
2 33 -0.11868205058184514
2 34 0.014353296200137571
2 35 0.07541082625110444
2 36 -0.046302935119191736
2 37 -0.011166042305289734
2 38 0.05546009415133137
2 39 -0.19326964390937124
3 3 0.0
3 4 0.05473796043652436
3 5 0.08459568550140621
3 6 0.05873510081615144
3 7 -0.007736442958917983
3 8 -0.18890126630522014
3 9 -0.20949625878981304
3 10 -0.13644287294231613
3 11 -0.08016852301869003
3 12 0.06875620764117012
3 13 -0.056458119660347306
3 14 0.23482059764466853
3 15 0.0662025650994607
3 16 0.0862511479834468
3 17 0.13271466154622535
3 18 0.03561650347798307
3 19 -0.15120844832859953
3 20 -0.07907891964813421
3 21 -0.12369299010907257
3 22 -0.0013761506512550178
3 23 0.07204357250092847
3 24 0.16615841871006234
3 25 0.09101126412664269
3 26 -0.1469041584832746
3 27 -0.160962251325195
3 28 0.08741841106888924
3 29 0.07672293706963614
3 30 -0.1447743288102708
3 31 -0.03201288319540452
3 32 0.1816454532863777
3 33 -0.09736902930466981
3 34 -0.23449537812493312
3 35 -0.11419211545666337
3 36 -0.010879984295843897
3 37 -0.08428184899106198
3 38 0.011175012520182132
3 39 0.32445721971969355
4 4 0.0
4 5 0.25143303056136074
4 6 -0.1242072059252716
4 7 -0.02429238830611238
4 8 0.07019446542104561
4 9 0.046546709542080636
4 10 -0.12567738542151902
4 11 -0.08616889780742196
4 12 -0.007278005246284235
4 13 0.03052609365543337
4 14 -0.2680309248816135
4 15 -0.017828576752122446
4 16 0.08361460054591875
4 17 -0.13798328272136862
4 18 0.024432724122554365
4 19 -0.1683736728158989
4 20 -0.09525983868848088
4 21 -0.0440369898393454
4 22 -0.04390842562532822
4 23 -0.0007160909675553056
4 24 -0.03521833692232422
4 25 0.10572820768327977
4 26 0.009044541091247228
4 27 -0.10766486937790956
4 28 -0.07600821653789196
4 29 -0.08987075629586931
4 30 -0.11480429707003462
4 31 -0.02003440162605621
4 32 -0.08304261961499151
4 33 -0.24860316730178011
4 34 0.009438900189727109
4 35 -0.12637695712738445
4 36 -0.12252949478830757
4 37 0.21932123282633337
4 38 0.20064193396318514
4 39 0.16355491653868273
5 5 0.0
5 6 -0.06278250568061419
5 7 0.024894095678656504
5 8 -0.02055871541055066
5 9 -0.040741865829114224
5 10 -0.07761956886706049
5 11 0.03644985816074016
5 12 0.03899101571228995
5 13 -0.06029063271999756
5 14 -0.06974864869931799
5 15 0.03161330515640061
5 16 0.04979775957844006
5 17 -0.14520548662037763
5 18 -0.05529545719216302
5 19 -0.15529442167993296
5 20 -0.02610371622640544
5 21 0.029006920015834277
5 22 -0.0907289144223172
5 23 -0.0282768131149674
5 24 0.14396038283762455
5 25 -0.10169542685066313
5 26 0.11260699274265404
5 27 -0.020053758320298518
5 28 -0.027331883129195815
5 29 -0.0173763405760572
5 30 0.07740607309390898
5 31 0.07045531761478871
5 32 -0.04077579250707465
5 33 -0.05882256592561508
5 34 -0.00522699326273167
5 35 -0.1286554712068595
5 36 -0.09474617694492997
5 37 0.21891533678817102
5 38 -0.037251411607950355
5 39 0.1368971608497185
6 6 0.0
6 7 0.07944900418504744
6 8 0.20208571768455888
6 9 -0.034812958887858146
6 10 0.09755611363534575
6 11 0.1349204160263418
6 12 0.13966405352357758
6 13 0.021358370548606755
6 14 0.08626687438362521
6 15 -0.14394587554189037
6 16 -0.128494798799107
6 17 0.1833848690199415
6 18 -0.09932825352614967
6 19 0.0035048844095742224
6 20 -0.2957935976291627
6 21 -0.05103319438669564
6 22 -0.01706740852090074
6 23 -0.06238178743637435
6 24 -0.17863554222365893
6 25 -0.025324240220570726
6 26 -0.1465226506291169
6 27 -0.15115421997069534
6 28 0.10778788719701496
6 29 -0.08789161824730894
6 30 -0.15566567834781314
6 31 -0.004919949107503005
6 32 0.10111601714624649
6 33 -0.09674303246634451
6 34 0.01068157368221941
6 35 -0.08260963646982482
6 36 0.05316864406752937
6 37 -0.05108999618130181
6 38 -0.13629052109876932
6 39 -0.06089121626602282
7 7 0.0
7 8 0.03850477240833775
7 9 0.07837925880864789
7 10 -0.20844221406001298
7 11 0.18709116863018607
7 12 0.005621075674586111
7 13 0.008149986432203164
7 14 0.021682842703625298
7 15 0.030501308196513848
7 16 0.059156928929306095
7 17 0.00560606670110454
7 18 -0.046601495732294565
7 19 0.0494358440561101
7 20 0.06387107385382779
7 21 -0.12295145497152331
7 22 0.02236468701285696
7 23 0.043443188899493175
7 24 0.09009551644648248
7 25 0.007742888676401908
7 26 -0.1340014920512404
7 27 -0.039930078528438565
7 28 -0.020486659299673606
7 29 -0.04788426292800768
7 30 -0.03927356387248387
7 31 -0.0002415361130046161
7 32 0.03162147519418675
7 33 0.10705567897177379
7 34 0.05554689298983867
7 35 -0.09704209419617724
7 36 0.04803133984757181
7 37 -0.035704814531507825
7 38 -0.0057054266483934895
7 39 -0.002408265574232585
8 8 0.0
8 9 0.09905573046965224
8 10 0.16223744844192767
8 11 0.1206861560133115
8 12 0.22105996852943677
8 13 0.015302246763375285
8 14 -0.14990231003559734
8 15 -0.14881025319115868
8 16 -0.06261623430900168
8 17 0.0011134869399917777
8 18 -0.09935079750106228
8 19 0.037640594880167744
8 20 -0.04341971335585544
8 21 0.007805002674757399
8 22 0.09884447032403032
8 23 -0.02367994765726107
8 24 -0.2178406323345936
8 25 -0.02608228810286347
8 26 -0.005859313396682773
8 27 -0.03600441257610408
8 28 -0.014018225993580002
8 29 -0.09138112942058582
8 30 -0.05063150216627327
8 31 -0.11302515860350233
8 32 0.08217650510683891
8 33 -0.1818901617463239
8 34 0.0182186561472851
8 35 0.018279013182113803
8 36 0.03429824902395517
8 37 0.06349460471360874
8 38 -0.10356995860076879
8 39 0.030831433162183813
9 9 0.0
9 10 -0.09496617940659956
9 11 0.15332815116269696
9 12 0.03247669853608176
9 13 0.06928819836901896
9 14 -0.16317146745203373
9 15 0.004438497286589323
9 16 0.08780699115489968
9 17 -0.01865782718225627
9 18 -0.07400947291415919
9 19 0.09143005496232007
9 20 0.09864355417565657
9 21 0.005992851041889905
9 22 0.11033010664664092
9 23 -0.09009829603618683
9 24 -0.04826114176689882
9 25 -0.06390509070865821
9 26 0.0981742965744645
9 27 -0.12985960378203149
9 28 -0.006502787919941734
9 29 -0.0255902876440282
9 30 -0.0694016192483276
9 31 -0.045183041812262105
9 32 0.13081954522279932
9 33 0.03833155303362089
9 34 0.1274894112268833
9 35 0.08808691830171968
9 36 0.09447435628786956
9 37 0.02728411698549682
9 38 0.0079882862943443
9 39 -0.10144963278852667
10 10 0.0
10 11 -0.11321172011570127
10 12 0.07073088127673025
10 13 -0.027007981726926554
10 14 0.007619347469734009
10 15 -0.19421516286014642
10 16 -0.13665946239853888
10 17 -0.0484306718720206
10 18 -0.05117308112274631
10 19 -0.10993859362414186
10 20 -0.18449374219537062
10 21 0.2375057650815544
10 22 -0.044056181060684096
10 23 0.12113685788194732
10 24 -0.3493335000525561
10 25 -0.10421869487914867
10 26 0.11025238048633779
10 27 -0.03566535722352405
10 28 -0.09781981535713517
10 29 0.12786278999522274
10 30 -0.17261379646635525
10 31 0.002957226038921261
10 32 -0.016456973898607348
10 33 -0.1188990925047773
10 34 -0.09358069510207315
10 35 0.016637338365562332
10 36 -0.022346957685151717
10 37 0.11639493536143837
10 38 -0.2345304691195699
10 39 -0.008721395794924194
11 11 0.0
11 12 0.0415076049367829
11 13 -0.01747539916731664
11 14 -0.04599572153675958
11 15 0.0003890014183070119
11 16 0.1253823414409243
11 17 0.21300710913520265
11 18 -0.19520517585766373
11 19 0.05812927416917344
11 20 0.035133545952282616
11 21 -0.12586762401280682
11 22 -0.08058707938394218
11 23 -0.15314164735134453
11 24 0.08528575975488044
11 25 -0.007962651353614444
11 26 0.1073523481881361
11 27 -0.038848269299744484
11 28 -0.031996283023545784
11 29 0.00021026645217422915
11 30 -0.0201426361062363
11 31 0.018078458786707816
11 32 0.12871835230106693
11 33 0.072656158049444
11 34 0.13936815554403936
11 35 0.004577865018145362
11 36 0.08199729638911543
11 37 0.03403923384761838
11 38 -0.12304656107443783
11 39 -0.011801799386134886
12 12 0.0
12 13 -0.06559462461189873
12 14 0.012706117343561358
12 15 -0.04879575660224324
12 16 0.11537345262604126
12 17 -0.188277343436812
12 18 -0.10982722987955514
12 19 -0.0646219604003139
12 20 -0.0743297780204614
12 21 0.08591660026320153
12 22 0.17488176971599284
12 23 0.059597617451520736
12 24 -0.17820726595874273
12 25 0.14623505268350295
12 26 0.10686506483951311
12 27 -0.17010609766627133
12 28 -0.005650882094811544
12 29 0.058620097184899786
12 30 -0.13014552262356374
12 31 -0.05703779928678469
12 32 0.07546740307295421
12 33 -0.1519345534800109
12 34 -0.01999000408135363
12 35 0.12319367621670388
12 36 0.15474847521560336
12 37 0.08417489763293613
12 38 -0.008890877681703447
12 39 0.17799500189436174
13 13 0.0
13 14 0.019877172492236094
13 15 0.0009261459659557512
13 16 0.06842682038533263
13 17 0.03050278781798759
13 18 -0.05324945996369525
13 19 -0.08777708420221926
13 20 0.05754921783647947
13 21 -0.005586554117260298
13 22 0.04531181123992095
13 23 -0.02627725157055084
13 24 -0.043194101169601574
13 25 -0.07402946953265398
13 26 -0.02416663621622185
13 27 0.05510773985757883
13 28 -0.03923842745100498
13 29 -0.06655740865510418
13 30 -0.05569790978077801
13 31 -0.04334967734029816
13 32 -0.032149547176377954
13 33 0.04067424571332238
13 34 -0.003994576829510764
13 35 -0.02613318133281766
13 36 -0.0635299947712393
13 37 -0.03375775843614443
13 38 0.10369167546887281
13 39 0.02226915009806034
14 14 0.0
14 15 0.020328626825874614
14 16 0.00775086716482222
14 17 0.023063556607818947
14 18 -0.014238229264028618
14 19 -0.14788635161750027
14 20 -0.01854348783497365
14 21 0.018100970363162924
14 22 0.00358951339347851
14 23 0.08438575369623538
14 24 0.09664978651181742
14 25 0.024223293512261688
14 26 -0.11696533887649008
14 27 0.04691490828786873
14 28 0.06975711907994527
14 29 0.03591174682522273
14 30 -0.031703393931791723
14 31 -0.022436980000151374
14 32 0.0055527819237899
14 33 0.10400760692299707
14 34 -0.13138605845033585
14 35 0.009983131789249951
14 36 -0.026006242595350216
14 37 -0.13688233163792807
14 38 -0.09433581345433636
14 39 0.027399136660982988
15 15 0.0
15 16 0.07411958970351365
15 17 -0.02512555455305381
15 18 0.058655678546476395
15 19 0.0056076210053695235
15 20 0.19093371631290448
15 21 -0.11755930728919892
15 22 0.022146198479386973
15 23 -0.046450765212392234
15 24 0.12050947184138353
15 25 0.01209398139673844
15 26 0.04405880181182106
15 27 0.044533077244623014
15 28 -0.03191153588491022
15 29 0.02046606888469576
15 30 0.17875976826514536
15 31 0.06781138298639901
15 32 -0.060843673494556896
15 33 0.045602999501634954
15 34 0.04158215829252225
15 35 0.026500534555217607
15 36 0.05312177014070407
15 37 -0.050735245485925895
15 38 0.06779061351285406
15 39 0.006825542687170484
16 16 0.0
16 17 -0.025700034780431535
16 18 -0.11133035528813273
16 19 -0.19801152991628318
16 20 0.09986640008878324
16 21 0.001632573671095321
16 22 0.11497382906430331
16 23 0.005448257733976479
16 24 0.02605497078218292
16 25 0.02455783418716013
16 26 0.0708811749914843
16 27 -0.05287552835202425
16 28 -0.11457238878844352
16 29 0.10377993910482597
16 30 -0.02803534283204719
16 31 -0.06746482403990246
16 32 -0.09421416851150861
16 33 0.07758473099904842
16 34 -0.0324941598307893
16 35 0.025512908414738668
16 36 0.06082295789076718
16 37 0.09849471432527517
16 38 0.1644665637484964
16 39 0.15917600285634184
17 17 0.0
17 18 -0.050864031413497934
17 19 0.08672581756911447
17 20 -0.07106704848366804
17 21 -0.16033452619873928
17 22 -0.0012549826281674289
17 23 -0.20062860414949543
17 24 0.06489893288299199
17 25 -0.06216008422057069
17 26 -0.10931653483173236
17 27 0.01620552408999699
17 28 0.06351678565486478
17 29 0.025415149533662355
17 30 0.00696005416029921
17 31 -0.001584440727271242
17 32 0.08145014546947231
17 33 -0.08019689490889684
17 34 -0.13795770546680128
17 35 -0.050490747293659155
17 36 0.05659108722272462
17 37 -0.15130272329363617
17 38 -0.11214445402652609
17 39 -0.10955578572455875
18 18 0.0
18 19 0.1435338039942802
18 20 0.040910350946042874
18 21 -0.06151446539399913
18 22 -0.06976154970852219
18 23 0.07430550997977922
18 24 0.13198027638970625
18 25 0.043741023559122086
18 26 -0.047209768403641064
18 27 0.027128568828272175
18 28 0.05654172091238444
18 29 -0.012279315466446245
18 30 0.10147184384230057
18 31 0.0437132287426905
18 32 -0.08635858560221511
18 33 0.007963180019841375
18 34 -0.07757187670181948
18 35 -0.10482674528330209
18 36 -0.02047961828464667
18 37 -0.03353882136957288
18 38 0.007840926918955844
18 39 -0.06364431793019894
19 19 0.0
19 20 0.15475647725682967
19 21 -0.07005238024069173
19 22 -0.07450989995355589
19 23 -0.01047503389340337
19 24 0.11500330987640217
19 25 -0.07790311009361141
19 26 0.00450397721888285
19 27 0.08649893018386225
19 28 0.11437044243761643
19 29 -0.0155712708674631
19 30 0.08660252675054084
19 31 0.0560653699296482
19 32 0.2382398612932986
19 33 0.1910701067353962
19 34 0.18573846219835227
19 35 -0.03331579062602778
19 36 0.13102889523673528
19 37 -0.16995758228726557
19 38 0.0545572167041985
19 39 -0.07175902623102014
20 20 0.0
20 21 -0.0813738885858868
20 22 0.08421047524647407
20 23 -0.014928948225601793
20 24 0.20721257048277097
20 25 -0.12387863995862747
20 26 0.06061126998758718
20 27 0.2452232660658947
20 28 -0.06799717353154991
20 29 0.0021276897407814877
20 30 0.28943563820076584
20 31 -0.041280312416826885
20 32 0.048462613886948606
20 33 0.2149513033135355
20 34 0.06516211873820763
20 35 0.05004413714944446
20 36 -0.006190182519400015
20 37 -0.08926171521504067
20 38 0.1272458376426216
20 39 0.10272189489213693
21 21 0.0
21 22 0.011014895132711299
21 23 0.0786781990835139
21 24 -0.12727843524511662
21 25 -0.06008919983609225
21 26 0.0957587162762797
21 27 0.01746079198728362
21 28 -0.007846995407372251
21 29 0.10591091367418952
21 30 -0.09732090814681732
21 31 -0.029794178365752176
21 32 -0.015566001187375264
21 33 0.03321865801518953
21 34 -0.0005997392176358082
21 35 0.08297032980135341
21 36 0.0012950058656801791
21 37 0.09190865522530764
21 38 -0.037407630237138334
21 39 -0.029153422369675108
22 22 0.0
22 23 -0.02258423816909919
22 24 -0.10820384711175117
22 25 0.037145286108282834
22 26 -0.022550432983141508
22 27 -0.07069942410192133
22 28 -0.018854455641615458
22 29 0.010537975253616032
22 30 -0.003977390441835532
22 31 -0.10273727240806593
22 32 0.024321263665247804
22 33 -0.08300404732819354
22 34 -0.0760833997525059
22 35 0.16095141844631353
22 36 0.1031125575133663
22 37 -0.052843853402010046
22 38 0.0300834065900359
22 39 0.013434291026915915
23 23 0.0
23 24 -0.039557842988607726
23 25 0.056428702169496706
23 26 -0.07923846256533101
23 27 -0.048880114592095694
23 28 -0.06630683348592016
23 29 0.0891876723380763
23 30 -0.23165026542926115
23 31 -0.0025800837171192884
23 32 -0.04077318455456346
23 33 0.04799891114548781
23 34 -0.10748345659642189
23 35 -0.1305663729047392
23 36 0.01874192165973778
23 37 0.016755629257394773
23 38 -0.030505858144866872
23 39 0.11549772168205855
24 24 0.0
24 25 -0.05808916227231705
24 26 0.005681041727860094
24 27 0.14995521953588573
24 28 0.10868166563745747
24 29 -0.04389069200991803
24 30 0.23983300402249394
24 31 0.04401925542350478
24 32 0.001673471777308154
24 33 0.17902273893632673
24 34 -0.1179314717721605
24 35 -0.1488497214469275
24 36 -0.09726242860089597
24 37 -0.04393034031368815
24 38 -0.032362513377295246
24 39 0.023923397799701103
25 25 0.0
25 26 -0.0670648521478862
25 27 -0.04413253091560843
25 28 -0.05421974304902229
25 29 0.05093993628726282
25 30 -0.1820874821596177
25 31 0.06152266040763847
25 32 -0.08053496268034083
25 33 -0.2456567686197558
25 34 -0.04286451530867295
25 35 0.1082761912338009
25 36 0.0377259826267564
25 37 -0.03481034051592656
25 38 0.12648896185431208
25 39 -0.011634855819945474
26 26 0.0
26 27 -0.07688715852313674
26 28 -0.06167889255798255
26 29 0.016611645567183357
26 30 0.022663154921606952
26 31 0.10477459313305057
26 32 -0.006889641401544956
26 33 -0.019831376336099847
26 34 0.02898154036340061
26 35 0.09866367177141742
26 36 0.020830123090781024
26 37 0.14993749104891912
26 38 -0.08936343238729857
26 39 0.04554270222072211
27 27 0.0
27 28 -0.052468046958952685
27 29 0.015335283527451404
27 30 0.34147314264546674
27 31 -0.002848580633820684
27 32 -0.12749348530792404
27 33 0.1509372080494305
27 34 0.05989003019063409
27 35 0.005283327026573028
27 36 -0.14790076966448057
27 37 -0.07608571010085122
27 38 0.1961244064477055
27 39 -0.006671859801390836
28 28 0.0
28 29 -0.10046754595806606
28 30 0.07448608193188194
28 31 -0.08327489454827457
28 32 0.13216569777871795
28 33 0.04858234622487063
28 34 0.020945747932587716
28 35 0.0538293885174521
28 36 0.020852147946329048
28 37 -0.10661743281299159
28 38 -0.0998844334754953
28 39 -0.09618190544216998
29 29 0.0
29 30 -0.0947246379011177
29 31 0.05306232547195312
29 32 -0.02451844810147741
29 33 -0.013742604945257458
29 34 -0.08728521019698324
29 35 -0.016789318975643005
29 36 0.13125604540269611
29 37 0.054172533666745994
29 38 -0.0016545400039812042
29 39 0.01043342305001031
30 30 0.0
30 31 -0.04616470045269337
30 32 -0.16919162004460425
30 33 0.1930722411720221
30 34 0.13474178198613745
30 35 0.10574979972985785
30 36 -0.07971354122786428
30 37 -0.012297230750314572
30 38 0.09164230933016834
30 39 -0.1044124675245558
31 31 0.0
31 32 -0.07886022876661192
31 33 -0.05639992983250568
31 34 -0.012393269339517296
31 35 -0.09711588991345851
31 36 0.005753989389133374
31 37 0.03767897443345559
31 38 -0.028307699813637777
31 39 -0.05538332045954954
32 32 0.0
32 33 0.03780087854790888
32 34 0.12024427166301965
32 35 0.09111888101972647
32 36 0.05182599446327781
32 37 -0.1456509062495851
32 38 -0.057656389960453434
32 39 0.14618833392794323
33 33 0.0
33 34 0.2135929389608083
33 35 -0.011971554445907855
33 36 -0.016521888274883594
33 37 -0.08164018985513163
33 38 0.13276322635343227
33 39 0.009344882103704547
34 34 0.0
34 35 0.16765329765470338
34 36 0.029001073806557892
34 37 -0.029197243484772206
34 38 0.21647120191298513
34 39 -0.04922164183951462
35 35 0.0
35 36 0.07647761068307254
35 37 -0.09602070449073094
35 38 0.03465187429340738
35 39 -0.09368296521363671
36 36 0.0
36 37 -0.048617069860959726
36 38 -0.074960586056118
36 39 -0.08570727703641531
37 37 0.0
37 38 -0.017246402779521823
37 39 0.056055910511727015
38 38 0.0
38 39 0.19815190182990797
39 39 0.0
