0 0 0.0
0 1 0.14307932615643942
0 2 0.07335574901037815
0 3 -0.024117192565178896
0 4 -0.052138393320958
0 5 -0.037420331948395044
0 6 -0.1133921100043708
0 7 -0.1334010302482043
0 8 -0.039523633084321115
0 9 -0.05506779737693453
0 10 0.04139342528271793
0 11 -0.054964079585739956
0 12 -0.08986240093788327
0 13 0.10970753179682176
0 14 0.0012028810726156963
0 15 0.035388786735492936
0 16 -0.07742478244660987
0 17 -0.005886144611595161
0 18 -0.09250447471571219
0 19 0.09423484752733305
0 20 -0.07400946953134575
0 21 0.0031945648946934287
0 22 0.039731461276082174
0 23 0.013179574954549573
0 24 -0.04047718402058521
0 25 0.008936369052383174
0 26 -0.17542240773068196
0 27 0.009950380477221684
0 28 0.0021390027008552056
0 29 -0.11559132696528893
0 30 0.04051217044871499
0 31 0.003665893934838357
0 32 0.06825914003778608
0 33 0.09808906603410066
0 34 0.05067985833488052
0 35 -0.12690111240242236
0 36 -0.00947130471750354
0 37 -0.11895440486077566
0 38 0.04776565540953358
0 39 0.06038214163546065
1 1 0.0
1 2 0.03801738486842938
1 3 0.06242077911079902
1 4 -0.09297925951673543
1 5 -0.08785002758644182
1 6 -0.01242899041530017
1 7 -0.2280917246979957
1 8 0.007467605868645895
1 9 -0.0801501095958031
1 10 0.10442103675217318
1 11 0.2440356827504464
1 12 0.0800635028268679
1 13 0.11515924229659122
1 14 0.021859529942933276
1 15 -0.014203986403359653
1 16 -0.08173456058686598
1 17 0.02759487829152702
1 18 -0.15285938249539333
1 19 0.02526086924981915
1 20 -0.061616307276922674
1 21 -0.007905247039077459
1 22 -0.18832881634260362
1 23 -0.020072701457851446
1 24 -0.07994344687181192
1 25 -0.014358612415188715
1 26 -0.12678030381642288
1 27 -0.0614026534583601
1 28 0.042912092095897206
1 29 0.037450376751713664
1 30 0.06714664026871744
1 31 0.026290212822735158
1 32 -0.19656777284733268
1 33 0.11486253029235707
1 34 0.04191098420836542
1 35 0.03830529047236093
1 36 -0.012068512848023561
1 37 -0.07541760642176162
1 38 0.15453801438229448
1 39 0.04977443527362202
2 2 0.0
2 3 -0.029750348557892946
2 4 -0.007834107853528807
2 5 0.03896172581419398
2 6 0.0527663797382517
2 7 -0.05383779371375665
2 8 0.02818305156613708
2 9 -0.042931018947992144
2 10 -0.0847228181544858
2 11 -0.0778880859993354
2 12 0.04584040317847209
2 13 0.02011554650496354
2 14 0.03488395955635533
2 15 0.09260149683469582
2 16 -0.014973075131772618
2 17 0.00030870911518362035
2 18 -0.06423889652842146
2 19 0.09004875763303341
2 20 0.0022750397034182373
2 21 -0.0752082055129336
2 22 0.15272459067450966
2 23 0.07319111235169114
2 24 -0.11290609484445721
2 25 0.015208870292528053
2 26 -0.07182548259822603
2 27 -0.07606241016352613
2 28 -0.023055080978114796
2 29 0.1133756386974902
2 30 -0.05676600611617376
2 31 -0.02379980703517088
2 32 0.08441807022657552
2 33 0.12900288781552918
2 34 -0.05887670684300156
2 35 -0.05899777303879775
2 36 -0.005012532482834614
2 37 0.04709987355313768
2 38 0.03205890074751399
2 39 0.03901434951113063
3 3 0.0
3 4 -0.04216701382666345
3 5 -0.02984332115663086
3 6 -0.008439946806929537
3 7 0.11704224519940096
3 8 -0.027717218870465393
3 9 -0.14560852888585077
3 10 -0.010796933030367556
3 11 0.04051629829208832
3 12 0.08055525515731729
3 13 0.012447468603151634
3 14 0.04553596599682529
3 15 -0.09784193043935095
3 16 -0.046049213714775085
3 17 -0.13024611072460485
3 18 -0.11463196893678411
3 19 -0.10910551234809655
3 20 -0.02639305269766564
3 21 0.04628789977995972
3 22 0.004485178385407998
3 23 -0.08646163141110177
3 24 -0.11740780874251347
3 25 0.0021261085763021955
3 26 0.05556262640220185
3 27 0.0023486895139474668
3 28 0.04386935619335325
3 29 0.041586421965677994
3 30 0.0641395111877177
3 31 0.00971750655803759
3 32 -0.24197556917946234
3 33 0.0725418491643787
3 34 -0.06480884701177778
3 35 0.07248632643693317
3 36 -0.09957220412250653
3 37 0.007322575394703402
3 38 0.02147321887092681
3 39 0.1106382224237128
4 4 0.0
4 5 0.036161954578744174
4 6 0.028658937170375303
4 7 -0.08853999671756459
4 8 -0.24609530568491836
4 9 0.11300179777869608
4 10 0.04205806101187952
4 11 -0.10441856451956699
4 12 0.11868394798297725
4 13 -0.09650508715206985
4 14 -0.07156304009860782
4 15 -0.10935157571064594
4 16 0.3174586391067501
4 17 -0.07660010479783418
4 18 0.2464326890394442
4 19 -0.08569193579111911
4 20 -0.06465147303813218
4 21 -0.12062489819260243
4 22 -0.09003053776018219
4 23 -0.10605898162300849
4 24 -0.013873487776334265
4 25 -0.14177477006675732
4 26 -0.06488831133587444
4 27 -0.0964463073954196
4 28 -0.012785438506300867
4 29 0.12967646137009875
4 30 -0.042213458837352065
4 31 -0.024017460968445193
4 32 0.10199695358168578
4 33 -0.08775537552096697
4 34 0.06353075677918738
4 35 -0.0026768815591408407
4 36 0.15186231844843673
4 37 0.08099338665514857
4 38 0.012880455097016083
4 39 -0.021699640994540376
5 5 0.0
5 6 0.05386468547864278
5 7 0.07125192195685438
5 8 0.06813289186711598
5 9 0.17609875265813715
5 10 -0.08578477571488509
5 11 0.005088281035605417
5 12 0.007095152717298372
5 13 -0.0390903011227522
5 14 -0.004052743774200423
5 15 0.02841681523484251
5 16 0.07658983871325589
5 17 0.05216442785815113
5 18 0.037442984385445736
5 19 0.03517418434441198
5 20 -0.041413291286376434
5 21 0.05182348965645508
5 22 -0.014557704031876681
5 23 0.03582950635070298
5 24 0.01899598303693082
5 25 -0.00311825426719873
5 26 -0.031496769902619154
5 27 -0.013853695066673732
5 28 -0.026180628044228677
5 29 0.10213715920831645
5 30 -0.08192159946553038
5 31 -0.09160255111854844
5 32 0.0309625961904762
5 33 -0.06847057881140832
5 34 -0.053480811570658135
5 35 -0.051007830834767766
5 36 -0.013495537804538294
5 37 0.005375709945702441
5 38 -0.11782295771887788
5 39 -0.10209566580925147
6 6 0.0
6 7 -0.020103118200849746
6 8 0.09581886620834884
6 9 0.06941043540606806
6 10 -0.09890421160453809
6 11 -0.05832089700267732
6 12 0.03731628893430349
6 13 -0.1372256451925141
6 14 0.04266388876208144
6 15 0.04676998374055722
6 16 0.17385091604789887
6 17 0.07524394123654218
6 18 0.01780945410576738
6 19 0.14025303931856936
6 20 0.0569130550387939
6 21 -0.07857947812850498
6 22 -0.029978901250720787
6 23 -0.1024360876512433
6 24 -0.024340503966360012
6 25 0.02976518051553876
6 26 -0.06707721502611816
6 27 -0.15177440957919547
6 28 0.05494521564159961
6 29 0.1274340447412189
6 30 -0.049351628031122405
6 31 0.016981295579766697
6 32 -0.08584506495109807
6 33 -0.15366253197241206
6 34 -0.10868185758131858
6 35 0.04327437435763702
6 36 0.02825243111641747
6 37 0.1357077754326599
6 38 -0.010384816357943838
6 39 0.05042284753716836
7 7 0.0
7 8 0.09343384076942486
7 9 -0.08327174466221567
7 10 -0.03492655942559349
7 11 -0.03014928488037415
7 12 -0.04628281499941371
7 13 -0.0873434805502629
7 14 0.1044974895511032
7 15 0.03205951733443638
7 16 -0.08522694848553117
7 17 -0.12478587900966298
7 18 -0.0023108790504252053
7 19 0.00378878632781957
7 20 0.013256905346499284
7 21 0.09863623092380219
7 22 0.11347874677063996
7 23 0.01553424159425075
7 24 -0.06760811320877934
7 25 0.00752759499210188
7 26 0.2412498803926076
7 27 0.044678904699142374
7 28 -0.05946651909228784
7 29 0.07080645691711605
7 30 0.005993012734647396
7 31 -0.037231384198138776
7 32 -0.04335258825344504
7 33 0.024852745092367432
7 34 -0.15770785738064508
7 35 -0.009321748402470591
7 36 -0.11347864137423772
7 37 -0.02391399038665368
7 38 -0.07096652961741465
7 39 -0.034108389705037385
8 8 0.0
8 9 0.12482349624953873
8 10 -0.01236735265301218
8 11 0.15013635770074946
8 12 -0.17105440679643263
8 13 -0.13568285306297223
8 14 0.10487260653647612
8 15 0.14181876738249014
8 16 -0.026231249498742726
8 17 0.19380494772362783
8 18 -0.1025024919296412
8 19 0.13226928351424103
8 20 -0.015339059045132341
8 21 0.07100395384836398
8 22 0.001853902552026903
8 23 0.04775252752885002
8 24 -0.0227774687502433
8 25 -0.016360676525653598
8 26 0.04818363277216036
8 27 -0.06838824048875788
8 28 -0.10001539291043626
8 29 0.007679650470890783
8 30 -0.09011994669277748
8 31 -0.13715751214982963
8 32 0.015158039948036684
8 33 -0.12363367683933131
8 34 -0.12925083585558594
8 35 -0.05028975560227169
8 36 -0.10803492409845676
8 37 0.04191949470371449
8 38 -0.109224614425243
8 39 -0.13806006259369508
9 9 0.0
9 10 0.030010052633350427
9 11 0.0326114101138215
9 12 -0.0813191849695319
9 13 -0.15052967934613637
9 14 -0.06361143189621718
9 15 0.051964456521749726
9 16 0.2168047691549928
9 17 0.20887026687395754
9 18 0.12997643825765998
9 19 -0.06768704318706588
9 20 -0.055815052119433474
9 21 -0.034842048643952954
9 22 -0.14454310496177408
9 23 -0.023887423438924242
9 24 0.11051638797443046
9 25 -0.07045305570747815
9 26 -0.0795678179244697
9 27 -0.06889980315658305
9 28 0.02196540984585549
9 29 -0.010400977434324204
9 30 -0.23791645462975822
9 31 -0.1315242352971778
9 32 0.09420007947044404
9 33 -0.2665752432044769
9 34 0.0039052405424652237
9 35 0.04089227214949819
9 36 0.12095975621733941
9 37 0.04005342425762613
9 38 -0.05974710758873729
9 39 -0.2743473782485727
10 10 0.0
10 11 0.0818006899509374
10 12 -0.06355999281490046
10 13 0.011306240829937161
10 14 0.022797387202890682
10 15 -0.0441652184773865
10 16 -0.012355959210845986
10 17 -0.006638036210605118
10 18 0.09262607787263212
10 19 -0.09110213237103575
10 20 -0.06252885019217544
10 21 0.1003244882730832
10 22 -0.0820650098904584
10 23 -0.029060505773434823
10 24 0.054167354528252554
10 25 -0.0777167984229549
10 26 0.01838929561855438
10 27 0.035731965015575254
10 28 -0.03528109178511577
10 29 0.00014891699214800188
10 30 -0.02989199174892554
10 31 -0.010059101516788793
10 32 0.005546773638504541
10 33 -0.0951459128564239
10 34 -0.003681356934505006
10 35 0.006754969857256711
10 36 -0.005801322975655371
10 37 -0.12187913615021695
10 38 0.06598430484085863
10 39 -0.09008903893422031
11 11 0.0
11 12 0.08126867667967834
11 13 0.056677642468504916
11 14 -0.030690684810526586
11 15 -0.03516168400318874
11 16 -0.11340643031361755
11 17 0.11219458402183473
11 18 -0.06130538549008313
11 19 -0.09982311570770956
11 20 -0.03306188164033993
11 21 0.07221669078613788
11 22 -0.24150087619044713
11 23 0.05999608492990118
11 24 0.03297463571495824
11 25 -0.07719687934322174
11 26 0.08910997261421882
11 27 0.06849156257577846
11 28 -0.10946470501655259
11 29 -0.0028516520278988548
11 30 0.06690108535740309
11 31 -0.0579993553715034
11 32 -0.07612704737267739
11 33 0.08734885034315548
11 34 0.049217386375525425
11 35 0.038290526036528605
11 36 -0.03691678156438001
11 37 0.019289793540440393
11 38 -0.06165238822066392
11 39 -0.13682370584372774
12 12 0.0
12 13 0.1813490851152991
12 14 -0.006789654498991092
12 15 -0.11174629570586785
12 16 -0.1474201547927435
12 17 -0.14241577848644188
12 18 0.0036219243092214595
12 19 -0.28471799346109095
12 20 0.07956839313772138
12 21 -0.11671436710609322
12 22 -0.003504492243454034
12 23 -0.015404116817272903
12 24 -0.024354259856613297
12 25 -0.01137654182251501
12 26 -0.03903365689027561
12 27 0.20338443735131703
12 28 0.012702041622048101
12 29 0.19466138018817578
12 30 0.04524182041686768
12 31 0.031985892522543885
12 32 -0.055599282657091006
12 33 0.2572711716163663
12 34 0.008979975540969342
12 35 0.09855414748391261
12 36 0.04103942401107312
12 37 0.13630043503023995
12 38 -0.05532689913232012
12 39 0.024753537358583978
13 13 0.0
13 14 -0.059456206120130015
13 15 -0.10674751874749915
13 16 -0.32911859205875943
13 17 -0.0759387485791277
13 18 -0.01911327274072763
13 19 -0.13248092785510307
13 20 0.06228227924828308
13 21 0.11747546684423796
13 22 0.046846543153845385
13 23 0.05903667404662065
13 24 0.12247092506205255
13 25 0.025927553817468835
13 26 -0.08082575306999487
13 27 0.33103141139797526
13 28 -0.023641364318750965
13 29 -0.04094151763631737
13 30 0.09206921804259954
13 31 0.08399181697810061
13 32 0.03719968310631684
13 33 0.24536250584842093
13 34 0.06667765057107704
13 35 0.000634065980113818
13 36 -0.04463272858444533
13 37 -0.05232638679009534
13 38 -0.040457330578673574
13 39 0.07031880126813518
14 14 0.0
14 15 0.035504861264323624
14 16 -0.05567277135367893
14 17 -0.1533370562349048
14 18 -0.08582829709737474
14 19 0.09439274377701222
14 20 -0.01971857772152976
14 21 -0.037878851748950684
14 22 0.08067538027062637
14 23 -0.006615466823302498
14 24 -0.1470053697519061
14 25 0.0019024232439491008
14 26 0.002220653085896603
14 27 -0.005458920474011947
14 28 -0.026456593217423933
14 29 0.19327013102046126
14 30 0.059500937101617454
14 31 -0.11034582304510043
14 32 -0.06976793351466667
14 33 -0.01992221400587333
14 34 -0.048024415052914056
14 35 -0.07795002665576986
14 36 -0.12594685054204885
14 37 -0.052798657336499334
14 38 -0.04034533846796603
14 39 0.05528939295747892
15 15 0.0
15 16 -0.02340469161527995
15 17 0.10905474224505252
15 18 -0.06433684081386255
15 19 0.157374149747745
15 20 0.013948697654496777
15 21 -0.12184137779836957
15 22 0.07727329425024149
15 23 0.09876551990536839
15 24 -0.06645178547801754
15 25 0.07034517018790674
15 26 0.01916139699509605
15 27 -0.1317999094915383
15 28 -0.013062538214514672
15 29 -0.027356946321598637
15 30 -0.08026771401123063
15 31 0.001945937728128806
15 32 0.14583512268805382
15 33 0.05683308447840748
15 34 -0.09514422066472498
15 35 -0.08208179615826354
15 36 0.06926965963518891
15 37 -0.022383057284402808
15 38 0.05217724894636624
15 39 -0.11964548902254972
16 16 0.0
16 17 0.09001850701156464
16 18 0.1446480741248228
16 19 0.18548438206680756
16 20 -0.10040995343991325
16 21 -0.10453415109378153
16 22 -0.16453855860677288
16 23 -0.14864421570705805
16 24 -0.06744623470874492
16 25 -0.10425647037183675
16 26 -0.049473897397902415
16 27 -0.39683063249094824
16 28 0.06764954707963272
16 29 0.05257431398618562
16 30 -0.10770589235593961
16 31 -0.0697661230450541
16 32 -0.05742113158767888
16 33 -0.34637845394893024
16 34 0.037341177036193815
16 35 0.0368229431614331
16 36 0.11619495098439384
16 37 0.09882110148840652
16 38 0.08048769146176835
16 39 0.01521475587565305
17 17 0.0
17 18 0.03161950667508476
17 19 0.027251343252334664
17 20 0.004679625451640692
17 21 0.04659272602127323
17 22 -0.08475324659688967
17 23 0.03696573028847566
17 24 0.1538121468635621
17 25 0.022742315916014368
17 26 -0.04894013163410821
17 27 -0.09468161401850625
17 28 -0.04006587846664726
17 29 -0.16957426403146467
17 30 -0.11601826788586285
17 31 0.029538795652875073
17 32 0.1269343845706987
17 33 -0.1565209205628496
17 34 -0.04685627488775407
17 35 -0.016127060914144484
17 36 0.07702106626665714
17 37 0.05226991010824298
17 38 -0.04215796936955085
17 39 -0.16824328186000503
18 18 0.0
18 19 -0.028333484212795662
18 20 0.012837706135281523
18 21 0.09556027968320832
18 22 -0.059572281993174145
18 23 -0.04636760781048892
18 24 0.17944712174257965
18 25 -0.10762903207562327
18 26 0.027664316999860484
18 27 0.05200449433651637
18 28 -0.0640632963998485
18 29 0.06570466334924441
18 30 -0.09937686962480076
18 31 0.02955585042994221
18 32 0.17150629094383818
18 33 -0.1755441827909893
18 34 -0.025998083073952134
18 35 0.014979225726629778
18 36 0.09518973176490314
18 37 0.00953500729913423
18 38 -0.014360320801772944
18 39 -0.10949437025929813
19 19 0.0
19 20 -0.012341950488110556
19 21 -0.036402410581178414
19 22 -0.09925706042165199
19 23 -0.008317722809403839
19 24 -0.10642194101145046
19 25 -0.026109539777599177
19 26 -0.040734820212251624
19 27 -0.27801658993708145
19 28 -0.010470506980457584
19 29 -0.002402728020752063
19 30 0.09969408932841642
19 31 -0.03424829361496732
19 32 0.019247453420510343
19 33 -0.06770793000485412
19 34 0.06278024229353123
19 35 -0.14008929624416916
19 36 -0.007290072377610743
19 37 -0.02372299555421647
19 38 0.09569279357080564
19 39 0.19337649423585063
20 20 0.0
20 21 -0.020682829712286584
20 22 0.05477323627348134
20 23 0.022321434427802437
20 24 0.07157231944828649
20 25 0.06667274458371707
20 26 0.033086884348310266
20 27 0.09252481101411703
20 28 0.021345405754070044
20 29 -0.006637848307337599
20 30 0.019221996159830064
20 31 0.08074878887278406
20 32 0.02245646870550016
20 33 0.050638503655560184
20 34 -0.013054762147194351
20 35 0.04975183197886294
20 36 0.019195318419670374
20 37 0.058616427231426516
20 38 -0.01706054035696565
20 39 0.032278058073663664
21 21 0.0
21 22 0.02612913493869882
21 23 0.006895124760320434
21 24 0.1796237977655653
21 25 -0.02161657187513192
21 26 0.07354827253609728
21 27 0.14238810010614905
21 28 -0.09018411313164412
21 29 -0.020515324776708165
21 30 -0.007812464604061381
21 31 0.036413664809537435
21 32 -0.04172949729758419
21 33 -0.1497741838322437
21 34 -0.09987510148911856
21 35 -0.006992461605825802
21 36 -0.1718010038043367
21 37 -0.1231398685377267
21 38 -0.05893106060529065
21 39 0.003166851343380909
22 22 0.0
22 23 0.1262932324593022
22 24 -0.0587558136488767
22 25 0.12052371931120483
22 26 0.033068320028449755
22 27 0.06162573708046064
22 28 -0.04769702349110376
22 29 0.0694585711262225
22 30 -0.03447653781661792
22 31 0.03432550224158519
22 32 0.1537490389414731
22 33 0.10334690494285763
22 34 -0.1424048806493902
22 35 -0.1031979203888121
22 36 -0.10855659935272051
22 37 -0.022652045923554846
22 38 -0.045704068969395044
22 39 0.06573882202150048
23 23 0.0
23 24 0.0038452928444704026
23 25 0.0506865802476306
23 26 0.10475631394284315
23 27 0.03776874804803563
23 28 -0.08506298613732376
23 29 0.01053326860972225
23 30 -0.0032873435699527385
23 31 -0.02215792964810167
23 32 0.16143174135444974
23 33 0.1466138081577969
23 34 0.03885642792713032
23 35 -0.06327537714787154
23 36 -0.024597115455447814
23 37 -0.042785459597566175
23 38 -0.01671799062535232
23 39 -0.0797827953619619
24 24 0.0
24 25 0.029770096900984304
24 26 -0.02943926676621831
24 27 0.20701668267731238
24 28 -0.0365775613304198
24 29 -0.1463172221123687
24 30 -0.009165781516638629
24 31 0.1057244993394602
24 32 0.132412777407806
24 33 -0.1503892153352691
24 34 0.020519542987675568
24 35 0.0047809666741563
24 36 0.03714169813024118
24 37 -0.03079699699732156
24 38 -0.107674200082187
24 39 -0.0896821067656223
25 25 0.0
25 26 -0.01792922897234058
25 27 0.007566069892309349
25 28 0.06237421983772812
25 29 -0.0769395913346434
25 30 0.07862787829741123
25 31 0.11988532349772821
25 32 -0.019855029143014385
25 33 0.020755697010979256
25 34 -0.03632242784023227
25 35 -0.04257878572069253
25 36 -0.01999066169678083
25 37 -0.05269715510082723
25 38 -0.016751661711831674
25 39 0.06508843100649442
26 26 0.0
26 27 -0.027048688135582873
26 28 -0.04532174013062591
26 29 0.03986199472846837
26 30 -0.029765320386690962
26 31 -0.005582900430855657
26 32 -0.04178126496188654
26 33 0.04579389047257358
26 34 -0.04215823819813954
26 35 0.10811480084227436
26 36 -0.043652477011238096
26 37 -0.0022364548406227994
26 38 0.06412661600502115
26 39 -0.0730635651598464
27 27 0.0
27 28 -0.0850022676868872
27 29 -0.044354736164451944
27 30 0.09282623346768815
27 31 0.029156641229603576
27 32 0.11185236125404927
27 33 0.1734574446626247
27 34 0.03793570944918802
27 35 -0.022289525129775674
27 36 -0.07015061067895804
27 37 -0.03118578046320427
27 38 -0.21048604531372686
27 39 -0.03984261277288942
28 28 0.0
28 29 -0.03865955111496736
28 30 -0.08006610370858068
28 31 0.046686759507606236
28 32 -0.20927836824137042
28 33 -0.04443812212644952
28 34 0.032318882569181515
28 35 0.17324944151846716
28 36 0.0705129851295824
28 37 -0.007195162914256287
28 38 0.1692994575689089
28 39 0.06310626357174136
29 29 0.0
29 30 -0.07368233372166273
29 31 -0.11509168724389636
29 32 -0.07680291301571017
29 33 -0.00039322851011952515
29 34 -0.10843425626786145
29 35 0.03554671746965486
29 36 -0.07367483909198527
29 37 0.04628695105871865
29 38 0.016121653740377908
29 39 0.008432590621210214
30 30 0.0
30 31 0.08310861806609202
30 32 -0.023086734800897016
30 33 0.11473382288370429
30 34 0.13091306638994663
30 35 -0.18537540883230016
30 36 -0.09613079124118847
30 37 -0.043263057976496044
30 38 -0.1510558222466403
30 39 0.2294070976499185
31 31 0.0
31 32 0.0023567918997332896
31 33 0.04154289608156819
31 34 -0.050400012506650216
31 35 0.008926398572161244
31 36 0.05133562632675355
31 37 -0.03346630769129802
31 38 0.06238068446810093
31 39 0.08659187359612608
32 32 0.0
32 33 0.07502718259597654
32 34 0.0025114124927502215
32 35 -0.24665279385567884
32 36 0.10001528033629484
32 37 0.004925091550589103
32 38 -0.15811134737639607
32 39 -0.17584361504636625
33 33 0.0
33 34 0.05050585302879958
33 35 -0.021792322434135536
33 36 0.025477668407861326
33 37 0.039007344344273706
33 38 0.03679282947901404
33 39 0.0485423696280938
34 34 0.0
34 35 0.008410779522341549
34 36 0.047420564141257414
34 37 0.003320021953214457
34 38 -0.004161951331149017
34 39 0.08084915434297314
35 35 0.0
35 36 0.06335744409967684
35 37 0.08164892472231437
35 38 0.1962836286125677
35 39 -0.030939692192746525
36 36 0.0
36 37 0.055553221678603784
36 38 0.0988611926925381
36 39 -0.10720740501822498
37 37 0.0
37 38 -0.06410362343362747
37 39 0.012111007355919922
38 38 0.0
38 39 0.02664962440703712
39 39 0.0
