0 0 0.0
0 1 0.12307098919375847
0 2 -0.018640093779172053
0 3 -0.11903215520225655
0 4 -0.12794830611643057
0 5 0.0648964341446115
0 6 -0.12546375084340058
0 7 0.02551569586403197
0 8 -0.1805091478552311
0 9 -0.06969634570791775
0 10 0.012775228742508688
0 11 0.01521571600065225
0 12 0.20037717899056168
0 13 -0.041036838031905186
0 14 -0.03898756555026876
0 15 0.12442689990222852
0 16 0.16680197111585585
0 17 -0.09701046639604745
0 18 0.07203778772315933
0 19 0.17772104670065694
0 20 0.08673612903254123
0 21 -0.056613715455730705
0 22 0.07012849767450373
0 23 0.13337885144963732
0 24 -0.05122372192657326
0 25 0.026975360537170888
0 26 0.0887388006626731
0 27 0.03376003492918872
0 28 0.048811932945028315
0 29 0.11864209986829384
0 30 -0.06214650175667641
0 31 -0.004771607743895816
0 32 0.08638466768556076
0 33 -0.0011440108180008064
0 34 0.07327501769067411
0 35 0.014910235080296024
0 36 0.11150320747848666
0 37 0.12442321776230159
0 38 -0.13116042293558827
0 39 -0.07078924899575897
1 1 0.0
1 2 -0.05357538028896321
1 3 0.10544897429684555
1 4 -0.23052840197549068
1 5 -0.01872076701113807
1 6 -0.0929673381231062
1 7 0.021109047446594614
1 8 -0.16820492847519558
1 9 -0.1024907824725267
1 10 0.0932039352874099
1 11 0.0700492205968069
1 12 0.10000512870493113
1 13 -0.03929078767122111
1 14 -0.01664419049664781
1 15 0.03664422244070019
1 16 -0.15014194466440614
1 17 0.051922489025889876
1 18 0.018390174183293768
1 19 0.06480377826971155
1 20 0.12075160685502784
1 21 -0.03622289995080266
1 22 -0.032995867164800366
1 23 -0.12701493197285113
1 24 -0.18638870511873307
1 25 -0.08354744690592872
1 26 0.07311935803730382
1 27 -0.15834258556593933
1 28 -0.01905652623032201
1 29 0.2128253924190462
1 30 0.045823883505220264
1 31 -0.10679318679060164
1 32 -0.08555474735414655
1 33 -0.10512500876428796
1 34 -0.011621666449406525
1 35 0.09807383961034602
1 36 0.2301425750316947
1 37 -0.04547672712767854
1 38 0.13121353960261303
1 39 -0.1113684608607495
2 2 0.0
2 3 0.013378570817872465
2 4 0.033824581839650994
2 5 -0.19262649551049268
2 6 -0.05468585318440102
2 7 0.10713608631665057
2 8 -0.019265852033943747
2 9 0.048911085127853644
2 10 -0.20808057118694795
2 11 0.08319527969069644
2 12 0.04429416121518254
2 13 -0.19501578654724758
2 14 -0.014337407855072792
2 15 -0.06825073792546944
2 16 -0.204644446151747
2 17 0.08312122015684811
2 18 -0.04765201228202158
2 19 -0.07389187410198791
2 20 -0.11387342129930231
2 21 0.0851959482052713
2 22 0.18424359949486827
2 23 -0.02591160845454419
2 24 -0.10135734441890525
2 25 0.07688780231044924
2 26 0.07326928383370916
2 27 0.025165470177144367
2 28 -0.07487788366439138
2 29 -0.052988459386095345
2 30 -0.0049236091660881925
2 31 -0.1569852302822529
2 32 0.16669971999874628
2 33 -0.27047407827330666
2 34 0.03489650502585591
2 35 -0.011411328083195022
2 36 -0.015354037719054286
2 37 -0.005159183877728351
2 38 -0.10648840904572646
2 39 -0.14035646708694316
3 3 0.0
3 4 -0.06203128328111922
3 5 -0.009104165827322238
3 6 -0.15131608450514358
3 7 0.035627271608385205
3 8 -0.02276977703607028
3 9 0.1132612622204066
3 10 0.08529432621135638
3 11 0.014399420069186014
3 12 -0.23091455594137594
3 13 0.07036658178608778
3 14 0.055076852185674305
3 15 -0.08598798744853946
3 16 -0.2105474820323557
3 17 0.07669627945897343
3 18 -0.11416983544423735
3 19 -0.16177336872028086
3 20 0.05420161924401732
3 21 -0.010177650090825954
3 22 0.09175362289482611
3 23 0.01319165670840453
3 24 -0.08403391609287217
3 25 0.04254379209759911
3 26 0.003070744921531658
3 27 -0.10847143637314441
3 28 0.03127257147702085
3 29 0.04421305650578214
3 30 0.20285864273660575
3 31 -0.03446407070100731
3 32 -0.08875213125712288
3 33 -0.0708596329331415
3 34 -0.007152661161937639
3 35 0.12403994867744542
3 36 0.13968167734950887
3 37 0.0034079220200176467
3 38 0.12355990166588429
3 39 0.061967459561843054
4 4 0.0
4 5 0.05631054508345621
4 6 0.019085805604340308
4 7 -0.11951189935502263
4 8 0.08814220299653386
4 9 0.0973409686010889
4 10 -0.18092000573884445
4 11 0.15884394418217845
4 12 -0.025128944439940137
4 13 -0.1517643286837363
4 14 -0.11446557166783253
4 15 -0.01563255136603516
4 16 0.19585784710096393
4 17 -0.04938758985834154
4 18 -0.03960848419561859
4 19 -0.018260637888387807
4 20 0.010404600799744625
4 21 0.09134428571982457
4 22 0.17710925925194426
4 23 0.08174056092671833
4 24 0.006298330294952001
4 25 -0.06339576702713809
4 26 -0.025763581103306787
4 27 -0.09576197624753242
4 28 0.05111936866213822
4 29 -0.27993498289120455
4 30 0.023687893721823852
4 31 -0.0930648154152175
4 32 0.0833063248541848
4 33 0.0710600351005239
4 34 0.12898541345178677
4 35 -0.11525244675324282
4 36 -0.22713204929434175
4 37 0.08748320728709807
4 38 -0.12050452122386932
4 39 0.001466514809117609
5 5 0.0
5 6 -0.16921842101758866
5 7 -0.13637800171599232
5 8 -0.027387717142651972
5 9 -0.0691621915286706
5 10 0.14047345823389606
5 11 -0.18032334607922035
5 12 -0.036948785806418694
5 13 -0.02991068330393044
5 14 -0.03083161768059577
5 15 0.05702723827394951
5 16 0.36646952416266204
5 17 -0.07438218684291216
5 18 -0.15068563273337823
5 19 0.06839902296158097
5 20 0.060182521156253
5 21 -0.13328592958080926
5 22 -0.06036793320509078
5 23 0.1843381555517289
5 24 0.1273906685290141
5 25 -0.19868121385486034
5 26 0.028184314966018892
5 27 0.053726802962535736
5 28 0.23927043263388476
5 29 0.05934242268607566
5 30 0.027951500250226725
5 31 0.09857022319574978
5 32 0.030697804546870912
5 33 0.28647873236104227
5 34 0.06880253117255794
5 35 0.10621695204056639
5 36 0.008643717928885854
5 37 0.07979621011699856
5 38 -0.03171373845059956
5 39 0.09323206289090256
6 6 0.0
6 7 -0.06537691581877321
6 8 0.21064930616526034
6 9 -0.006804333840347322
6 10 0.05199726793027003
6 11 0.2046874546242654
6 12 0.03770930234596099
6 13 0.03985738259216241
6 14 -0.036166945933230644
6 15 -0.02245989219195585
6 16 -0.08474003568961205
6 17 0.07757766280029986
6 18 0.16094562892888317
6 19 0.0756010495164661
6 20 -0.18271421954330616
6 21 0.21484943011345847
6 22 0.035747064090989114
6 23 -0.23234302448632072
6 24 0.08779032595255445
6 25 -0.07132456855884348
6 26 0.08428203092467959
6 27 0.06598377801509639
6 28 -0.05148330679042743
6 29 0.041219085138361825
6 30 -0.16265830675239085
6 31 0.033514299038620625
6 32 0.017847675520060724
6 33 -0.014683535740721884
6 34 0.044538740912627425
6 35 -0.21792246697866963
6 36 -0.1039828627594068
6 37 -0.10276005718145013
6 38 0.04226389964389233
6 39 0.018169617381511828
7 7 0.0
7 8 -0.026932518021273315
7 9 0.02775008354878839
7 10 0.07811216516253572
7 11 -0.0012502470334794936
7 12 -0.12797759355442911
7 13 0.05386831579627695
7 14 0.10214189078629834
7 15 -0.07276074255375638
7 16 -0.10882311738963343
7 17 0.0386539380565819
7 18 0.03280744458235535
7 19 -0.05180902020063277
7 20 0.023745023113698513
7 21 -0.003926781764693172
7 22 -0.05446432104101019
7 23 0.018312719292093438
7 24 -0.006042185323498576
7 25 0.15155433832107276
7 26 0.01418110014151619
7 27 0.03329997489155645
7 28 -0.061031132416430135
7 29 0.16351891649285938
7 30 0.04820846720197176
7 31 0.006526075310433031
7 32 0.031164007478965382
7 33 -0.1038938281610842
7 34 -0.09021870677625012
7 35 0.0611868387702207
7 36 0.13362476595473843
7 37 -0.04277622608727143
7 38 0.014939841621599694
7 39 -0.030827942352419656
8 8 0.0
8 9 0.002100835106424044
8 10 0.19777311148383475
8 11 0.010380062910010902
8 12 -0.13928036687017306
8 13 -0.06624883809459359
8 14 -0.05271945802893087
8 15 0.008474702660411625
8 16 0.1154256318828332
8 17 -0.051345602162669125
8 18 0.024137872123624875
8 19 -0.11157593378163835
8 20 0.014252442529878399
8 21 0.01539499656608576
8 22 0.01383813663056098
8 23 -0.06670106901806044
8 24 0.20988519422227836
8 25 0.023261275761549148
8 26 0.007971613159047068
8 27 -0.020074326313882916
8 28 -0.05425771856518369
8 29 -0.06602472784819394
8 30 -0.0714473642970383
8 31 0.069761440629332
8 32 0.03666188433418589
8 33 -0.10056231613132667
8 34 0.053656064155097785
8 35 -0.05905319992759332
8 36 -0.027830989784841602
8 37 -0.12906971597640926
8 38 0.13853803116611005
8 39 0.0711724052163313
9 9 0.0
9 10 -0.04719522251054244
9 11 0.1831264382748689
9 12 -0.17065158159143928
9 13 -0.003994258810589473
9 14 0.06912833689867652
9 15 -0.06675014269065487
9 16 -0.1780864314944513
9 17 -0.010232617179898384
9 18 0.028409671453097796
9 19 -0.07764918793553087
9 20 -0.1904976427540804
9 21 0.22112689876598784
9 22 0.1280566094426878
9 23 0.07280193785584013
9 24 -0.05703259362751214
9 25 0.07134145723285626
9 26 -0.01735523270441139
9 27 0.052880061589119134
9 28 -0.01376264305941861
9 29 -0.10824837905267756
9 30 0.0746333923803529
9 31 -0.0016553799762922265
9 32 0.06818908532319742
9 33 0.06256338261293769
9 34 0.05468599172430396
9 35 0.07229580692752022
9 36 -0.11460243443601081
9 37 0.14564541962202013
9 38 -0.03218134486209574
9 39 0.15232771251236968
10 10 0.0
10 11 -0.08632939684804561
10 12 -0.28556949285417865
10 13 0.10896529902262128
10 14 0.10313030268757162
10 15 0.040987740377860904
10 16 0.2492222676413177
10 17 -0.11593394641859085
10 18 0.06338733836569731
10 19 0.09436230387920855
10 20 0.11800960540239855
10 21 -0.12628379455957156
10 22 0.03075692214013096
10 23 0.05718538152644241
10 24 0.22142462997358786
10 25 0.06593234214277559
10 26 0.07809698339008544
10 27 0.0019703758801972436
10 28 0.08935206279865146
10 29 0.24816681492053094
10 30 0.08936189353907453
10 31 0.21129210525307615
10 32 -0.015760898798935004
10 33 -0.020018933516351235
10 34 -0.041828871490093025
10 35 0.1385036691791101
10 36 0.3220620278478974
10 37 -0.1844612256153931
10 38 0.22860682029742815
10 39 -0.03661399465981195
11 11 0.0
11 12 0.1208310250526731
11 13 -0.22803830235524014
11 14 -0.10268040739315372
11 15 -0.06682576823013894
11 16 -0.3147222218533317
11 17 0.14144972523237206
11 18 0.10687158256619608
11 19 -0.03433744376274173
11 20 -0.013103993540755008
11 21 0.28315262886092407
11 22 0.2572617174175914
11 23 -0.07718364575149109
11 24 -0.19514287174331477
11 25 -0.092888321859411
11 26 0.22602401684103057
11 27 -0.21355508720708735
11 28 -0.06858949637291022
11 29 0.08886502528197382
11 30 -0.07094185982153356
11 31 -0.12676067910910654
11 32 0.16827035512252358
11 33 -0.17281366337437307
11 34 0.15862715322907808
11 35 -0.15701463183392245
11 36 0.03996295621074426
11 37 0.050497257783982105
11 38 0.027626085916143427
11 39 -0.037760231773798295
12 12 0.0
12 13 -0.2339742960570891
12 14 -0.12086986687806749
12 15 0.1056211979056236
12 16 -0.07522077354394903
12 17 0.04935189249906328
12 18 0.10906585423104727
12 19 0.12830381708676433
12 20 0.05310746629930183
12 21 -0.06291591276070309
12 22 0.04700902162027108
12 23 -0.05568502140575031
12 24 -0.15838447984207293
12 25 -0.1232001208217092
12 26 0.10568817705579273
12 27 -0.08787264356514517
12 28 -0.14436660874253346
12 29 -0.11614515073206874
12 30 -0.2729337266241635
12 31 0.010925074573703862
12 32 0.15462680782353225
12 33 -0.10436299312453864
12 34 0.008163802776353772
12 35 -0.18298609374233848
12 36 -0.02110337624895974
12 37 -0.009212985001607272
12 38 -0.0538629110183644
12 39 -0.2526321988792323
13 13 0.0
13 14 0.20497578139119263
13 15 -0.03666247519210587
13 16 -0.00825799633860584
13 17 0.02270204886990481
13 18 -0.016587448202475735
13 19 0.007687476143662294
13 20 0.006545843936821047
13 21 -0.09385465751525032
13 22 -0.18310708458114672
13 23 0.03254397877011751
13 24 0.10406530486224133
13 25 0.17354807884985543
13 26 -0.06809038873171441
13 27 0.10368764954278495
13 28 0.05663123540997163
13 29 0.03108103732152462
13 30 0.13250896989730104
13 31 0.169808396203804
13 32 -0.17904030526866827
13 33 0.21835681862916484
13 34 -0.14357513688470663
13 35 0.01768697238119587
13 36 0.001592647670912625
13 37 0.007322979891417852
13 38 0.021357856166088072
13 39 0.0838295600012123
14 14 0.0
14 15 -0.05644922540936668
14 16 -0.14238054612907175
14 17 0.07385129252482263
14 18 0.02640832760019333
14 19 -0.018184839622207228
14 20 -0.0947865480170906
14 21 -0.04700905273721496
14 22 -0.03847006425656154
14 23 0.0937304711901647
14 24 0.0631920661040066
14 25 0.15955738862565286
14 26 0.020823852384564204
14 27 0.08385815808033933
14 28 -0.038330721668562474
14 29 -0.013208243961143992
14 30 0.05625986918627638
14 31 0.12664301520323212
14 32 0.06824427776470798
14 33 0.05546803514258736
14 34 -0.0929563906137176
14 35 0.1086325401508608
14 36 0.06518169925203249
14 37 -0.04083534016857516
14 38 0.04228388493462112
14 39 -0.09491427247327558
15 15 0.0
15 16 0.1616892544562306
15 17 -0.1308655444325183
15 18 -0.05678477989825235
15 19 0.1466625051331495
15 20 0.008649441717811276
15 21 -0.039109274616554085
15 22 -0.04801719778593265
15 23 0.03296536620994822
15 24 0.09218867029477626
15 25 -0.04088370188686001
15 26 0.012199734712451307
15 27 -0.026145808430786344
15 28 0.029298671209494014
15 29 -0.119419788936303
15 30 -0.07188221479752722
15 31 -0.04030436469825354
15 32 -0.08072977210727086
15 33 0.056286133312450914
15 34 0.07523837617959576
15 35 0.06627318106983893
15 36 -0.09467641576109508
15 37 -0.04054097628147669
15 38 -0.0114813526885683
15 39 0.003509354054629179
16 16 0.0
16 17 -0.3699438233209348
16 18 0.04180853706590799
16 19 0.2745384637084066
16 20 0.1487505673578108
16 21 -0.17172525602823202
16 22 0.03316891793193746
16 23 0.16231953749671083
16 24 0.22586034554771608
16 25 -0.0037627911627084462
16 26 -0.09375935975163352
16 27 0.175127861325385
16 28 0.20785085020335342
16 29 -0.048608658598414775
16 30 0.022782898398507077
16 31 0.1613927379513014
16 32 0.017717146727312193
16 33 0.24685488354493498
16 34 0.02893028902610692
16 35 0.011736187531396262
16 36 -0.020289099974481483
16 37 0.0875638347543334
16 38 -0.13973940172222116
16 39 0.03149082821940653
17 17 0.0
17 18 -0.05548138417547138
17 19 -0.15693293571392858
17 20 0.006228636002611069
17 21 0.07455376238257566
17 22 -0.014064361944405713
17 23 -0.06610756261506665
17 24 -0.08207124867791328
17 25 -0.025343298800067905
17 26 0.15755505223474223
17 27 -0.07977918225684541
17 28 -0.0858119900933838
17 29 0.13893570731059465
17 30 -0.04157716110505312
17 31 -0.06588594177751045
17 32 0.051318571895148456
17 33 -0.049009965909333174
17 34 0.0072511507866228776
17 35 -0.035510718181978054
17 36 0.0957196733258868
17 37 -0.04163146239944189
17 38 0.05376775247203378
17 39 -0.021042644562178827
18 18 0.0
18 19 0.04621928977445715
18 20 -0.022507524991378786
18 21 0.04636212378257679
18 22 0.13712724347980013
18 23 -0.03660059711745832
18 24 -0.08324381230222469
18 25 0.09828525149815673
18 26 -0.08998615760079036
18 27 0.09845253023644553
18 28 -0.13051367629405403
18 29 0.07667539994502418
18 30 -0.07589142460537399
18 31 0.11315107979308284
18 32 0.14013367762508017
18 33 -0.10099555122984998
18 34 -0.041159003454352826
18 35 -0.1290448827759186
18 36 0.130159706499811
18 37 0.0764732618261353
18 38 -0.011738726284299164
18 39 -0.08982320757337739
19 19 0.0
19 20 -0.10228050672359701
19 21 0.04347813952171624
19 22 0.05982599664899344
19 23 -0.02790054373738695
19 24 0.01594547788658688
19 25 -0.030493458150619455
19 26 0.09670035335822444
19 27 0.11548462885607998
19 28 0.08203047886139306
19 29 -0.04166114400522093
19 30 -0.03437100962292182
19 31 0.082463242614619
19 32 0.013559964100415836
19 33 0.15378687454835596
19 34 -0.03989260511810352
19 35 0.033297494769540595
19 36 -0.04661959293345862
19 37 -0.03416227344281907
19 38 -0.07789621627819573
19 39 -0.1439895074251344
20 20 0.0
20 21 -0.27302167477457084
20 22 -0.037963372680580774
20 23 0.06806482304885177
20 24 -0.022454549735059802
20 25 0.027046742104453604
20 26 0.034299639268263
20 27 -0.2660731347015165
20 28 -0.008211126564247485
20 29 0.1564315895340638
20 30 0.044681023806800654
20 31 0.037232418367775987
20 32 -0.0550481166933818
20 33 -0.12647924114401424
20 34 -0.03030262992289682
20 35 -0.07873632468397207
20 36 0.2803045767839978
20 37 -0.05121377889117157
20 38 0.11641320342441389
20 39 -0.07326586444493217
21 21 0.0
21 22 0.04731394319157524
21 23 -0.15478953530893708
21 24 -0.10085755326083697
21 25 -0.01698809055732134
21 26 0.1036909391237695
21 27 0.12121238534997658
21 28 -0.09361085062988497
21 29 0.005460769352479511
21 30 -0.06723694567723734
21 31 -0.12218547262124495
21 32 0.028352388510166093
21 33 0.16186367253142037
21 34 0.08878760688740958
21 35 0.06904796100864026
21 36 -0.1786638202592532
21 37 0.127702286536143
21 38 -0.05917907320388767
21 39 0.24920603226772625
22 22 0.0
22 23 0.13650321497994017
22 24 -0.13807428754829582
22 25 0.0831643641209672
22 26 0.17633113856282093
22 27 -0.0354852998957344
22 28 0.07519983377133313
22 29 -0.10341019557789703
22 30 0.10393227298548273
22 31 -0.007135486339717277
22 32 0.33540285635500183
22 33 -0.3283779578525311
22 34 0.2014664295766902
22 35 -0.1356755382246591
22 36 0.19884920821809465
22 37 0.11903080793093998
22 38 -0.10852199717351523
22 39 -0.30572980394024596
23 23 0.0
23 24 0.1071088235306756
23 25 0.0747462071306517
23 26 -0.020688371245746736
23 27 0.019449316655495926
23 28 0.12129402669827302
23 29 -0.04948113512992107
23 30 0.057253774541582106
23 31 0.052398053797733726
23 32 0.106822839607739
23 33 0.04239100052220317
23 34 0.09869920805663696
23 35 0.06000865699114984
23 36 0.05399565148854281
23 37 0.10979152960061704
23 38 -0.11896364174265572
23 39 -0.016590804226530767
24 24 0.0
24 25 0.014227363274008403
24 26 -0.028421928007880033
24 27 0.07727716117143733
24 28 0.07945771694787243
24 29 -0.04055793574620045
24 30 -0.053923104063319
24 31 0.07998162354336871
24 32 -0.0618468515627301
24 33 0.10083347689341957
24 34 0.03770815474106227
24 35 0.05008286997027859
24 36 -0.08170038487246398
24 37 -0.13368507054323314
24 38 0.02820155256457534
24 39 0.08473890748020771
25 25 0.0
25 26 0.01992303358649837
25 27 0.09761663142276421
25 28 -0.14116324338833927
25 29 -0.06899906867888819
25 30 0.06596378776890663
25 31 0.14538577316452492
25 32 0.09451673171428963
25 33 -0.051233576113092746
25 34 -0.10722694992620443
25 35 0.05565865491498303
25 36 0.10712040678018253
25 37 0.03279408385347223
25 38 -0.001325631898628503
25 39 -0.05935466380736264
26 26 0.0
26 27 -0.08730089876199812
26 28 -0.014074363299849863
26 29 0.08507892617629845
26 30 -0.06212410857881691
26 31 0.06995847401241767
26 32 0.24293943940477852
26 33 -0.02786306088865447
26 34 0.06314954373887191
26 35 -0.003385309720003405
26 36 0.1446894770119076
26 37 -0.0498825825126971
26 38 0.059126072605998226
26 39 -0.16560344469272595
27 27 0.0
27 28 0.013372738809464635
27 29 0.013926041370409176
27 30 -0.03130557252984728
27 31 0.1256988993759832
27 32 0.059640543790373854
27 33 0.2178594698882323
27 34 -0.07205635035876139
27 35 0.07946146392529276
27 36 -0.10063851110878148
27 37 0.12279415906220119
27 38 -0.1569995638733213
27 39 0.13621720186661718
28 28 0.0
28 29 0.0639443706716246
28 30 0.12963001108098066
28 31 -0.03515859260927328
28 32 -0.04881581028506647
28 33 0.07079501659420925
28 34 0.09735581967575344
28 35 -0.015609211390440234
28 36 -0.02931394727606797
28 37 0.04981799499957526
28 38 -0.09905103635164933
28 39 0.01074601014540729
29 29 0.0
29 30 0.017687969785357534
29 31 -0.027607140425932743
29 32 -0.034549977150175236
29 33 -0.059706444577208105
29 34 -0.025878447189254316
29 35 0.009591590308249978
29 36 0.37389411591555655
29 37 -0.015588976940281895
29 38 0.05857033629112075
29 39 0.09830251622683718
30 30 0.0
30 31 -0.006217069218799368
30 32 -0.073358365481935
30 33 -0.01705465608114168
30 34 -0.039891416316234954
30 35 0.07033365029496094
30 36 0.08381997748345929
30 37 0.042046049896098614
30 38 0.008054805601621697
30 39 -0.018028968331645055
31 31 0.0
31 32 0.15184674830339
31 33 0.1361621893337605
31 34 -0.22358840175816996
31 35 -0.044100727760379835
31 36 0.11719225594312563
31 37 -0.03510768207005728
31 38 0.10483111773528822
31 39 -0.095355234920497
32 32 0.0
32 33 -0.15011877420895556
32 34 0.054209750740183846
32 35 -0.1023882578420332
32 36 0.1257599841691684
32 37 0.09850087783031182
32 38 -0.0691115951664212
32 39 -0.28405195965842733
33 33 0.0
33 34 -0.06965217911221432
33 35 0.1831583136419481
33 36 -0.25566637125387953
33 37 0.14824973043942807
33 38 -0.06871481555445955
33 39 0.3595044698564146
34 34 0.0
34 35 -0.015178649192934126
34 36 -0.05977126442022497
34 37 0.11163760214254762
34 38 -0.09880174451647539
34 39 0.06969564263139916
35 35 0.0
35 36 0.01442368896583586
35 37 -0.00860975921123316
35 38 0.05866713680532074
35 39 0.1555461089844245
36 36 0.0
36 37 -0.07134126028073678
36 38 0.15320490051062993
36 39 -0.20783452567689165
37 37 0.0
37 38 -0.1951717664119843
37 39 0.17348752850997845
38 38 0.0
38 39 -0.027786961662273697
39 39 0.0
