0 0 0.0
0 1 0.11166141020323032
0 2 0.0516569383707717
0 3 0.01942136321243765
0 4 0.062403319121947985
0 5 -0.10241721836745654
0 6 -0.15339099971493267
0 7 -0.19260884363203234
0 8 -0.1168597574368446
0 9 0.020228636981711838
0 10 -0.1807180257704815
0 11 0.016468373122894685
0 12 0.06769519237123561
0 13 -0.004722204821211308
0 14 0.03320167726019192
0 15 -0.010395624857723055
0 16 -0.07358727137132379
0 17 -0.00469689905730063
0 18 0.00541722740079012
0 19 -0.15424109318376283
0 20 -0.029847965573420877
0 21 0.044441738821150135
0 22 0.1218419089681921
0 23 -0.02047929670156037
0 24 0.15674527322171067
0 25 0.09122560306327308
0 26 -0.16248887117573405
0 27 0.04047810575876981
0 28 -0.11900951287358907
0 29 0.01642344845307638
0 30 0.15370057772484658
0 31 -0.10994149471992236
0 32 -0.2956220830728971
0 33 0.14800744131823665
0 34 -0.05841522072751326
0 35 -0.11607103719633967
0 36 -0.04880520689780977
0 37 0.028967104778806894
0 38 0.17054285559041635
0 39 -0.1087782775632206
1 1 0.0
1 2 0.01444559448864521
1 3 -0.05437605150521474
1 4 0.04093159696222878
1 5 0.12446406618293335
1 6 -0.032646113090135445
1 7 0.12688199217605453
1 8 0.001338469518458472
1 9 -0.007776755228645664
1 10 -0.08044885050306985
1 11 0.13701343400935956
1 12 -0.07896228696793241
1 13 -0.11777316657741096
1 14 0.006825752620958794
1 15 -0.05052637890964928
1 16 -0.08987599471438863
1 17 0.06257990221325062
1 18 -0.150589562149461
1 19 0.12276881221831384
1 20 -0.10325528970627121
1 21 0.012849173472111486
1 22 0.09049659416322417
1 23 0.1937757186251607
1 24 0.12706629603047997
1 25 0.05913599593868474
1 26 0.0719314418781746
1 27 0.1257793903822655
1 28 0.06811756639128684
1 29 0.007500195325906183
1 30 0.012701493628666549
1 31 -0.30063782004472217
1 32 -0.030311435344088828
1 33 0.14219824568204928
1 34 -0.03237234901930095
1 35 0.013555276146674233
1 36 -0.12912261533007524
1 37 0.07511377001002933
1 38 0.06273219566921248
1 39 -0.011761241266959101
2 2 0.0
2 3 -0.04047284082178397
2 4 0.026003294230868456
2 5 -0.12176235976563406
2 6 -0.20214700592338156
2 7 -0.03906352005753048
2 8 0.04848285037268673
2 9 -0.16674747608690638
2 10 -0.004112366579672881
2 11 0.01333149306354943
2 12 -0.087562528723447
2 13 -0.16163004764847694
2 14 -0.09486208881714822
2 15 -0.1256035980170957
2 16 -0.044207686118245666
2 17 -0.09140063310531567
2 18 0.07058294246151292
2 19 -0.20268147780021867
2 20 0.13216884909683557
2 21 0.061104714880932186
2 22 -0.018175175471667308
2 23 0.016162744179143165
2 24 0.0035622713230082704
2 25 -0.028385240359516783
2 26 0.04487900578460598
2 27 -0.03083892636190392
2 28 -0.07175955083077579
2 29 -0.03892731262096239
2 30 0.09715143457498579
2 31 -0.018868411189287816
2 32 -0.07419748713092131
2 33 0.06857433502647979
2 34 0.0072993556143409605
2 35 -0.018732152518426207
2 36 0.1906614938447733
2 37 -0.10625311470369517
2 38 0.1441608879761003
2 39 -0.21237400611179452
3 3 0.0
3 4 0.10669927787136227
3 5 -0.09558546942524189
3 6 -0.017127989702826234
3 7 -0.03927090934431037
3 8 0.07943712767709707
3 9 -0.0066416473780855825
3 10 -0.17817174606290187
3 11 -0.1884883487092636
3 12 0.007972663504168193
3 13 -0.03451264668317497
3 14 0.08298176859198651
3 15 -0.1815547451870961
3 16 -0.01684657132517759
3 17 -0.0645726141481184
3 18 0.0728699788052853
3 19 -0.04171206586345775
3 20 -0.011366404607540214
3 21 0.09308573699003608
3 22 0.1599441554943458
3 23 -0.13230188598272657
3 24 0.041929588971264295
3 25 0.012790576298587115
3 26 0.13140984142470738
3 27 -0.08127732597914351
3 28 -0.0028516912691810142
3 29 -0.006711759155863364
3 30 -0.25455004557821065
3 31 -0.004660884413076378
3 32 0.010470581388819388
3 33 0.010360008339250382
3 34 -0.04150074028625789
3 35 0.08803397738158225
3 36 0.05824592044089505
3 37 0.02087227138253172
3 38 0.1149277308674923
3 39 0.06672279298699317
4 4 0.0
4 5 0.36317248449180517
4 6 0.016504227725765576
4 7 0.05766680105387467
4 8 0.18342603726587048
4 9 -0.15280085049710512
4 10 -0.11878333510084382
4 11 -0.10014755343806184
4 12 -0.10393492820098145
4 13 -0.21441932498198257
4 14 -0.07072464013546462
4 15 -0.04626473119134498
4 16 0.07087005905540347
4 17 0.0837507910976206
4 18 0.05415682172158711
4 19 0.00010974662981362362
4 20 0.11347458507935268
4 21 0.05342830476514908
4 22 -0.22149748117816093
4 23 -0.028837898441169445
4 24 0.07249033260875112
4 25 0.05056138720532066
4 26 -0.04109013640300459
4 27 0.014048441586237448
4 28 0.039384557604951895
4 29 -0.11138482059442327
4 30 -0.04332344679396713
4 31 -0.049689180137818964
4 32 -0.022627251853316044
4 33 0.19432443854889092
4 34 -0.05394473725593126
4 35 -0.01265616192976316
4 36 -0.09586172289471746
4 37 -0.17982127893061334
4 38 0.1567392282401529
4 39 0.027167683111496643
5 5 0.0
5 6 0.25344463673407586
5 7 0.28796312758031667
5 8 0.2374494968206994
5 9 0.02562618619104815
5 10 0.014154445806652732
5 11 0.008108869310870643
5 12 -0.17636692750779234
5 13 -0.15309683266714333
5 14 -0.08070879363240535
5 15 0.14378781419485698
5 16 0.11952763001458248
5 17 0.1183479630671453
5 18 -0.040871702181556335
5 19 0.4043502198736009
5 20 -0.009688127192790125
5 21 0.14022459508638402
5 22 -0.3045273852991631
5 23 0.04475668988806196
5 24 0.16410289138622855
5 25 -0.011464651354253428
5 26 -0.025032626918095918
5 27 0.14321402674815753
5 28 0.1894980861478905
5 29 -0.023874448474347755
5 30 -0.18902559875210462
5 31 0.0286227631053941
5 32 0.22673123468372566
5 33 -0.04786204986660518
5 34 -0.03277021631425627
5 35 0.0015707642032124019
5 36 -0.16781518959613956
5 37 -0.2271930673610402
5 38 -0.18312473215191644
5 39 0.04604131155043843
6 6 0.0
6 7 0.3747860088054779
6 8 0.17746385211286575
6 9 0.08328039516080392
6 10 0.1007108466373767
6 11 0.06719878594370507
6 12 0.034840629843982375
6 13 0.050827674822145265
6 14 0.009728926669920415
6 15 -0.0029776608119571834
6 16 -0.015202074126639407
6 17 0.11880602314256168
6 18 -0.13356334908443254
6 19 0.1354577064448094
6 20 -0.0591492178539245
6 21 0.13248156337988332
6 22 -0.14604782109295272
6 23 0.12822121587675123
6 24 -0.1541434924905628
6 25 0.05517629678294954
6 26 -0.028450650298850227
6 27 -0.04661460759014407
6 28 0.05307902129288614
6 29 0.13453280629966993
6 30 -0.177296156426755
6 31 0.13075398095433263
6 32 0.1641793643314798
6 33 -0.18013867482388665
6 34 0.04014462317941579
6 35 0.019711186275267793
6 36 0.027663077036814664
6 37 -0.017445638574306796
6 38 -0.11401102135815837
6 39 0.25609864241563673
7 7 0.0
7 8 0.1821931895783257
7 9 -0.1494384624804555
7 10 0.05785636038814248
7 11 0.23410612439104245
7 12 0.041584972522193106
7 13 -0.24043321746316598
7 14 0.045553179025947396
7 15 -0.07794811710191234
7 16 -0.08302379670804351
7 17 0.018261016161938797
7 18 -0.2680662789382796
7 19 0.045922167074348916
7 20 0.11359881391569182
7 21 0.12019890061269915
7 22 -0.10110493413717417
7 23 0.2602748403265226
7 24 -0.24945557232272253
7 25 0.03950835939428422
7 26 0.09815192250542491
7 27 -0.04162925472891001
7 28 -0.024423820579036193
7 29 0.31805227897369137
7 30 -0.1705654708034961
7 31 0.18016980795939272
7 32 0.27090202408151487
7 33 -0.036616254635905454
7 34 0.0793426071888799
7 35 0.13793613496777887
7 36 0.09115837124281853
7 37 -0.22641574049474295
7 38 -0.11832228126930824
7 39 0.3297458061218068
8 8 0.0
8 9 0.061914367543503344
8 10 -0.004444287792749896
8 11 -0.09276094907734271
8 12 -0.08429127342517496
8 13 -0.04832980224565826
8 14 -0.07930617329652054
8 15 -0.05108028512892769
8 16 0.027017870362581835
8 17 0.0773698039661806
8 18 0.04322692658329959
8 19 0.12778611292524736
8 20 0.029082080147993704
8 21 0.1460485587548857
8 22 -0.18908121622183272
8 23 0.04468683729721299
8 24 -0.03207189693529803
8 25 0.036122008065020805
8 26 0.08353491789534248
8 27 -0.08143941334236846
8 28 0.14523894395612166
8 29 -0.04172946440681295
8 30 -0.18724412765044457
8 31 0.05109309641068908
8 32 0.06376589714769651
8 33 -0.0014223910931356303
8 34 0.03912685290056696
8 35 0.005479867392447576
8 36 0.13730546957258974
8 37 -0.06637967656110738
8 38 0.11312323525693876
8 39 0.052190130307410286
9 9 0.0
9 10 0.020300768155860602
9 11 -0.06955345520671144
9 12 0.08769251018533793
9 13 0.17380890308165164
9 14 -0.08359446186251127
9 15 0.29742665443362554
9 16 0.05737548834775582
9 17 0.1330026891908577
9 18 0.0183463331929107
9 19 0.25882533729171747
9 20 -0.21369283745889994
9 21 0.03226101491851531
9 22 0.11815983678473804
9 23 -0.16696996130849412
9 24 0.1521803814548593
9 25 0.087005976155636
9 26 0.15403069772147396
9 27 -0.03822908094833456
9 28 0.12245949502636244
9 29 -0.014325671130603224
9 30 -0.07879779379961489
9 31 -0.07594693046657022
9 32 -0.2192917040581789
9 33 -0.049367892789456774
9 34 -0.01827490840635875
9 35 -0.021882658127980174
9 36 0.2417370665683191
9 37 0.284321302780639
9 38 0.18822839160034197
9 39 -0.018741611780245016
10 10 0.0
10 11 0.03768706240597101
10 12 -0.10857367956498779
10 13 0.029163497167106422
10 14 -0.03524211691798207
10 15 0.02083179575222493
10 16 -0.010915048315386552
10 17 0.0337874058470128
10 18 -0.08882611577315028
10 19 0.041683925605040424
10 20 -0.04902443764258177
10 21 -0.07517438805150242
10 22 -0.0048578128245189735
10 23 0.02607191225916226
10 24 -0.1576481720977024
10 25 -0.03085833292950831
10 26 0.06995199931215683
10 27 0.0618500428738447
10 28 0.13168604188950714
10 29 -0.06254696357839828
10 30 -0.00450743059031713
10 31 0.04155702488382593
10 32 0.18647225990126637
10 33 -0.18252556702137873
10 34 0.04755650892662665
10 35 0.0710048733119991
10 36 -0.011432303856982745
10 37 0.09762033473895934
10 38 -0.0880465976435305
10 39 0.07271481969363483
11 11 0.0
11 12 -0.0019397799685726218
11 13 0.05310725527057558
11 14 -0.006013978308522227
11 15 -0.029671338085241784
11 16 0.022562935937127195
11 17 -0.0360542199199893
11 18 -0.10531725969766234
11 19 -0.061279968584731406
11 20 0.07346894949261698
11 21 0.04305105862401125
11 22 0.14266743635408902
11 23 0.10892368815141133
11 24 -0.06973749284125197
11 25 0.09166374605366132
11 26 0.041975462549591835
11 27 0.08384337332589704
11 28 -0.19429916172922276
11 29 0.1926820528165581
11 30 0.1524848333461189
11 31 -0.07584836441223006
11 32 0.17652348778916402
11 33 0.06356515607704104
11 34 -0.09125048432764915
11 35 -0.1288071642712058
11 36 -0.01430600026889399
11 37 -0.04780623343902725
11 38 -0.2959984611028221
11 39 0.047839964881210215
12 12 0.0
12 13 0.04858440023169648
12 14 0.17054454935680302
12 15 -0.07106245433621876
12 16 -0.18130704766224018
12 17 0.04724912591381392
12 18 -0.01945201933047778
12 19 0.008472779413138565
12 20 0.07795520383970042
12 21 -0.10879314284954304
12 22 -0.03597222628517811
12 23 0.1051445791500566
12 24 0.019814837049349866
12 25 0.11066602275544182
12 26 -0.08989988902312367
12 27 -0.08528160599817172
12 28 -0.41590815557492766
12 29 0.2166970362611719
12 30 0.15762699935829722
12 31 -0.016535997436158665
12 32 -0.09866603310441585
12 33 0.07344325997754372
12 34 -0.11126286409057248
12 35 -0.051618783106507984
12 36 0.11531806081960391
12 37 0.13200400895825076
12 38 0.2761110038847273
12 39 -0.1668773961031831
13 13 0.0
13 14 0.1076648629236319
13 15 -0.022310776217018873
13 16 0.04528703521599733
13 17 -0.0179899371254995
13 18 0.10902065852980616
13 19 0.10630967126045396
13 20 -0.017915345027785086
13 21 0.04667758055476385
13 22 0.07898142441773195
13 23 -0.07329371719688324
13 24 -0.07609599117733193
13 25 0.12473124746654644
13 26 -0.2529153833695512
13 27 -0.028153863946438505
13 28 0.125061828853616
13 29 0.005301507771060235
13 30 0.04462584628827189
13 31 0.11926554333759225
13 32 0.011036084048944936
13 33 -0.11138298345946747
13 34 0.032381055806452126
13 35 -0.310654845892904
13 36 -0.0650208914573426
13 37 0.16059548473969365
13 38 -0.14709235349798938
13 39 -0.07142810031502257
14 14 0.0
14 15 -0.08971993516341807
14 16 -0.13978893373018678
14 17 0.027149657589896015
14 18 -0.002706756412245003
14 19 0.209205452402932
14 20 0.03910160960944232
14 21 0.19399800155969904
14 22 0.13753883558588026
14 23 -0.062403941745878
14 24 -0.07248968376638236
14 25 0.09912779408809565
14 26 -0.1391318332038679
14 27 -0.00009433892546641953
14 28 0.029695083937212336
14 29 0.19671302495043336
14 30 0.0012683575308157003
14 31 0.19942150631196126
14 32 0.2996732297636983
14 33 -0.04147492923549467
14 34 -0.14948751585681208
14 35 0.02994414994229714
14 36 -0.04398427027663647
14 37 0.19403286642274495
14 38 -0.14481049276027383
14 39 -0.019234935307878863
15 15 0.0
15 16 0.14466115731412138
15 17 0.07605283061842005
15 18 -0.024947025164211344
15 19 0.2128278360381186
15 20 -0.1017758204883066
15 21 -0.01104604022338849
15 22 -0.02385301408666377
15 23 -0.2052345823483075
15 24 0.1344012900315877
15 25 -0.1166650194695158
15 26 0.046943916037195776
15 27 -0.01020677622968682
15 28 0.10448100632339272
15 29 -0.07209145505162698
15 30 -0.006801308819746421
15 31 0.05957636336605682
15 32 -0.19057919291613948
15 33 -0.02666031832234523
15 34 0.05235644449450745
15 35 0.10220879507595522
15 36 0.1782082239475515
15 37 0.06899454957098859
15 38 0.016622109850881226
15 39 0.015049823468584272
16 16 0.0
16 17 0.054591591341144406
16 18 0.17591454228287734
16 19 0.07028122979448573
16 20 0.03978902926649008
16 21 -0.03464503552538366
16 22 -0.08334372376290984
16 23 -0.1480566569739158
16 24 0.0005676430670640026
16 25 -0.06081315299266628
16 26 0.08456022701565172
16 27 -0.01820501396752113
16 28 0.2006238852191856
16 29 -0.039915988656167245
16 30 0.020480947847148382
16 31 0.01133412592324123
16 32 -0.020243589251770683
16 33 0.021098127088529765
16 34 0.0843342730020361
16 35 -0.06863938257491692
16 36 0.04886337773234424
16 37 -0.14424167465408766
16 38 -0.17888379676121013
16 39 0.005427360623691354
17 17 0.0
17 18 -0.0006234769213840445
17 19 0.13566832308080795
17 20 -0.019874331810439502
17 21 0.08960668745364415
17 22 -0.18849174449503409
17 23 -0.010873267128443923
17 24 0.12212337781464708
17 25 0.153887051893054
17 26 0.02641658376490543
17 27 -0.04598641149586853
17 28 0.21313687800157774
17 29 0.06723738139806743
17 30 0.020358727154700707
17 31 -0.12474510529136298
17 32 -0.01695178640262609
17 33 -0.0013945322526166734
17 34 0.07553133019931225
17 35 0.03191317853604646
17 36 0.12721415702871977
17 37 0.16406886745970786
17 38 0.025400455242762892
17 39 0.004495303648701962
18 18 0.0
18 19 0.04703593518443876
18 20 0.17621262199065063
18 21 0.09244172169792013
18 22 -0.03512148608021336
18 23 -0.1703517459551195
18 24 0.035437630370614676
18 25 0.014472340422372665
18 26 -0.007777030546923772
18 27 -0.09174050295232326
18 28 0.11877073851010486
18 29 -0.02994810241673789
18 30 0.031029546201421686
18 31 0.05881848551376954
18 32 -0.048189330674657624
18 33 0.09412384324006713
18 34 -0.025466178155992093
18 35 -0.12909237854120975
18 36 0.10542141290923235
18 37 -0.12377084211956184
18 38 0.022494334755606603
18 39 -0.16839746667710087
19 19 0.0
19 20 -0.1273056287653161
19 21 0.17277201013513396
19 22 -0.014049900669658635
19 23 -0.04992108293979246
19 24 0.04560324070620888
19 25 0.035509228807840895
19 26 0.12729737970448687
19 27 0.06756276169439134
19 28 0.27035232852147983
19 29 -0.002305570904949114
19 30 -0.15942748886762512
19 31 -0.045562194038630044
19 32 0.2397040557588579
19 33 -0.09014017140043232
19 34 -0.09703201812231085
19 35 0.042698410320029044
19 36 0.016800208932811332
19 37 0.15263332041470476
19 38 -0.0926176697148738
19 39 -0.008991015827805891
20 20 0.0
20 21 0.11380035460904905
20 22 -0.04410212114935187
20 23 -0.12462392830120494
20 24 -0.0006027435091864097
20 25 0.0463111488106242
20 26 -0.1898479767043398
20 27 -0.20456630582363147
20 28 0.17073994462207592
20 29 0.25670217034080733
20 30 -0.06047022001941662
20 31 0.1470169267384273
20 32 0.05668371266614859
20 33 0.1305410858465113
20 34 -0.07410865117790798
20 35 -0.1600002440073578
20 36 0.13746756434470647
20 37 -0.22728357939275648
20 38 0.06337755342638081
20 39 -0.26506576473285864
21 21 0.0
21 22 0.08352684001773521
21 23 -0.09426582783350597
21 24 -0.0007505096832679248
21 25 0.1384493130391231
21 26 -0.07129659066826757
21 27 -0.08179580575742156
21 28 0.17366299808617716
21 29 0.15636648233279898
21 30 -0.16598240836869413
21 31 0.1417915405280872
21 32 0.06701556263362309
21 33 -0.043912520431711476
21 34 -0.04775138431013063
21 35 -0.06302817125262355
21 36 0.22326024166575822
21 37 -0.05521199378063779
21 38 -0.016548319059277762
21 39 0.015055479761439608
22 22 0.0
22 23 -0.1511070373343607
22 24 -0.020104989998497504
22 25 0.04750826369730256
22 26 0.1556334462428185
22 27 0.0437773057820018
22 28 -0.00595807835327413
22 29 0.0744115945438574
22 30 -0.0674765168881564
22 31 -0.1214219083192611
22 32 -0.05914349282336201
22 33 0.02893216368426993
22 34 -0.13854625504632379
22 35 0.016637064135524376
22 36 0.07196249526329371
22 37 0.17977774114706335
22 38 0.09233285725186412
22 39 0.01376658467588355
23 23 0.0
23 24 -0.13595528990370626
23 25 0.0029026114616190674
23 26 -0.032250788447140806
23 27 0.10391037361787463
23 28 -0.18534259103202885
23 29 -0.041930471909767716
23 30 0.11624911825644475
23 31 -0.11219675450191191
23 32 0.03249761999465063
23 33 0.041945495051274026
23 34 0.09901773585864984
23 35 -0.002894517138985747
23 36 -0.1846141531031778
23 37 -0.07781296002968849
23 38 0.03367486950191105
23 39 0.12180823688163758
24 24 0.0
24 25 0.011450081371056941
24 26 -0.027998660249326412
24 27 0.10847985829572981
24 28 0.06752644162431035
24 29 -0.07633553556666886
24 30 -0.08038993369050962
24 31 -0.1729411859470948
24 32 -0.10099703559717028
24 33 0.07559919960877493
24 34 -0.011306238938924611
24 35 -0.03181613618581254
24 36 -0.03848290476074932
24 37 0.06239894833957832
24 38 0.05424495203169137
24 39 -0.33298804387302844
25 25 0.0
25 26 -0.08407009077195733
25 27 -0.014998154684166858
25 28 0.03517910091030079
25 29 0.11633207925798628
25 30 0.06333515164985588
25 31 -0.03863119122686161
25 32 -0.021049014168252014
25 33 0.065923106249331
25 34 -0.02403256242970949
25 35 -0.16005487624210096
25 36 0.05364403052386335
25 37 0.10761839750268913
25 38 0.06646754040767791
25 39 -0.02146747642495125
26 26 0.0
26 27 0.01192474931562008
26 28 -0.11780531777167629
26 29 -0.05958439631173781
26 30 -0.09233189412117085
26 31 -0.25189572845709235
26 32 0.14820822478498707
26 33 0.06360196524737646
26 34 -0.10801553934839078
26 35 0.3637928797182511
26 36 0.23804086025005322
26 37 0.08687215970838753
26 38 0.011631177345308436
26 39 0.20695734769264934
27 27 0.0
27 28 -0.07379666032921563
27 29 -0.17969812551092942
27 30 0.08492014221995825
27 31 -0.09733193130265473
27 32 0.10398593136342696
27 33 -0.0076346094019826794
27 34 0.04785979434285322
27 35 -0.009189030034174461
27 36 -0.2599892942130394
27 37 -0.0044388530337572864
27 38 -0.13763691128804084
27 39 0.006020597582464396
28 28 0.0
28 29 -0.03872344304958003
28 30 -0.296873118341524
28 31 0.0451020519663907
28 32 0.00032180220404421956
28 33 -0.08199485040593033
28 34 0.21133979216148369
28 35 -0.09590693661960158
28 36 0.046823924563545054
28 37 0.05222522763203781
28 38 0.04378591776850933
28 39 -0.11175638975253346
29 29 0.0
29 30 -0.022015616143508325
29 31 0.1039184870999541
29 32 0.10155203577090983
29 33 -0.03370529553216555
29 34 -0.18672153595617932
29 35 -0.024528155425671577
29 36 0.1585195188128273
29 37 -0.029807377240345333
29 38 -0.14387694063079332
29 39 0.0052511013729978455
30 30 0.0
30 31 -0.07642681854755037
30 32 -0.15084254163026528
30 33 0.15252493672958053
30 34 -0.0066494534898809245
30 35 -0.1239792582054077
30 36 -0.08399924512970144
30 37 -0.002865339098139291
30 38 -0.035180632794770794
30 39 -0.0480566906850716
31 31 0.0
31 32 0.15552941381958646
31 33 -0.16334162888471515
31 34 0.08814528983816015
31 35 -0.053421641973395786
31 36 0.05451991573996466
31 37 -0.18062393950111885
31 38 -0.2037510500163285
31 39 0.07608681895074929
32 32 0.0
32 33 -0.183646549809683
32 34 -0.14074587323125728
32 35 0.12633695277151785
32 36 -0.17725660976237828
32 37 -0.008871484087024085
32 38 -0.576425508296009
32 39 0.10507116763100506
33 33 0.0
33 34 -0.046782404536444486
33 35 -0.0605041332187228
33 36 0.01517945008989104
33 37 -0.09036477454063341
33 38 0.24826096298322892
33 39 -0.07914829335130857
34 34 0.0
34 35 -0.06012151503647778
34 36 0.011894080307504806
34 37 -0.08439768998578015
34 38 0.05031066288859833
34 39 0.04214496111161041
35 35 0.0
35 36 0.08343463664031381
35 37 0.06647627072632509
35 38 0.000574970781137079
35 39 0.2299944026335783
36 36 0.0
36 37 0.08279193736067052
36 38 0.29514083942514
36 39 -0.06280183228004368
37 37 0.0
37 38 0.13201792593829237
37 39 -0.04779484357331805
38 38 0.0
38 39 -0.18675448934584765
39 39 0.0
