0 0 0.0
0 1 -0.17678297411427418
0 2 0.021916089183198217
0 3 0.06994006686681904
0 4 0.09158266552316947
0 5 0.013740606457981785
0 6 -0.0865399153293528
0 7 0.08781714445853356
0 8 0.24720937247638491
0 9 0.118238894846455
0 10 -0.062212193977678035
0 11 0.08483441707660755
0 12 -0.04345308172191797
0 13 -0.12429068506502713
0 14 -0.08990656516190468
0 15 0.03590405805273623
0 16 0.03382676491753853
0 17 0.2468306883758858
0 18 0.016540662877882275
0 19 0.14217931778644788
0 20 0.05547026673324397
0 21 -0.10564381302552446
0 22 0.14924130200284158
0 23 0.0025610028340640454
0 24 0.0749128729124924
0 25 -0.07009847194713267
0 26 0.0022524625126703057
0 27 0.1693934689364124
0 28 -0.12299146385900983
0 29 -0.013149056843436013
0 30 0.00462913623845142
0 31 -0.1315771678110373
0 32 0.09914003672660456
0 33 -0.07193411038092856
0 34 0.06321163975685731
0 35 -0.09236618836686164
0 36 -0.06840343383404773
0 37 0.11771170188726184
0 38 -0.20621038997610155
0 39 -0.10568408931647397
1 1 0.0
1 2 0.07918469774538231
1 3 -0.08582387798840642
1 4 0.015912201329310247
1 5 0.0347754813393636
1 6 -0.1302807236270465
1 7 -0.09063752612075175
1 8 -0.0421353264653765
1 9 -0.1347682149805482
1 10 0.03219056874573521
1 11 0.01845456329750069
1 12 0.11433575430222172
1 13 -0.12195609107647717
1 14 -0.03445918144079195
1 15 -0.25299257111000173
1 16 0.02532656237170584
1 17 -0.07904365740106888
1 18 0.004352249058847423
1 19 0.09057632390071826
1 20 0.012917171702548386
1 21 -0.09580991971985485
1 22 -0.24873764861962888
1 23 -0.07275455857884985
1 24 -0.1280087647347909
1 25 0.11732766596279573
1 26 0.0030148447002998026
1 27 -0.11337114033503042
1 28 -0.0005657485701369028
1 29 0.056856817385442515
1 30 -0.011874532416618327
1 31 0.04015337754743166
1 32 -0.17556141728295888
1 33 -0.1312168929054378
1 34 -0.0461036031799413
1 35 -0.0973616371110844
1 36 0.12449097259881858
1 37 0.11403378527391306
1 38 0.13160676848079908
1 39 0.2547882081294649
2 2 0.0
2 3 -0.0013738888267587933
2 4 0.042491990974162584
2 5 -0.014375912406125407
2 6 -0.09955993309352676
2 7 0.02064572438406214
2 8 -0.09616187129573774
2 9 -0.03887483355925954
2 10 0.01576930139659414
2 11 -0.07688822735993403
2 12 0.04193274187363386
2 13 0.1117855078616167
2 14 -0.08754677345676068
2 15 0.08031958229566374
2 16 0.08813324342758297
2 17 -0.0626249202156118
2 18 0.06491244629565149
2 19 -0.06613487102370955
2 20 -0.01383485788803144
2 21 0.03568992395656787
2 22 0.1179751525940029
2 23 0.08009672288636065
2 24 -0.06279392373769717
2 25 -0.045147705864166485
2 26 -0.09548899307854218
2 27 -0.05747292335714643
2 28 -0.1190685289775342
2 29 -0.06102643511430238
2 30 0.05412450665791786
2 31 -0.08303524155779243
2 32 -0.03265603605473169
2 33 0.0050198350566697065
2 34 -0.0419976931165984
2 35 -0.0057869352322410155
2 36 0.004854436575282868
2 37 -0.023271754263406406
2 38 -0.00999295335503775
2 39 0.01741156141193169
3 3 0.0
3 4 -0.0751453174461716
3 5 -0.11223770070427246
3 6 0.21600763292867523
3 7 0.20304760015857687
3 8 0.04831752555597068
3 9 0.12416877972554881
3 10 0.16344689244424587
3 11 0.13563687775687133
3 12 -0.04291456526770133
3 13 -0.2088272324670999
3 14 -0.0661478953329663
3 15 0.09511383802791382
3 16 0.08590395731951467
3 17 -0.15012339531590846
3 18 -0.008360286132328964
3 19 0.20959456626973724
3 20 -0.22430601275824955
3 21 0.0035349521806766473
3 22 -0.09163214218932267
3 23 -0.058886441924090406
3 24 0.12319019299741016
3 25 0.06669376852332946
3 26 -0.07737289070990502
3 27 0.00755449000860395
3 28 0.0657962479377914
3 29 0.09663932249419353
3 30 -0.08848787213797346
3 31 0.2418865431041591
3 32 -0.08712583461062282
3 33 0.08700859747479042
3 34 0.2920952009062811
3 35 0.00910460941615697
3 36 -0.11318439508760927
3 37 -0.07485047171691231
3 38 -0.11966006535978872
3 39 -0.14549520408766384
4 4 0.0
4 5 0.06369293830935188
4 6 -0.17271236461248948
4 7 0.0949677567001264
4 8 0.12402386237119052
4 9 0.00022272610239464056
4 10 0.17110510500942283
4 11 -0.08599387321805894
4 12 0.11933936353604387
4 13 0.007111386637899809
4 14 0.05456290871739951
4 15 -0.0071216314062718415
4 16 0.00812572303699002
4 17 0.24816742362601815
4 18 0.0308802502871936
4 19 0.10848256100559814
4 20 0.02265608237002345
4 21 0.0946691147886271
4 22 0.06775515585042383
4 23 -0.08230401526059136
4 24 0.17972464733246446
4 25 -0.01323234800154555
4 26 0.029104259982868624
4 27 0.02855646470771018
4 28 -0.13088543600624225
4 29 -0.05484327478990743
4 30 0.11854002136135659
4 31 -0.08863266141654602
4 32 0.17725191607275817
4 33 0.002695298187274621
4 34 -0.06725586056439996
4 35 -0.07034144899743136
4 36 -0.1277023141974618
4 37 0.20737752199243115
4 38 -0.0036955560460421753
4 39 0.06842113525031178
5 5 0.0
5 6 -0.24742463955816257
5 7 0.039024052722842845
5 8 0.07095739818983077
5 9 -0.009252518635919778
5 10 0.05911608272101162
5 11 -0.009458949678421804
5 12 0.016249848367513704
5 13 0.031713951246797836
5 14 0.09260460895886462
5 15 -0.0340663417658193
5 16 -0.0847443851805168
5 17 0.14149399726723413
5 18 0.022627730950764792
5 19 0.08919494905597486
5 20 0.01969275178291127
5 21 0.05869323424798058
5 22 -0.02057547105091854
5 23 0.03271111664078811
5 24 -0.0411242035698949
5 25 0.07590947684866484
5 26 0.04449501214974484
5 27 -0.1268966925973532
5 28 0.013962824343471078
5 29 0.03409106459690501
5 30 0.055951740582231416
5 31 -0.11852767126227728
5 32 0.21922640839195667
5 33 0.017676199984987435
5 34 -0.16657575806311037
5 35 -0.030792046545138563
5 36 0.05493182811698054
5 37 0.07932313335583493
5 38 0.052003008371524384
5 39 0.16915452458701033
6 6 0.0
6 7 0.17724321000252213
6 8 -0.08674818064529834
6 9 0.144736913191084
6 10 -0.20734725478517144
6 11 0.12060808554771732
6 12 -0.18910100377479494
6 13 -0.04070428843971021
6 14 -0.09966764828940725
6 15 0.10767749139455338
6 16 0.13353676969096712
6 17 -0.32299652071149293
6 18 0.021159248000357966
6 19 0.052708096401416035
6 20 0.05698654377679354
6 21 0.12635659260672313
6 22 -0.28626263205700486
6 23 -0.05200381219905585
6 24 -0.258353050211334
6 25 0.17724122775588622
6 26 0.09742436294047882
6 27 0.10983045294148874
6 28 0.14415806363667844
6 29 0.11534962056958065
6 30 -0.22955094345256866
6 31 0.17214634106494858
6 32 -0.005845611314532632
6 33 0.21159082835753296
6 34 0.240244761273618
6 35 0.03195520182168625
6 36 0.012124362719144447
6 37 -0.1129544803101739
6 38 -0.07161564335417196
6 39 -0.07194996045636923
7 7 0.0
7 8 -0.041508164535402424
7 9 0.14399699216238437
7 10 0.11828266670702632
7 11 0.05560398555213788
7 12 -0.1365692982066798
7 13 -0.04162795715931493
7 14 0.10869797284202146
7 15 0.16833144055167
7 16 0.19188249909380845
7 17 -0.006533620016134392
7 18 0.14830455740651058
7 19 0.16713390505052222
7 20 0.01074047529416381
7 21 0.09077300671767688
7 22 -0.09861791815774414
7 23 -0.047736163634041026
7 24 0.04274331016869337
7 25 0.07049804513731293
7 26 0.0006247525344308265
7 27 -0.02127941318623744
7 28 -0.02015752229801959
7 29 0.08142293477722558
7 30 -0.056033499466742485
7 31 -0.03887970065812454
7 32 0.020415765153490507
7 33 0.09357332460957775
7 34 0.01278511878843307
7 35 -0.04134401055274334
7 36 -0.021377994655079804
7 37 0.027855891105106067
7 38 0.16468461647339555
7 39 0.002802029068527981
8 8 0.0
8 9 0.08428906669888572
8 10 -0.10513335865354649
8 11 0.23463136879596386
8 12 0.005369347087277888
8 13 -0.19335882059011866
8 14 0.012363774548772579
8 15 -0.012068161338433714
8 16 -0.14206514720933267
8 17 0.2371652770571163
8 18 -0.0940942045156025
8 19 0.14912168678592586
8 20 -0.05347432014519562
8 21 -0.057149108402950524
8 22 0.04169202860197857
8 23 -0.06138331637933099
8 24 0.05533388972425487
8 25 -0.033799275170464146
8 26 0.14024236929029482
8 27 0.11006166840814754
8 28 0.030526930245960694
8 29 0.043883084742652116
8 30 0.007241833500096913
8 31 -0.08874366042968294
8 32 0.1667483660745416
8 33 -0.1412923949202119
8 34 0.05683234491983648
8 35 -0.03647574633846333
8 36 -0.1250999675018303
8 37 0.2964496775635979
8 38 -0.1537733372670434
8 39 -0.08436725022497707
9 9 0.0
9 10 -0.017403233026025
9 11 0.05804075427744702
9 12 0.02393992690011938
9 13 -0.10025011554753069
9 14 -0.035949998608188496
9 15 0.05500870780648507
9 16 0.14520960004086533
9 17 -0.03665180190086454
9 18 -0.0302219729845478
9 19 0.09364527200702552
9 20 0.05447725911049406
9 21 -0.05160595354376045
9 22 -0.10396234973390839
9 23 0.08220366492615919
9 24 0.04376604458774536
9 25 0.08593419949381075
9 26 0.09229529459189491
9 27 0.11296599391529327
9 28 -0.1640493361747474
9 29 0.08058228907921901
9 30 -0.15668464429526693
9 31 0.06397766687799337
9 32 0.008988695625422514
9 33 -0.018179050415011284
9 34 0.07118629484431621
9 35 -0.12028831283788852
9 36 -0.011859593150697564
9 37 0.020550800563200525
9 38 -0.2207830054881419
9 39 -0.0014931735673424688
10 10 0.0
10 11 -0.0570327676251306
10 12 0.042322007839235634
10 13 -0.02430442327585828
10 14 0.14478296956403403
10 15 -0.09928733324683155
10 16 0.05626947623035676
10 17 0.10290901455996511
10 18 0.08454331423000978
10 19 0.27786571987813036
10 20 -0.011199420240801278
10 21 -0.0014595613689131
10 22 -0.14584071974991916
10 23 -0.16915989716008553
10 24 0.3035821064559211
10 25 -0.02828269554933304
10 26 -0.05360410480913071
10 27 -0.037632345730480174
10 28 -0.12809960272188847
10 29 0.038977617605857065
10 30 0.14061085237903503
10 31 0.06762748713112428
10 32 0.08843524168715106
10 33 0.028581147710486608
10 34 -0.015057681092228695
10 35 -0.030237167014459287
10 36 -0.01957630998710874
10 37 0.003881747788489915
10 38 0.1830218289715166
10 39 0.043061937444917577
11 11 0.0
11 12 -0.25100124265348084
11 13 -0.15485300812059846
11 14 -0.020417663029099694
11 15 0.031875516654723476
11 16 -0.10411529288846222
11 17 -0.06777012299570076
11 18 -0.005878375647605048
11 19 0.20658600216991388
11 20 -0.0478769493652513
11 21 -0.12364570928927607
11 22 -0.2961083824691961
11 23 -0.15820647876707977
11 24 -0.2180364586273492
11 25 0.06764664623950044
11 26 -0.01306805520036539
11 27 0.04049397091530786
11 28 0.11075897395046672
11 29 0.11630940075418761
11 30 -0.081695200328538
11 31 0.03649747544626311
11 32 0.16435078583582083
11 33 -0.12174952878744971
11 34 0.09794273634491726
11 35 0.12212623088500692
11 36 0.070572227821699
11 37 0.10879787074888565
11 38 -0.09560136923458663
11 39 0.029112171401683273
12 12 0.0
12 13 0.11240028284649599
12 14 -0.036374564764166
12 15 -0.1208066726261597
12 16 -0.0011414882590766078
12 17 0.0364558755504312
12 18 -0.14402092057633792
12 19 -0.14518469783363414
12 20 -0.05941123654534205
12 21 0.007600193423818344
12 22 0.2077836823544204
12 23 0.11827350219395147
12 24 0.2615039166444625
12 25 -0.007853539648954118
12 26 0.055977873889058394
12 27 -0.050348337368337916
12 28 -0.02478606857493457
12 29 -0.04400157651834568
12 30 -0.07161748469344995
12 31 0.02056745898214817
12 32 -0.14766275404766682
12 33 0.06333233503272506
12 34 -0.11063966797276972
12 35 -0.06802679268436049
12 36 -0.07516713141695182
12 37 0.056467767657825726
12 38 -0.0014058454310350165
12 39 0.04937683905983441
13 13 0.0
13 14 0.05951664264695309
13 15 0.008916736864597123
13 16 -0.05834580422493842
13 17 -0.13300888976236921
13 18 -0.027603738722905675
13 19 -0.25304334645363336
13 20 0.028098023571885844
13 21 0.1006541903553285
13 22 0.20485952829916795
13 23 0.10039235983400693
13 24 -0.08062328141058041
13 25 -0.03710202798369237
13 26 0.0002717655144318816
13 27 -0.15657940410724042
13 28 0.09130284144059496
13 29 -0.018307482530635702
13 30 0.0063757472110268195
13 31 -0.1172553976082519
13 32 0.04999347135621844
13 33 0.16404795946036704
13 34 -0.1570335327259903
13 35 0.16800924141450455
13 36 0.006699107323279209
13 37 -0.12305410006310771
13 38 0.11564731019979228
13 39 -0.021367818435657677
14 14 0.0
14 15 -0.09362786537465495
14 16 -0.09274172384482234
14 17 0.11727230879492008
14 18 0.003939856634630928
14 19 0.0991255840591931
14 20 0.00774506060292207
14 21 0.05086979195578678
14 22 -0.006841135956985005
14 23 -0.04942299861461037
14 24 0.11417755230432876
14 25 -0.11901780440995342
14 26 0.19479235770501918
14 27 -0.0794433394307681
14 28 0.08221052843767367
14 29 0.06216614726096772
14 30 0.13329779876791306
14 31 -0.07042385410974275
14 32 0.01129005961594703
14 33 -0.18778443313619214
14 34 -0.001042798342403815
14 35 -0.00038083671050953
14 36 -0.03113973560008464
14 37 0.05871696707747438
14 38 0.1687625480338784
14 39 -0.12060467770163834
15 15 0.0
15 16 0.02247025917425398
15 17 -0.026400571890449427
15 18 0.04783924733517821
15 19 -0.1942837725845502
15 20 -0.12767141004399316
15 21 0.19243168112833414
15 22 0.14748928437588285
15 23 0.11849053546625983
15 24 -0.01794310584261545
15 25 -0.054731921178592005
15 26 -0.1583306305644149
15 27 0.021954592443880226
15 28 -0.029824876072073465
15 29 -0.13448997500957033
15 30 -0.006105603595529918
15 31 -0.04860165348271155
15 32 0.1272491055726342
15 33 0.13562756295132514
15 34 -0.018130441778633054
15 35 0.11847872008328768
15 36 -0.049711695085525046
15 37 -0.0693028652948314
15 38 -0.09730026886370771
15 39 -0.06145202591522395
16 16 0.0
16 17 -0.13683893491368718
16 18 0.1540935710318962
16 19 0.08021206754213601
16 20 0.1064734928157595
16 21 -0.02320211579784186
16 22 -0.04010639004595227
16 23 -0.0032702215302240966
16 24 0.007827596596515617
16 25 0.0681185683448923
16 26 -0.019591162415043786
16 27 0.08002182154373044
16 28 -0.23668038153110924
16 29 -0.022000180993884514
16 30 -0.057093102385068394
16 31 0.023257761820416466
16 32 -0.10199755904981897
16 33 0.10524617551640396
16 34 0.02341397235645705
16 35 -0.15031296754416068
16 36 -0.035834353927149606
16 37 -0.033251045849749264
16 38 -0.04268196203788706
16 39 0.059730798238419855
17 17 0.0
17 18 -0.03252730387626958
17 19 0.0824470837623352
17 20 0.059624575961249926
17 21 -0.023335353784696092
17 22 0.1442984055204502
17 23 -0.054100714473824627
17 24 0.23758883729604818
17 25 -0.13605635057496562
17 26 0.05293056522417343
17 27 0.09214779996872609
17 28 -0.08869966200020032
17 29 -0.02490754434212837
17 30 0.13358913767981911
17 31 -0.19031583234333665
17 32 0.14688481842989765
17 33 -0.17179822028257483
17 34 -0.08429817390619024
17 35 -0.10692076929019834
17 36 -0.06897695264073588
17 37 0.18247352047579735
17 38 0.03171423855105314
17 39 -0.10085556680979253
18 18 0.0
18 19 0.12498884083809277
18 20 0.11671029489232128
18 21 0.01664039182997319
18 22 -0.013023522760648613
18 23 -0.12613527366344407
18 24 -0.06883619859063216
18 25 0.01921677824940089
18 26 -0.036080647041318546
18 27 0.03128232198493122
18 28 -0.16661747610841554
18 29 -0.06129759969066582
18 30 0.04596012953302413
18 31 -0.08538107499993233
18 32 0.07953317820078451
18 33 0.08616391892801625
18 34 -0.07422292960019534
18 35 -0.07009149492481538
18 36 -0.05141784836807055
18 37 0.010521696749323555
18 38 0.06098759585686344
18 39 0.05774920001078572
19 19 0.0
19 20 0.11136327305039972
19 21 0.01002492926920334
19 22 -0.3444859789250615
19 23 -0.24327987594214545
19 24 0.028798186704332866
19 25 0.101285618320805
19 26 0.16047230051819178
19 27 0.06828206301072955
19 28 -0.019250781245923835
19 29 0.11966529968728352
19 30 0.040012229340352826
19 31 0.1154404284770911
19 32 0.24053546092064945
19 33 -0.10539641677681817
19 34 0.13139951565182026
19 35 -0.1630811618874803
19 36 0.03687715300929959
19 37 0.14461596367015617
19 38 -0.02683403387797011
19 39 0.11063567969057139
20 20 0.0
20 21 -0.07058458077433065
20 22 -0.09533915654722261
20 23 -0.09081152876953973
20 24 -0.11185270097051017
20 25 0.050359571091072496
20 26 0.12031322497648529
20 27 0.096651109367122
20 28 -0.15130108877223053
20 29 0.05234913017317727
20 30 -0.06271692185155779
20 31 -0.1187976574126022
20 32 0.058021607885261575
20 33 0.017607366077504415
20 34 -0.09519363342791518
20 35 -0.14189381963325126
20 36 0.03568285954972589
20 37 0.023943000226581926
20 38 0.06018908448073559
20 39 0.027475961856720788
21 21 0.0
21 22 0.005487784672228523
21 23 0.07310891911491048
21 24 -0.01814403500333845
21 25 0.031948018780597665
21 26 0.05105330236566721
21 27 -0.07533206664690349
21 28 0.13683900214183325
21 29 -0.08707314798294785
21 30 0.061021805180999
21 31 0.00912148892269453
21 32 0.24992253419557287
21 33 0.18074718166860892
21 34 0.008176043249065016
21 35 0.06131897306563951
21 36 -0.0055617102067534304
21 37 -0.008008467350956054
21 38 -0.012288613133595222
21 39 0.08377022203046824
22 22 0.0
22 23 0.18651781172383994
22 24 0.3492971751166198
22 25 -0.3313794926008041
22 26 -0.034627599312121386
22 27 -0.008211531493761266
22 28 -0.04970434025285511
22 29 -0.272000598481791
22 30 0.12623299083772851
22 31 -0.10976757461911682
22 32 -0.1938626951117393
22 33 -0.051519240002904386
22 34 -0.20380435717549655
22 35 -0.010157076751202502
22 36 -0.2756859947751064
22 37 -0.04047784873275424
22 38 0.04087316908079493
22 39 -0.3235881310344909
23 23 0.0
23 24 0.01109880250100035
23 25 -0.051039230998477625
23 26 -0.031342112343245375
23 27 -0.06668355440370338
23 28 0.02493213959752593
23 29 -0.05623705690984941
23 30 -0.0010676722989839775
23 31 0.011813255703447706
23 32 -0.11195846218231922
23 33 -0.040304420332504184
23 34 0.0024480294876243758
23 35 0.01777781209778953
23 36 0.07497155612388677
23 37 -0.11787807851665524
23 38 -0.12491054199454972
23 39 -0.011023476879532373
24 24 0.0
24 25 -0.21429638788736827
24 26 0.008001712148244074
24 27 0.05950791675396897
24 28 -0.0747670193671197
24 29 -0.12974378246166035
24 30 0.08081924637485532
24 31 0.11684170832118299
24 32 -0.14956645481011135
24 33 -0.076414111729006
24 34 -0.0612252265437345
24 35 -0.08787309253859095
24 36 -0.17610960421933164
24 37 0.02086002881718785
24 38 0.08282181973204619
24 39 -0.16279414598421396
25 25 0.0
25 26 -0.026907515532166505
25 27 -0.03609968460388205
25 28 0.019224315125386148
25 29 0.09524844798749896
25 30 -0.15974131449487536
25 31 0.09333152837204044
25 32 0.11693589460245939
25 33 0.18868772257944313
25 34 0.015072785169790723
25 35 -0.020516357204113815
25 36 0.09331157456495756
25 37 -0.0034108619246166843
25 38 -0.09612889441227067
25 39 0.2867904174695772
26 26 0.0
26 27 0.050795565095277925
26 28 0.053354523696020985
26 29 0.13780284929966816
26 30 -0.035882531496679936
26 31 -0.10964740270169016
26 32 0.041393920600475295
26 33 -0.058977548784884745
26 34 0.029723790676115698
26 35 -0.13114474171601553
26 36 -0.08313693368876256
26 37 0.182303501025371
26 38 0.09300240124571994
26 39 -0.15682425971076014
27 27 0.0
27 28 -0.1468347353181662
27 29 -0.009914413041530649
27 30 -0.03990682793529646
27 31 -0.04100073556699167
27 32 0.01955439584428873
27 33 0.009114401103022644
27 34 0.07653169976215106
27 35 -0.09104616584246618
27 36 -0.08276524070932725
27 37 0.08042179322552075
27 38 -0.11001140166091736
27 39 -0.10808344960491245
28 28 0.0
28 29 0.062378787260004086
28 30 -0.047450221661820044
28 31 0.14405212362300263
28 32 0.019338240919621927
28 33 -0.0017314022876313104
28 34 0.07070788897176297
28 35 0.1927550318305609
28 36 0.11154543472817031
28 37 -0.08608333120837744
28 38 0.11158374297223964
28 39 -0.02466306835329598
29 29 0.0
29 30 -0.08042002467239025
29 31 -0.040924940492386694
29 32 -0.0050534778474764725
29 33 0.003678095621284922
29 34 0.10446799594436043
29 35 -0.018934077360685815
29 36 0.04919059172376051
29 37 0.053570874892387696
29 38 0.11167673337698217
29 39 -0.0788803566109176
30 30 0.0
30 31 -0.0678087775284814
30 32 0.07146357894145912
30 33 -0.13720270308231267
30 34 0.062442476598585483
30 35 0.024916855933481436
30 36 -0.06148555100846179
30 37 0.06756686351806625
30 38 0.05228611977882225
30 39 -0.05637072738585025
31 31 0.0
31 32 -0.13558860195867306
31 33 -0.0944975605919646
31 34 0.13056584086133477
31 35 0.017538395798519325
31 36 0.09851624535480294
31 37 -0.21266158295092324
31 38 -0.13425245981035586
31 39 0.12257437643189721
32 32 0.0
32 33 0.19903397989328508
32 34 -0.05484772629046627
32 35 0.08226504938656606
32 36 0.01203659749367195
32 37 0.15639424903779203
32 38 -0.12190677860555224
32 39 0.19510218900470766
33 33 0.0
33 34 -0.07274268599961645
33 35 0.07940729772529966
33 36 -0.08896842417721482
33 37 -0.023999095268924027
33 38 0.07542569130826442
33 39 0.10943595581945298
34 34 0.0
34 35 0.016602977087916672
34 36 -0.003582972541140104
34 37 -0.008078087209844275
34 38 -0.1849404885161814
34 39 -0.12016586316293607
35 35 0.0
35 36 0.05068506784897381
35 37 -0.08562170023592104
35 38 0.01262867610273893
35 39 0.002390477465956658
36 36 0.0
36 37 -0.15495312010859416
36 38 -0.01665964322610679
36 39 0.21290772888700338
37 37 0.0
37 38 0.01415545914739805
37 39 -0.0013798949861930337
38 38 0.0
38 39 -0.1740759917277551
39 39 0.0
