0 0 0.29719930303927233
0 1 -0.8530520719938275
0 2 0.173941930219353
0 3 -0.6087568703829567
0 4 -0.872426556078288
0 5 -0.3089948954305013
0 6 0.6046685982966014
0 7 -0.7769719993344999
0 8 -0.7737529966427432
0 9 -0.5541089661225147
0 10 0.7796813314078177
0 11 -0.22615634807050355
0 12 0.21883481934757554
0 13 -0.9936043233734557
0 14 0.4061908875139515
0 15 -0.24123398359578818
0 16 -0.3563121662394484
0 17 0.14194045007071598
0 18 0.3367870922274674
0 19 0.2163179736510088
0 20 0.020778881227935253
0 21 0.17002116019122093
0 22 0.7189394774887699
0 23 0.9799942749537023
0 24 0.16875125246708844
0 25 -0.9600371650843997
0 26 -0.21029745048687998
0 27 0.6577276887074914
0 28 0.008670550948979283
0 29 0.6696132028617063
0 30 0.9147714505050413
0 31 0.1765659258676271
0 32 -0.7992195896540479
0 33 0.30869541635742337
0 34 -0.6245006190854412
0 35 0.6685882656905611
0 36 0.7577181249972509
0 37 -0.10223162101200467
1 1 0.8376430358777736
1 2 -0.33200588551843824
1 3 -0.8746792780060857
1 4 0.015601932829990561
1 5 0.1473217045666666
1 6 0.03622612573665718
1 7 0.12623650393985963
1 8 0.894054906136506
1 9 0.7442153993306726
1 10 -0.8215546603891799
1 11 0.9971784298254627
1 12 -0.7202559760959095
1 13 0.1817171920485745
1 14 0.15889244277526182
1 15 -0.4019607962725542
1 16 -0.24522891408665082
1 17 0.743837350805866
1 18 -0.2749479165690225
1 19 0.7129887046367218
1 20 0.6859873517473232
1 21 -0.052597194570495276
1 22 0.6313449390075871
1 23 -0.8984714793490478
1 24 -0.3180972074352706
1 25 -0.5480569253792065
1 26 0.6094217222610001
1 27 0.1463291767226178
1 28 0.023485463532263662
1 29 -0.5306200308038744
1 30 0.9996054651058726
1 31 -0.49446472358498816
1 32 0.882824280931809
1 33 -0.10342492190349906
1 34 0.32273042958541054
1 35 -0.018333180877351474
1 36 0.6916795540590541
1 37 0.6350043856592398
2 2 -0.28275610551976316
2 3 0.4038382337518833
2 4 -0.3624566479618416
2 5 -0.9568905118301023
2 6 0.3885698822819055
2 7 -0.5481629294265362
2 8 0.0030932665280862803
2 9 0.40838011990347245
2 10 0.5440338041155366
2 11 0.14816679929986187
2 12 -0.6359937890426235
2 13 0.37441782023920567
2 14 0.4581041633537142
2 15 0.7306997426280835
2 16 0.7176741790991843
2 17 -0.715757390133446
2 18 -0.9792072261058689
2 19 -0.5642974982011097
2 20 0.9032508686562395
2 21 0.2836002815529639
2 22 -0.17350675463733767
2 23 -0.7940575900822902
2 24 0.9474458417932237
2 25 0.9752383571439016
2 26 -0.6390539908738793
2 27 0.8353207830666032
2 28 -0.5530518169050149
2 29 -0.29053731138037264
2 30 0.24498502097533814
2 31 0.8731028176355438
2 32 0.5187534775455314
2 33 0.7948328387110588
2 34 0.5036823503896302
2 35 -0.1106057697120264
2 36 -0.5214684672301177
2 37 -0.3775919682190849
3 3 -0.8320298082180755
3 4 0.7533658540164312
3 5 -0.4011972060138844
3 6 -0.8189687827869103
3 7 0.18278155028300702
3 8 0.2235043609348415
3 9 0.14528385425614299
3 10 -0.5315673895681403
3 11 0.6532194990966262
3 12 0.8136449491329831
3 13 -0.3114256702737772
3 14 -0.9726542610364759
3 15 0.32273340835282993
3 16 -0.9424764766030316
3 17 0.7217399968458489
3 18 0.6866374661229075
3 19 0.033172912421863376
3 20 0.08288392996797711
3 21 -0.966594797234922
3 22 0.21240315009638144
3 23 -0.8986055687588628
3 24 0.19067213029656127
3 25 0.5546653972200093
3 26 -0.05964086522858092
3 27 -0.5049967178092374
3 28 -0.040377933895056284
3 29 -0.9429143316171167
3 30 0.18752816437031306
3 31 0.6769285349617351
3 32 -0.23882565518903998
3 33 0.9569960522703158
3 34 -0.9993811636548553
3 35 0.7028115630517111
3 36 -0.5976241520805969
3 37 0.9675721854725472
4 4 0.24364074738095187
4 5 0.4095290132568774
4 6 0.19881123376492993
4 7 0.8412083627148066
4 8 0.14266361546528317
4 9 -0.029076174293907187
4 10 0.7501172803789513
4 11 -0.9874891451970229
4 12 0.820836735918576
4 13 0.8374686046751327
4 14 -0.06725425474333213
4 15 0.946112478452136
4 16 -0.26510225758215555
4 17 0.25022143440395417
4 18 -0.024147431157287347
4 19 -0.44172891410852255
4 20 -0.0044137486282267435
4 21 0.7136421385875158
4 22 -0.5437224766607187
4 23 -0.010274684685936508
4 24 0.9750634922908548
4 25 0.08734435058680878
4 26 -0.8102958773055668
4 27 0.7347773335385581
4 28 -0.06952744037045
4 29 -0.3185501900539254
4 30 0.7637996341082169
4 31 0.8898402705497468
4 32 -0.6352109930391194
4 33 0.7319804492263913
4 34 0.06520949195433956
4 35 -0.9348342972559813
4 36 0.28301081434273656
4 37 0.5333671328758391
5 5 0.9573611759268856
5 6 0.8328801073263141
5 7 0.9503917189937381
5 8 -0.6695742524901134
5 9 0.3901265810111998
5 10 0.1228500472848999
5 11 -0.0660310703422089
5 12 -0.7011004646663046
5 13 0.4447375276087211
5 14 0.032176797416439085
5 15 0.15741238588339956
5 16 0.4553458720558641
5 17 -0.9941838174164599
5 18 -0.8503799947398019
5 19 0.4981851829603603
5 20 -0.4410239502036919
5 21 0.14702059651321542
5 22 0.9865540061105993
5 23 0.8144207130889625
5 24 -0.8088824811847959
5 25 0.25461371037352776
5 26 0.09457028772576725
5 27 0.39414310120323437
5 28 -0.6627034296525964
5 29 0.372340667338229
5 30 -0.21355890269511257
5 31 0.4301148818902878
5 32 -0.32829011151899623
5 33 0.5711687966713364
5 34 0.7444490930830276
5 35 0.4051122593466234
5 36 -0.0695116406568339
5 37 -0.6834279090437343
6 6 -0.9070703587620159
6 7 -0.6581341411301063
6 8 -0.1990929520245146
6 9 0.48904266074119307
6 10 -0.8402303703344212
6 11 0.6107945181021279
6 12 0.913850336754126
6 13 -0.2677963772626135
6 14 0.4968956107879461
6 15 0.5756288498196314
6 16 -0.41181054422442154
6 17 -0.6457818473722603
6 18 0.992321887892943
6 19 0.46591233403327825
6 20 -0.5153953117257599
6 21 -0.9880339579582453
6 22 0.6370388002635625
6 23 0.06270867896102295
6 24 0.14940631055152864
6 25 -0.4500790955044789
6 26 -0.9264440027051142
6 27 0.3679551041359357
6 28 0.5306506203900152
6 29 -0.2320863082187885
6 30 0.9873291143567133
6 31 0.8373586053959041
6 32 -0.4210745688641482
6 33 0.6526857091172122
6 34 0.42915142586580823
6 35 -0.7892827372937796
6 36 -0.14034206528236548
6 37 0.12364704946137128
7 7 0.25414827415440366
7 8 0.4086362681683511
7 9 0.5373032343446047
7 10 0.23652672618231652
7 11 0.42945924467962415
7 12 -0.6837283473601918
7 13 -0.8208591347252134
7 14 -0.7435304067468822
7 15 -0.2850908990905212
7 16 0.5334801187081737
7 17 -0.883697961066265
7 18 -0.5505007833986928
7 19 -0.3774768189368194
7 20 0.7052187834924737
7 21 -0.22831470201752357
7 22 -0.07084774077255207
7 23 -0.7670091054600865
7 24 0.05790159424723362
7 25 0.9909279725981541
7 26 0.5910004383759491
7 27 0.2045454637653663
7 28 -0.35070350406997597
7 29 -0.5171907038717058
7 30 0.18746876205350205
7 31 -0.665015659669747
7 32 -0.3533806471523855
7 33 -0.20855746720957868
7 34 -0.27503848936080644
7 35 0.7747282257761963
7 36 0.5641903559416126
7 37 0.2242498948572702
8 8 0.16217816464362889
8 9 0.6239511565647287
8 10 0.38304430171679527
8 11 0.4827998220717289
8 12 -0.3319626702542755
8 13 0.15912732107462002
8 14 0.10577559488356991
8 15 0.6048000692890056
8 16 0.7249879637860688
8 17 0.5202624088468413
8 18 0.22572330607782942
8 19 0.8388266336901431
8 20 -0.39826007391514984
8 21 -0.7861205660397947
8 22 -0.21019655160063433
8 23 -0.24341471099857648
8 24 0.9590730061221597
8 25 -0.46937824777317827
8 26 0.8036798359914155
8 27 -0.949947369471537
8 28 -0.8015975897478209
8 29 -0.26780987921599886
8 30 -0.46308130169841766
8 31 -0.6386682176193939
8 32 0.09845662938107447
8 33 0.8311153277888053
8 34 -0.9006683429226146
8 35 0.32115933579408207
8 36 -0.9433099353461509
8 37 -0.1271678533303202
9 9 -0.9152113444935286
9 10 0.3174752860677126
9 11 -0.04274510775265927
9 12 -0.7995549928901737
9 13 -0.5298414929728594
9 14 -0.7074731796914293
9 15 -0.8133855402695893
9 16 0.3912623474518162
9 17 -0.2341523727016812
9 18 0.9230650020098468
9 19 0.4102283685088184
9 20 -0.8842951036658333
9 21 0.2891363342697164
9 22 -0.49564306809043157
9 23 0.9679431307146711
9 24 0.2548187914610991
9 25 0.4887215255051216
9 26 -0.11088257916488575
9 27 -0.5728759758867397
9 28 0.007946889618136499
9 29 -0.7205600435148276
9 30 -0.7504273147152898
9 31 0.8712503698999439
9 32 -0.9468190806396448
9 33 -0.1976990651574928
9 34 0.9418457980754387
9 35 -0.5188653128565437
9 36 0.9926111931584745
9 37 -0.5768278317297959
10 10 -0.9772645375562339
10 11 -0.4002268410427561
10 12 0.9669827026923576
10 13 0.35084614941647385
10 14 0.22445307375206736
10 15 0.058568925314278486
10 16 -0.6374956455819101
10 17 0.3512875465039744
10 18 0.9290610756962063
10 19 0.5353097205103297
10 20 -0.21140287828455162
10 21 0.07311574715271862
10 22 -0.5687976278514919
10 23 -0.8761626026522444
10 24 0.9027694628349012
10 25 0.23394069030829168
10 26 0.05647473437081252
10 27 0.9661657415314597
10 28 0.9992129817998938
10 29 0.10197097053402748
10 30 0.6399960637884399
10 31 0.8067731952003296
10 32 -0.26352232065259207
10 33 -0.1881329037992847
10 34 -0.06905107056294546
10 35 0.12386039996837894
10 36 0.7309225565024484
10 37 -0.0017152097390524812
11 11 -0.9331034081481555
11 12 0.21402347728272808
11 13 -0.9199141930391721
11 14 -0.3024679325833872
11 15 0.9271891326149653
11 16 -0.9287807039640821
11 17 0.274959362835725
11 18 0.48987573896415726
11 19 0.3759618716164381
11 20 -0.36381220446743345
11 21 -0.8114618187634535
11 22 -0.1184247923703563
11 23 -0.3949505204252366
11 24 0.9809212467524342
11 25 0.8503330615939364
11 26 -0.7572687751314648
11 27 -0.19228826068305072
11 28 -0.962890808136095
11 29 -0.3962882947737121
11 30 0.5446306986935994
11 31 0.9126952444154193
11 32 0.365676527892455
11 33 0.5935488817611267
11 34 0.9146183055884392
11 35 0.3150142499794861
11 36 -0.7022256765036854
11 37 -0.6477282583500055
12 12 -0.7865793490747708
12 13 0.4917827877696397
12 14 -0.7912148891373518
12 15 0.7404221964043471
12 16 0.6719152226544116
12 17 0.9352293146451953
12 18 -0.1684862927903643
12 19 0.4695479680470749
12 20 -0.7186087176921976
12 21 0.7037621650882531
12 22 -0.16119867786625441
12 23 0.46209895478378327
12 24 -0.7634410223582733
12 25 -0.9708222505038522
12 26 0.6586473034214182
12 27 -0.703977515866115
12 28 0.674463715286739
12 29 0.5358869429562834
12 30 0.13536738964268746
12 31 -0.9352373525982871
12 32 -0.043431267538051266
12 33 0.49228116340506634
12 34 -0.419169329446363
12 35 -0.46352853293142937
12 36 0.7341442895079611
12 37 0.7313242363493262
13 13 0.9538135648981134
13 14 -0.18086534465907755
13 15 -0.8581292384776353
13 16 -0.2728632846344563
13 17 0.15557287463326053
13 18 -0.06348750658847813
13 19 -0.5988404735171522
13 20 -0.5853918289455273
13 21 0.3683549894702134
13 22 0.9493207068389091
13 23 0.6935024119132556
13 24 -0.07910550146180828
13 25 0.5954638321910515
13 26 0.12314640766030882
13 27 0.2690948841773755
13 28 0.452958524776645
13 29 -0.19072795667551046
13 30 0.17547964688676188
13 31 -0.9673006836117521
13 32 0.5697063524860015
13 33 0.8852020410607084
13 34 0.4434193266612334
13 35 -0.30577943100399674
13 36 -0.8561749428375502
13 37 -0.01878749827770565
14 14 -0.8037724839621203
14 15 -0.7010734170190294
14 16 -0.9930235707727859
14 17 0.01692971267789245
14 18 0.41747347030512927
14 19 -0.47330915421426023
14 20 0.20506716028134053
14 21 0.09014087576020935
14 22 0.8322695829282858
14 23 -0.7314580508038999
14 24 -0.618470145217743
14 25 -0.18362395612487337
14 26 0.04656706988476733
14 27 -0.37243780444242924
14 28 -0.5183902836225527
14 29 0.9445795966085822
14 30 0.11698576469250166
14 31 -0.51603017204972
14 32 0.5934023449942711
14 33 0.38516167123115874
14 34 -0.28448939865191414
14 35 -0.9610502782387593
14 36 0.5448666347266895
14 37 0.33823800767008483
15 15 0.739971912024797
15 16 -0.20329099194968703
15 17 -0.3079638228108841
15 18 0.6815774425862158
15 19 0.3000204490073619
15 20 -0.5015812668963082
15 21 0.12242164948560896
15 22 -0.5905512495512419
15 23 -0.242948611146393
15 24 -0.9913235082162939
15 25 -0.7264172451541868
15 26 0.2036118462435923
15 27 0.7682366701090046
15 28 0.7631055546055725
15 29 0.01325713213553148
15 30 0.8702096885439261
15 31 -0.16613154533832475
15 32 -0.41865018270715226
15 33 -0.9883474561461805
15 34 -0.9103769675125384
15 35 -0.877877870286065
15 36 0.45689602875575863
15 37 -0.24018073519720784
16 16 -0.12717160832907237
16 17 0.5355030277395738
16 18 -0.3923806183632428
16 19 -0.3529176126739677
16 20 -0.8958576566824312
16 21 -0.1599160522973948
16 22 0.6848016471799003
16 23 0.00718807445559011
16 24 0.08019744211408941
16 25 0.8289863497951189
16 26 -0.23911397718520822
16 27 -0.4544607054240535
16 28 0.10984087123548414
16 29 0.6308181110871149
16 30 -0.3665344954690608
16 31 -0.025979797627259327
16 32 -0.02835490204378477
16 33 0.12958588598910414
16 34 -0.2592739011201417
16 35 -0.8165719834745502
16 36 0.009406359545322429
16 37 -0.6199507060720932
17 17 -0.31704083252161075
17 18 -0.9935826660061515
17 19 0.11910748492406809
17 20 0.1391749594782481
17 21 0.27733976219124257
17 22 0.9096153588102154
17 23 0.4480515406386478
17 24 0.007284405503240832
17 25 0.5519143877451862
17 26 0.39144377540957875
17 27 0.4979464650957721
17 28 0.06782391686194389
17 29 0.3795643473957122
17 30 0.6454351869799704
17 31 0.9230096144309814
17 32 -0.7068915535071125
17 33 -0.1953441880686797
17 34 -0.827047629857852
17 35 -0.7435997457979213
17 36 0.3924743712366454
17 37 0.2724445498219956
18 18 0.8207181751325603
18 19 -0.07178007606788017
18 20 0.9401885603932993
18 21 -0.741371483575181
18 22 0.540503211906133
18 23 0.07334090262119419
18 24 -0.8740022835999364
18 25 0.8890213624453049
18 26 -0.9780851377076885
18 27 0.06995310564126123
18 28 -0.23688061652301395
18 29 0.027441353305709404
18 30 0.3510182208760937
18 31 -0.46731178679871976
18 32 -0.646736737762382
18 33 -0.8911090833469235
18 34 -0.19747135437577068
18 35 -0.23776487770739507
18 36 0.5861675653909215
18 37 -0.358088395244633
19 19 0.1494858093216218
19 20 0.8624693199681699
19 21 -0.4795784508063585
19 22 -0.5427148520675609
19 23 -0.984772381544659
19 24 0.15477084452008594
19 25 0.5148126859413644
19 26 0.5498007168675731
19 27 0.7394454741508873
19 28 0.9119367227710145
19 29 0.02624126151277295
19 30 -0.7986161697649306
19 31 -0.6372991829224062
19 32 -0.9310667997652127
19 33 0.377450621208959
19 34 -0.5217240913484433
19 35 -0.358048248451418
19 36 -0.002411889539925438
19 37 -0.307009673907205
20 20 0.260915704193454
20 21 0.8657140021864456
20 22 -0.49409687557544735
20 23 -0.376859256365798
20 24 0.004490707898760826
20 25 0.12263558157097565
20 26 0.9971000473614613
20 27 -0.30968791758165537
20 28 0.5835647281567207
20 29 -0.9726691419397884
20 30 0.594994118698893
20 31 -0.8208015360673582
20 32 0.4652089838181843
20 33 0.9176025913271719
20 34 -0.3944752342915514
20 35 0.44221343207571384
20 36 0.6676736717880543
20 37 -0.8524045528629305
21 21 -0.18719047981793868
21 22 -0.10669619219387805
21 23 -0.13693846181661407
21 24 0.33203920467457837
21 25 -0.6308081612568517
21 26 -0.2803534502769529
21 27 -0.8943778148082193
21 28 -0.705884445293546
21 29 0.16013707091971896
21 30 0.09838302432328638
21 31 -0.11481408631612489
21 32 0.7596013080395885
21 33 0.33751229620650514
21 34 -0.6291497664540961
21 35 -0.7872355883494779
21 36 -0.20275323189615113
21 37 0.8724580334214365
22 22 0.09597165529030893
22 23 0.3782177741223025
22 24 -0.875672361347811
22 25 0.9369359400068886
22 26 -0.06031651679313188
22 27 0.7784660188146135
22 28 0.035858324628629035
22 29 0.8771694778458072
22 30 0.3491146131856204
22 31 0.14083202051524335
22 32 0.6129691968851632
22 33 -0.3468669829995328
22 34 -0.775825036507495
22 35 0.09260575398374216
22 36 0.23606360878450405
22 37 -0.5709151280193425
23 23 0.7526769598303813
23 24 0.545995610465511
23 25 -0.6425444855055644
23 26 -0.6221470439835617
23 27 -0.6199602358872174
23 28 -0.32918021699072897
23 29 0.7282936957880617
23 30 -0.2998723111056232
23 31 0.1128431397310814
23 32 0.1294687634193339
23 33 -0.007382411352249374
23 34 0.6896629379460935
23 35 -0.3479075144640771
23 36 0.08588492966973993
23 37 0.4570508503865187
24 24 0.5972520919536908
24 25 -0.5386845357542762
24 26 0.3852968899809672
24 27 -0.2136698471214813
24 28 -0.8660795399742605
24 29 0.9070732110367985
24 30 0.19608437029712333
24 31 0.8385730656681503
24 32 0.7284979600058545
24 33 0.1926296111053878
24 34 -0.9092147556184356
24 35 -0.44769778051889153
24 36 0.8086035400189406
24 37 0.6421169136393774
25 25 0.2579450451713925
25 26 0.6969746844099454
25 27 0.1211396790256194
25 28 -0.6505691168378653
25 29 0.3179074029412099
25 30 -0.5230077595208671
25 31 0.004624543301278372
25 32 0.5276817320358351
25 33 0.9052486646241149
25 34 -0.6559536661541119
25 35 -0.5779282566828114
25 36 0.6689226819560976
25 37 0.6787428658579986
26 26 -0.7542573314113001
26 27 -0.34381515700739507
26 28 0.30805299700788114
26 29 0.59019384301079
26 30 0.19137600903973984
26 31 -0.7330811511111759
26 32 -0.9772180650128961
26 33 0.2931210843252374
26 34 0.27570879658823455
26 35 0.42708529133350526
26 36 -0.23713342882974953
26 37 -0.8987855886482752
27 27 -0.8257582866833735
27 28 -0.1521153340789314
27 29 -0.0663339124689335
27 30 -0.9854778795879684
27 31 -0.9806127819242862
27 32 0.050419106435638295
27 33 -0.32051771506611226
27 34 0.17849005949675578
27 35 -0.8658943933576877
27 36 0.03301013199403058
27 37 0.9236088707640839
28 28 0.2190155489140746
28 29 -0.1333632660174746
28 30 0.021599652087839205
28 31 0.34861966387748544
28 32 0.9075427610613325
28 33 -0.07953514398811623
28 34 -0.9138678597530723
28 35 0.5594541555822456
28 36 0.6044163912846576
28 37 0.8043813759962848
29 29 -0.5124634073553478
29 30 -0.07215229094723896
29 31 -0.3943193040069055
29 32 0.7753538021113267
29 33 0.3559683137838514
29 34 0.9725793186307838
29 35 -0.865348572026928
29 36 -0.38606016426094136
29 37 0.25596064858065803
30 30 0.33139822176556466
30 31 0.7804048577752924
30 32 0.31581526225230827
30 33 0.25763288460691536
30 34 -0.5950343245662961
30 35 0.2904651615958871
30 36 0.4415673994208782
30 37 0.934770836448489
31 31 -0.5535036036246319
31 32 0.8024477832750159
31 33 0.8409178307722409
31 34 0.3993842489551922
31 35 -0.8388234341167324
31 36 -0.4716544398340812
31 37 0.2734759148653041
32 32 -0.3011442999501257
32 33 0.8658277953795943
32 34 0.7600429276747855
32 35 0.47944879339971935
32 36 0.17350955833422432
32 37 -0.8655242940052386
33 33 0.3964705927850207
33 34 -0.4510519912355708
33 35 -0.04558976846375118
33 36 0.9569743755157616
33 37 -0.5603343258275439
34 34 -0.21069499154552074
34 35 -0.5696488825629236
34 36 0.596629970780391
34 37 -0.9443956800889102
35 35 0.868331806378438
35 36 0.40965533414670596
35 37 0.39103918003928206
36 36 -0.06945434899302838
36 37 -0.26368645452584194
37 37 -0.5509014962440331
