0 0 -0.30246913709613077
0 1 0.5548766991413778
0 2 -0.42082320553690944
0 3 -0.21194298397068878
0 4 -0.1824838293348976
0 5 -0.7184423411296483
0 6 0.38677508620038625
0 7 -0.7902166130371309
0 8 0.6276882907490235
0 9 0.7602252840001333
0 10 -0.5456031690819072
0 11 -0.7203284811220454
0 12 -0.8641867418739675
0 13 -0.9243057331393527
0 14 -0.43457260626366345
0 15 -0.8211135421052727
0 16 0.013571753908742323
0 17 0.6383686871678274
0 18 -0.08182606751141952
0 19 0.590859828318336
0 20 -0.019537025521147777
0 21 -0.47449007977288615
0 22 0.06531187676351746
0 23 0.7710679231805504
0 24 0.4475613114466914
0 25 0.2758501816254213
0 26 0.0376229757306592
0 27 0.43123792759801116
0 28 -0.8280449659940756
0 29 0.2434176784231401
0 30 -0.7463539057911446
0 31 -0.07631577188571392
0 32 -0.14383942079802514
0 33 -0.19180027246331677
0 34 0.8049064952465179
0 35 0.08609548306650416
0 36 -0.4265670319331982
0 37 -0.8674249406505181
0 38 0.22335636097385603
0 39 -0.5189564249400753
1 1 -0.8762629452866235
1 2 -0.5000524603511203
1 3 -0.8654482041471119
1 4 -0.5312356063093524
1 5 -0.11438428480155327
1 6 -0.18564972732466156
1 7 -0.6676200685544189
1 8 0.8904793418215462
1 9 0.23379586828085697
1 10 -0.06190777145620374
1 11 0.8011702613781844
1 12 -0.242889609831195
1 13 -0.6426755603540517
1 14 0.061817851566145166
1 15 0.8198285111147827
1 16 -0.3238764614837786
1 17 0.5910247214919953
1 18 -0.9429134085648545
1 19 -0.9308873498371042
1 20 -0.9145554021141378
1 21 0.13989685200014024
1 22 -0.8315360710538904
1 23 -0.7489052905566784
1 24 0.6917709780890495
1 25 0.5398554448416233
1 26 0.5171375775741824
1 27 0.32165223166128776
1 28 0.5106724889858953
1 29 0.584256166694278
1 30 -0.9544506462335827
1 31 0.37992871176503185
1 32 -0.9705710150821505
1 33 0.9814235354266616
1 34 0.20541477432787358
1 35 0.3654183103780795
1 36 0.9448779646913588
1 37 -0.6237119966331919
1 38 -0.905002413466309
1 39 0.597819700917259
2 2 -0.8282974483703385
2 3 0.3699337649499048
2 4 0.7959895707137665
2 5 0.7885155648710591
2 6 -0.5815038742227145
2 7 -0.7702223356990456
2 8 -0.5309802286850225
2 9 -0.943771720092651
2 10 0.09588941112067739
2 11 -0.6465710425288886
2 12 0.49479900524981835
2 13 -0.12096154098259992
2 14 -0.18907107219738917
2 15 0.4404916272458246
2 16 0.17879047152739047
2 17 0.5813460397463519
2 18 -0.1611707878325339
2 19 -0.2374609978409552
2 20 -0.04992664725028195
2 21 0.291497751593198
2 22 -0.2523410234446657
2 23 -0.15326459015331206
2 24 -0.10775343765636136
2 25 0.07050827620637756
2 26 -0.9489796188543453
2 27 -0.07948941873961912
2 28 -0.8733739258597366
2 29 -0.22770258534482135
2 30 -0.7439681215436964
2 31 0.20119816883590858
2 32 -0.03903318341386308
2 33 0.9058481241719842
2 34 -0.6781740589387071
2 35 -0.5905310957851113
2 36 0.32306770469073665
2 37 -0.4837246883463646
2 38 -0.693856761288332
2 39 -0.46037975805425524
3 3 0.46896201052610986
3 4 0.6980876443449839
3 5 0.6244218071860828
3 6 0.08403030230827868
3 7 0.665734753280772
3 8 0.15974591603566712
3 9 -0.6328995239345137
3 10 -0.6669055320437638
3 11 -0.55083465979996
3 12 -0.32569921599290375
3 13 -0.7822380491221401
3 14 -0.05858383647938736
3 15 0.4569647305529623
3 16 -0.7230677720279346
3 17 0.6179387996711068
3 18 0.6624263318619175
3 19 -0.10114009677389424
3 20 -0.1611998802330119
3 21 0.8396407913574895
3 22 -0.1457442202503887
3 23 -0.7499233854770888
3 24 -0.02879192565414246
3 25 0.7170925995322182
3 26 -0.5954422159604664
3 27 -0.015084820556208856
3 28 -0.15263554018343561
3 29 -0.967922981699961
3 30 0.5894122530329582
3 31 0.7555083321672371
3 32 -0.7601619803805872
3 33 -0.7180356129466732
3 34 0.6036056576277249
3 35 -0.39889078197423
3 36 -0.8145050858043261
3 37 0.4491809584987976
3 38 -0.8747289875355984
3 39 -0.6170471473847998
4 4 0.3894787872352088
4 5 -0.4774026160461944
4 6 -0.5272446989576052
4 7 -0.17978605790882685
4 8 0.3937391539874202
4 9 0.8405417741015888
4 10 0.011937756591662962
4 11 0.5694731325555729
4 12 0.1002992683447983
4 13 -0.8069296585376724
4 14 -0.7932567193554059
4 15 -0.2438700646406713
4 16 -0.4220862944877093
4 17 -0.6477898808570923
4 18 -0.028111974053873556
4 19 -0.46339377503369006
4 20 0.4713250322365665
4 21 -0.6695236792685662
4 22 -0.36764268574647185
4 23 0.04923302253295758
4 24 -0.3607706808867335
4 25 0.9440419014231503
4 26 -0.9323448598312665
4 27 0.16451867945177745
4 28 0.7764677029380944
4 29 0.2107271292215802
4 30 0.893816866400845
4 31 -0.8732307447162282
4 32 -0.7154417569389844
4 33 0.31492226434537174
4 34 -0.992597634574319
4 35 0.5050735891108096
4 36 -0.516379225203554
4 37 0.654566183042518
4 38 0.8948821958176263
4 39 0.5074728253816743
5 5 0.4870409064206995
5 6 0.4520364413698956
5 7 0.13775643281408811
5 8 -0.572720475959767
5 9 -0.8929035458060786
5 10 -0.3164692090762462
5 11 0.5734282403549753
5 12 0.22414547349188552
5 13 -0.7332523122595775
5 14 0.2108830152879948
5 15 -0.9335165495621409
5 16 -0.834411853170105
5 17 -0.9078191903554955
5 18 0.7236349258654846
5 19 0.974299965253987
5 20 -0.5509412498148909
5 21 0.34575687266391686
5 22 -0.611164668905938
5 23 0.3622622259791357
5 24 0.020827331503184165
5 25 -0.5423482981396452
5 26 -0.6302790117081687
5 27 0.5063267962176115
5 28 0.30960426939837915
5 29 -0.7597247134630294
5 30 0.655908198668572
5 31 -0.6057408757587459
5 32 0.7135886976253816
5 33 -0.9889370973074469
5 34 -0.8185505162800868
5 35 0.9061682894559455
5 36 -0.6995368865788267
5 37 -0.6858157822969653
5 38 -0.7222113116469433
5 39 -0.20983893551663546
6 6 -0.8433966215436763
6 7 0.9361682266132672
6 8 -0.6195056735436781
6 9 0.22218703770352644
6 10 -0.13268056055139432
6 11 -0.3292291130176759
6 12 -0.8871105366279193
6 13 -0.6785076930495106
6 14 -0.8148631250974336
6 15 -0.4293710896603635
6 16 -0.001911527203932284
6 17 0.039692094393240396
6 18 0.9464131598964118
6 19 0.3462654157809226
6 20 -0.5584832887151145
6 21 0.2773531122431254
6 22 0.08459079498267297
6 23 0.47690219953170954
6 24 0.6856282756090537
6 25 0.8855356327198682
6 26 -0.9251878414435144
6 27 -0.21653690055619412
6 28 0.8732632633224291
6 29 0.32317144589310076
6 30 0.1470230738508116
6 31 -0.736362417174333
6 32 0.2657524044756956
6 33 -0.555297517614499
6 34 -0.45889565170294055
6 35 -0.2937051240664632
6 36 -0.5912785820027044
6 37 -0.37071101677839624
6 38 -0.8851908975514351
6 39 0.559072476713852
7 7 0.9308821612040217
7 8 -0.24083479328172097
7 9 -0.002319534889217767
7 10 -0.278749631116574
7 11 0.7153250709618564
7 12 -0.3201767050427917
7 13 0.1284638067805719
7 14 -0.9929407002002602
7 15 0.1364617646969759
7 16 0.30461335297443926
7 17 0.949040728670226
7 18 0.6296494940253103
7 19 0.08703149864341109
7 20 0.38114783672879704
7 21 -0.7524729124542382
7 22 0.9424596142653645
7 23 -0.530745001399987
7 24 0.394475968177614
7 25 0.9106986417542628
7 26 -0.25971811619267915
7 27 0.26105797987808255
7 28 -0.5448182503322654
7 29 0.6764245358772254
7 30 0.4082200510320533
7 31 -0.6737589066775003
7 32 -0.24589418253894735
7 33 0.5014585795696314
7 34 0.9811405549148733
7 35 0.7091516631877732
7 36 0.2930653260978009
7 37 0.4791579444917191
7 38 0.5819221575339595
7 39 -0.3245943960276212
8 8 0.704522345925259
8 9 -0.45112927758155563
8 10 -0.3575281388333498
8 11 -0.2282930725732606
8 12 0.36970802595189034
8 13 -0.1406859547773125
8 14 0.5940740067194477
8 15 -0.6377214376395082
8 16 0.14831768562992886
8 17 -0.8518138960124302
8 18 -0.07786414772516781
8 19 0.722755457772416
8 20 -0.7340355405052255
8 21 -0.4452250679205392
8 22 -0.21165119253818854
8 23 -0.12880648417202223
8 24 0.15840832871822186
8 25 0.24285112396762898
8 26 0.34874302569927074
8 27 0.3563522430076098
8 28 0.9860630424983889
8 29 -0.7629666808116857
8 30 0.6745285993673669
8 31 0.6269958598744665
8 32 0.8532713543339352
8 33 0.3028080608959798
8 34 -0.7118255691272606
8 35 0.8754203936752534
8 36 -0.9674079690726929
8 37 -0.026831909067744686
8 38 -0.4045928887374519
8 39 -0.46444416716031967
9 9 -0.5615434394030234
9 10 0.4564800114146148
9 11 -0.258063085883256
9 12 -0.970980633089775
9 13 0.8509356726859265
9 14 -0.027574364116143002
9 15 -0.16562959510717
9 16 -0.3728971430216961
9 17 0.3206856528016866
9 18 -0.5465490287806187
9 19 -0.8796136732264479
9 20 -0.5261676026107764
9 21 0.8902002514607048
9 22 -0.4989819996276228
9 23 0.5554662114501432
9 24 -0.8824420271163553
9 25 0.32472977927142566
9 26 0.3663340077210482
9 27 0.015618943646312111
9 28 -0.7380067127518863
9 29 -0.7340136956132313
9 30 -0.1228391292943678
9 31 0.23142353657421677
9 32 0.572128556298384
9 33 0.08112994192874368
9 34 -0.6245824369485402
9 35 0.2366467481926693
9 36 -0.587050090449245
9 37 0.7673111492945581
9 38 -0.6870589845625945
9 39 0.36338892547674906
10 10 -0.702711235851045
10 11 0.846976161348423
10 12 0.3829676428807618
10 13 -0.13382055658562853
10 14 -0.7510772631405886
10 15 -0.8535344703761654
10 16 -0.35664897149543506
10 17 -0.3806674357460591
10 18 0.9033269222415785
10 19 -0.3327398454785435
10 20 0.4784847560258334
10 21 0.6328889345031945
10 22 -0.631825241585952
10 23 0.18261760797274484
10 24 0.25628395156218264
10 25 0.2894762187797515
10 26 0.70246178948537
10 27 0.02357850387966165
10 28 -0.5826324685824
10 29 -0.3783382630838692
10 30 0.9654599718734116
10 31 0.05461206150503939
10 32 0.9975333785318592
10 33 0.21584239529181515
10 34 -0.49962125290715176
10 35 -0.7083340420782112
10 36 0.8763839013281391
10 37 0.8425180244107278
10 38 0.0977292420521132
10 39 0.16964276626210428
11 11 0.2594375023129252
11 12 -0.6232959206048228
11 13 0.5444701327995856
11 14 -0.414321124592012
11 15 -0.8272910029707252
11 16 0.5079760457364839
11 17 -0.07018766075637672
11 18 0.9365747751604581
11 19 0.19549408894155462
11 20 0.3768739369499383
11 21 0.20048555399208978
11 22 0.5323329881840599
11 23 -0.5380643910510658
11 24 0.3449030657628962
11 25 0.46532273641432864
11 26 -0.2746523475922835
11 27 -0.04169629146842957
11 28 0.332175725003786
11 29 0.48500390706587027
11 30 0.8639428914466032
11 31 0.10181510101519087
11 32 0.8139005921031439
11 33 0.8969270007732739
11 34 0.041951173326676194
11 35 -0.08550965213184658
11 36 -0.8045750274985675
11 37 0.6149701664717808
11 38 0.9418634894361535
11 39 0.9442962711360339
12 12 -0.7299118065595123
12 13 -0.35457839383670176
12 14 -0.5072355179670818
12 15 -0.009997253989127985
12 16 0.4170706514095901
12 17 0.10765472971121426
12 18 -0.2825799502007802
12 19 0.9684925438471028
12 20 -0.008466837307395059
12 21 0.5482165217396864
12 22 -0.18289117551022627
12 23 -0.5144429695040353
12 24 -0.3913654880924402
12 25 -0.18057398764301946
12 26 -0.9715833066630875
12 27 -0.6069532836420239
12 28 -0.05753451606856519
12 29 -0.4721467563182056
12 30 0.3495781705480101
12 31 0.7847257531366199
12 32 0.35288566462128546
12 33 -0.5702416019516663
12 34 -0.6670813653402383
12 35 -0.00708053038304568
12 36 0.055797224660737
12 37 -0.6733797825874173
12 38 -0.4861798774187056
12 39 0.4098882210464272
13 13 0.6742423729201203
13 14 0.3076038074688916
13 15 0.4368066955847336
13 16 -0.9282562978677922
13 17 0.482455524283282
13 18 -0.9559234779925143
13 19 -0.43908390174609435
13 20 -0.9526972603625401
13 21 -0.17210351938202995
13 22 -0.3864809380171066
13 23 -0.9674080535178442
13 24 -0.0735071362001003
13 25 0.5047624682948844
13 26 -0.6292482330891209
13 27 -0.44210266891021766
13 28 0.402594260730877
13 29 -0.6630905820786841
13 30 -0.2762227358069438
13 31 -0.6808079982990565
13 32 -0.5844888696536312
13 33 -0.008206233619176162
13 34 -0.886741043054387
13 35 0.6772611623443678
13 36 0.9397549507447396
13 37 0.2249822158483734
13 38 -0.846929140098593
13 39 0.8139849349847819
14 14 -0.6981274917154536
14 15 -0.876545770142843
14 16 0.7977565088867065
14 17 0.1638871282402925
14 18 -0.7685714899767793
14 19 0.6202638807482641
14 20 0.6010624484517115
14 21 -0.4541793355708048
14 22 -0.1843264184322051
14 23 0.12287993363074134
14 24 0.449297873149886
14 25 -0.04018119890247429
14 26 0.2924404056267691
14 27 0.5870066367351532
14 28 0.5073715418307714
14 29 -0.16304289556433904
14 30 0.7463015106635171
14 31 0.20881388564911463
14 32 0.10473461049022981
14 33 -0.7380186606167027
14 34 -0.4807364929657627
14 35 0.41909375670293647
14 36 -0.5772228892561859
14 37 0.10188719418505121
14 38 -0.7421564588283007
14 39 0.07856337908351896
15 15 0.3843780716420455
15 16 -0.12826931462485125
15 17 -0.873723251081443
15 18 0.27531353529037195
15 19 -0.9884841826749744
15 20 -0.9561421522579441
15 21 -0.9863528774085393
15 22 -0.6324377886454617
15 23 -0.5645227080627753
15 24 0.9973916454043188
15 25 -0.22856992864023207
15 26 -0.17884219287555814
15 27 -0.955978290565779
15 28 0.5443041686775998
15 29 0.9626776662659202
15 30 -0.6917279483145493
15 31 0.0056989630428943006
15 32 0.3942582975787783
15 33 0.01995068906645181
15 34 0.4869800271692424
15 35 -0.3341476747285048
15 36 -0.2552348068513579
15 37 0.1969309901164349
15 38 -0.21885966799536294
15 39 0.17979849133306836
16 16 -0.10065386951502542
16 17 -0.9138922969841237
16 18 0.6915525796042628
16 19 0.21404894883921033
16 20 0.038670795100028243
16 21 0.9775223296557911
16 22 -0.26498667984730107
16 23 0.09045299463488621
16 24 0.22333045970956156
16 25 0.8109016419558277
16 26 0.021038509118901816
16 27 -0.9182335355624955
16 28 0.061416501688235314
16 29 -0.7547848290854899
16 30 -0.6804495991139898
16 31 0.9208705692689179
16 32 0.9216492286938194
16 33 -0.3818371942622609
16 34 0.5088935042659584
16 35 -0.6941751074518967
16 36 -0.6670797261659507
16 37 0.7470408781338327
16 38 0.9939844647500673
16 39 -0.30943974228659177
17 17 -0.32775039689701657
17 18 0.6606082343114561
17 19 -0.8395388196519973
17 20 -0.40525292204760754
17 21 -0.7063636695636077
17 22 -0.394710700688381
17 23 -0.5348765997646749
17 24 0.18282102977645498
17 25 0.44825478645480366
17 26 -0.24827160288032535
17 27 0.8442766173865697
17 28 -0.10515809083250516
17 29 -0.5886109776206263
17 30 -0.5874901342113856
17 31 -0.6110758092710522
17 32 0.9446412653824741
17 33 0.43052727795086665
17 34 -0.7162101554730647
17 35 0.8642436511845644
17 36 0.5108863323685682
17 37 -0.2746243895021412
17 38 0.6506049136067988
17 39 -0.6994682163359078
18 18 -0.1661742056299753
18 19 0.9281267367801329
18 20 -0.30276417290845936
18 21 -0.6075523533169478
18 22 0.4074434331923733
18 23 0.4275851683941121
18 24 -0.08964341826519151
18 25 -0.029317942712060452
18 26 0.21457134667048305
18 27 -0.7719058582964218
18 28 0.3147734399892572
18 29 0.7887180654536257
18 30 -0.9764429747344419
18 31 -0.22992549331377599
18 32 0.19238499856420388
18 33 -0.6452535472620193
18 34 -0.41301110864817314
18 35 0.04559600353263238
18 36 -0.45626373495127504
18 37 0.9641881693841796
18 38 0.049298123822665074
18 39 -0.6504622834463989
19 19 0.9538133744567134
19 20 0.053703995587965236
19 21 0.3325983911093324
19 22 -0.7418687871180898
19 23 -0.6404206478406964
19 24 0.2642951811833092
19 25 0.6047818482040943
19 26 0.8923210580551446
19 27 0.8417363001549032
19 28 0.5295453727669774
19 29 -0.8615980489259583
19 30 0.18035298410289258
19 31 0.31708244939730235
19 32 -0.9670817351859462
19 33 0.3777573734480668
19 34 -0.26301369136882835
19 35 -0.33685769758247286
19 36 0.8685902285568887
19 37 -0.4854478770327484
19 38 -0.4518377265638054
19 39 0.10162371951390337
20 20 0.7421057805150488
20 21 0.7418542120537837
20 22 0.3038398879313917
20 23 -0.030820453252624613
20 24 0.2754680390373532
20 25 0.0668195117441206
20 26 -0.6358843831537522
20 27 -0.7892629370521662
20 28 -0.7243656842944857
20 29 -0.8253835082215664
20 30 0.09124338628532813
20 31 -0.45930983115158064
20 32 -0.9916584448058783
20 33 -0.8909933415570266
20 34 -0.584667061724637
20 35 0.3940544465230369
20 36 0.9782851235056933
20 37 0.8170184962458062
20 38 0.41396077776102524
20 39 0.41898326891185333
21 21 -0.0017223299626469846
21 22 -0.9753258577993247
21 23 0.9271858607813346
21 24 0.6746785248436502
21 25 -0.3553651080680873
21 26 0.6116624014889995
21 27 -0.21845435676601288
21 28 -0.47755181100728983
21 29 -0.6767486419686275
21 30 -0.5438021999889446
21 31 -0.987170338967104
21 32 0.566978875183314
21 33 0.6338174588918706
21 34 -0.2042837592505209
21 35 -0.5959570760226645
21 36 0.7319459561628281
21 37 0.7837082799337278
21 38 -0.635841783215767
21 39 -0.9707192512356784
22 22 0.82689269420544
22 23 0.7691724218704774
22 24 -0.18118543287906386
22 25 0.9037085910608769
22 26 -0.16082028628625733
22 27 -0.3092395642405259
22 28 0.4366802229865898
22 29 0.6395661160175838
22 30 0.8691752687577068
22 31 -0.4982033217747275
22 32 0.5664382979392986
22 33 0.28726847967986635
22 34 -0.2226627259585856
22 35 0.8673081556226372
22 36 -0.43929831785972406
22 37 0.7954097527536796
22 38 0.31460622982790953
22 39 0.11788920614310916
23 23 0.7304741134677404
23 24 -0.049995657431430196
23 25 0.710199855773991
23 26 0.41266161571572546
23 27 -0.5445356924377258
23 28 -0.06801930984762894
23 29 -0.4915530624337754
23 30 -0.6192698144227708
23 31 -0.2812795006578561
23 32 -0.40349728628678294
23 33 -0.5066093509469567
23 34 -0.03806734450351068
23 35 -0.919686572445588
23 36 -0.6342789451413804
23 37 -0.5580194969811028
23 38 -0.4869717201838315
23 39 -0.1829747016958605
24 24 -0.7091230366947263
24 25 0.49772573544880294
24 26 0.7633168205553857
24 27 0.6291569190079627
24 28 0.8637582107774244
24 29 0.2847162141780646
24 30 -0.9996504135822171
24 31 -0.6826770773281705
24 32 0.036458933989524045
24 33 0.8716264726026568
24 34 0.6540594318876445
24 35 -0.6921606452222531
24 36 -0.2947936186322453
24 37 0.6210544047342923
24 38 -0.06872829071570363
24 39 -0.9698602758851989
25 25 -0.5324366375378804
25 26 -0.3536888503577369
25 27 0.6904171479945542
25 28 -0.22461923993193755
25 29 -0.47853957310238693
25 30 -0.8171676000106147
25 31 0.6517309759246581
25 32 -0.2271380098663669
25 33 0.45866111558002265
25 34 0.7448084429405517
25 35 -0.6047078824361529
25 36 -0.5053195650542612
25 37 0.7768025838466774
25 38 0.18670196343894663
25 39 0.11015232389268226
26 26 -0.42444352943369257
26 27 -0.5696897997448898
26 28 -0.28656102946133033
26 29 -0.30275093073237636
26 30 0.9368105327777458
26 31 -0.40474307007287513
26 32 -0.5191801933144242
26 33 -0.034731230905414856
26 34 -0.869739089895182
26 35 -0.3421683978539465
26 36 0.5633057695114627
26 37 0.4877086444095686
26 38 -0.3581624688304741
26 39 -0.9760700082155747
27 27 0.6559606614202294
27 28 -0.41071911448898035
27 29 0.49148801656717334
27 30 -0.4704485704363135
27 31 0.19200958183802896
27 32 -0.08027554681030002
27 33 -0.07640727394713065
27 34 0.1836044566238928
27 35 -0.6689876309691225
27 36 -0.6672162002766393
27 37 -0.06300164560362131
27 38 0.08878417275263728
27 39 0.7448391719747545
28 28 -0.3609882151507535
28 29 -0.3737963777545532
28 30 0.07636432538522131
28 31 -0.16228918103647216
28 32 0.7816588332853465
28 33 -0.15225213322942754
28 34 -0.5417735873384077
28 35 -0.9648202882745343
28 36 -0.2823689330100778
28 37 -0.9388727648078985
28 38 0.500052878374516
28 39 -0.09579506200260224
29 29 0.6789032077485233
29 30 0.9812928115548782
29 31 0.9933292265116671
29 32 -0.2781446244371448
29 33 0.5405777435050121
29 34 0.7164971314791171
29 35 -0.8934056780657877
29 36 -0.6313862923004967
29 37 0.16774060018406578
29 38 -0.9405513740115217
29 39 -0.6146428133868298
30 30 -0.7436621237356436
30 31 -0.7789910187182658
30 32 0.94790044773577
30 33 0.957209406371375
30 34 -0.062227034151893124
30 35 0.608058217183937
30 36 0.9251521078044442
30 37 0.6038004838106004
30 38 0.29971454991549296
30 39 -0.538588359521992
31 31 0.8743693058962869
31 32 0.42316397835025543
31 33 -0.4651598264322072
31 34 0.8210832503083914
31 35 0.12655732527762464
31 36 0.46898719561954705
31 37 0.008620216009206816
31 38 0.8760607864611971
31 39 0.11506992385876025
32 32 0.37568695241052286
32 33 0.9160116818809247
32 34 -0.8328775407022464
32 35 0.8880645609553228
32 36 0.9875827278526901
32 37 0.761386405555144
32 38 0.3372616220482014
32 39 -0.12582090336683094
33 33 0.7716375410637424
33 34 0.16352579400727518
33 35 -0.20327179640514959
33 36 0.27379860373161913
33 37 0.9729089260037702
33 38 -0.9896527713930754
33 39 0.4551111981157481
34 34 -0.31363396594289816
34 35 0.9622423619375895
34 36 0.295174965525413
34 37 -0.055015468469300055
34 38 -0.40021071957099497
34 39 0.03620198402708641
35 35 -0.4390401893779432
35 36 0.4417826217427865
35 37 -0.8200371150694803
35 38 0.005740916332549695
35 39 0.7639114325934266
36 36 -0.9689940491864109
36 37 0.4191119991920782
36 38 -0.5587326414102334
36 39 -0.2145522266165214
37 37 0.9629091067216431
37 38 -0.572431332620204
37 39 -0.7825064089053262
38 38 -0.863391381398465
38 39 0.03858218077680875
39 39 0.017706195717051676
