0 0 0.9337911296066481
0 1 0.9439726162304245
0 2 0.5816422784938693
0 3 0.5391171459916708
0 4 0.6490022764210794
0 5 0.7970501814978912
0 6 0.5363586959959437
0 7 -0.7787251162465851
0 8 -0.14104203103466162
0 9 0.3060505060365555
0 10 0.1454155725392574
0 11 -0.46346368560212725
0 12 -0.021998867898603836
0 13 -0.2828646070433849
0 14 0.9823789013514559
0 15 -0.26117744425704226
0 16 0.11733689094901933
0 17 -0.10799520779292315
0 18 0.7927472497773294
0 19 0.3099050103007275
0 20 0.4464997315118735
0 21 -0.6647835826457671
0 22 -0.6530449317683809
0 23 -0.3459910801284032
0 24 0.8669887083481693
0 25 -0.9964030352627293
0 26 0.9940417664159704
0 27 0.024159479250019045
0 28 0.42997777054674224
0 29 -0.036324497144641255
0 30 0.5374176363937326
0 31 0.13022060121522427
0 32 -0.5584870600270677
0 33 -0.44393694303187625
0 34 0.6938882817125953
0 35 0.9238171505254325
0 36 0.16592919516349203
0 37 0.7574902102972378
0 38 -0.3861672587193925
0 39 -0.09650419435282509
0 40 -0.4550513723676881
0 41 0.9433146478065455
1 1 -0.020018397167622215
1 2 -0.884896215410911
1 3 -0.8648023854464124
1 4 -0.5099542235086023
1 5 -0.3599853939325963
1 6 -0.961624665264478
1 7 0.39825095977171165
1 8 0.2730539296605303
1 9 0.657363473494277
1 10 -0.5592286553808932
1 11 -0.27350989678507065
1 12 -0.5247394499491971
1 13 0.9393977058025786
1 14 -0.8187864771557194
1 15 0.039070603779716606
1 16 -0.9830301020106296
1 17 -0.5061680447000165
1 18 0.6628892998282203
1 19 -0.2603423943083505
1 20 0.005954354811201101
1 21 0.6137760739552791
1 22 0.6089466049493562
1 23 -0.1335956095643276
1 24 -0.6193045288845418
1 25 0.10694799813867717
1 26 -0.29471154960438284
1 27 0.017922913858042788
1 28 0.053565613100422294
1 29 -0.814371824685509
1 30 0.29162103615842017
1 31 0.11816622598527515
1 32 -0.34293803738562456
1 33 0.9056992999107567
1 34 0.06464650609835276
1 35 0.01308272041454761
1 36 0.18801333320460123
1 37 -0.4553196676865101
1 38 0.05239668187823776
1 39 -0.02117117885383335
1 40 -0.1685852971371795
1 41 0.9843205354213591
2 2 0.7373241789593519
2 3 -0.5237477549048177
2 4 0.5145043510275205
2 5 0.7949172179694737
2 6 0.4187572535891029
2 7 -0.5617692563554431
2 8 -0.9027824645365194
2 9 -0.20907773327929724
2 10 0.49099626420133635
2 11 0.3068464769679642
2 12 -0.15173502541191253
2 13 0.554898876436996
2 14 0.9501602298298468
2 15 0.025580053372500355
2 16 -0.5184392217155942
2 17 0.13036638341506368
2 18 -0.8556144090138822
2 19 -0.4647648425757913
2 20 0.9961982171512034
2 21 0.8721062104457418
2 22 0.5653888335409032
2 23 0.38788981052710403
2 24 0.9352197056655593
2 25 -0.561891691454758
2 26 -0.5776552792049874
2 27 -0.7003675200443142
2 28 0.7562360395568546
2 29 0.2561861652112183
2 30 0.3096819232483583
2 31 0.3766432209049748
2 32 0.15927529348998615
2 33 -0.6735987442799851
2 34 -0.45411432203803015
2 35 0.50552566255612
2 36 -0.7077290508235055
2 37 -0.5206837559955617
2 38 -0.9068142571030093
2 39 -0.6959717301283077
2 40 -0.25260504048238297
2 41 0.7840772346962117
3 3 -0.06078324135399904
3 4 -0.26428812758669196
3 5 0.9829339112757434
3 6 -0.6104788983780218
3 7 -0.8434478517404709
3 8 0.6323678007392424
3 9 -0.022344697892534127
3 10 -0.7095966238239526
3 11 -0.28574929979541963
3 12 0.6645304530957796
3 13 0.5810764759125224
3 14 0.11999562246135276
3 15 0.3296129424329064
3 16 -0.4734581830545954
3 17 0.7944338713887733
3 18 0.38231992637002543
3 19 0.0026424479948818913
3 20 -0.35728492215596486
3 21 0.23525593161789282
3 22 -0.5459182502122322
3 23 -0.9812326320247953
3 24 0.0468785064076207
3 25 -0.9487990957379806
3 26 -0.4590625429438864
3 27 -0.7083499871102938
3 28 -0.9215172868693868
3 29 -0.6514155371630443
3 30 0.9737617612498974
3 31 -0.22417521131759743
3 32 0.8225526094555347
3 33 -0.26017911969513396
3 34 -0.12197990124083558
3 35 -0.6016757418297249
3 36 0.9166272224943828
3 37 -0.9360795526836407
3 38 0.01291000996958469
3 39 -0.24393492172965203
3 40 -0.9162303356779702
3 41 0.6966858085903322
4 4 0.8846729265132647
4 5 -0.8963768397256116
4 6 0.24832332841677474
4 7 0.12976654427729972
4 8 -0.31124712183071934
4 9 -0.7468323500951377
4 10 0.7815005232725434
4 11 -0.2039108488406891
4 12 -0.277997600888799
4 13 0.6049831359497639
4 14 0.3779941459185341
4 15 -0.9822998034523975
4 16 -0.16182854992632723
4 17 -0.38740108235696247
4 18 -0.9286293068108724
4 19 -0.3204597770765245
4 20 -0.8225279308864155
4 21 0.34511990534709724
4 22 0.17040178342610868
4 23 0.7926609507032842
4 24 0.0869226620499921
4 25 0.46500207496594026
4 26 -0.8337811144204734
4 27 -0.1910104299070472
4 28 -0.5308160540562399
4 29 0.962671773437668
4 30 0.035941874410265084
4 31 -0.4023233939289401
4 32 -0.7312594476378453
4 33 -0.42092397839057627
4 34 0.9435125640715791
4 35 0.33751167210940203
4 36 -0.38442619714860404
4 37 -0.22669663919379235
4 38 -0.0062428981688484875
4 39 0.01776312217641851
4 40 0.566834073276757
4 41 -0.7805110803558657
5 5 -0.5916316507170902
5 6 0.041130435442891855
5 7 -0.9408587680598468
5 8 0.21258868394300579
5 9 0.5547262179710826
5 10 -0.44259709885674603
5 11 0.8909829695361238
5 12 -0.36522215273754854
5 13 -0.15623200960217032
5 14 -0.4498252223872743
5 15 -0.46106497937645696
5 16 -0.32785624711386174
5 17 0.8966949852742114
5 18 0.5120394161444066
5 19 0.5645012178543005
5 20 0.9642519873363369
5 21 -0.4540738707710066
5 22 -0.7354453344835712
5 23 0.3522695297364389
5 24 -0.2861760009451193
5 25 -0.3632952468582342
5 26 -0.7312755491008849
5 27 -0.35542225541951855
5 28 -0.8253628744016728
5 29 0.3462827865371534
5 30 -0.48915075354764714
5 31 0.5576657486814289
5 32 0.20958886568800805
5 33 0.9672236783780028
5 34 0.3169889597122939
5 35 0.8798739383701488
5 36 0.8013699542207537
5 37 -0.7955926811843839
5 38 0.3269528802120909
5 39 -0.886199919900712
5 40 0.7255826197640298
5 41 0.08733159273376478
6 6 0.22818402303655239
6 7 -0.4468114041792073
6 8 -0.6895209848678698
6 9 -0.3407295317879415
6 10 -0.5812587028026175
6 11 -0.3870528936925579
6 12 -0.3989045460603584
6 13 0.3286106835411724
6 14 0.4231338209138005
6 15 0.048484419722377714
6 16 -0.20434993003963475
6 17 0.15617029117496828
6 18 -0.5187081130159239
6 19 0.6522114416559583
6 20 -0.5530362266747808
6 21 -0.3184037237284192
6 22 0.7570160118663445
6 23 -0.25823864252999473
6 24 0.29031966942091847
6 25 0.33873172809466556
6 26 0.09783886877476111
6 27 -0.7620401692863774
6 28 -0.6401221248723294
6 29 -0.7561068166637288
6 30 0.4245172688527834
6 31 -0.6123887639839327
6 32 -0.6826823178661203
6 33 0.41196003173996143
6 34 0.7275596435426461
6 35 -0.06012643264616391
6 36 -0.22352617393928687
6 37 0.8987653411291483
6 38 0.026120786614067137
6 39 -0.742147568292471
6 40 0.7788629890378238
6 41 -0.7888405317391367
7 7 0.5441201557010149
7 8 -0.7084129684821545
7 9 -0.76260481393898
7 10 0.5843403512702441
7 11 0.16535047458891827
7 12 0.09503079183440177
7 13 0.8342454514872026
7 14 -0.6009827400649206
7 15 -0.662986466739159
7 16 -0.02388590589248807
7 17 -0.3592645323743844
7 18 -0.3934331523811363
7 19 0.07884146610735598
7 20 0.756479496863552
7 21 -0.86966721050427
7 22 -0.04305505606669646
7 23 -0.17226291118205928
7 24 -0.014277664842792248
7 25 0.44194302454350787
7 26 0.6946827382340874
7 27 -0.07620554462264684
7 28 -0.8920678114814113
7 29 -0.08513760697833916
7 30 -0.24844304964424802
7 31 0.6313546833845003
7 32 -0.2742092738880826
7 33 -0.987587122039302
7 34 0.8689900151664582
7 35 -0.9118090300225294
7 36 -0.9299313122356401
7 37 -0.908299215471918
7 38 -0.48850878522470453
7 39 0.7372021027345037
7 40 -0.7501769581963602
7 41 -0.5094798521260122
8 8 0.5913122559324335
8 9 -0.09016534915431929
8 10 -0.6842391360293625
8 11 0.12311891326486113
8 12 0.557546959525524
8 13 0.811656177859319
8 14 0.2982485014126153
8 15 0.3742529843632971
8 16 0.4015909542966485
8 17 0.5673367326392198
8 18 0.7621491583926314
8 19 0.1839682840333221
8 20 -0.6440094686503683
8 21 -0.89388607720794
8 22 -0.9618774628788436
8 23 -0.19988969725891037
8 24 -0.7100096187918239
8 25 0.9066491000731134
8 26 -0.3023265951763934
8 27 -0.9695844522119663
8 28 0.7164789968551455
8 29 -0.7686578338577803
8 30 -0.6738308149248657
8 31 0.6314950946450413
8 32 -0.8383247560355118
8 33 -0.16814123543344683
8 34 0.28417100885104785
8 35 0.9851248862384037
8 36 0.041947939448964355
8 37 -0.1333064536018569
8 38 -0.8279829265883705
8 39 0.5435217461958781
8 40 -0.8137123038125695
8 41 -0.25393740455240343
9 9 0.6123302590888715
9 10 -0.7427453819445686
9 11 -0.6476839563043884
9 12 0.33289843954382303
9 13 -0.4758188381182349
9 14 -0.22303172417452144
9 15 0.4222921550921346
9 16 -0.016043815555296215
9 17 0.7807927374684775
9 18 0.2053359247551827
9 19 -0.7810956896954357
9 20 -0.8766019178764877
9 21 -0.8891760024540849
9 22 -0.48118144845449295
9 23 0.5488527231802418
9 24 0.44399633941379757
9 25 0.3867196633011656
9 26 0.618031810595423
9 27 0.9801280249970372
9 28 0.34741541758549
9 29 -0.4515131789239273
9 30 0.20899547718036326
9 31 -0.20362604055100086
9 32 -0.4835396311595166
9 33 -0.7579539404359479
9 34 -0.8495991236507023
9 35 -0.8879823511838776
9 36 -0.5220536663032243
9 37 -0.2602658755703078
9 38 0.018188747904420266
9 39 -0.06665165238915338
9 40 0.6156044429241523
9 41 0.8419079278820503
10 10 0.28993979346778187
10 11 0.7161923026796628
10 12 -0.9402406723879819
10 13 0.6483558079713143
10 14 0.5339937189344512
10 15 0.5596490052707452
10 16 0.12435583602885347
10 17 -0.3068042870603971
10 18 0.03494069877576189
10 19 0.4034706594057875
10 20 0.05612658800984072
10 21 -0.9862606539026033
10 22 -0.816400546283971
10 23 0.3965915424375044
10 24 0.4974379142592076
10 25 -0.21106871760536894
10 26 0.885051224159134
10 27 0.7873858246340921
10 28 0.3086535001013224
10 29 0.1600202236653574
10 30 0.8836678125991209
10 31 -0.2611293316105354
10 32 0.8917996583546344
10 33 0.2795613129918888
10 34 -0.5480233226321278
10 35 -0.5922790433699738
10 36 0.6110217640339854
10 37 0.8375219828612435
10 38 0.9998072819046444
10 39 -0.24178366304928223
10 40 0.4555967475710043
10 41 0.6538015241475263
11 11 0.34759352918811803
11 12 0.11340126411415419
11 13 0.220079344147599
11 14 -0.4082386696917846
11 15 0.9842442653520991
11 16 -0.2453390723801958
11 17 0.632806528423461
11 18 -0.8005474713968139
11 19 0.7816892000743181
11 20 -0.007944610354915893
11 21 -0.7420259966796143
11 22 0.7679715156573639
11 23 0.016496923553197984
11 24 0.5906511703092749
11 25 0.5834415553057624
11 26 -0.7479291306946734
11 27 0.11300330170602746
11 28 -0.675762163273945
11 29 0.44527845286039724
11 30 -0.10678309876510284
11 31 0.4038457746478199
11 32 -0.5753018295667574
11 33 0.4793061966115495
11 34 0.04781887524247708
11 35 0.2967324916570919
11 36 -0.2442473566939063
11 37 -0.2775499486812427
11 38 0.8075562478023328
11 39 -0.054986585889003736
11 40 0.5768240772266293
11 41 -0.03566545854082204
12 12 0.18351394157938716
12 13 0.5949093744901461
12 14 0.6371652850119183
12 15 -0.5262819729328125
12 16 -0.8140583640129921
12 17 0.6254149802788787
12 18 -0.8993651922454815
12 19 0.8096466274355358
12 20 0.9117826798768078
12 21 0.3697046999883604
12 22 0.6855967340808242
12 23 -0.03063130045993301
12 24 -0.7222157667354661
12 25 0.7478842664101115
12 26 -0.20510375257365188
12 27 0.29085920267833765
12 28 -0.39892684870975126
12 29 0.10025871574226164
12 30 -0.9871093982473573
12 31 0.636776566117063
12 32 -0.47789001977050716
12 33 -0.11967205487211774
12 34 0.07561971884004448
12 35 0.8913073038465897
12 36 0.27603793683787936
12 37 -0.9321327734585987
12 38 -0.4258905563198121
12 39 -0.3071266838622988
12 40 -0.733509358016553
12 41 -0.9371401878460885
13 13 -0.8554497507493828
13 14 -0.8427759909295185
13 15 0.9275251725947502
13 16 0.39455566211798176
13 17 0.4435432829136039
13 18 -0.3509513199270955
13 19 -0.7958801633942121
13 20 -0.43846595935680166
13 21 -0.6975931284830739
13 22 0.7433849426766821
13 23 0.5407432035067261
13 24 0.12066601925875964
13 25 -0.48655893857084376
13 26 -0.4120150667073157
13 27 -0.7125386414579724
13 28 -0.2612645408906258
13 29 0.5830147646163144
13 30 -0.5340458782309927
13 31 -0.9162180299951821
13 32 -0.9452019900594117
13 33 0.9605110055054722
13 34 -0.9321596789607169
13 35 0.2528284593993755
13 36 -0.2546987647193615
13 37 0.6164669092567676
13 38 0.759197403370671
13 39 0.6930549862740423
13 40 -0.6624175055082862
13 41 0.9703777291825686
14 14 0.6856894248954817
14 15 -0.601325464445917
14 16 -0.3050172068302932
14 17 -0.4679828636344967
14 18 -0.6208962281429016
14 19 -0.5235151125830166
14 20 -0.2880316953775013
14 21 -0.89702948443795
14 22 -0.7059457140161567
14 23 0.08736776609895114
14 24 -0.8981642799209413
14 25 0.606079840132353
14 26 0.8263898554876923
14 27 0.8533415618549944
14 28 -0.25705608092677634
14 29 -0.07138647439588874
14 30 0.663924448036894
14 31 -0.5112876879922568
14 32 -0.6176630716632519
14 33 0.5790721283504521
14 34 -0.6153692519960687
14 35 -0.5700354885414567
14 36 -0.02472600869068442
14 37 0.367590771373002
14 38 -0.4876372155456432
14 39 0.8623035460614312
14 40 0.8411069165116207
14 41 -0.005059296375015787
15 15 -0.5519294864477071
15 16 -0.38958005279003083
15 17 -0.7277359518870876
15 18 0.14067264793206635
15 19 -0.7477252513232799
15 20 0.5017742002025831
15 21 0.8243726209306108
15 22 0.04663256407742766
15 23 0.76785419076203
15 24 -0.27314415696531724
15 25 -0.13837942952626658
15 26 -0.248445373823869
15 27 0.537887167713019
15 28 0.911224934627558
15 29 -0.767914891830193
15 30 -0.5876044126136626
15 31 0.2984907203588778
15 32 0.8933932314388136
15 33 0.7802230060581474
15 34 0.6832547174607744
15 35 -0.5134089853077752
15 36 -0.8402914704702809
15 37 -0.8948625212542667
15 38 -0.368905722364423
15 39 -0.2527369631447691
15 40 -0.42233839796255523
15 41 -0.16498178719617673
16 16 0.2563500328769359
16 17 0.09579527302253288
16 18 0.35953875081526054
16 19 -0.22442127923428368
16 20 0.516397327736738
16 21 -0.08022890170863994
16 22 0.6695042451587823
16 23 -0.5990956251409856
16 24 0.2105087516050912
16 25 0.8695342064827429
16 26 -0.29847943897017815
16 27 -0.48156757052059906
16 28 0.1574358431566596
16 29 -0.5076603014061052
16 30 -0.1854432808744284
16 31 0.2177587919209656
16 32 -0.37682067928798024
16 33 -0.1289655115150119
16 34 -0.12169681715064207
16 35 -0.16992860462749615
16 36 0.2828259866740179
16 37 0.6614503245937147
16 38 0.20645511364355085
16 39 0.4842964499538098
16 40 0.7931570247927917
16 41 -0.13533129647527864
17 17 -0.572435437572834
17 18 0.327952879825947
17 19 0.38929016163473507
17 20 -0.14979653653233926
17 21 0.2584819866255872
17 22 0.5815864985556927
17 23 0.5332761997413331
17 24 -0.46503000727357624
17 25 -0.17229976274161074
17 26 -0.030440851235961963
17 27 -0.5834548775878454
17 28 0.489026635736058
17 29 0.5303876865244419
17 30 0.27936551015977473
17 31 0.7361862397473096
17 32 0.8201367864044244
17 33 -0.848431930633597
17 34 0.11833686671049026
17 35 -0.8364347010620798
17 36 -0.8501717204705437
17 37 -0.8684512783440883
17 38 0.031132467318486734
17 39 0.9301312222576088
17 40 0.8206105867167894
17 41 -0.30175693030210327
18 18 -0.8345411330565824
18 19 0.7774637746819724
18 20 -0.25100868740377313
18 21 0.8037749633776914
18 22 0.29322800002688076
18 23 0.758705029058447
18 24 -0.6155247012523846
18 25 -0.968679996355305
18 26 -0.5010631905377574
18 27 -0.21106388088232664
18 28 0.2342063953267508
18 29 -0.02961840278150185
18 30 -0.5238582455079241
18 31 -0.3744687821614734
18 32 0.7619254820835952
18 33 -0.35431566814989357
18 34 -0.9216156832329796
18 35 0.0006554852182862891
18 36 0.5206015288246288
18 37 0.624935812920077
18 38 -0.6576027311034893
18 39 -0.9124318341748532
18 40 0.3823542092633321
18 41 0.7300842332156727
19 19 0.03412458766561044
19 20 0.9014550229008682
19 21 0.44060306192384635
19 22 -0.6489631649936003
19 23 0.4398728198197184
19 24 0.2136654717494273
19 25 -0.8406840825793447
19 26 0.8183904211515511
19 27 -0.15882147847624783
19 28 -0.19229833725298162
19 29 0.5384565377606108
19 30 0.13396890382146776
19 31 0.4532066526919125
19 32 -0.6152186791146235
19 33 0.891954166016864
19 34 0.9406664907705564
19 35 -0.1176372568774886
19 36 0.6615468313430986
19 37 0.6151170937461863
19 38 0.8130403270886466
19 39 -0.19108380703878813
19 40 0.7826246719915098
19 41 0.13655642298416226
20 20 -0.45995364759772883
20 21 -0.4525384917112687
20 22 0.30458044430497333
20 23 -0.4259892399400875
20 24 0.6554455310362519
20 25 0.820312436922509
20 26 0.5772606048839208
20 27 -0.13425827909603938
20 28 0.1687834345819521
20 29 -0.23951270180972406
20 30 -0.9086207396044843
20 31 0.7927001839892278
20 32 0.828709530650175
20 33 -0.9522293503279904
20 34 0.05040956125254725
20 35 -0.37129397216321913
20 36 0.32942181862643327
20 37 0.39864718505828467
20 38 0.41045229309905484
20 39 0.32429803322107564
20 40 0.4816050680075925
20 41 0.6561718886561017
21 21 -0.2832452077209675
21 22 0.9721727579880568
21 23 -0.6347683731076057
21 24 0.16669910037460567
21 25 -0.7909106560849504
21 26 0.9292645742644097
21 27 -0.7989604261429892
21 28 -0.36534531645155277
21 29 0.062016039217496655
21 30 0.9118448875527916
21 31 0.39589375376880254
21 32 -0.6855339230499271
21 33 0.15145788776574576
21 34 0.5269093682197754
21 35 -0.13924564388311533
21 36 0.6623701304043372
21 37 -0.1901591924270969
21 38 0.20825127522450737
21 39 0.9275070026345633
21 40 0.43783505068000306
21 41 -0.3261426186512597
22 22 0.07167469408814098
22 23 0.9242709723178022
22 24 0.17008328784531157
22 25 0.23887669630594277
22 26 -0.24902275247597383
22 27 0.6840118519687863
22 28 0.21630228240908878
22 29 0.11125155704586476
22 30 -0.011069297756151064
22 31 -0.4591742899959741
22 32 -0.38385179970431893
22 33 -0.4742721771380465
22 34 0.594363970909566
22 35 -0.7461524799482588
22 36 -0.631566146519684
22 37 -0.47773564705479643
22 38 -0.3869205485458236
22 39 0.8777939416283742
22 40 -0.8621211210899131
22 41 0.9180050413176584
23 23 0.2973703367207421
23 24 0.2636544925438795
23 25 -0.8685747803430472
23 26 -0.8908171807412437
23 27 -0.7524859219934013
23 28 0.6963558920069137
23 29 -0.12029201658061206
23 30 -0.9651912347601324
23 31 -0.7765717176192068
23 32 0.7410558187054017
23 33 -0.9884820639386005
23 34 0.8261375167898997
23 35 0.47988496350006815
23 36 0.2040687098004903
23 37 -0.2503369493288743
23 38 0.0758134617075108
23 39 0.8882992592270675
23 40 0.5018969166055081
23 41 -0.927800083115254
24 24 -0.19120949471922422
24 25 0.9517229236880171
24 26 0.4299724325251968
24 27 -0.1658555095550942
24 28 0.5019061042718327
24 29 -0.8901280692944167
24 30 -0.24691860441185587
24 31 0.06271981115866643
24 32 -0.962900866974056
24 33 0.737331706097107
24 34 -0.3362666097132405
24 35 0.5244262433948335
24 36 0.041584005247653044
24 37 0.9759075043968859
24 38 0.2149068350331349
24 39 0.39328628181758196
24 40 0.9036827478639244
24 41 0.6144782118622725
25 25 -0.7070452273373993
25 26 0.5355576867181056
25 27 0.22999746398486742
25 28 -0.4611008965601546
25 29 0.8518443423363569
25 30 -0.9080032121307913
25 31 0.5019506349935221
25 32 0.9707272897816952
25 33 -0.9931238281771695
25 34 0.8868760611995496
25 35 0.4488249795268937
25 36 -0.660431011081809
25 37 0.8555151648690482
25 38 0.023629448318294166
25 39 0.3783975742600876
25 40 -0.33576213089939255
25 41 -0.606427766698403
26 26 -0.46795277947109626
26 27 -0.866410042394149
26 28 -0.6174942139399688
26 29 0.9445376121756133
26 30 0.6766685908964956
26 31 0.9596808061483117
26 32 0.26190371842735316
26 33 0.07338143815326403
26 34 -0.46173775951713836
26 35 0.7708281372131514
26 36 -0.06588866752359723
26 37 0.007333943464904902
26 38 -0.2509934146062003
26 39 0.8038769616392931
26 40 0.5972678408756709
26 41 -0.6648249597298417
27 27 -0.4366648148572261
27 28 0.33941756728543515
27 29 -0.672588369010527
27 30 0.7475807191419386
27 31 -0.5277482860949028
27 32 -0.66183458366236
27 33 0.07742472145565316
27 34 0.25271999002062584
27 35 0.6098218136793967
27 36 -0.5987627908113027
27 37 0.27231108952494965
27 38 -0.538980939586116
27 39 -0.9705511318268252
27 40 -0.960210483653475
27 41 -0.11452832883771014
28 28 -0.924243218881529
28 29 -0.28318744816353236
28 30 -0.026518534662785642
28 31 -0.20838183100245522
28 32 0.4789441769891878
28 33 -0.17724831576648725
28 34 -0.9713454594719553
28 35 0.5618120384039869
28 36 -0.19334162500948215
28 37 0.1269571366379556
28 38 0.7982790660767656
28 39 -0.13225614245708073
28 40 -0.9582864135367253
28 41 -0.17320660981765257
29 29 0.645434516278383
29 30 -0.9819150157842289
29 31 -0.8289800054970713
29 32 0.547117151185678
29 33 0.5784010702874578
29 34 -0.0006625697768662953
29 35 -0.778800619868458
29 36 -0.9167202375325232
29 37 0.15185433265229675
29 38 -0.6059539552300499
29 39 0.7683009107180256
29 40 -0.9709681053281947
29 41 0.15528292519707554
30 30 0.24980721992070798
30 31 0.3514110237305337
30 32 0.5236009631789764
30 33 0.046361149970687965
30 34 -0.035370633886082414
30 35 -0.05236191763152154
30 36 -0.5073193020944915
30 37 0.4823387521100213
30 38 -0.6592445555204192
30 39 -0.12583928687038926
30 40 0.7954140454323795
30 41 -0.1369691532214412
31 31 -0.23813709404988637
31 32 0.28667793382261797
31 33 -0.040278454139716535
31 34 0.824188437592857
31 35 0.010755469756802638
31 36 0.6714683020844834
31 37 -0.6337746897122822
31 38 0.9173363378314701
31 39 0.657731858006227
31 40 0.23218597843156963
31 41 0.19711816222221779
32 32 0.6526564501125685
32 33 -0.6958448882877475
32 34 0.39105519723484594
32 35 -0.2934158552021453
32 36 0.22701275246552854
32 37 0.9227932742257448
32 38 -0.751685426938095
32 39 0.8370327725853233
32 40 0.747269713788075
32 41 0.6634977354350422
33 33 0.5387068758688771
33 34 -0.9938088326523062
33 35 -0.5518523144209146
33 36 0.6773230554391669
33 37 -0.3784720238887378
33 38 0.034507269204288926
33 39 0.19187771457177538
33 40 0.4562499811756282
33 41 0.13164318177395784
34 34 0.15697033358832213
34 35 -0.26973172650551325
34 36 0.11843626808117613
34 37 0.46098154201216945
34 38 -0.6202612484211651
34 39 0.9485020691836232
34 40 -0.8286029173122202
34 41 -0.04969793869810224
35 35 0.1457948301524432
35 36 0.9159123240979374
35 37 0.3401254734161101
35 38 0.5348610743317377
35 39 -0.2698289081077523
35 40 0.16006912840255083
35 41 0.7772355505907069
36 36 -0.5017782913132531
36 37 -0.42252769163567083
36 38 -0.0588994579929758
36 39 -0.7504972577184419
36 40 0.06491266135351204
36 41 0.08125177574568787
37 37 -0.996278794148151
37 38 -0.651204474095785
37 39 0.3512102919047584
37 40 0.27890323112183046
37 41 0.6272532469516698
38 38 0.3283397917729838
38 39 -0.25919600907375995
38 40 -0.15844356823372197
38 41 0.050102696579434225
39 39 0.7022441691222236
39 40 -0.5652967887484504
39 41 -0.16127141810006274
40 40 0.4102154312182653
40 41 -0.19144374581291923
41 41 -0.9391463766880828
