0 0 0.5991619659028917
0 1 -0.8405061369109228
0 2 0.30138176049338616
0 3 0.13792509633447936
0 4 0.6161722174479634
0 5 0.6438663276156911
0 6 -0.6124533736559727
0 7 -0.14719875089933088
0 8 0.881826334861709
0 9 0.7017808962861165
0 10 0.024224708705971265
0 11 -0.950771879359877
0 12 0.09527377793193192
0 13 0.7032919767878523
0 14 -0.9702980508238337
0 15 -0.25397882536814254
0 16 0.6950356507299511
0 17 0.7948528475736241
0 18 -0.11392434849551392
0 19 -0.8078367412204677
0 20 -0.9648045283063227
0 21 0.3794957785578954
0 22 0.40074922308625016
0 23 -0.2892487837698552
0 24 0.9448362400363051
0 25 0.6865933472839245
0 26 -0.9275973911583644
0 27 0.4384098115508157
0 28 -0.02841141831942129
0 29 -0.7974893559613421
0 30 -0.06996415562757807
0 31 0.9685897454038321
0 32 0.05182516998503295
0 33 0.3186732008990043
0 34 0.8584590190686732
0 35 -0.9617551787611442
0 36 0.10799780838841633
0 37 -0.2910068610654839
0 38 0.34268169251009883
0 39 0.4305912094799129
0 40 0.028496387443494697
0 41 0.1810266049930802
0 42 0.6680079202727303
0 43 0.16107188409005557
1 1 0.18709485406197746
1 2 -0.3328882357985701
1 3 -0.8332737338077392
1 4 0.1922303310180511
1 5 0.6186446372320686
1 6 -0.981132271174608
1 7 -0.16526177733388958
1 8 -0.09747406036641926
1 9 0.4185872931275465
1 10 0.05626877005140485
1 11 0.30288948057911913
1 12 0.27225846821426947
1 13 0.6353235901450398
1 14 -0.1242806528984357
1 15 0.9609285040873343
1 16 0.27701910809571917
1 17 0.680174541100655
1 18 -0.17091385341553056
1 19 0.7967933407365397
1 20 -0.2165192522282633
1 21 -0.5902968137126243
1 22 0.2880441395638511
1 23 -0.3821856122619205
1 24 -0.6451937727435384
1 25 -0.7023216388329883
1 26 -0.687151163081934
1 27 0.5030779617212922
1 28 -0.7111807319202794
1 29 -0.997948707584696
1 30 0.48325598923792024
1 31 -0.3843757479155909
1 32 0.9538269519672689
1 33 0.06687950036159696
1 34 -0.9461246418526079
1 35 0.1725760201859139
1 36 -0.14537652730702844
1 37 -0.6778299502783374
1 38 0.3329681803483977
1 39 0.2758842992085082
1 40 -0.8143242974709011
1 41 0.657163149896359
1 42 -0.9759911238699577
1 43 -0.08036201311684943
2 2 0.5815919755845216
2 3 0.03379380823830069
2 4 -0.9392539130258877
2 5 -0.0894793676753538
2 6 0.2536649433645142
2 7 0.5441987240330775
2 8 -0.6281388631390872
2 9 -0.9412992328028584
2 10 -0.892258941824102
2 11 0.2612057488498909
2 12 0.4055143201744045
2 13 -0.3217272875596606
2 14 0.6980410700595872
2 15 -0.23676683072363325
2 16 -0.7072270392087046
2 17 -0.7791686727171214
2 18 -0.9871280479791695
2 19 -0.015151763739587043
2 20 0.5111291340927504
2 21 -0.9192433851620514
2 22 -0.0620412907636525
2 23 -0.048105883654959936
2 24 0.5089741566871813
2 25 -0.19036206762380892
2 26 0.9293142779988646
2 27 -0.8272357951069238
2 28 -0.05200931792624153
2 29 0.450136258799958
2 30 -0.45280231691665485
2 31 -0.40784496315077434
2 32 0.7557495757438546
2 33 0.03667688413254666
2 34 -0.02142064181619796
2 35 0.4042065733962672
2 36 -0.4292451626394964
2 37 -0.012363226094002533
2 38 -0.5460974525850444
2 39 -0.39109662112912313
2 40 -0.863972509547198
2 41 0.05244586367054582
2 42 0.7073817394613289
2 43 -0.6024734656093438
3 3 0.9772548785276212
3 4 0.32402288459504414
3 5 0.7999038110065628
3 6 -0.18577291567436416
3 7 0.18124621193660162
3 8 -0.9781822095932329
3 9 -0.642524818628113
3 10 -0.8657282067117438
3 11 0.4023992301919841
3 12 -0.5404967570472321
3 13 -0.38339752629661583
3 14 -0.46285631390446014
3 15 -0.9883021180353573
3 16 0.19419043487931797
3 17 -0.4853906573416593
3 18 0.9829163932694249
3 19 0.7636593990629155
3 20 -0.5198964423231407
3 21 0.8738338782507877
3 22 0.7401952895663164
3 23 -0.38407418265691917
3 24 -0.20319517967500622
3 25 0.4371793442082521
3 26 -0.6548054288226086
3 27 0.2241112563374752
3 28 0.19437737357963192
3 29 0.6554844135365097
3 30 0.5240269983073125
3 31 -0.9613533331133235
3 32 0.8341564690144314
3 33 -0.1791196594838318
3 34 0.34186536047471927
3 35 0.6624718118993151
3 36 0.8075473180269961
3 37 -0.12121038824059815
3 38 -0.7188457301136415
3 39 -0.7953289469948601
3 40 0.6477257710458577
3 41 0.18398530551724046
3 42 0.05994031257148946
3 43 0.8360128726214622
4 4 0.5704800385028825
4 5 -0.7168534038804084
4 6 -0.48122459939273154
4 7 0.5950731079754519
4 8 -0.4609424433615146
4 9 -0.45156545486076083
4 10 -0.20290869471656858
4 11 -0.7172100118168803
4 12 -0.2833129178216225
4 13 0.6301534427889754
4 14 0.09421968937546543
4 15 -0.008690411402349385
4 16 -0.13794679394944986
4 17 -0.18624760848802202
4 18 -0.8360710694691731
4 19 -0.3447468461221823
4 20 -0.8223443461177589
4 21 -0.6452867834074063
4 22 0.7975288399533165
4 23 -0.5509808714647142
4 24 -0.8328992721126076
4 25 -0.21379607451439542
4 26 0.9964206736413697
4 27 -0.1641804773216471
4 28 0.5040521668673488
4 29 -0.6278752875455358
4 30 0.8784833034411044
4 31 0.19825625887310339
4 32 0.1910443189541955
4 33 0.2518344986208336
4 34 -0.7952030374126986
4 35 -0.7293468157999996
4 36 0.4743200906006444
4 37 -0.4724066379443399
4 38 0.33108352345551495
4 39 -0.22987456056474365
4 40 -0.17133826354517545
4 41 0.08505093073513881
4 42 0.565170603141498
4 43 -0.8544866748565183
5 5 0.7837058349944592
5 6 0.5912593641010708
5 7 -0.6275924020953638
5 8 0.06484761592118815
5 9 0.1053907641595766
5 10 -0.7200699765491241
5 11 -0.7674672470572499
5 12 -0.4218225457747049
5 13 0.11713534302462847
5 14 0.24881580663990555
5 15 0.32651399144522975
5 16 -0.8587713989954839
5 17 0.09272652245554092
5 18 0.18310198184124715
5 19 0.2542429973607674
5 20 0.70979304880911
5 21 0.6792195754667472
5 22 -0.4171885683071317
5 23 0.025063383401537687
5 24 0.9858906974459123
5 25 0.3765356140536811
5 26 0.5914019505173183
5 27 0.49311112909355037
5 28 -0.2825948356027774
5 29 0.5387375689877099
5 30 0.15043426288110684
5 31 0.26362171472201834
5 32 -0.026512763093023084
5 33 -0.4319731387448018
5 34 -0.10246766542315533
5 35 -0.03163830788023825
5 36 0.8663698151771151
5 37 0.9245790780128387
5 38 0.19892260276071072
5 39 0.8416183815279934
5 40 -0.710868223542034
5 41 0.6247758494063773
5 42 -0.9926516735068762
5 43 -0.44953336133567134
6 6 0.6403985925786926
6 7 0.8352184716184423
6 8 0.08027789569318955
6 9 0.6626366182218946
6 10 0.8017918768208572
6 11 0.26408480058614114
6 12 0.9283416793393544
6 13 -0.503242289933941
6 14 -0.15642507213920331
6 15 -0.2334222218564279
6 16 0.872420711704091
6 17 -0.6093794785714559
6 18 -0.6290730118194579
6 19 0.14048504075372303
6 20 -0.5525692604241428
6 21 -0.37888997296566584
6 22 -0.18931377565673957
6 23 0.03948393255112803
6 24 -0.5024312244853404
6 25 -0.7550205061397472
6 26 -0.03727082737269849
6 27 -0.8812750877394928
6 28 0.612490871882444
6 29 0.04664986796897419
6 30 0.6968731342254786
6 31 -0.6958227283414817
6 32 0.2143951961497248
6 33 0.7793953739363804
6 34 0.029201160369854984
6 35 0.3373197972254778
6 36 -0.042246700937389026
6 37 -0.8424645034805824
6 38 0.6110619682878211
6 39 0.5879300035388175
6 40 -0.2459149606465305
6 41 0.17704778510830343
6 42 0.18566585071689623
6 43 -0.836676598560004
7 7 -0.11999061851269799
7 8 -0.9232436827039678
7 9 -0.5264105950951548
7 10 -0.11891493026571776
7 11 0.6408427586517171
7 12 -0.8280209511416861
7 13 -0.6589259067632771
7 14 -0.6815669997336948
7 15 0.6309759414290248
7 16 0.24889725664405415
7 17 -0.24466762157704802
7 18 0.6286903001014603
7 19 0.509271151418466
7 20 -0.35349178837946194
7 21 -0.36265775178539017
7 22 -0.4128235665240292
7 23 -0.1950775772068447
7 24 0.2973198962381378
7 25 -0.9049653601235095
7 26 -0.9135892138809851
7 27 -0.24826870234109566
7 28 -0.9509778542585552
7 29 0.3437191776786086
7 30 0.8983387110894259
7 31 -0.7775870678063135
7 32 -0.004287486784783967
7 33 0.3615212227705351
7 34 -0.24474149635543596
7 35 0.7608758615318976
7 36 0.6682496581064097
7 37 0.9687088269483743
7 38 -0.06119522213964368
7 39 0.30969842420144067
7 40 0.5156572409153646
7 41 -0.3645556504799554
7 42 0.38144205129126485
7 43 0.8573888027539684
8 8 -0.2363360566904842
8 9 0.2072784111040964
8 10 -0.38855867384739073
8 11 0.81604150512946
8 12 -0.5102849138595025
8 13 0.8157575285291645
8 14 0.22706276041442797
8 15 -0.7883492193476611
8 16 0.6625194775791303
8 17 -0.41535156005871965
8 18 0.7663684955938588
8 19 -0.44458787091982144
8 20 -0.6700829733295324
8 21 0.43302717517184575
8 22 -0.21762766357398244
8 23 0.13547060117043164
8 24 0.6722282834702473
8 25 -0.9271368792486556
8 26 -0.8333122654738165
8 27 -0.8593331124935801
8 28 -0.6917349043517602
8 29 0.4548992082192578
8 30 -0.09861724102704761
8 31 0.01927772932312055
8 32 0.07951959802162034
8 33 -0.7771004151020957
8 34 0.12531610314053454
8 35 0.3833461148525623
8 36 0.7750805329001569
8 37 0.4627327382771216
8 38 -0.245322663193988
8 39 -0.6948520524862685
8 40 -0.49334813122125576
8 41 0.998770208860011
8 42 -0.4987833717353716
8 43 -0.2364025685610156
9 9 -0.17479407753886278
9 10 -0.5034439886354849
9 11 0.6939012756212672
9 12 0.10455121725738126
9 13 0.9439363823306575
9 14 0.4824414292880794
9 15 0.2511789252130485
9 16 0.5364293852442934
9 17 -0.5913709697633591
9 18 -0.8148305578805841
9 19 0.5149400782553253
9 20 -0.4964887474221449
9 21 0.11162792481348105
9 22 -0.4178563076208348
9 23 -0.6442226161908013
9 24 0.5150978616157955
9 25 0.5172353795407743
9 26 -0.5512067778604302
9 27 0.8621321355599574
9 28 0.291205888659108
9 29 0.12390916882434078
9 30 0.7109948445027352
9 31 0.574769574374713
9 32 0.9244696276779882
9 33 0.26966951372694825
9 34 0.5745602536752628
9 35 -0.7043161773798272
9 36 -0.8856326762380184
9 37 0.8882977324990222
9 38 0.5842618467625127
9 39 -0.6891471268514546
9 40 0.28954949813616326
9 41 0.05730465571339782
9 42 0.4772831351185436
9 43 -0.48024329202002325
10 10 0.9151117799661908
10 11 -0.673592279960417
10 12 -0.46566975334170646
10 13 0.0806190487403533
10 14 -0.6927518601127693
10 15 -0.36804920571651056
10 16 -0.8880841699366846
10 17 0.1925019029325581
10 18 -0.06613610820747029
10 19 -0.05442333892184714
10 20 0.5055034149787838
10 21 -0.010902394224634904
10 22 -0.753653303269773
10 23 0.09049518779405874
10 24 -0.6789667295238351
10 25 0.5659611419261052
10 26 0.8254114915721316
10 27 -0.7151059011057119
10 28 -0.9745952032255802
10 29 -0.5447542545793904
10 30 0.6680268863994192
10 31 0.3802605829316055
10 32 -0.05548661843058955
10 33 0.04889751799316144
10 34 0.7323139824886702
10 35 0.32039228506669715
10 36 -0.5627615372871033
10 37 -0.29419832049555317
10 38 -0.5281179447258135
10 39 0.7569143212653016
10 40 0.7180241541557724
10 41 0.8685319607959496
10 42 -0.5561899283714524
10 43 -0.22846221914811338
11 11 0.141947677686187
11 12 0.41229263897519197
11 13 0.8238346520937927
11 14 0.29875097761978453
11 15 -0.779372076034945
11 16 -0.40446630858534016
11 17 0.6148226621521415
11 18 -0.7319915795186245
11 19 0.4314240342144269
11 20 -0.10362211127721555
11 21 -0.7081503130682638
11 22 0.22267132301716885
11 23 -0.519462251395975
11 24 -0.8707767091358667
11 25 -0.4098192183891438
11 26 0.7857121688132238
11 27 -0.23869623642624127
11 28 0.37498258185780275
11 29 -0.4352237601688145
11 30 -0.8493007072687995
11 31 -0.5737218493939209
11 32 0.9361397227124362
11 33 0.4345595758016263
11 34 0.7658462362654466
11 35 -0.6495646665992669
11 36 0.9465002774034239
11 37 0.6431862254243985
11 38 -0.5559441113582044
11 39 0.2849321344788507
11 40 -0.6732121383697662
11 41 0.8937142905280022
11 42 0.5192549007909919
11 43 0.17864056345746304
12 12 0.15617436712128607
12 13 0.950818788603814
12 14 0.26973972685569714
12 15 0.7009417347785865
12 16 0.9123187635033605
12 17 0.5492265797785663
12 18 0.2404269985405756
12 19 -0.8443113578640198
12 20 0.49014630233065004
12 21 0.013145569645239608
12 22 -0.3902990483632993
12 23 -0.628121436114971
12 24 0.04234853484862833
12 25 -0.9038912667663799
12 26 0.5869908924465042
12 27 0.8524703288150386
12 28 -0.5157041600010543
12 29 0.18211404208115667
12 30 0.9228688898297221
12 31 0.009022200982263362
12 32 -0.18418003916242442
12 33 -0.5112433056597843
12 34 0.31239252159920783
12 35 0.8077825978122137
12 36 0.517290403696963
12 37 0.9128279655879015
12 38 -0.9421539608033265
12 39 0.29154730455391586
12 40 -0.1212321383139785
12 41 0.6091377953030617
12 42 0.29072786676334506
12 43 -0.0784271954750746
13 13 0.9091471463461256
13 14 0.1566405367882222
13 15 0.7947749212642057
13 16 -0.26371956349287107
13 17 0.43528432448325627
13 18 -0.9895450663323113
13 19 -0.4919956094667799
13 20 -0.7681658458320049
13 21 0.3533276836539261
13 22 0.7557315775704947
13 23 -0.06996076590987732
13 24 -0.6440353032387593
13 25 0.5455582695904295
13 26 -0.6974983196602278
13 27 0.27605636124176103
13 28 -0.9519224911094295
13 29 -0.1934847626409324
13 30 -0.7614571388253222
13 31 -0.9184141409366078
13 32 0.14116879206234878
13 33 -0.3907076785809427
13 34 -0.8784429823302857
13 35 -0.34303588178201894
13 36 0.5234147661097324
13 37 -0.6505383425914892
13 38 0.5860919052180364
13 39 0.27213043545281423
13 40 -0.9358868968632745
13 41 0.980890710900481
13 42 -0.10579803643367813
13 43 -0.20438032954682583
14 14 -0.8986142187865944
14 15 -0.39032300755188265
14 16 -0.029130207970440303
14 17 0.3056084201890059
14 18 -0.9751618049496491
14 19 -0.4226781754243807
14 20 0.9085222859312831
14 21 -0.6551577902670038
14 22 0.24964165350342515
14 23 -0.4537540263572939
14 24 0.35279555456184775
14 25 -0.2274900438148395
14 26 0.5011337932547997
14 27 -0.09293240713389772
14 28 -0.7910158734657331
14 29 0.8270018621878603
14 30 -0.5940185510482756
14 31 -0.8973913840329568
14 32 0.9263093358011216
14 33 -0.4829687313100768
14 34 -0.6763152191695454
14 35 0.8044355711599847
14 36 -0.9663516790749704
14 37 0.2372031809554247
14 38 -0.8556874181756182
14 39 -0.16688091447414588
14 40 -0.23366883026481022
14 41 -0.3688456296978897
14 42 -0.25856204741275834
14 43 0.4447722049648777
15 15 -0.5113442066878637
15 16 -0.5139516966774358
15 17 -0.315285790631592
15 18 -0.334794810451438
15 19 0.5231566287849836
15 20 -0.28030931223078914
15 21 0.17211631419998374
15 22 0.7442337952380775
15 23 -0.18421080727151407
15 24 0.27794796894193086
15 25 0.3784757472774387
15 26 0.2756596158707758
15 27 -0.43684608754818455
15 28 0.7265847487203763
15 29 -0.5550267571299559
15 30 -0.7599913426892457
15 31 -0.7867553872208699
15 32 0.6365870897333576
15 33 -0.6883041588947179
15 34 0.15686013747555894
15 35 0.04867559276324429
15 36 0.9739473763971098
15 37 -0.7383462363035864
15 38 -0.7620320099196316
15 39 -0.5973936653756495
15 40 -0.47906367177736287
15 41 0.17690012673806943
15 42 0.910153410580363
15 43 0.5463491855157225
16 16 0.8027382775251439
16 17 -0.8186287077559296
16 18 0.23565050905490503
16 19 0.6215814082738498
16 20 0.8269591289098261
16 21 -0.18736928257474839
16 22 -0.7509476210348593
16 23 0.6423847539487388
16 24 -0.7963193839772345
16 25 0.2621390250386524
16 26 0.7231629271570132
16 27 -0.7752558992208067
16 28 0.695579186016704
16 29 -0.9588840940959973
16 30 0.20762067400487494
16 31 -0.9317106770609889
16 32 -0.6361235253403095
16 33 0.4614599389966534
16 34 0.37586382641626326
16 35 -0.08887548389496902
16 36 -0.9450676953888912
16 37 -0.5560690189138775
16 38 -0.2366737385542792
16 39 0.8828930769238126
16 40 -0.01058212915327239
16 41 0.3438403400774075
16 42 0.25742992038349377
16 43 -0.2296432489204434
17 17 -0.2606228756244182
17 18 0.15032927126076223
17 19 0.9742291698628018
17 20 0.2107780251113025
17 21 -0.20182076380006642
17 22 -0.4899728121478253
17 23 0.5228580220163581
17 24 -0.22638670210046485
17 25 -0.9202133443807452
17 26 -0.3110741109926185
17 27 -0.7317055485383748
17 28 -0.6258238086039336
17 29 -0.5223658163047438
17 30 0.885001225408329
17 31 -0.6743626968873508
17 32 -0.23224260760885063
17 33 -0.3949459067071457
17 34 0.38125228091916985
17 35 0.7815277036257207
17 36 0.5024097589439023
17 37 -0.6922175740675973
17 38 -0.9241608879715055
17 39 0.906543463823348
17 40 0.7716554240384466
17 41 0.2718249869679934
17 42 0.9141631319704799
17 43 0.2617847446165631
18 18 -0.5911853265218132
18 19 0.3489918511100072
18 20 0.015458559302591324
18 21 -0.9438513756418994
18 22 -0.9723428298314503
18 23 -0.19048904711591153
18 24 0.3426871100666955
18 25 0.7314616938195717
18 26 -0.9683220251698876
18 27 0.367212429510837
18 28 -0.48639029720099813
18 29 -0.8899237199674386
18 30 0.6886286867975699
18 31 0.18497509611502183
18 32 -0.08273316346561477
18 33 -0.7638213559281974
18 34 0.8889550763430167
18 35 0.18193806235396104
18 36 -0.36183899461653257
18 37 -0.6002710575839756
18 38 0.20682569657419125
18 39 0.7996315986628513
18 40 0.8778045860570276
18 41 -0.28021628974543145
18 42 -0.9988296883365373
18 43 0.6360744975878978
19 19 -0.0610935832527808
19 20 -0.5204558178798542
19 21 0.8976137558411355
19 22 0.49663740308419135
19 23 0.8516909792240783
19 24 -0.9255029917721691
19 25 -0.13622777140158138
19 26 -0.2998891216121333
19 27 -0.9328050317236298
19 28 0.279252789880889
19 29 0.4203461979018679
19 30 0.1952213146147428
19 31 -0.3650618668886323
19 32 -0.6192539825525052
19 33 0.5577286326890589
19 34 -0.5256318261560429
19 35 -0.5560522159256047
19 36 -0.6810429728629506
19 37 -0.10851433192321536
19 38 0.7998470655583931
19 39 -0.971268423339579
19 40 -0.8388187309352186
19 41 -0.8130779127849539
19 42 -0.44219174058389576
19 43 0.8193502610867716
20 20 0.38748671951700975
20 21 -0.15263708604559167
20 22 0.32224775578233245
20 23 0.3121402955010033
20 24 0.8725577492719407
20 25 -0.5947333471174474
20 26 -0.2895599390279484
20 27 0.15788906384821244
20 28 0.8679663787822809
20 29 0.24096676168800713
20 30 0.7230475228481659
20 31 -0.605433615240293
20 32 0.9274441602787105
20 33 -0.7623874241629374
20 34 -0.7677115381297317
20 35 0.44442425521771267
20 36 0.8581443526127164
20 37 0.8947216418709929
20 38 0.4112449326795877
20 39 -0.005681719460590706
20 40 0.5784156572766861
20 41 0.8652915813247459
20 42 -0.5225853648861627
20 43 -0.7046337300977938
21 21 -0.7008739962501644
21 22 0.10643066624172182
21 23 -0.6200288266919256
21 24 -0.21061450549843697
21 25 -0.1617871061750995
21 26 -0.3774673956407988
21 27 -0.2420848441881469
21 28 -0.3595639322301174
21 29 0.811245317537096
21 30 0.9171180154518397
21 31 0.703527629110698
21 32 -0.15177945600412324
21 33 -0.6952171983800481
21 34 -0.8050890344117663
21 35 -0.07958189562616536
21 36 -0.3124570191009448
21 37 -0.15808049764299015
21 38 0.7253192881318786
21 39 0.11047514093052535
21 40 0.6965335383130706
21 41 -0.003326516042052141
21 42 0.3690354341548614
21 43 0.35740568800624284
22 22 0.2523611584146892
22 23 0.8727586196662005
22 24 -0.8085630045166514
22 25 0.42679541662354303
22 26 0.8900822938440434
22 27 0.5485302824287677
22 28 -0.3314909117882885
22 29 -0.6257580354178434
22 30 -0.41349395589780125
22 31 0.2272370154616532
22 32 -0.10153829534876446
22 33 0.4515482163708522
22 34 0.7908650942498487
22 35 0.7145537686418391
22 36 -0.353322605685523
22 37 0.9071003943506146
22 38 -0.1393036571540398
22 39 0.3710746581098774
22 40 0.6585309461456554
22 41 0.09430979941465267
22 42 0.08333101034833534
22 43 0.6096065553291694
23 23 0.9709164955696785
23 24 -0.548078046516959
23 25 0.4305118122397704
23 26 -0.614576114631807
23 27 0.1726697268449866
23 28 -0.39295815240137943
23 29 0.10331081267497955
23 30 -0.30796461956800547
23 31 0.10504409306577034
23 32 0.0036532089790506372
23 33 0.26129778856323904
23 34 -0.3716464652024012
23 35 0.9190680739421739
23 36 -0.9976750030132644
23 37 0.5243327379875153
23 38 0.4929054996286266
23 39 -0.6609500981171559
23 40 0.9482535667224026
23 41 0.7368411747334356
23 42 0.9515154330378459
23 43 0.47334406519391026
24 24 -0.6781545048721438
24 25 0.2107059185040323
24 26 0.8780388879286698
24 27 -0.27510886179876226
24 28 -0.594867875298843
24 29 0.43461877360592815
24 30 0.7801814785423966
24 31 0.11905095257957798
24 32 -0.39398861604215174
24 33 -0.30351576454994356
24 34 -0.8197089864383875
24 35 -0.5863302815215519
24 36 -0.9951218861230733
24 37 -0.757183682117885
24 38 0.48945911131414377
24 39 -0.36997332067160915
24 40 -0.35328360394433256
24 41 0.46093740564332286
24 42 -0.3176599594116085
24 43 -0.7207700860211665
25 25 -0.22525258508951174
25 26 -0.03958998894256238
25 27 -0.3336418689124727
25 28 -0.8206584755444737
25 29 -0.6188022489525795
25 30 -0.2640210687172284
25 31 0.44272264494754787
25 32 -0.4264488409481304
25 33 0.8433858459576427
25 34 0.9133729438511151
25 35 0.0025971638326465207
25 36 -0.8868343535706289
25 37 0.3912279952913664
25 38 -0.5922415726852941
25 39 0.1958288631720797
25 40 -0.12158437048817117
25 41 -0.9069230753616708
25 42 -0.860112960949946
25 43 0.7084605739332994
26 26 -0.03267921691561315
26 27 -0.8427634300864726
26 28 -0.18067212200008176
26 29 -0.17618499511817998
26 30 -0.8767078675887052
26 31 -0.2787511355294394
26 32 -0.832501235948504
26 33 0.5063611852990544
26 34 -0.8255409661975017
26 35 -0.06730509140328156
26 36 -0.8952131712796214
26 37 0.658947493378093
26 38 0.89410429772215
26 39 0.6767423176323706
26 40 -0.1146556370327998
26 41 -0.6461863924158264
26 42 -0.25224162979814
26 43 -0.35282865169499233
27 27 0.26998934422152154
27 28 -0.47901806451661555
27 29 0.22204498849583243
27 30 -0.6452925326127708
27 31 0.36771913661802524
27 32 -0.9741553873744233
27 33 0.8242918963863202
27 34 -0.13906418716586355
27 35 0.02706323104646713
27 36 0.4510251040382658
27 37 0.23019924981129147
27 38 0.2489118252798428
27 39 0.883844150683762
27 40 0.49914806047793303
27 41 -0.36853371949494873
27 42 -0.6962650387319358
27 43 0.25697168897962674
28 28 -0.6480610019967947
28 29 -0.373410084340142
28 30 0.8361340587378678
28 31 -0.20547107357242345
28 32 0.7627529947823524
28 33 -0.594016846061947
28 34 -0.17304702117718795
28 35 0.5480765774235843
28 36 0.10775984700747832
28 37 -0.43444798211120794
28 38 -0.9065048670956641
28 39 0.5903742803186092
28 40 0.8359427102022643
28 41 -0.8605767476444426
28 42 0.31285560138644475
28 43 0.7409882169654916
29 29 0.3473666674326128
29 30 -0.12457588289406041
29 31 -0.7788847227711677
29 32 -0.21423663985053798
29 33 -0.352819541337406
29 34 0.7798421361581469
29 35 -0.3536775135369794
29 36 0.8961762234004829
29 37 0.09501810350192241
29 38 -0.5737903232089108
29 39 0.24467713578121275
29 40 -0.2911372755431689
29 41 0.33637345408618513
29 42 0.3605287040792353
29 43 0.6427749991284226
30 30 -0.2953164363272658
30 31 0.6351584399921959
30 32 0.1520675325250651
30 33 0.7141329176692799
30 34 0.24018959252430094
30 35 0.2889249468583879
30 36 0.5176227920238325
30 37 -0.769536391072537
30 38 0.444726844265698
30 39 0.3461948521757421
30 40 -0.020379379025521782
30 41 0.5454937030915255
30 42 0.34250276886727593
30 43 -0.6358522465584795
31 31 -0.8653810287619468
31 32 -0.3841079750605063
31 33 0.9261910825194544
31 34 0.31786887864156776
31 35 0.32643460130502944
31 36 0.8380245267524649
31 37 -0.13231174655089872
31 38 -0.46093857084561707
31 39 -0.4967423903725403
31 40 0.6133949974673503
31 41 -0.6672326661422803
31 42 -0.9424173888701795
31 43 -0.9296246944629032
32 32 -0.5309520570719455
32 33 0.5195379697910936
32 34 0.5893225115537244
32 35 0.5787313099390758
32 36 -0.5475475127773322
32 37 0.5864218475233465
32 38 -0.467559278621275
32 39 -0.16482230022937094
32 40 -0.09291773256973612
32 41 0.9284397262699311
32 42 0.1735446216549299
32 43 -0.5838281276339943
33 33 -0.0954695274510231
33 34 0.9462715001958117
33 35 -0.11201516762633501
33 36 -0.9075410596647024
33 37 0.19343326319595033
33 38 -0.7974800711793559
33 39 0.8301823997883861
33 40 0.881419205796498
33 41 -0.5762168314152876
33 42 -0.3765358044776017
33 43 0.6900400435426279
34 34 0.6185988848464226
34 35 0.5616041996717114
34 36 0.03946378922766103
34 37 0.14282681035701272
34 38 -0.2902128430394808
34 39 0.15661710467139667
34 40 0.8126294809797672
34 41 0.7851143592058976
34 42 -0.8106449831280591
34 43 0.536277875587984
35 35 -0.4995683732391665
35 36 -0.5557418790754662
35 37 0.47594314332763044
35 38 -0.7350025941926968
35 39 0.15360850663358572
35 40 -0.7430872920289351
35 41 0.41704958982052487
35 42 0.21571347305554633
35 43 -0.9500565205746265
36 36 0.23299492505555608
36 37 0.1533450922060604
36 38 -0.9884908845719509
36 39 -0.48650579167054575
36 40 0.39339242690673415
36 41 -0.8955350573595018
36 42 -0.5655094814695854
36 43 0.25246326441269096
37 37 -0.7387401592000531
37 38 -0.6815297744804543
37 39 -0.31688222513955555
37 40 -0.07732306338874584
37 41 -0.4233862921625302
37 42 0.3844560003201689
37 43 0.0046178147394173585
38 38 -0.7172341290448392
38 39 0.19412884144210985
38 40 0.16018215585664541
38 41 0.7950989096593488
38 42 0.2986835595978412
38 43 0.954061123580821
39 39 0.06120137560661654
39 40 0.022128126292112693
39 41 -0.7979638332374597
39 42 0.2627005226562813
39 43 0.5818230771973152
40 40 0.6543713403633755
40 41 -0.8283758846148825
40 42 0.9572212557528104
40 43 0.3425797357499536
41 41 0.8536335505521746
41 42 -0.10086993183669746
41 43 -0.07247282401930422
42 42 -0.7806443484200285
42 43 0.9810359776157356
43 43 0.5420412318535923
