0 0 0.46945130169749816
0 1 0.15147947219261515
0 2 0.45419541127782903
0 3 0.7041922171958157
0 4 0.2641736186508905
0 5 -0.727171364336987
0 6 0.3131813046719627
0 7 -0.7051290764376308
0 8 0.39574588718835435
0 9 -0.7286823962679541
0 10 -0.8035205187776293
0 11 -0.5580760014602351
0 12 0.7332360830226252
0 13 0.5213901109551193
0 14 0.02246096982236656
0 15 -0.5323842477809908
0 16 -0.014919268608551972
0 17 -0.32051026484859624
0 18 -0.7095494557015065
0 19 -0.8641209387082811
0 20 0.5956746403573132
0 21 -0.4211738961492548
0 22 0.9597859962181687
0 23 -0.5411135673740213
0 24 0.4422476125656867
0 25 -0.3477529799817791
0 26 -0.06273545654535884
0 27 -0.08956978743345445
0 28 0.6123632903906107
0 29 -0.646096055585665
0 30 0.06713638820230572
0 31 0.9505425995798897
0 32 0.9205306001010161
0 33 -0.5422303805921909
0 34 0.21901763806573382
0 35 -0.061875431613673815
0 36 -0.8001980895767389
0 37 0.8933404896050612
0 38 0.5784861957271199
0 39 0.8717028622238145
0 40 0.3381650155106106
0 41 -0.17649934843709825
0 42 0.17834282042349225
0 43 -0.005467449343232955
0 44 0.5252977577158413
0 45 0.5097096149585161
1 1 -0.5444781633357418
1 2 -0.8018083557623261
1 3 0.01692840145593233
1 4 -0.012753150130618174
1 5 0.552653427336899
1 6 0.6142848708831341
1 7 -0.347671521497841
1 8 -0.48542394521146615
1 9 -0.16096444098306062
1 10 -0.07162511280910899
1 11 -0.745215273012958
1 12 -0.08048680821236887
1 13 -0.5063762741869255
1 14 0.6284741938693512
1 15 -0.8910800201949969
1 16 -0.21436914147651076
1 17 -0.8894319453334483
1 18 0.5721776927640505
1 19 0.7455938268607476
1 20 0.6701690142178525
1 21 -0.006072399121160643
1 22 -0.7862301617818452
1 23 0.09803322378846158
1 24 0.10381619498350769
1 25 -0.23506830045587335
1 26 0.07463135919268504
1 27 0.8261829719216847
1 28 0.8807056755689706
1 29 -0.5705873648378017
1 30 -0.3262635140100991
1 31 -0.7283359479996792
1 32 -0.5088315553793057
1 33 -0.08464253831909319
1 34 -0.18404021474725862
1 35 -0.6407220193314269
1 36 0.9003245761218663
1 37 0.09307285052706527
1 38 0.5332928593291699
1 39 0.649101638669437
1 40 0.27126002422250073
1 41 -0.7373469734217757
1 42 -0.3257825768075182
1 43 -0.33566335696078453
1 44 -0.5841777809320585
1 45 0.5006071696880061
2 2 0.32816440223625243
2 3 -0.9852976703619987
2 4 0.417963529815951
2 5 -0.8505195429800829
2 6 0.1978497391848275
2 7 -0.8167289788073124
2 8 0.7828339525395018
2 9 -0.617509769022752
2 10 0.6548025053466089
2 11 -0.971804299945451
2 12 0.4514911708905547
2 13 -0.15740334223802344
2 14 0.9106560450326111
2 15 0.43564639318337894
2 16 -0.2082463133324235
2 17 -0.5901484093294558
2 18 -0.8899817888754435
2 19 0.4235576698115304
2 20 -0.589969658180739
2 21 -0.8393627600043863
2 22 -0.25900647670715315
2 23 0.7935958223671695
2 24 -0.8501452040185302
2 25 0.710824026080715
2 26 -0.6459445000376407
2 27 0.6863043031799789
2 28 0.2303690793910116
2 29 -0.9427047862953586
2 30 0.4818388301080019
2 31 -0.2966061888605722
2 32 -0.07293002239416402
2 33 -0.9077999524130698
2 34 -0.6247801429408615
2 35 -0.42036246185827353
2 36 0.13811925191452956
2 37 0.09124941950982768
2 38 0.6645404363099361
2 39 0.11709048232192609
2 40 -0.26156633985313027
2 41 0.3068591735270223
2 42 -0.12084168658523442
2 43 -0.31753086095601457
2 44 -0.04166245308698047
2 45 -0.8169085814774559
3 3 0.17304390383106827
3 4 0.5360598263351175
3 5 -0.15003443440340014
3 6 -0.19505438999766667
3 7 0.39979992501764805
3 8 -0.38966549665239136
3 9 -0.7442562460397932
3 10 -0.27738402487586544
3 11 -0.7524053143521348
3 12 -0.8416858805994014
3 13 -0.507323980348328
3 14 -0.6399191128330854
3 15 -0.41686755336233516
3 16 0.4048641621885869
3 17 -0.8405978485919137
3 18 0.45950778607866916
3 19 -0.9117913624653038
3 20 -0.5719862818253265
3 21 -0.8123300320999187
3 22 -0.08902202038167606
3 23 -0.7040711410733129
3 24 0.7292879699161807
3 25 -0.3460815591099957
3 26 -0.22181461554393556
3 27 -0.8399672811472794
3 28 0.34857255080592187
3 29 -0.4530401708065588
3 30 -0.5539914673569353
3 31 -0.30686536347219495
3 32 0.31914884195533033
3 33 0.8532012105661424
3 34 -0.7713124013216075
3 35 -0.3932396641864013
3 36 0.9524207117551542
3 37 -0.025995733543653143
3 38 0.25832041872160016
3 39 -0.11810586175378313
3 40 0.04166920478966718
3 41 -0.9795800636412879
3 42 0.6693690533235117
3 43 0.6464614379897855
3 44 0.4145309257120997
3 45 -0.1375814587929609
4 4 0.83544167849669
4 5 0.4208394837771188
4 6 0.9739050796222408
4 7 -0.6010834867651063
4 8 -0.8375566689421388
4 9 -0.07984450882517669
4 10 0.5865552356568187
4 11 0.44611895597618
4 12 -0.5332075194934094
4 13 -0.3928220283162507
4 14 0.36010206909892317
4 15 0.2956676655193329
4 16 -0.603489643848869
4 17 0.3619111698046389
4 18 0.8609973006525367
4 19 0.7590133839633342
4 20 -0.46352248805787677
4 21 -0.9371155014910002
4 22 -0.14720743161086403
4 23 -0.7308578948160118
4 24 -0.05409580475225528
4 25 -0.7686162528378815
4 26 -0.9683247606882197
4 27 0.14498078127807879
4 28 -0.17886210263980762
4 29 0.9777990400726457
4 30 0.36314271605890047
4 31 -0.31019776008524036
4 32 0.36780315641498884
4 33 0.06146047433991031
4 34 0.24488979015476842
4 35 0.7233070747039649
4 36 0.12101698038692255
4 37 -0.7178626817747542
4 38 -0.956090939603041
4 39 0.9803606012753421
4 40 0.5298217601300828
4 41 -0.4370726907920457
4 42 0.32465021094519253
4 43 0.13693759179525777
4 44 0.09604574486738215
4 45 0.8566105923586973
5 5 -0.625796001476169
5 6 -0.554297936497675
5 7 0.14095577201721987
5 8 0.9160321095108186
5 9 -0.24816217044559297
5 10 -0.4169857728660673
5 11 -0.24702657129858285
5 12 -0.7760048833724478
5 13 -2.667194324401656e-05
5 14 -0.09235586938499174
5 15 -0.318594294383056
5 16 0.15426396318371238
5 17 0.2541452420870953
5 18 0.31644598867845475
5 19 -0.14540504655138076
5 20 0.157608175397691
5 21 0.7645350638198549
5 22 0.26814109905539674
5 23 -0.23320990085119164
5 24 0.6292648178327029
5 25 -0.5949029736431792
5 26 0.44795179868004986
5 27 0.32079927191410906
5 28 -0.4518143181855394
5 29 0.7512905488454034
5 30 0.09948479596993898
5 31 0.45352991173234236
5 32 0.24479222645746157
5 33 -0.7155864715678055
5 34 -0.142245256019067
5 35 -0.48329208826057357
5 36 0.4265912442662867
5 37 -0.5682919299068223
5 38 0.8561432361405759
5 39 0.5804836435612803
5 40 0.13174736840794266
5 41 -0.10568667257805209
5 42 0.09965592083360697
5 43 0.9090573239395707
5 44 -0.6568905722734013
5 45 -0.3717064704696169
6 6 -0.5913752940003272
6 7 0.11192277705823095
6 8 -0.9055907684579112
6 9 -0.5030012979067602
6 10 -0.5477888373435791
6 11 0.3371904812817399
6 12 0.6624051714775578
6 13 -0.006028967582325739
6 14 0.5721696052648126
6 15 0.165083921058375
6 16 0.20506762960468783
6 17 0.8871808926374916
6 18 -0.26604354741827896
6 19 -0.1061029488415759
6 20 0.24347701037551128
6 21 -0.5432959778646524
6 22 -0.4241934068539841
6 23 0.30824289765890645
6 24 -0.3238135177785406
6 25 -0.1817980972015525
6 26 0.4549994236331578
6 27 -0.5907947394872495
6 28 0.7959980660694517
6 29 -0.4493536961902891
6 30 -0.4134657687673433
6 31 0.13520388660035487
6 32 0.03862219568270375
6 33 -0.04242548196489815
6 34 -0.008071451196327573
6 35 0.7934654859734918
6 36 -0.11297803558313269
6 37 0.23092395995242776
6 38 -0.8813832021693775
6 39 0.3453389343571678
6 40 0.05510159220619104
6 41 -0.08053019378462123
6 42 0.5482024021470886
6 43 0.5577121473834745
6 44 -0.047224503221340086
6 45 -0.9262355842024625
7 7 -0.18630806404697742
7 8 0.30851840299005806
7 9 -0.44222906550544594
7 10 0.16095684608931138
7 11 0.5569943061371943
7 12 0.6063085304982145
7 13 -0.5701725320824129
7 14 0.8036992568309214
7 15 0.905916842028714
7 16 -0.784298364731288
7 17 -0.4850186174858748
7 18 0.30150631955469787
7 19 -0.948050383084827
7 20 -0.5324483535695632
7 21 -0.21861957148886813
7 22 -0.697079646017271
7 23 0.018790317433135417
7 24 -0.6949506818539364
7 25 -0.9385583226620853
7 26 0.27609395083117483
7 27 -0.24700823170396435
7 28 0.26799634865414745
7 29 -0.5795055737977097
7 30 0.5575263363153167
7 31 0.1786064869967814
7 32 -0.057366495066203615
7 33 0.614263286045416
7 34 0.9706684711559079
7 35 0.41269769167265924
7 36 0.10749549101778078
7 37 -0.22083977116386544
7 38 -0.1502689348426236
7 39 -0.4163133787831441
7 40 0.4598378764315689
7 41 -0.767512928110468
7 42 0.5729192962581919
7 43 -0.25651363344894085
7 44 -0.06687205015142439
7 45 -0.12041288526071559
8 8 0.16342857642047792
8 9 -0.8213917303278455
8 10 0.7669313117544676
8 11 0.09958011586522963
8 12 -0.20120872955575653
8 13 -0.4410519019427548
8 14 0.2896292204790982
8 15 -0.8963847152341968
8 16 0.7518832178362476
8 17 -0.17524230561142184
8 18 -0.9201839324000243
8 19 -0.42299522101695475
8 20 -0.6831711720389189
8 21 -0.11609541298881987
8 22 0.2760288529212156
8 23 0.6512275881021281
8 24 0.3219927262157636
8 25 0.3346896241716846
8 26 0.8708716458413588
8 27 0.5723596231044101
8 28 0.8507351983023796
8 29 -0.4905154438832211
8 30 -0.8264212989469624
8 31 -0.9453586502260036
8 32 0.03636976328050423
8 33 0.5529703034468514
8 34 -0.8733814339621264
8 35 0.2372678332364473
8 36 -0.6279394249243504
8 37 -0.8828681286436182
8 38 -0.9598760010933414
8 39 -0.7854567752083201
8 40 0.0269077859805249
8 41 0.6056045139829866
8 42 0.2766494430592379
8 43 -0.6388995770076091
8 44 0.8707484026345076
8 45 0.440670150554866
9 9 -0.2439158488988702
9 10 0.9688320123986967
9 11 0.02094725323855995
9 12 0.5158392267990124
9 13 -0.584362926322809
9 14 -0.6382790789218555
9 15 0.834648836398205
9 16 0.07858538384524816
9 17 0.41795934786820377
9 18 0.4419565824308329
9 19 0.8903808561015147
9 20 0.38116764622632004
9 21 0.7491842813534149
9 22 0.6815269782934195
9 23 -0.49029184861098973
9 24 0.86667722836581
9 25 -0.2878922800321706
9 26 -0.8952678860801231
9 27 0.7871035360550775
9 28 -0.08179098994397083
9 29 -0.5881655262727217
9 30 0.30649722262667756
9 31 0.36989734646912464
9 32 -0.23361608327393513
9 33 -0.6928800424575925
9 34 0.11832888921891582
9 35 0.6900220940473629
9 36 -0.7309470050981599
9 37 -0.16814955913849783
9 38 0.8773102158948485
9 39 -0.5469991699323793
9 40 0.4837117450714532
9 41 0.3920677011189413
9 42 -0.24420233851262152
9 43 -0.2616365434473138
9 44 0.13162455525190997
9 45 0.37933259385132656
10 10 0.6087698080131978
10 11 -0.09411909942099617
10 12 0.9202239484086634
10 13 0.2515250704200811
10 14 0.43209189783065005
10 15 -0.5516276298988554
10 16 -0.2763103908958293
10 17 -0.6066169740661278
10 18 -0.7981572587104835
10 19 0.1265205835897989
10 20 0.047978955555188385
10 21 0.08468774478316266
10 22 -0.13228806616558275
10 23 -0.7052505599584262
10 24 0.1995034551768362
10 25 0.1742874055640129
10 26 -0.5013379629132453
10 27 0.407323811106201
10 28 0.6573595290336236
10 29 0.051303883547019424
10 30 -0.265337945890713
10 31 -0.26250278394431104
10 32 0.5809117108701167
10 33 -0.5803397095343081
10 34 0.12616727145646123
10 35 0.8522124456040969
10 36 -0.10907718458808269
10 37 0.5920771746347739
10 38 -0.3103667736663569
10 39 -0.09884313542112433
10 40 0.39463145000407485
10 41 -0.34330386525708945
10 42 0.15639006053920235
10 43 -0.057377361760567736
10 44 0.8585819588896964
10 45 -0.5839308673499646
11 11 -0.9305371560646936
11 12 0.29269117717076054
11 13 -0.028675559926621297
11 14 -0.3524453798635989
11 15 0.21141523685210628
11 16 0.8392498075826949
11 17 -0.9216469734785728
11 18 -0.48976746696563067
11 19 -0.8179039701458226
11 20 -0.252221722888748
11 21 0.5507216990348875
11 22 0.0342631453939235
11 23 0.5460404901439195
11 24 0.5902035163795181
11 25 -0.7333124595050025
11 26 0.7127385553218091
11 27 0.31994947645408
11 28 0.3811271069666935
11 29 0.9730376962376222
11 30 -0.6221421943979983
11 31 -0.45686134263180156
11 32 -0.36952921015501583
11 33 -0.2807861794779283
11 34 0.29462868402961795
11 35 -0.5256958907986742
11 36 0.6758383408458124
11 37 -0.3179571528621439
11 38 0.3829942299962106
11 39 0.688090182838784
11 40 0.5779767074494297
11 41 0.03395968747059186
11 42 -0.3910797528030754
11 43 -0.02887895226550774
11 44 0.31584805026245877
11 45 -0.6292516303376403
12 12 0.3903021879751325
12 13 0.7809020263287103
12 14 -0.17548154842031982
12 15 0.7956516717837749
12 16 0.1797129783817184
12 17 -0.4966804898678978
12 18 -0.9533824057334781
12 19 0.07744270200905468
12 20 0.029792141985708565
12 21 0.5250690618727114
12 22 0.2031860925850255
12 23 0.22897873816838765
12 24 0.11886647790726412
12 25 -0.44332123512799537
12 26 -0.9938528659964001
12 27 -0.5703640664174585
12 28 0.4480948552157562
12 29 0.6897982875751154
12 30 0.7182876608417399
12 31 0.5226150640806633
12 32 0.6487851830356921
12 33 0.39098260003704977
12 34 -0.41472667098040117
12 35 -0.06719639718526604
12 36 -0.6778136301335498
12 37 0.9463831566207335
12 38 0.9725638549590709
12 39 0.13640485264745905
12 40 -0.7082961719600249
12 41 -0.5823384119154089
12 42 0.9120005747415743
12 43 0.4046773272517079
12 44 0.8775573616381998
12 45 0.6904402354797308
13 13 -0.1777879144072565
13 14 0.8405840963464037
13 15 0.5380048318057988
13 16 -0.3254786687970719
13 17 -0.3549116248291462
13 18 0.46482112595865677
13 19 -0.7853772545457482
13 20 0.23672153148778396
13 21 0.3577261703365344
13 22 -0.3821451573460555
13 23 0.25923132555773787
13 24 -0.6886748754794678
13 25 -0.1838709502562279
13 26 0.06858847872403495
13 27 -0.45767080334862786
13 28 0.9255265070147707
13 29 0.03501428012660601
13 30 -0.035062832764703566
13 31 -0.9018457196744623
13 32 -0.9817909025087221
13 33 -0.038670193361750815
13 34 0.809546693915526
13 35 0.8975717622850938
13 36 0.9796129022777571
13 37 -0.9068239114532628
13 38 -0.8004869368985272
13 39 -0.180913550138452
13 40 -0.9019782459967616
13 41 -0.6107682253630216
13 42 -0.4198337435489854
13 43 -0.9739636098969682
13 44 0.9310944679207223
13 45 -0.6316871178437908
14 14 -0.726147352175009
14 15 -0.8751844779151676
14 16 -0.1342569850168689
14 17 0.6982016689036967
14 18 0.5469485956103333
14 19 0.6291180539451262
14 20 0.8593057662158117
14 21 -0.7002078750186309
14 22 -0.4468726616444416
14 23 0.160835784190978
14 24 0.6078277168083457
14 25 0.09082162287423579
14 26 -0.3887478777401241
14 27 0.8333905862620854
14 28 0.37524126064130825
14 29 0.7020869557881673
14 30 -0.3335370064646226
14 31 -0.17857641975879157
14 32 0.5710197756935962
14 33 -0.9197540693864008
14 34 0.539017524832166
14 35 -0.8846760777415068
14 36 -0.5565087834744213
14 37 -0.1565919019786275
14 38 -0.7712578165379265
14 39 -0.855892286343497
14 40 0.8044587823261324
14 41 0.648474024052734
14 42 0.6230155939482154
14 43 0.38165603678180604
14 44 0.36620347385788543
14 45 -0.818167451219417
15 15 0.016468665014991668
15 16 0.627851200430414
15 17 0.8919708825254355
15 18 0.09166709756942137
15 19 0.5732923014554447
15 20 -0.7844950515982585
15 21 0.13256786889030026
15 22 0.7553677806632113
15 23 0.9322278441423881
15 24 -0.02736701731095792
15 25 0.2658732683735663
15 26 -0.3448217304972916
15 27 -0.33685334564549363
15 28 -0.5626250097274728
15 29 0.9042639868822631
15 30 -0.8360847472923185
15 31 0.21634424235381533
15 32 0.6781340262536788
15 33 0.5504320549718444
15 34 -0.36891692773598517
15 35 -0.5684644298760826
15 36 -0.34285214279467335
15 37 0.7178595678551247
15 38 -0.8915452826829644
15 39 -0.19440492706136614
15 40 -0.0589947837339424
15 41 0.28227352452003807
15 42 0.2732132055272194
15 43 0.47144600810670356
15 44 0.9052729436187628
15 45 0.05704754962588088
16 16 0.6692750617216072
16 17 -0.7157431189136911
16 18 -0.43424167682784987
16 19 0.7205056228868352
16 20 0.4257801503803653
16 21 0.053964497266690614
16 22 -0.012104325019952622
16 23 0.6805007534102863
16 24 0.899741630395446
16 25 0.5639683055567883
16 26 0.022829624682481953
16 27 -0.003646767631565462
16 28 -0.6742998808079044
16 29 -0.12156849410765624
16 30 0.9715309949505768
16 31 -0.9180450300603613
16 32 0.49752552491919433
16 33 -0.892967655326987
16 34 0.576236587014276
16 35 0.6770122745092295
16 36 -0.8116542791035815
16 37 -0.8290670637551656
16 38 -0.8582112628708269
16 39 -0.3148770465880628
16 40 0.3304372510585001
16 41 -0.8840806042404321
16 42 0.17194496236023316
16 43 0.8178527325038649
16 44 0.0382790911826596
16 45 0.06438147238450109
17 17 0.36298707582412826
17 18 -0.6838637330690382
17 19 0.8213681863281908
17 20 0.8723657180675006
17 21 -0.2775105391451691
17 22 -0.36399918343206106
17 23 -0.42724676779588044
17 24 -0.5254517721627205
17 25 0.5365248800821689
17 26 0.7523724966074037
17 27 -0.6196209198130422
17 28 0.9885624462749976
17 29 0.49438718832222817
17 30 0.7119739986867852
17 31 -0.7323068383361366
17 32 0.8101207669020627
17 33 0.21148309721416392
17 34 0.7185254255292048
17 35 -0.5607963964748333
17 36 0.5751554034474218
17 37 -0.6168549587412171
17 38 -0.2208193563641001
17 39 0.9664876673782756
17 40 0.6098226341258064
17 41 -0.7825596999821673
17 42 0.8462834077213794
17 43 0.12268485185069133
17 44 0.6359878272341342
17 45 -0.878906341408187
18 18 -0.21436287544735677
18 19 0.9500554291642964
18 20 -0.21741886245338393
18 21 -0.8570298940787919
18 22 -0.014695104181904117
18 23 0.34385990997258364
18 24 0.45447460772542847
18 25 -0.3752767931031995
18 26 0.4484994871657484
18 27 0.8506510932996676
18 28 -0.9376406636378496
18 29 0.5969211228411715
18 30 0.1513767030437989
18 31 -0.7038810072167474
18 32 -0.4733978143885451
18 33 -0.06602708226697107
18 34 0.5473409029808463
18 35 -0.16757357746124013
18 36 -0.1586961621927674
18 37 0.6215511474407733
18 38 -0.8141689153761693
18 39 0.012838600538544576
18 40 0.45222596338063714
18 41 0.5146528213717614
18 42 0.6651064856913602
18 43 -0.6010539122705734
18 44 -0.6305809267467211
18 45 -0.06557390763784365
19 19 0.5976424894425851
19 20 0.023816533213917523
19 21 -0.8216159343244851
19 22 -0.7864063195279969
19 23 0.6715284019052614
19 24 0.8083550173466696
19 25 0.5906389729442083
19 26 0.517122761498316
19 27 -0.9985952275620158
19 28 0.3404501651527647
19 29 -0.6266216858800302
19 30 -0.8365181484870807
19 31 -0.7369374356059806
19 32 0.2888218047746165
19 33 -0.5221044856670918
19 34 -0.6392611564813975
19 35 -0.6161513405997627
19 36 0.8037765852962167
19 37 0.7908923618996937
19 38 -0.19464780848905705
19 39 -0.23132564963179014
19 40 -0.5143775072558257
19 41 0.8749289131293951
19 42 -0.8993215986673273
19 43 0.4537332602937194
19 44 -0.12710636362374794
19 45 0.44298854417395694
20 20 0.661571651816254
20 21 -0.2845932402977256
20 22 0.9064992851216216
20 23 -0.22725542424579404
20 24 -0.3901012905637129
20 25 0.9786318804972445
20 26 -0.11451492634385385
20 27 -0.47481035518862824
20 28 0.5743026181368511
20 29 -0.4449051418794756
20 30 -0.011775113537971338
20 31 0.8715376749052797
20 32 -0.4880191074614102
20 33 0.23006144996111688
20 34 0.6963534013053365
20 35 -0.39632882555447924
20 36 -0.006766260667872004
20 37 -0.6246750117041564
20 38 -0.4658560649199899
20 39 0.07083195238431306
20 40 0.05230941585073978
20 41 0.37982596887708087
20 42 0.35516993556114596
20 43 0.7471538292547408
20 44 -0.995430419298156
20 45 0.6416743180768683
21 21 -0.4968844535401291
21 22 -0.08299240825178011
21 23 0.8713363048492981
21 24 0.17703649382529196
21 25 -0.052762156971732255
21 26 -0.973134417153984
21 27 -0.265547033761921
21 28 -0.14605160175785303
21 29 0.10751550868287985
21 30 0.6953668206474941
21 31 0.8740578901903049
21 32 0.6073875885894113
21 33 0.6293822875171513
21 34 0.08294576595486802
21 35 0.8950345909641984
21 36 0.9612190419569018
21 37 -0.9189654751904068
21 38 0.19495820111341366
21 39 -0.9896544151639082
21 40 -0.6421650919312234
21 41 -0.14839889862925548
21 42 0.4493442564665764
21 43 0.9923199211283762
21 44 -0.6198324115462228
21 45 0.4320117663292944
22 22 0.30352573449115483
22 23 0.15227609949476917
22 24 -0.0630833010942804
22 25 0.9828779025305208
22 26 -0.6764261276046901
22 27 -0.8230405447610656
22 28 -0.2557091376538414
22 29 0.17286574308992075
22 30 0.05354247326349504
22 31 0.7011197258589108
22 32 -0.8310397724273342
22 33 0.5596863661636318
22 34 0.9048624966596186
22 35 0.9966121266820112
22 36 0.19499515506069098
22 37 -0.23251848418827525
22 38 0.5912336921028296
22 39 -0.6776787085604414
22 40 0.4166267051140864
22 41 -0.7234348334021494
22 42 -0.19854462118758187
22 43 -0.11814695667985875
22 44 -0.7538652272549322
22 45 0.23094164235877446
23 23 0.9207149085434541
23 24 -0.7036924515394885
23 25 -0.6086569371228479
23 26 -0.4823903915044927
23 27 -0.40289673919829694
23 28 -0.49424666059232325
23 29 -0.09453582095520363
23 30 0.918444415644587
23 31 0.6245401644446753
23 32 0.8965210189754629
23 33 0.9089517983670918
23 34 0.6314860057998006
23 35 0.44518254671470214
23 36 0.9711005707269786
23 37 -0.2578790353276539
23 38 0.3740323843267974
23 39 0.04060693950409
23 40 0.416407746939063
23 41 -0.0629295873048874
23 42 0.9537961759994988
23 43 -0.6041112333750824
23 44 0.7328260162677509
23 45 -0.38051298910084697
24 24 -0.8912819380971115
24 25 0.15929270970858944
24 26 0.5691092273095963
24 27 0.22712876717825647
24 28 -0.3953510804595479
24 29 -0.49794633362804475
24 30 0.30343698638356287
24 31 -0.6523583581181414
24 32 0.2261775871184446
24 33 0.8200904233114017
24 34 -0.17763037646771718
24 35 -0.6500846125117701
24 36 0.6300074095216182
24 37 -0.9665977445377063
24 38 0.573345714475411
24 39 0.3608212340985646
24 40 0.7019906965617708
24 41 -0.03090470255667621
24 42 -0.7610875271825948
24 43 -0.09164592004205474
24 44 0.4483112247267933
24 45 0.4563134243906335
25 25 0.6831666446810982
25 26 0.7941943161223959
25 27 -0.1521267178875354
25 28 -0.6154840337072083
25 29 0.7137111395819336
25 30 -0.8448508259898357
25 31 -0.18170657056990058
25 32 0.04352720044399061
25 33 -0.7797817247185193
25 34 -0.0748069385072685
25 35 0.7276029431113016
25 36 -0.10900756965607483
25 37 -0.3417912148595734
25 38 -0.7261442912079863
25 39 -0.3207785404210801
25 40 -0.5020247784572658
25 41 0.8284202283304685
25 42 0.013742151467044161
25 43 0.23679866320667053
25 44 -0.47881184593809056
25 45 -0.47382247252387377
26 26 0.6272155765138767
26 27 0.5267914778133409
26 28 -0.7039375408063211
26 29 -0.3893674311918285
26 30 -0.6006433381584138
26 31 -0.3916070104619036
26 32 0.30449584046801936
26 33 0.5443406710095424
26 34 -0.6827459664871436
26 35 0.7102649356674033
26 36 0.45119985003556873
26 37 0.7602119701695444
26 38 -0.3048289430597795
26 39 0.555032829884025
26 40 0.2731958110030335
26 41 -0.8503279078155936
26 42 0.7881530689535887
26 43 0.16267780308255353
26 44 -0.6498826704279661
26 45 0.8064201242745381
27 27 -0.8026277506894386
27 28 -0.9284231120442927
27 29 0.5433606859037625
27 30 -0.7422616335941585
27 31 0.5651660034971693
27 32 -0.5672444179968137
27 33 0.6362481474331461
27 34 -0.7738710032331659
27 35 0.7699701838916269
27 36 0.9488492423149806
27 37 -0.515938266606695
27 38 0.13753536471279237
27 39 0.7588811167461329
27 40 -0.2351934876037678
27 41 0.04214826793745696
27 42 0.13569192523565987
27 43 0.22501360137783233
27 44 -0.28302780319024157
27 45 -0.3606943012011521
28 28 0.5152060377407535
28 29 0.002869364198515356
28 30 -0.4361584462602621
28 31 0.46426295585489963
28 32 -0.1012193969283457
28 33 -0.893462717244754
28 34 -0.970657385863938
28 35 0.4154017915216599
28 36 -0.250187680300304
28 37 -0.6577983313835747
28 38 0.7894129584483065
28 39 0.848658933623545
28 40 -0.6997590600547936
28 41 0.7433147494985439
28 42 -0.25921365159526344
28 43 0.8912002725024406
28 44 -0.3263456578038473
28 45 0.1917098449965342
29 29 -0.5137706707889578
29 30 0.38764152088022086
29 31 0.16396241212024876
29 32 0.015950709522194906
29 33 0.2259822589852316
29 34 0.29765898882967257
29 35 0.376187266828407
29 36 0.30975857287908637
29 37 0.5294206789689058
29 38 -0.5749216046329726
29 39 -0.5055654420803439
29 40 -0.14870434406208255
29 41 0.7808375519399162
29 42 0.2716680892217527
29 43 0.7075829687063551
29 44 0.7064284061235391
29 45 -0.1999504922947568
30 30 0.7205837384840548
30 31 0.24748067916869276
30 32 -0.802006711634289
30 33 0.11147499263341043
30 34 0.7280476166733991
30 35 0.6728648782170679
30 36 0.24720424412766917
30 37 0.5913713406305117
30 38 -0.46436749076273864
30 39 0.7616866048159319
30 40 0.8630738688857127
30 41 0.1622508027013554
30 42 0.5127832912598673
30 43 0.8587587007432143
30 44 -0.6389044255394709
30 45 -0.42773211928100063
31 31 0.49531967853648906
31 32 -0.27100240669341824
31 33 -0.6779707213815467
31 34 0.38186407269341993
31 35 0.8777382607117536
31 36 0.17702001143441026
31 37 0.763976334695637
31 38 0.11443748002364296
31 39 0.16316341186398442
31 40 0.7743521913851843
31 41 -0.08737576657694746
31 42 0.38956162326040067
31 43 0.9800812580285339
31 44 -0.5446093423097409
31 45 0.37788923532599794
32 32 0.36758877116707844
32 33 0.6209222320230576
32 34 -0.27048055202117394
32 35 -0.16164395803495935
32 36 -0.4954640840670579
32 37 -0.3378117519342194
32 38 0.4332401338870715
32 39 0.6797122379963274
32 40 -0.9981504591507822
32 41 0.3779832549670119
32 42 -0.9127645612219448
32 43 -0.6260107834908479
32 44 -0.542889633899059
32 45 0.19505713851759587
33 33 -0.3833687426082244
33 34 0.37102185995058523
33 35 0.8449995356935016
33 36 -0.997904242616291
33 37 -0.6956573685348508
33 38 0.6465300475392066
33 39 0.22999007643201752
33 40 -0.3752472415176431
33 41 -0.5446858518869346
33 42 0.2812980421779938
33 43 -0.6590530124786724
33 44 -0.1416280849396283
33 45 0.06584265905098152
34 34 -0.21005566737274495
34 35 -0.8267217589371498
34 36 -0.06270168952358368
34 37 -0.978620370181412
34 38 0.08158767602949268
34 39 0.1695733063194218
34 40 0.8253780353691587
34 41 0.2719887580767546
34 42 0.6580185327015724
34 43 0.3959557133694913
34 44 -0.9204763127169833
34 45 -0.5560240080512742
35 35 0.856368816693138
35 36 -0.5339600520654728
35 37 0.2422940874459878
35 38 0.6118231302687449
35 39 0.4678408202066604
35 40 -0.9236896126816614
35 41 0.7114940304794164
35 42 0.6034095373897845
35 43 0.7031148385244186
35 44 0.9586136817271305
35 45 -0.7824077273311187
36 36 0.3015489247718939
36 37 -0.2718575142745068
36 38 0.10019827484395916
36 39 0.5923626457062048
36 40 0.9999686233442215
36 41 -0.27556451106808244
36 42 0.9793833645531318
36 43 -0.3874904918506008
36 44 0.9390483603939841
36 45 0.5567395485019324
37 37 0.16597239956339283
37 38 -0.3447001756998882
37 39 0.3615183184218287
37 40 -0.5341768180764401
37 41 -0.8114366015140344
37 42 0.33235813152095894
37 43 -0.318406048464992
37 44 -0.04895617684549913
37 45 -0.28349031402065616
38 38 0.0177294273517572
38 39 -0.30471583955444204
38 40 -0.06215865392363851
38 41 0.31545154262956565
38 42 0.9668175199318263
38 43 -0.7320850913207171
38 44 0.20571136713056948
38 45 -0.8721194965443291
39 39 -0.9672954630740751
39 40 -0.27061470617975303
39 41 -0.7149122614718175
39 42 -0.371422816003532
39 43 0.6130876362487303
39 44 -0.4745039190585507
39 45 -0.46018002589334217
40 40 -0.4658523955674181
40 41 0.4830179673334809
40 42 -0.17064701504392032
40 43 0.04532274694272176
40 44 -0.7155318629792244
40 45 0.9155203640178249
41 41 0.01216611341428564
41 42 0.7030716931828358
41 43 -0.08820997428010191
41 44 -0.6418539288449947
41 45 0.2246287172172805
42 42 0.3197305420766108
42 43 0.4466565688332216
42 44 -0.07650386737163317
42 45 0.5330042907146995
43 43 0.6313837835985012
43 44 0.8475515444587647
43 45 -0.4673762208130505
44 44 -0.5884972066532581
44 45 -0.30870667990592415
45 45 0.04417567988805815
