0 0 -0.8243184234793617
0 1 0.5403454766657032
0 2 0.6787153562340289
0 3 0.7326796536494762
0 4 -0.5917308553847676
0 5 -0.1521236796018004
0 6 -0.022409072124943474
0 7 -0.3208857489090202
0 8 0.6280990535773854
0 9 -0.8176437634571703
0 10 0.2112209287632676
0 11 0.062429269039064206
0 12 0.6764662723853965
0 13 0.4951708220515365
0 14 -0.9342986865359084
0 15 -0.5049339802863941
0 16 -0.2161833789059331
0 17 0.9042255606325253
0 18 -0.42759517235630917
0 19 -0.9314400467004662
0 20 -0.9450383223852088
0 21 -0.8513853055674443
0 22 0.5278697010237681
0 23 -0.8905633830224344
0 24 -0.7413097232094716
0 25 -0.8878421155196143
0 26 0.3681678224046845
0 27 0.09139249488644463
0 28 0.07718862089079459
0 29 -0.11603755795133153
0 30 0.7046674199717071
0 31 0.5902009805665869
0 32 0.7831567548928571
0 33 0.5362444659211727
0 34 0.9656127752519508
0 35 -0.9872944379048008
0 36 0.769635306848258
0 37 0.887414485290345
0 38 -0.987326659584409
0 39 0.04698258415546408
0 40 0.6315307010214437
0 41 0.12044475253173537
0 42 -0.10259317131430845
0 43 -0.613664271656416
0 44 -0.09906159935757142
0 45 0.8633817938700732
0 46 -0.14537948788900068
0 47 0.2627352755619601
1 1 0.035680961171094205
1 2 0.5743685037863919
1 3 0.40242871705441985
1 4 -0.1228325666173562
1 5 -0.7514400673783239
1 6 -0.8310086649004835
1 7 -0.27439077330092854
1 8 0.8532002244734858
1 9 -0.629353648543171
1 10 0.48699980255995
1 11 -0.8548144217225302
1 12 0.5338301662450757
1 13 0.017214019838260652
1 14 0.713708050100436
1 15 0.20308996926977563
1 16 -0.31994067344659416
1 17 -0.8968768724260883
1 18 -0.2132041999529959
1 19 -0.5833212719663945
1 20 0.23656592419957123
1 21 0.15181972496386353
1 22 0.0972765426935851
1 23 -0.33838971511552773
1 24 -0.929551514908528
1 25 0.06514160810157965
1 26 0.029624128067923028
1 27 0.5461043396995671
1 28 0.7655176821881262
1 29 -0.6309245440770699
1 30 0.7234951620401129
1 31 -0.3761401866645939
1 32 0.09626004378090869
1 33 -0.9597189956653644
1 34 -0.3113259706428477
1 35 0.3210093696926779
1 36 0.102083684969559
1 37 0.35206295224471007
1 38 -0.762388884128324
1 39 0.8350374549401991
1 40 -0.6307729967491051
1 41 0.5188370514858915
1 42 -0.5549231677776629
1 43 -0.8211151682024285
1 44 -0.22975103493572613
1 45 0.42846027707118894
1 46 0.7580918335500639
1 47 0.43947469282156426
2 2 -0.8105324339157043
2 3 -0.6409036416592653
2 4 0.5396133335766566
2 5 -0.8974032073567118
2 6 0.27822372330303846
2 7 0.4778288595353266
2 8 0.07467900888140999
2 9 -0.14215021385631088
2 10 0.9203289241563251
2 11 -0.6026631138251917
2 12 0.5702134623924593
2 13 0.6424134145811404
2 14 0.7606011990556361
2 15 -0.2669851026946781
2 16 0.9736480937510033
2 17 -0.5283386055571937
2 18 0.34424894794505656
2 19 -0.04728007768178055
2 20 0.16001315619755863
2 21 0.4762441495858374
2 22 -0.1969484178851899
2 23 -0.6041689667563963
2 24 0.6308208380321387
2 25 0.1811685897315536
2 26 0.4768199634588388
2 27 -0.06910584378537599
2 28 0.35872913807846096
2 29 -0.6372094357310623
2 30 0.4842615309616569
2 31 -0.9590030635931239
2 32 -0.5707829481259388
2 33 0.9391465284457516
2 34 -0.6117837258991168
2 35 0.1278908741105642
2 36 -0.12178141915542895
2 37 0.654842494264368
2 38 -0.17476495529160352
2 39 0.49688266315634344
2 40 0.9603340142612933
2 41 0.3113248361058658
2 42 -0.4426289761134825
2 43 0.5210133185059247
2 44 0.16125152584225644
2 45 0.842537443720718
2 46 0.025728271607106556
2 47 -0.7639745573835561
3 3 -0.20193479393777558
3 4 0.5177762751179047
3 5 -0.9841033717805612
3 6 -0.6947070185767024
3 7 0.2998420872298202
3 8 0.8767840742211206
3 9 0.33317926252554053
3 10 0.3168089457335499
3 11 0.43981256411373115
3 12 -0.3713547292257364
3 13 -0.8719202222556826
3 14 -0.14821044692699314
3 15 -0.7311981372301373
3 16 0.17388989443678082
3 17 -0.03930153357841548
3 18 0.19630902036118503
3 19 0.9441455078785623
3 20 0.18714676556910637
3 21 0.18134834530951016
3 22 0.07234347321917056
3 23 -0.7462547966612951
3 24 0.011749447020255932
3 25 -0.9925615615964891
3 26 -0.5739988698198941
3 27 -0.10886875937726814
3 28 -0.18659539370665934
3 29 0.8877202515371967
3 30 -0.040344797613867556
3 31 0.994184962899602
3 32 0.738807904650052
3 33 -0.49073177766361264
3 34 -0.02778506778258727
3 35 -0.25999277439154844
3 36 -0.21759327459502664
3 37 -0.7289892632902057
3 38 0.2847062620367937
3 39 -0.13745773176479203
3 40 -0.9451122884687428
3 41 0.7624878056358453
3 42 -0.20425878089524763
3 43 -0.31233678439312773
3 44 -0.809519164133875
3 45 0.5204367263432961
3 46 -0.8885306558126471
3 47 0.9802741263455366
4 4 -0.3337246903955311
4 5 -0.030437791427077254
4 6 -0.7517722420243229
4 7 0.15624665175882058
4 8 -0.3067589614465305
4 9 0.15152100223135134
4 10 -0.6635875347357081
4 11 0.8879613674464353
4 12 0.43961244376139197
4 13 -0.7933588170681432
4 14 0.4324772029254442
4 15 0.7462223639474044
4 16 -0.944830198854052
4 17 -0.7167582708686002
4 18 0.6189103428150373
4 19 -0.7560331059183065
4 20 0.0998137959113794
4 21 -0.4068314019318431
4 22 0.02338937230038951
4 23 0.24671608911181298
4 24 -0.4083005955982142
4 25 -0.3394065587624888
4 26 -0.7655153082837121
4 27 -0.7287408446700392
4 28 0.6521771516699031
4 29 -0.18527887388019093
4 30 -0.9549543256070707
4 31 -0.9828640968244737
4 32 0.07180019784009262
4 33 0.6555868408976773
4 34 -0.40015094755987124
4 35 -0.7850427453247055
4 36 0.9508235543299679
4 37 0.04911730185645968
4 38 0.49733138819751943
4 39 -0.3561657145593391
4 40 0.915917201918558
4 41 -0.46509936631667026
4 42 -0.20406971739976898
4 43 -0.015537950793208521
4 44 -0.7332086253439225
4 45 -0.2742055818916296
4 46 -0.30020944025363905
4 47 -0.9340991529902987
5 5 -0.3415083042484788
5 6 -0.10443745940505766
5 7 0.1698373027865654
5 8 -0.23123348408784694
5 9 0.9668491377008022
5 10 0.23137174922916182
5 11 0.015401882780347265
5 12 -0.7720530036825497
5 13 -0.75965342119409
5 14 0.41835955204424513
5 15 -0.9442946221433752
5 16 0.772419400719869
5 17 -0.20156393398669703
5 18 0.6573896069847713
5 19 0.3644569980126344
5 20 0.9208615253869614
5 21 -0.5881220427197995
5 22 -0.7474378643735387
5 23 0.7065726594210406
5 24 0.07605229258033508
5 25 -0.6680678253945285
5 26 0.5869001432195666
5 27 -0.9319184165247836
5 28 0.7766504443977567
5 29 0.8950738569645527
5 30 -0.012491937478444681
5 31 0.9065601950946802
5 32 -0.5683417299424487
5 33 -0.25321693596473405
5 34 -0.695475089907257
5 35 0.15809912753966548
5 36 0.040068653152499856
5 37 -0.4712757826739491
5 38 0.9093023177309032
5 39 -0.775475416738989
5 40 0.4999555965016127
5 41 0.9308734070093105
5 42 -0.7154059843930509
5 43 0.5768547244846227
5 44 -0.6920939558752164
5 45 -0.49058363766597246
5 46 0.5399979605453398
5 47 0.35980820433489313
6 6 0.848748351982584
6 7 -0.12327151907880851
6 8 0.8178266361397464
6 9 -0.10562264931215548
6 10 -0.33893901070405996
6 11 -0.11145334256103667
6 12 -0.8468548106724674
6 13 -0.9361754943941689
6 14 -0.8772163413073306
6 15 0.5885269899793226
6 16 0.5071709492911058
6 17 -0.19981044386694236
6 18 0.9054415598921055
6 19 0.44607872836955886
6 20 -0.3111768779360857
6 21 0.1905810416563738
6 22 -0.48480047765100576
6 23 -0.10046002645266294
6 24 0.05497575775266683
6 25 -0.5342305161202412
6 26 -0.7189157437515943
6 27 0.10799900352654812
6 28 -0.3028120200063842
6 29 -0.5008936900310079
6 30 0.4513022975859968
6 31 0.46988136438805994
6 32 0.7691386601470609
6 33 -0.2776640688937717
6 34 0.8747174346712632
6 35 -0.49316927717809067
6 36 -0.1467125461514489
6 37 -0.7219550521140483
6 38 -0.9403935029926236
6 39 0.6683737607390923
6 40 0.5787893798203536
6 41 0.5054916962760998
6 42 -0.8996972283229892
6 43 0.9752786937829554
6 44 0.6504541946168692
6 45 -0.576001084122826
6 46 0.21901978958353552
6 47 -0.8884927055524254
7 7 -0.852210616917856
7 8 -0.2205656990038909
7 9 -0.5219163182044257
7 10 -0.0284625422582232
7 11 0.6692188911378132
7 12 -0.9624943934633372
7 13 0.2511869302463523
7 14 0.8108996363831336
7 15 -0.35303649480787924
7 16 0.29713269532565034
7 17 -0.2883772053891318
7 18 -0.42515669094037456
7 19 0.6893927056413773
7 20 -0.3196992686132776
7 21 0.9234747807337462
7 22 -0.37090281456753016
7 23 -0.1693220071225603
7 24 -0.9947257638943225
7 25 -0.9777580893254132
7 26 -0.9271629531465524
7 27 0.2934167460401411
7 28 -0.9843943573693634
7 29 0.15889596930764505
7 30 -0.521677065839903
7 31 0.6658681209227029
7 32 -0.7812913052472812
7 33 -0.7456797941077102
7 34 -0.8046856257755479
7 35 -0.9990812532256543
7 36 0.8739113548037745
7 37 -0.6016195614981905
7 38 0.5657635329235324
7 39 0.4316156228387986
7 40 -0.5664457851434264
7 41 -0.8329395555231758
7 42 0.0963845188258019
7 43 0.7035991681939628
7 44 0.022333410772391815
7 45 0.29003642123011053
7 46 0.571604011547391
7 47 0.3928422552174964
8 8 0.47341741092785616
8 9 -0.5637314730601399
8 10 0.37087016464922185
8 11 -0.8306831085258937
8 12 -0.4804825504052683
8 13 0.09505688603277918
8 14 -0.20965701320264474
8 15 -0.6208399048475026
8 16 0.48626283196577313
8 17 0.5364860623834238
8 18 0.7688937487304361
8 19 0.7370498190596368
8 20 0.7675529442504219
8 21 -0.7086793297643574
8 22 -0.3941466636042572
8 23 0.6812650811784751
8 24 -0.5279966337108508
8 25 0.6125625340405254
8 26 -0.1404873780251934
8 27 -0.3111200333703217
8 28 -0.4891789078499831
8 29 0.02821625760302937
8 30 0.880844108150904
8 31 -0.5213885726784071
8 32 -0.08069815407562642
8 33 0.374370195813303
8 34 -0.966925297729434
8 35 0.6958288771553995
8 36 -0.7705101336858493
8 37 -0.17484180551454354
8 38 0.7554215903633257
8 39 -0.3788211691965042
8 40 -0.6521391282742541
8 41 -0.22127063212552756
8 42 0.48688588385828613
8 43 -0.8749620584294071
8 44 0.9689245153893198
8 45 -0.8522256396231811
8 46 0.4214720443782338
8 47 0.3800858410124983
9 9 -0.7402362841484083
9 10 -0.2523106881855026
9 11 0.7987479144036733
9 12 0.4751813460070604
9 13 0.36255989485769313
9 14 0.04089360756614413
9 15 0.22168615365088273
9 16 0.009640818362620873
9 17 0.6186018238469053
9 18 -0.25929312681189476
9 19 -0.09996134374224686
9 20 -0.7465500731555215
9 21 0.5638243191124102
9 22 -0.11732629482403545
9 23 0.06465169416694372
9 24 -0.5384094662331989
9 25 -0.8327648634521316
9 26 0.020290289065141076
9 27 0.3803523025136837
9 28 -0.4560859419542358
9 29 -0.2701153026278287
9 30 -0.0009636749278645329
9 31 -0.18031942173798554
9 32 -0.32936110498222604
9 33 -0.0648979724150589
9 34 0.20056230078826842
9 35 0.7312415691869871
9 36 -0.02666689849885051
9 37 0.8385479677958487
9 38 0.06965601733710503
9 39 0.6868387467606798
9 40 0.034707564931409696
9 41 -0.4541275822777786
9 42 0.5470042358740337
9 43 -0.020341316690703604
9 44 -0.9593480563508094
9 45 0.27211077457136157
9 46 -0.6430907772838301
9 47 0.22387278390478205
10 10 -0.44309144992259974
10 11 -0.31547655302540134
10 12 0.32674661804220095
10 13 0.7857833931915346
10 14 0.30978632003908535
10 15 0.28190905455036996
10 16 -0.1690225324663004
10 17 0.5465140502050514
10 18 -0.14912117764313848
10 19 0.35589592183260055
10 20 -0.7507578461683038
10 21 0.29691573532862536
10 22 0.1707861470823917
10 23 -0.9773314998599811
10 24 0.4031002564308117
10 25 0.6406871307933946
10 26 -0.38834391431554915
10 27 -0.9520005030268444
10 28 -0.5927647706976888
10 29 -0.1438039145410248
10 30 0.8238174262211546
10 31 0.6615178347059445
10 32 0.3453620159760047
10 33 0.14013385005205636
10 34 0.5088228762402796
10 35 -0.6207087352484708
10 36 -0.26546014673806173
10 37 0.13859548707015157
10 38 0.3009000558976218
10 39 -0.07014202169979722
10 40 -0.22179963274513992
10 41 0.43218420811421865
10 42 0.5633077623171872
10 43 0.7224622740305362
10 44 0.28107721653744155
10 45 -0.11475239109760782
10 46 0.8577079803387229
10 47 0.4770259457950634
11 11 0.6998901110471403
11 12 -0.14694584746246075
11 13 -0.349108087666375
11 14 -0.7247356046023674
11 15 0.16928319694239513
11 16 0.35205776380357645
11 17 -0.6348383166373563
11 18 -0.28094854366935174
11 19 -0.07272880466807585
11 20 -0.5855824959140641
11 21 0.04763403165795865
11 22 0.42061271529397626
11 23 0.9663740183225928
11 24 -0.10784566679629126
11 25 0.28698289853577297
11 26 -0.006913551271009011
11 27 0.244465702375956
11 28 0.052637417435644984
11 29 0.8699910849016226
11 30 -0.5329489243130121
11 31 -0.18846095676538743
11 32 -0.7325598798452182
11 33 0.4546741179364089
11 34 -0.2509916964956804
11 35 0.4925768849609702
11 36 -0.5024596779220538
11 37 -0.8005573075028871
11 38 -0.2514237196614195
11 39 0.21076667979615737
11 40 -0.3950138107392931
11 41 0.31940786345487715
11 42 0.4700157665519933
11 43 0.44341751674615915
11 44 -0.48765024877365293
11 45 -0.3063415029967338
11 46 -0.5880871150266458
11 47 -0.27339961229410825
12 12 -0.34438060522075364
12 13 -0.7154421310741941
12 14 0.5310204933467353
12 15 -0.38699312726872037
12 16 0.05960662336586231
12 17 0.9261649649232178
12 18 0.8808630343487494
12 19 0.6260983338297841
12 20 -0.5776614056622713
12 21 -0.5801356377438318
12 22 0.6340413205952233
12 23 0.8725887041662708
12 24 -0.8686033843741803
12 25 -0.14892719407025257
12 26 -0.3213774979285431
12 27 -0.5347243222242279
12 28 -0.4044919958448301
12 29 0.9255857060477619
12 30 -0.3510280789999829
12 31 -0.11341474233899707
12 32 -0.5580185933595498
12 33 0.9224415479023613
12 34 0.1090797947653308
12 35 -0.6751874727368543
12 36 0.19409191356105904
12 37 -0.9088811955022502
12 38 0.3133525564164914
12 39 -0.36364483128384606
12 40 -0.3829217887310161
12 41 -0.9290268118999863
12 42 -0.48113312926486906
12 43 0.8102980916209017
12 44 0.8545553648630402
12 45 -0.7595890696553258
12 46 -0.6598850150348943
12 47 -0.1946212684544728
13 13 -0.8061704695596714
13 14 -0.6722062753198048
13 15 -0.056211692871584784
13 16 -0.6488997229736109
13 17 0.5484254148149692
13 18 -0.03188047333080202
13 19 0.7468781997699234
13 20 -0.09397105048493226
13 21 -0.3943237709212073
13 22 0.11508173441255232
13 23 -0.39624692249613047
13 24 -0.41413115112187704
13 25 0.16508909479555922
13 26 0.21797980181758603
13 27 -0.5565147321687687
13 28 0.33986590956187435
13 29 0.04213448463061931
13 30 -0.019934409376130002
13 31 -0.7343574873542551
13 32 -0.03849122528291549
13 33 0.258905918746017
13 34 0.04736176657009694
13 35 -0.6950824851834192
13 36 -0.4918972574573044
13 37 0.005206074272018357
13 38 -0.10807032854625098
13 39 0.0710506968506126
13 40 -0.539573795998632
13 41 0.5255534181593768
13 42 -0.7154120488188904
13 43 -0.5466573114311282
13 44 0.47027611015127757
13 45 -0.8111712417584251
13 46 0.12546719885310398
13 47 -0.09183231022923954
14 14 0.5489756644815524
14 15 0.7712958124351827
14 16 -0.4836417334112664
14 17 -0.18365466771601202
14 18 -0.4830494779619341
14 19 -0.45814228169372617
14 20 0.2809796818849235
14 21 -0.017469522904898227
14 22 0.1407995642545663
14 23 0.06730187768521967
14 24 0.1979198942699163
14 25 0.4388150519350287
14 26 0.34058899100978635
14 27 -0.7865408882764247
14 28 -0.12173875310128812
14 29 -0.5307151789619815
14 30 0.1773586160246141
14 31 0.2945700965263267
14 32 -0.24923663966360876
14 33 0.4921975577183306
14 34 0.1948769320602739
14 35 0.6425144273357404
14 36 -0.46259604702182067
14 37 0.09227380532614227
14 38 0.2242092440425414
14 39 0.8554182821614726
14 40 -0.7346559161066961
14 41 0.5555654592360486
14 42 0.5109801313438551
14 43 -0.32282528899389296
14 44 0.27862980866676557
14 45 0.8675511407647292
14 46 -0.6439496566735128
14 47 -0.21318872122697807
15 15 -0.03895792163092593
15 16 -0.8872495331062726
15 17 0.7547339581415335
15 18 0.7326333140523498
15 19 0.3640913619599524
15 20 -0.8302255285450384
15 21 0.08599388262232877
15 22 0.5415425554245088
15 23 -0.9962211526719895
15 24 0.24656925901039362
15 25 -0.2964824458022699
15 26 -0.9796086876718206
15 27 0.33845662072659577
15 28 0.953663838085447
15 29 -0.6795089620670662
15 30 0.7581223662278884
15 31 0.7105982625372975
15 32 0.7673276736330195
15 33 0.9329826681309297
15 34 -0.7217962000103195
15 35 0.7205455103377743
15 36 0.3735606534397038
15 37 0.07142900151040665
15 38 -0.8540909023055328
15 39 -0.16608011639351639
15 40 -0.3184168158358318
15 41 -0.04076652735232611
15 42 0.2783037310053089
15 43 0.19177798360928566
15 44 -0.8045956989369873
15 45 -0.6789057116804151
15 46 -0.3927043629025053
15 47 0.4917434728760308
16 16 0.13629458579096743
16 17 -0.9740840722409072
16 18 0.787943202770651
16 19 -0.14841043417307476
16 20 -0.5342210881966059
16 21 -0.588845956847003
16 22 0.6988667972542941
16 23 -0.07451172735606337
16 24 0.4059002758256738
16 25 0.2526212884456944
16 26 0.6392304463763845
16 27 -0.2644563834811846
16 28 -0.006870835663965957
16 29 -0.09034231401013093
16 30 0.16431264088072295
16 31 0.006447066395401491
16 32 0.4039326571784594
16 33 0.44298777857957483
16 34 0.971913714232761
16 35 0.24323672079179248
16 36 -0.9965578244522406
16 37 -0.6653805261258019
16 38 0.4422369348197004
16 39 -0.7107424478594644
16 40 0.4884201387710565
16 41 -0.6549931582589814
16 42 -0.3323171996239893
16 43 -0.743796916029559
16 44 -0.1389213677564376
16 45 -0.0046419295651005665
16 46 0.3455004474809671
16 47 -0.9595172137979207
17 17 -0.4846496398951279
17 18 0.7475078586137591
17 19 -0.9164452639066649
17 20 0.43354602791260644
17 21 0.9683616127835044
17 22 0.4319102570886555
17 23 -0.7115524087156757
17 24 -0.13058324845210878
17 25 -0.6900956562535552
17 26 -0.7449912523616888
17 27 -0.6498178306499756
17 28 0.8312208568136326
17 29 -0.7677083436433865
17 30 0.9690548768993696
17 31 -0.9866231173924371
17 32 -0.6094112116288284
17 33 0.5988436731825078
17 34 0.6461690825863926
17 35 0.3622952963971766
17 36 0.40574733489799963
17 37 -0.2664211030952277
17 38 -0.18630302228327889
17 39 -0.21359076090788576
17 40 -0.12671884335947103
17 41 -0.7121428386965136
17 42 -0.08102149792947921
17 43 -0.7967566516005793
17 44 0.4504116678051715
17 45 0.4168465809539348
17 46 -0.6008986433868861
17 47 -0.8778408011062258
18 18 -0.22173337234768464
18 19 -0.9795361807473453
18 20 -0.04783094035772795
18 21 -0.19444327480300472
18 22 -0.10216746876778404
18 23 0.8108341758326552
18 24 0.5921546767425254
18 25 -0.9075112776704759
18 26 -0.8425458483060839
18 27 -0.9492057857470817
18 28 0.0969690916982544
18 29 0.26233583977988806
18 30 0.8466603507773358
18 31 0.08428911103828063
18 32 0.1125212849360595
18 33 0.1095012259444017
18 34 0.6325230938631641
18 35 -0.8594174917068107
18 36 0.7644711271237552
18 37 -0.5476484240063153
18 38 -0.5147367530500333
18 39 -0.7758216032290741
18 40 -0.5382393030009625
18 41 0.6311596515814524
18 42 0.09242288113034891
18 43 0.9158164796982178
18 44 -0.6320408936986908
18 45 0.274327125012227
18 46 0.8372949284265774
18 47 -0.7167472449855314
19 19 -0.6996888355950992
19 20 0.31135296824288505
19 21 0.7570474429801557
19 22 0.050077740155463735
19 23 0.7758653750959554
19 24 0.7667226256586175
19 25 -0.08835859300744042
19 26 -0.5421587729209594
19 27 -0.19445514924364615
19 28 0.1760848990165107
19 29 0.6500715421774916
19 30 0.5367966616083983
19 31 0.15910879297421054
19 32 0.7595905780460517
19 33 -0.6927907104416016
19 34 -0.48955372519224016
19 35 -0.8803705109145308
19 36 0.5048256037837107
19 37 0.9258163845833538
19 38 0.5424578797538564
19 39 0.25084647808376404
19 40 -0.02071938799884787
19 41 0.33777195726179543
19 42 -0.5661069116373207
19 43 -0.1822068511314443
19 44 -0.39452321430482495
19 45 -0.4178055783202339
19 46 -0.6222799691830814
19 47 -0.9656303979598291
20 20 -0.5755290384882461
20 21 -0.03408193330409559
20 22 0.11856498211898625
20 23 0.25912261221531474
20 24 -0.5202788280055015
20 25 0.25821534950502767
20 26 -0.101599837210534
20 27 -0.6393937215164347
20 28 -0.15005354130185355
20 29 0.9280186253765779
20 30 0.17826558801568138
20 31 0.7072158278025382
20 32 -0.4264075875421296
20 33 0.43569587195623116
20 34 0.07223164072626065
20 35 -0.0866901016963495
20 36 0.559151410738814
20 37 0.49344397606301116
20 38 0.6240896748085314
20 39 -0.9194841848508843
20 40 0.5444165305006075
20 41 -0.5952729255671478
20 42 -0.7149244296791928
20 43 0.018900674257284367
20 44 -0.9779752177349943
20 45 0.17657077508882946
20 46 0.2370395677202799
20 47 -0.013524116659740404
21 21 -0.035845682585905925
21 22 -0.9444139179758773
21 23 0.5992291324108523
21 24 -0.7359154232548888
21 25 -0.5859934733755974
21 26 -0.4086171270927379
21 27 -0.9168089096679992
21 28 0.09501644470907356
21 29 -0.23096757424241865
21 30 -0.08024486909033524
21 31 -0.6142735069026182
21 32 0.6972286705664434
21 33 -0.5589568155194753
21 34 -0.5509057590383892
21 35 -0.2600619831257114
21 36 0.6555616041785237
21 37 -0.8222156869489032
21 38 0.32191186086056334
21 39 -0.7380778236940004
21 40 0.47285167193528754
21 41 0.7492928740883988
21 42 -0.7786108056554872
21 43 -0.3513500391664417
21 44 -0.471692152134882
21 45 0.21764142190663494
21 46 0.917887192344075
21 47 0.13098797770077786
22 22 -0.8161018912042799
22 23 0.40412971193552827
22 24 -0.6233044451795078
22 25 -0.06862594705871072
22 26 0.7705060817632816
22 27 0.12763789912539059
22 28 -0.42645310891546706
22 29 -0.9150290136212971
22 30 -0.09457473606455657
22 31 -0.6650026764260424
22 32 0.9793160343819018
22 33 0.5637879518153197
22 34 0.35392177115075985
22 35 0.641740137542874
22 36 0.3348705297759853
22 37 -0.38186621432366774
22 38 0.7630657632314872
22 39 0.5545305748952116
22 40 -0.45115793917935165
22 41 -0.23110770012437554
22 42 -0.46881935344404124
22 43 -0.36692257728951083
22 44 -0.12016712344340297
22 45 -0.6161745895179522
22 46 -0.2796591223859126
22 47 -0.8436665724152761
23 23 -0.299264639234738
23 24 0.8873925665881504
23 25 -0.770821346228701
23 26 -0.19324154066282717
23 27 -0.5840990640166359
23 28 -0.9303883816874907
23 29 -0.9554352194167222
23 30 0.09673556967408725
23 31 -0.9091647953824111
23 32 0.5724107396325384
23 33 -0.483588986500304
23 34 0.6669533575012885
23 35 0.5163218226178916
23 36 0.3933327820311616
23 37 0.5170035429411999
23 38 0.9629660097767068
23 39 -0.16908713007811738
23 40 0.3859435609531878
23 41 0.9803181754632624
23 42 0.2690346166080617
23 43 0.9361426361002316
23 44 0.6938076116516942
23 45 -0.05505866327508291
23 46 0.6743668867043806
23 47 0.6764380093619813
24 24 -0.47605490650166726
24 25 -0.5678049979227044
24 26 -0.5863285308237649
24 27 0.9151918145176299
24 28 0.1421483325931452
24 29 -0.9352171731477368
24 30 -0.9024639288116785
24 31 0.09368698595824676
24 32 0.316050380816147
24 33 0.5124045138813598
24 34 0.056380566722581626
24 35 -0.9085076090089015
24 36 -0.004720269257973531
24 37 -0.32300017542892845
24 38 0.8152707439161169
24 39 0.9875952877157095
24 40 -0.274734921256488
24 41 0.28207203179456175
24 42 -0.25173312822743954
24 43 -0.34555397802825927
24 44 -0.4760786435784874
24 45 0.3867838255183482
24 46 -0.7094318160283455
24 47 0.7864711216108657
25 25 -0.5615067145232158
25 26 0.8191801669043846
25 27 -0.2519917623626775
25 28 0.10941513587385354
25 29 -0.7159363728127446
25 30 -0.0068119077076145285
25 31 0.2658748855953186
25 32 -0.1090084560382607
25 33 0.6216202411652367
25 34 -0.8859074157596283
25 35 0.6192317774272278
25 36 0.7317808026228325
25 37 -0.253247444753411
25 38 0.0919400431990447
25 39 0.3448159002112623
25 40 -0.5629318207012455
25 41 0.37132776407188484
25 42 -0.705713566051946
25 43 0.10791468909982926
25 44 0.17555784827852472
25 45 0.15821618332003928
25 46 0.3099524635362243
25 47 -0.39811494499317934
26 26 -0.8915101680647723
26 27 -0.051124883528159026
26 28 -0.3865189904942812
26 29 0.06772332392831437
26 30 0.08796405126026974
26 31 0.3077962424885414
26 32 0.5164755697206209
26 33 -0.0744768368518105
26 34 0.6735173715771787
26 35 -0.517242902427645
26 36 -0.5733948453048441
26 37 0.8680368641705898
26 38 -0.05309725987356417
26 39 -0.19212987886894117
26 40 -0.9247469412790112
26 41 -0.5989222034564414
26 42 0.25110230083744356
26 43 -0.77473168981282
26 44 0.616811180256877
26 45 -0.6984451716997184
26 46 0.3236517082335322
26 47 0.42380652495503246
27 27 0.09707287893626848
27 28 -0.9187495179693319
27 29 -0.9554736554648418
27 30 -0.8741484244974618
27 31 0.682767003877073
27 32 0.5239736462359317
27 33 0.8830936836322876
27 34 0.5189630908710092
27 35 -0.5341521023856042
27 36 -0.7436768483028071
27 37 -0.07432125624175634
27 38 -0.7613886549587989
27 39 -0.9765753682402203
27 40 0.38672093506100036
27 41 -0.5901089353652997
27 42 0.47755187678815436
27 43 0.8897132742276324
27 44 -0.9282930848699023
27 45 -0.6287521113054493
27 46 0.6296330936601664
27 47 0.31373247951097727
28 28 0.20719611675315996
28 29 0.8391179589461255
28 30 -0.7005349362666338
28 31 -0.36216354102934956
28 32 -0.4447254076835727
28 33 0.8220179265362031
28 34 0.7934996295044385
28 35 0.4436876128187912
28 36 0.9810552299799407
28 37 0.8432656718387861
28 38 0.8533225248611618
28 39 -0.871905088349205
28 40 0.38872859318118347
28 41 -0.12488123373912541
28 42 0.020668103406733973
28 43 -0.9814330850081241
28 44 -0.04411989437632724
28 45 0.21861488011296815
28 46 0.417000430740053
28 47 0.9608789052140454
29 29 0.3646026811228287
29 30 0.1181489178946451
29 31 -0.5575245457671405
29 32 0.3322694720533792
29 33 0.7797700223856079
29 34 -0.5615390725938563
29 35 0.2591183032543123
29 36 -0.2754978528025491
29 37 -0.6051562504589574
29 38 -0.8920962829634367
29 39 0.868886238702361
29 40 0.11400531931275704
29 41 -0.8411060015917167
29 42 0.31471545353873664
29 43 0.053212222120319064
29 44 -0.32264316624681744
29 45 0.4537066337909281
29 46 -0.4388663299026012
29 47 0.3074468093421112
30 30 0.8325625193648842
30 31 -0.1400698773373381
30 32 0.7522144497088901
30 33 0.5728294709222008
30 34 0.5847963251417425
30 35 -0.04280305192315259
30 36 0.5333318493247636
30 37 -0.1683973586576184
30 38 -0.8572880767298412
30 39 0.9618767929036094
30 40 -0.00901344507960089
30 41 -0.5556239860474796
30 42 -0.24969729809340624
30 43 -0.6651652599202944
30 44 0.00910014423303962
30 45 0.47503971086007324
30 46 -0.07269308210751402
30 47 -0.5701434078608307
31 31 0.1199178706638504
31 32 -0.6136287914274356
31 33 0.09781186127526498
31 34 -0.4955815703416593
31 35 -0.25062391149872565
31 36 -0.06471971768008467
31 37 -0.362377688783855
31 38 0.17882877659341223
31 39 0.9713917746519747
31 40 -0.7331151385842622
31 41 0.30228714042673
31 42 -0.8065727547524566
31 43 0.38700648402958815
31 44 0.5028902750752435
31 45 -0.9374380872931238
31 46 -0.7414971247975164
31 47 0.3745198453467493
32 32 -0.9862224346773674
32 33 0.06289252679814816
32 34 0.663586590867596
32 35 -0.3493416078500067
32 36 0.20982049851089868
32 37 0.2185564731868832
32 38 0.25465021019063894
32 39 -0.6597660687106457
32 40 -0.7333388013838256
32 41 -0.463514471758546
32 42 0.3248476888625038
32 43 0.12758707632381205
32 44 0.7241497908567442
32 45 0.6080181384449501
32 46 0.7448497554684661
32 47 -0.5211883464237699
33 33 -0.31728817232001383
33 34 -0.7730281251550444
33 35 0.7246666318449726
33 36 0.339525112742632
33 37 0.48508420721736
33 38 0.09127372493570762
33 39 0.7807250829271293
33 40 -0.10505708240581546
33 41 -0.7376884924544753
33 42 -0.745975573022333
33 43 -0.4484981806172126
33 44 0.409026165611611
33 45 -0.5268573672096368
33 46 -0.06652428821768441
33 47 -0.5682526228251263
34 34 0.5575942588828253
34 35 0.3811990994846217
34 36 -0.16220591644138138
34 37 -0.12853893925647175
34 38 -0.7168855840308599
34 39 -0.602785770798564
34 40 0.3464599944218216
34 41 -0.08110963788792924
34 42 -0.8063528295873601
34 43 0.4557778019395826
34 44 0.6308855783048801
34 45 -0.8588585609781472
34 46 0.8224076219794669
34 47 -0.5431448487535284
35 35 -0.2779679593686535
35 36 0.9893175645936105
35 37 0.16583554331094752
35 38 -0.5510226304846231
35 39 -0.2841317776915513
35 40 0.2042192079980043
35 41 -0.10175699280318318
35 42 0.8083927726158253
35 43 0.9495630389737721
35 44 0.8315017513136027
35 45 0.8325874655645582
35 46 0.844753014793159
35 47 -0.47268228598562456
36 36 0.22500434558075488
36 37 -0.33003948449587317
36 38 -0.6550571052329206
36 39 -0.6721568521335217
36 40 0.9743615472116947
36 41 0.7307976540432188
36 42 -0.7367507405722449
36 43 0.6410001969193604
36 44 -0.5962313788062037
36 45 -0.2733893571112942
36 46 0.46152621123603343
36 47 0.9162254779925085
37 37 0.802154633141434
37 38 0.333456564744367
37 39 -0.3370070581637181
37 40 -0.5110090482125047
37 41 -0.8720502674010713
37 42 0.20411489486902012
37 43 0.23729868919133112
37 44 0.01827940126448424
37 45 0.38570756171493725
37 46 -0.18223736941578816
37 47 -0.7896859589886884
38 38 -0.44147859189938177
38 39 0.7719743695695369
38 40 -0.5140744137189204
38 41 0.8000555278818107
38 42 -0.5107753901280145
38 43 -0.5170197299502282
38 44 0.9548426383220772
38 45 0.07886976208844443
38 46 -0.3941265744906033
38 47 0.822405233893365
39 39 -0.38103580397759473
39 40 -0.200307143155124
39 41 -0.31246330762324814
39 42 -0.1797760238857642
39 43 -0.1780034000482118
39 44 -0.7159925586427507
39 45 -0.8019393970418018
39 46 0.9421162394779155
39 47 -0.9492978651073349
40 40 -0.552156127623483
40 41 -0.15844001962797272
40 42 0.2079542776971841
40 43 -0.17885833355571146
40 44 -0.5292119771959489
40 45 -0.5080260715067217
40 46 -0.7161645063477917
40 47 -0.9140831698768019
41 41 -0.9009598521897011
41 42 -0.3265130280247188
41 43 0.11372130249572399
41 44 -0.09526673711252442
41 45 -0.17004723976206249
41 46 -0.0342199997726611
41 47 -0.9420701159936575
42 42 -0.5437186992864547
42 43 -0.4221505933533689
42 44 -0.8095578120498199
42 45 0.5068153860020497
42 46 -0.5565947507093962
42 47 -0.5120289328186141
43 43 -0.7027306589470226
43 44 -0.0875798472218654
43 45 0.3304109739556418
43 46 0.2085140472422764
43 47 -0.5133264888052076
44 44 0.027617904526836767
44 45 0.23371247212422697
44 46 -0.22326765428646245
44 47 -0.6738786511084731
45 45 0.5750806593339046
45 46 0.03893616483695861
45 47 -0.048519576729345815
46 46 0.7765819813902097
46 47 -0.7919029173986176
47 47 0.1280151430564047
