0 0 -0.24269988249682806
0 1 -0.4976053746186968
0 2 -0.2926452769068437
0 3 -0.03187474784311273
0 4 -0.6934363163713821
0 5 0.2603763113928801
0 6 0.66510490175014
0 7 0.7332778325756473
0 8 -0.4841977049106001
0 9 0.6716019250597947
0 10 0.23458683606511443
0 11 0.8808317399562393
0 12 0.8371685647576488
0 13 0.1686826295837729
0 14 0.9431497827484745
0 15 0.29107449827074783
0 16 -0.16952282544621178
0 17 -0.14145069222019946
0 18 0.8153908096319715
0 19 -0.32585950727903956
0 20 0.45894108508768916
0 21 0.3386963581184934
0 22 -0.0342542214567545
0 23 -0.11422601781207709
0 24 -0.8840088325150655
0 25 0.8905235091621053
0 26 0.5042859760094458
0 27 0.8775813530648111
0 28 0.3631200351032262
0 29 0.7491160912156019
0 30 -0.6749145931771376
0 31 0.3069679574537145
0 32 -0.530288435697585
0 33 -0.7050691669011797
0 34 -0.9673605030259536
0 35 -0.6576024518239887
0 36 -0.012156548337967088
0 37 0.3009112097486666
0 38 0.7757117817634731
0 39 -0.8293759067941839
0 40 0.7052334929859125
0 41 0.27696104595823345
0 42 -0.49617928616480333
0 43 0.5777849805955935
0 44 -0.23635702409490555
0 45 -0.18522826367543122
0 46 -0.14649986974878582
0 47 -0.36622060740039086
0 48 0.7421500865411459
0 49 -0.37833529196127613
1 1 -0.6057845377445015
1 2 -0.3753320630612116
1 3 0.313909481764993
1 4 0.03521303357889449
1 5 0.8979325223098795
1 6 0.1759953154081182
1 7 -0.3410440695920509
1 8 -0.45024565791064863
1 9 -0.6275960659804338
1 10 0.18607052838564742
1 11 -0.4617342745237538
1 12 0.47302475520912624
1 13 0.4492314727310456
1 14 -0.2609630015498634
1 15 -0.8009468637126052
1 16 0.09043461339474734
1 17 -0.30265461467108956
1 18 -0.7303199538629994
1 19 0.600083243535785
1 20 -0.7921157708964373
1 21 -0.3968090627984737
1 22 -0.8652428368000074
1 23 0.19114630628377638
1 24 0.35586156002822755
1 25 0.9574655251655122
1 26 -0.08622516235879107
1 27 -0.9984564012196564
1 28 -0.2829312110269566
1 29 -0.14316327863781098
1 30 0.9873447122179151
1 31 0.10061960655168223
1 32 -0.515814920657989
1 33 0.2938887289677037
1 34 0.18617577947811248
1 35 0.6057125059383079
1 36 0.9153607398160524
1 37 -0.8090515809469052
1 38 -0.6828437369762375
1 39 0.6225409050357225
1 40 0.414316522773406
1 41 0.5929528492742908
1 42 -0.7358622236575767
1 43 -0.4409307752562308
1 44 -0.9406328548039495
1 45 0.900641493797562
1 46 -0.8038239094420965
1 47 0.39308351252288953
1 48 0.9928955776103097
1 49 -0.4721377128314286
2 2 -0.4620401896753672
2 3 0.2666575069498991
2 4 0.04535656024374313
2 5 0.05529076348817408
2 6 -0.913820008925385
2 7 -0.02999625168585407
2 8 -0.8098049295136518
2 9 -0.31987894165747366
2 10 -0.9667339258436123
2 11 0.5055482421825748
2 12 0.25460154948543856
2 13 -0.6685285202322722
2 14 -0.8777177736329576
2 15 0.7862778179259393
2 16 0.05158303154589006
2 17 0.09718779849580184
2 18 -0.21889534960374712
2 19 -0.10983637673574864
2 20 -0.5130119963343565
2 21 0.03648537280246922
2 22 -0.7843398050342387
2 23 -0.4347449581784961
2 24 0.7336383099706663
2 25 -0.683859450542077
2 26 0.6522452906481184
2 27 0.6324919030219636
2 28 0.49697407742870836
2 29 -0.07480331969149945
2 30 0.7161274071630914
2 31 -0.7388429703971382
2 32 0.6072320826909547
2 33 -0.12139280206950875
2 34 0.7992411381842681
2 35 -0.6195162251139341
2 36 0.18334474550375757
2 37 -0.5167027507752562
2 38 0.2942371797350163
2 39 0.5621789910577648
2 40 -0.4376461360382402
2 41 0.02370598235605348
2 42 0.6192618174651188
2 43 0.4473325099361467
2 44 -0.7252880948122553
2 45 0.27352062217194884
2 46 -0.30950987463005
2 47 0.043045295585457666
2 48 0.24264525814894755
2 49 -0.46240394982519195
3 3 0.7741090035816187
3 4 -0.6596945340847158
3 5 0.8952968959217626
3 6 -0.24575422096437882
3 7 -0.2994585495061566
3 8 -0.4039340870708148
3 9 0.040729190303543605
3 10 -0.9669007163443455
3 11 0.631846483198746
3 12 0.7692798569235866
3 13 -0.04561894890386742
3 14 0.380201564743468
3 15 0.7199904486147688
3 16 0.7060661539129041
3 17 0.7879656220790803
3 18 -0.6445512279443224
3 19 0.4554294463255888
3 20 0.9600234951099875
3 21 -0.7597680221818437
3 22 0.322663926277887
3 23 0.05699760969365464
3 24 0.5110252868850882
3 25 0.7598356837122835
3 26 0.8973156067968959
3 27 -0.8915400091116363
3 28 -0.2741062935840113
3 29 -0.4546644892158085
3 30 -0.48834871513127087
3 31 0.3451327425107573
3 32 -0.14373556572933888
3 33 -0.2793056982096245
3 34 -0.5189740052501794
3 35 0.630289529214092
3 36 0.4147880510762454
3 37 -0.4357538305392301
3 38 0.6574607669542876
3 39 0.8849677701625027
3 40 -0.696979300521406
3 41 -0.48831103272112486
3 42 0.2969199710413579
3 43 0.44687833345039807
3 44 -0.055821104105604036
3 45 0.6603467178953941
3 46 -0.20198730178943847
3 47 0.5751847205884626
3 48 -0.9889661704085602
3 49 0.41108157136899415
4 4 0.09573914263414207
4 5 0.6087554071863777
4 6 0.2744466079708443
4 7 -0.14760082003239527
4 8 0.5289385535877278
4 9 0.11328163437093508
4 10 -0.6554302832683518
4 11 -0.4252603709436489
4 12 0.04335729749349593
4 13 0.33499955341017196
4 14 -0.6765620134550434
4 15 -0.42319159447397836
4 16 -0.7362388584425332
4 17 0.34136651697979836
4 18 -0.8905637975679932
4 19 -0.3524318887398743
4 20 0.5638514702610489
4 21 -0.4180685093313372
4 22 0.07908909592728008
4 23 0.33856962285999415
4 24 0.15796144413694346
4 25 0.843945141868423
4 26 0.47701285697124995
4 27 0.8862546994089979
4 28 0.5681879657234894
4 29 0.851796038862745
4 30 0.47678524494200425
4 31 -0.37407953200673894
4 32 0.9204679899360599
4 33 -0.7858345923509529
4 34 0.647663909456085
4 35 0.8398200330853409
4 36 -0.03337719490090474
4 37 0.49397706534398744
4 38 -0.46156249781527037
4 39 -0.22230617113898465
4 40 0.48892182061552547
4 41 -0.5624520113972014
4 42 -0.47137544418619015
4 43 0.8604904898850023
4 44 -0.4757522486825143
4 45 -0.8541787850480935
4 46 -0.7250393754702866
4 47 -0.5073784672360335
4 48 0.33397220589053855
4 49 0.37146603336682027
5 5 -0.8322260997683735
5 6 -0.7145933816512231
5 7 0.9946843225423982
5 8 -0.15546774388524498
5 9 -0.8007126078390732
5 10 -0.4448095403699994
5 11 0.03993238874083671
5 12 -0.30432397857933524
5 13 -0.3217435092790746
5 14 -0.7698062823682383
5 15 -0.9989761710967047
5 16 -0.2583794493196574
5 17 -0.5511145039240568
5 18 -0.4884112165579326
5 19 -0.9347843513665095
5 20 -0.9631064161271887
5 21 0.1560278404402129
5 22 -0.30441015726465026
5 23 -0.37905893060820794
5 24 0.821827449592357
5 25 0.9723590737450822
5 26 -0.05860619120377586
5 27 -0.19329846679578866
5 28 -0.2700138853263421
5 29 0.38527462496805964
5 30 -0.7968542551600768
5 31 0.5874340634232202
5 32 0.376202961912397
5 33 -0.7293895199608862
5 34 0.13849406873944314
5 35 0.7325820992138534
5 36 -0.22140290750842317
5 37 0.6847281036840887
5 38 0.03366854243647399
5 39 0.7450319845552029
5 40 0.17836525910675594
5 41 0.520833271603717
5 42 0.1369580443815821
5 43 -0.6260565521184713
5 44 0.42801432577578535
5 45 -0.36076571893247067
5 46 0.996043670183332
5 47 -0.6962893599940541
5 48 -0.5404579258564244
5 49 -0.3839489023128728
6 6 0.5947972412740474
6 7 0.45087048748548186
6 8 -0.6924353089998891
6 9 0.7480242782524462
6 10 -0.4636450096595157
6 11 0.2240582379594025
6 12 0.6300103378959787
6 13 0.28826997904247276
6 14 0.15316220640044254
6 15 0.4688542747470046
6 16 0.7077241323029742
6 17 0.728111397722915
6 18 0.9509346579172984
6 19 -0.7633535130222275
6 20 -0.8582946078604032
6 21 -0.7136563737917743
6 22 -0.46232255543386946
6 23 0.04020928612088137
6 24 -0.40907845215403293
6 25 0.06612339281931923
6 26 -0.4868026399184553
6 27 0.41282405789489074
6 28 -0.9529979142390765
6 29 -0.0896279441974932
6 30 0.43358175663149967
6 31 -0.5365372684824392
6 32 0.25496812192835483
6 33 0.06791384096404451
6 34 -0.3642433434733574
6 35 0.40449849218893896
6 36 -0.126316083582523
6 37 -0.904582067847675
6 38 0.7922948008585178
6 39 0.12118729950892515
6 40 0.5648108181579945
6 41 0.6615899271966355
6 42 -0.8377095822033589
6 43 -0.9985113886214583
6 44 -0.5890219292357932
6 45 -0.7246543979252185
6 46 -0.7514929240296362
6 47 -0.9894837448461182
6 48 -0.7963778015351322
6 49 -0.9835488395556786
7 7 0.636283885823175
7 8 -0.3906768614716396
7 9 -0.01758271403286038
7 10 0.24393721132503754
7 11 -0.10557193419721322
7 12 0.43824781250966116
7 13 -0.5766699517733482
7 14 0.8389841546936025
7 15 -0.7864940864234717
7 16 0.9480364548225861
7 17 -0.04401263371014985
7 18 0.05551467265916843
7 19 -0.18619091471284244
7 20 -0.45599721935425275
7 21 0.6738834961571769
7 22 0.7645435308696928
7 23 -0.5074074144348788
7 24 -0.11932612696946054
7 25 0.42685662378639755
7 26 0.2958820252664196
7 27 0.7433377026594119
7 28 0.06574260715121327
7 29 0.0895018352409287
7 30 -0.3901885860150114
7 31 -0.5947923389538097
7 32 -0.5746186730820906
7 33 0.8921801534212563
7 34 0.2751488789984424
7 35 -0.8126356959266374
7 36 -0.4248507802114436
7 37 0.6315059999040857
7 38 0.6305694887643751
7 39 0.4886336868162675
7 40 -0.1560495752642741
7 41 0.701406168170646
7 42 -0.3939398673148158
7 43 -0.8356754812180549
7 44 0.6611772312696464
7 45 0.6249051566633239
7 46 -0.9274479955536128
7 47 0.7215508966496174
7 48 -0.9776458709515341
7 49 -0.4814137820801794
8 8 -0.1646546224697687
8 9 0.11577881090788056
8 10 -0.6025183421010687
8 11 0.8421732660341956
8 12 -0.22606256946458814
8 13 -0.4231204572717988
8 14 0.33401702473556893
8 15 -0.08286953545882914
8 16 -0.03855628511570708
8 17 0.08430031091578272
8 18 -0.5165377434467708
8 19 -0.12889594196284215
8 20 0.4300068840221838
8 21 0.94638062778883
8 22 -0.6330845446901261
8 23 0.3335251794030465
8 24 -0.4972752253074606
8 25 0.7264388393265055
8 26 -0.8552597107147337
8 27 -0.7404060737168938
8 28 0.9950873626397907
8 29 -0.3850328438713473
8 30 0.685710630283711
8 31 0.2603957961709966
8 32 -0.7637860607275229
8 33 0.49225616509535364
8 34 0.6629739311568124
8 35 -0.33033325231691424
8 36 -0.6351491292229174
8 37 0.8758684253468776
8 38 -0.07166357286273284
8 39 0.2904420842989255
8 40 0.14333304480159637
8 41 -0.42629929279859313
8 42 0.7114240640193474
8 43 -0.4111907278003466
8 44 -0.8323323807744745
8 45 0.21191946294772035
8 46 0.4857967530306171
8 47 0.8346545948780788
8 48 -0.47867072400691013
8 49 -0.7470444935757583
9 9 0.5792113579301845
9 10 0.4091816639533705
9 11 0.01702759258388542
9 12 0.8646275361631273
9 13 -0.9263347654954417
9 14 -0.08656062371780449
9 15 0.25074646595736994
9 16 0.9925343341633706
9 17 0.5538504789016014
9 18 0.5578904880544893
9 19 0.7010129589870231
9 20 0.8847106000215543
9 21 0.7892563758791022
9 22 0.9143435964863096
9 23 -0.4332298549805047
9 24 -0.10752987486647414
9 25 0.2046976358196293
9 26 -0.42562794969243756
9 27 -0.4022595611050188
9 28 0.30812779447370975
9 29 0.9878740614164483
9 30 -0.6846445432616552
9 31 -0.11773934692812915
9 32 0.6300733266739837
9 33 -0.6101354717625807
9 34 -0.8472825796574053
9 35 0.9430826660561176
9 36 0.4176317710817212
9 37 -0.7558345955441046
9 38 0.8170005602472803
9 39 -0.5325118971915623
9 40 0.6254082325194084
9 41 -0.3748553521773881
9 42 0.7532348251399159
9 43 0.29616290319060634
9 44 0.5706901392843102
9 45 -0.7717780027527423
9 46 -0.3701187298801778
9 47 0.8476445340849321
9 48 0.48575935473687926
9 49 0.8013375001798639
10 10 -0.4834730809051473
10 11 0.05053917113735129
10 12 -0.03900712593305666
10 13 -0.6568243708741095
10 14 0.922125761021835
10 15 -0.6753531232526973
10 16 0.4630071866017442
10 17 -0.46024897949833377
10 18 0.958494032140869
10 19 0.8197818177220864
10 20 -0.44781875157966033
10 21 -0.766677550559367
10 22 0.8176697124793177
10 23 -0.5742118330616002
10 24 -0.5420004187800089
10 25 -0.34118684396469257
10 26 0.6371967222462174
10 27 0.7841205725641542
10 28 -0.14198279271065206
10 29 -0.07928580594563361
10 30 -0.24881894556594286
10 31 -0.21847772069530813
10 32 0.7737436010765202
10 33 0.07618563215035823
10 34 0.04107142381450668
10 35 0.6565049009403319
10 36 -0.3514324357900964
10 37 -0.9183849928906755
10 38 -0.20550521776663166
10 39 -0.8919845200710046
10 40 0.4982702001151855
10 41 0.6730669734486272
10 42 0.06744188857179245
10 43 0.8148721286482488
10 44 0.7046613281279199
10 45 0.6607834863357025
10 46 0.13974083808753646
10 47 0.03215996381615094
10 48 0.8317025834023715
10 49 0.4379298970437193
11 11 -0.7725862238597154
11 12 0.8526406236913207
11 13 0.48257801197238526
11 14 0.41606471787297483
11 15 0.1358107021184165
11 16 0.9096663151812323
11 17 0.789588292207271
11 18 -0.0006493446243802659
11 19 0.7103199966932645
11 20 -0.149945842020631
11 21 -0.7309836321738488
11 22 -0.6742381482322735
11 23 -0.971019456293952
11 24 -0.4845500690979274
11 25 0.9505096062818728
11 26 0.17279201738845917
11 27 -0.826096905618092
11 28 -0.15818448470033974
11 29 -0.14851260854853665
11 30 0.2010617608099916
11 31 0.9790867455446017
11 32 0.36348736008324645
11 33 0.8909544197568571
11 34 -0.6718249705945927
11 35 0.5657355522355649
11 36 -0.756851762858791
11 37 -0.4944523921281456
11 38 -0.819472883232738
11 39 0.039918922178197924
11 40 -0.15438225428895458
11 41 -0.35799171454623524
11 42 0.3135469287732946
11 43 0.6386777011834344
11 44 -0.7072681482957
11 45 -0.002707718178235563
11 46 0.18535692249203306
11 47 -0.8068126998824114
11 48 0.3047808319646519
11 49 -0.6450495777630443
12 12 -0.4708322069323252
12 13 -0.20875477084201277
12 14 -0.7696764137236789
12 15 0.5541604972688872
12 16 0.33340860634803726
12 17 0.5393555335804459
12 18 0.9709950192222576
12 19 -0.7801717923874039
12 20 -0.12980986585176324
12 21 -0.9474164000140846
12 22 -0.8490646340989372
12 23 -0.15665758679415998
12 24 -0.2979843887072162
12 25 0.4003830031253415
12 26 0.4245308015592786
12 27 0.23883900049493656
12 28 -0.396660062038259
12 29 -0.6188360422326902
12 30 -0.7170224656924407
12 31 0.16458357658865075
12 32 -0.4861848846307206
12 33 -0.7566035386034016
12 34 0.24778938667515216
12 35 -0.6289819496740654
12 36 -0.895706236487974
12 37 -0.0311073230625456
12 38 0.07279806522785992
12 39 -0.6543146508954352
12 40 -0.435240954943781
12 41 0.3202178255011692
12 42 -0.3377754941518909
12 43 -0.9315514959783846
12 44 -0.0816991529790212
12 45 0.2962823300876156
12 46 0.1827827580126291
12 47 0.4530421205582278
12 48 -0.06059885689431033
12 49 -0.7950504399945655
13 13 -0.82281520704352
13 14 0.44321394104740164
13 15 -0.5664227104003927
13 16 0.7077751093533333
13 17 0.9850215310259676
13 18 0.4045251285486626
13 19 -0.07614855649195329
13 20 -0.2156146432183652
13 21 -0.13668645686344516
13 22 0.11640457870779897
13 23 -0.6543514481629134
13 24 0.7189722991558594
13 25 0.8971412990387864
13 26 0.6009576859217545
13 27 0.7444459120447366
13 28 -0.12310403697340622
13 29 0.0036555775265969537
13 30 0.16100621369923052
13 31 0.4171885647818221
13 32 -0.9137219298421748
13 33 0.0513770162482905
13 34 -0.02369451756844998
13 35 -0.18720612734633124
13 36 0.19127718048880382
13 37 -0.5391681501172263
13 38 0.655655805187735
13 39 -0.9868032520293879
13 40 -0.6058832405229384
13 41 -0.3305591983921692
13 42 -0.012391482939531517
13 43 0.6898240317597761
13 44 0.7242529048748176
13 45 0.7931379740698212
13 46 0.49602714373399515
13 47 0.260125771734693
13 48 -0.1304739601566136
13 49 0.5019403738630999
14 14 0.052399997521390684
14 15 -0.7997496163099387
14 16 0.5362679562165038
14 17 0.7969583906164805
14 18 0.14316863890681164
14 19 0.7148348797077815
14 20 0.13084427998757864
14 21 0.16054752960220542
14 22 0.9653925654923807
14 23 -0.20921538613645385
14 24 0.2970260088834318
14 25 -0.3912484370330578
14 26 -0.4421397464766239
14 27 0.4443470680065331
14 28 -0.7518599731573135
14 29 -0.4447662101822074
14 30 -0.7901774656854392
14 31 0.6086678308862665
14 32 -0.12814083099490348
14 33 0.8643609715863645
14 34 0.8642896200944417
14 35 0.006317242044356242
14 36 -0.9778983971156932
14 37 -0.9884147028670363
14 38 -0.12359559832414746
14 39 -0.8964215714403443
14 40 0.9835728027795572
14 41 0.13348059903579146
14 42 -0.7236210957893625
14 43 0.052944571599933266
14 44 -0.4574204337148826
14 45 0.46306769096855094
14 46 0.2739740620597191
14 47 -0.5650697910754499
14 48 0.8517894464370281
14 49 -0.08543551581329267
15 15 0.49618146070190794
15 16 -0.2462930113329045
15 17 -0.6099446867921259
15 18 0.8993722108744864
15 19 0.6172340486777215
15 20 0.47195778480443606
15 21 -0.4250301482661065
15 22 0.9208189019115549
15 23 -0.5097182692633269
15 24 0.591355354441274
15 25 -0.32156132125543246
15 26 -0.9382271556062907
15 27 -0.5569284600632132
15 28 0.43397172307382936
15 29 0.9703754904940771
15 30 -0.04839505074521999
15 31 -0.5757835091493932
15 32 0.09456656466307356
15 33 -0.7917711837511179
15 34 -0.44187708191594566
15 35 -0.51500305508111
15 36 0.037419370939653085
15 37 0.44035701168025443
15 38 0.8966211550370204
15 39 -0.7092016803354171
15 40 0.9422098664013518
15 41 -0.2635229062601332
15 42 0.010699917667759795
15 43 0.07627007026555965
15 44 0.2506735118786423
15 45 0.6447474699712321
15 46 0.14734365504823854
15 47 0.29739959264048266
15 48 0.6156852304627056
15 49 -0.8788527224003446
16 16 -0.47348922882473565
16 17 -0.3835441038884473
16 18 -0.7501647108491412
16 19 0.387157389255554
16 20 0.331912544967488
16 21 0.4737057676987537
16 22 0.6350374825202778
16 23 -0.1848768237443954
16 24 -0.9457702793261951
16 25 -0.23152622605566453
16 26 0.7666630434529087
16 27 -0.7246324823862662
16 28 0.7857265007745595
16 29 -0.7980745945357306
16 30 -0.9113356468867759
16 31 -0.9885976034652231
16 32 0.029211104325394865
16 33 0.015529317739245263
16 34 -0.862223661960696
16 35 0.7213158144993941
16 36 0.8686921976586077
16 37 0.4431304194046386
16 38 -0.6402353350685857
16 39 -0.8348725780000037
16 40 -0.44755800944588753
16 41 -0.8910545438916231
16 42 -0.2678310169196578
16 43 -0.5922133811239261
16 44 0.12714385516312898
16 45 0.9195600108722286
16 46 -0.09555478109516935
16 47 0.6232167210587822
16 48 0.7040701747203506
16 49 0.7531517923093998
17 17 0.8334065001177899
17 18 -0.7127134453408448
17 19 -0.3847613879969469
17 20 0.8242123439775619
17 21 -0.42557206175629037
17 22 -0.07843954800480946
17 23 0.9629025354378791
17 24 0.23436874442482414
17 25 0.7432669162112979
17 26 -0.8582605773966923
17 27 0.10516588106330693
17 28 0.32960361665159477
17 29 -0.6764648688404924
17 30 0.5375521741705909
17 31 0.06349905458529137
17 32 -0.30715632885519173
17 33 0.7363896397460701
17 34 0.4519603838299566
17 35 0.8494163088716409
17 36 0.27534668743085744
17 37 -0.2503628663812809
17 38 -0.31731623456301006
17 39 0.28389302343263
17 40 0.8498250949268686
17 41 -0.6210183063953161
17 42 0.5542360559258046
17 43 -0.330893630544955
17 44 -0.05880248824010459
17 45 -0.1827593192916881
17 46 0.9366761617067543
17 47 -0.14322635442203424
17 48 0.7391815054017186
17 49 0.899830614304792
18 18 0.9798161213080894
18 19 0.9143986483700135
18 20 -0.04145321410382374
18 21 -0.5075706123131358
18 22 0.9191580573954583
18 23 -0.42941218192951336
18 24 0.9487374479135737
18 25 0.30997707903675087
18 26 -0.46873528011929566
18 27 0.7921518389229281
18 28 0.7300830215887553
18 29 0.8352889951352365
18 30 -0.9622332696730862
18 31 0.5430344843978916
18 32 -0.9695742823725606
18 33 0.42547242659962636
18 34 0.7010703880625964
18 35 0.19678231081013275
18 36 0.8376161785584242
18 37 -0.624801442246272
18 38 0.6168045341494328
18 39 -0.4804319162713939
18 40 -0.5004203999568986
18 41 -0.6142376194757564
18 42 -0.8112761615293855
18 43 0.7648208916892942
18 44 0.49327234147192645
18 45 0.8203350976339745
18 46 0.554828179574244
18 47 -0.3702100719895489
18 48 0.02557366963103247
18 49 0.4338269541108317
19 19 0.46338175653143243
19 20 -0.5886936054385847
19 21 0.20456087317207117
19 22 -0.919672594550015
19 23 0.8080876632373521
19 24 -0.5105252876583353
19 25 -0.41097581418501794
19 26 0.4830268469575909
19 27 0.857905551026976
19 28 0.6987269788338821
19 29 -0.8285116551419132
19 30 -0.6387503955048985
19 31 -0.547323271499716
19 32 0.7416436509991275
19 33 0.5663304124873936
19 34 0.7038816093271856
19 35 -0.4271023865088437
19 36 -0.600999457802456
19 37 -0.09402119775738815
19 38 0.6460773679184291
19 39 -0.4767474669253433
19 40 -0.7781548141502792
19 41 0.03261662819295186
19 42 -0.4647363269711158
19 43 -0.9545711530472325
19 44 0.03633882462047899
19 45 -0.7028829952987596
19 46 0.048952471549617016
19 47 0.7350456129798859
19 48 -0.294896886205267
19 49 -0.9317064210655774
20 20 -0.9228160945044992
20 21 0.7276298851859881
20 22 -0.2222550781474577
20 23 -0.8415656089836199
20 24 0.8897001440396948
20 25 0.44239144409089337
20 26 0.1864776519174951
20 27 -0.4775571802346348
20 28 -0.1881579267572575
20 29 -0.8045883480284302
20 30 0.39833774136149525
20 31 0.13216822727214028
20 32 -0.0022279215075349246
20 33 -0.6287292720801656
20 34 0.9479135682203568
20 35 -0.6106998643636141
20 36 -0.3271405631959883
20 37 0.808246468115037
20 38 0.7630805052815635
20 39 0.08825022289354068
20 40 -0.054588619033112185
20 41 -0.6787555540434287
20 42 -0.7964314769270033
20 43 -0.5162454682250888
20 44 -0.37272454824557366
20 45 -0.1355895388421151
20 46 0.3175722851521019
20 47 -0.7607979977697286
20 48 0.06134891661847863
20 49 0.5413088769317347
21 21 -0.561633129663629
21 22 -0.8986535032370839
21 23 0.08103129179722335
21 24 0.9445888307310424
21 25 -0.6953085923697153
21 26 -0.9428601977230777
21 27 0.09204515220844711
21 28 0.9709543909454101
21 29 -0.9535111030196726
21 30 0.394458089104782
21 31 0.18103848228017627
21 32 -0.23734448089011972
21 33 -0.27811314491586603
21 34 -0.9464769957658496
21 35 -0.7102820978613531
21 36 -0.5840804343919435
21 37 0.6362423802195858
21 38 0.6600084786623515
21 39 0.3641645144279204
21 40 -0.9583367352771757
21 41 -0.90257549040421
21 42 0.6032304149800807
21 43 0.09058770420420847
21 44 -0.7026376063035336
21 45 0.06352964569081099
21 46 -0.14061721550516548
21 47 -0.23931140653592253
21 48 0.11063657353304235
21 49 -0.3606975087265971
22 22 -0.48679141105089485
22 23 0.9747191371242647
22 24 -0.9346561085437997
22 25 -0.5179068347716882
22 26 0.2485352218352075
22 27 -0.8375987469831121
22 28 -0.2117851835154394
22 29 -0.6977220927407664
22 30 0.6210859750235447
22 31 -0.2110432423972226
22 32 0.8110508324729426
22 33 -0.6733314695085444
22 34 -0.46290934059269473
22 35 -0.2964717986889671
22 36 0.869180458279204
22 37 -0.7119019465233047
22 38 -0.13432792170530528
22 39 0.7095461160974694
22 40 -0.746881518190639
22 41 -0.4728684476538132
22 42 -0.5901136316949869
22 43 0.6742157597434861
22 44 0.6651807534589931
22 45 0.03160425620018148
22 46 -0.33016229712691136
22 47 0.6499839184527638
22 48 -0.6571114721678499
22 49 0.31171498373629447
23 23 -0.2609113981234006
23 24 -0.9276913279966288
23 25 -0.22628949203430304
23 26 0.9795029152077659
23 27 -0.1311610296684942
23 28 -0.007880976491089875
23 29 0.9519391806386304
23 30 -0.2814134542575777
23 31 -0.8888578141483483
23 32 0.8228146662131697
23 33 -0.19853273699363605
23 34 0.5491677611220995
23 35 0.5230635465768352
23 36 0.7098477614213201
23 37 0.6279800845188339
23 38 0.06632117177151953
23 39 -0.42726872695268914
23 40 0.8011237594350276
23 41 0.4152301339411162
23 42 0.9280587722459899
23 43 -0.44137276501958245
23 44 0.9853825966856125
23 45 0.11276694438391144
23 46 0.36098344637759205
23 47 0.5807117847597916
23 48 -0.6180913359094162
23 49 0.3787628367660285
24 24 -0.1087340101176133
24 25 -0.16499901871050415
24 26 0.8247240966128517
24 27 0.5504171189364029
24 28 -0.7864506924246013
24 29 0.9866410278206539
24 30 0.1327646545995571
24 31 0.2788539035670514
24 32 -0.9822907428772154
24 33 -0.1935774415131013
24 34 0.05712087260753118
24 35 0.17676612424798055
24 36 -0.1434977807817559
24 37 0.6851603427107584
24 38 -0.4611857995122679
24 39 0.26001381651142186
24 40 0.7829805034720339
24 41 -0.8156904932180569
24 42 -0.6575304644359476
24 43 -0.16227608837101126
24 44 0.20481473024604768
24 45 -0.11035418646814943
24 46 0.5460651422306755
24 47 -0.3564981461257992
24 48 0.9199863331498741
24 49 0.3055278012221263
25 25 0.14809402663859306
25 26 0.057020751599482944
25 27 0.4602477260779294
25 28 -0.057969626000774266
25 29 0.18794478830319528
25 30 -0.8622234686451211
25 31 -0.6748519373439581
25 32 0.9792649897746992
25 33 0.6159496418420896
25 34 -0.23859842584398194
25 35 -0.007080270434582481
25 36 0.9123340228686796
25 37 0.36463190718408844
25 38 -0.18901820700489136
25 39 -0.6965515022972169
25 40 -0.21041716776901276
25 41 -0.18735319245899218
25 42 -0.4731955285089786
25 43 0.9581872994348664
25 44 -0.5107812651334882
25 45 0.6303365332981576
25 46 -0.6575905252174181
25 47 0.6959153672881917
25 48 -0.8625920551290962
25 49 -0.3453172019657158
26 26 -0.7587407942355577
26 27 -0.9711827822124053
26 28 0.8996252855538021
26 29 -0.9876856730325676
26 30 -0.49575159528154744
26 31 0.5089353632663947
26 32 0.5508589335980725
26 33 -0.6426905871868509
26 34 0.18193201390380498
26 35 0.6201134512258939
26 36 -0.3567929908270142
26 37 -0.7918599467411944
26 38 0.9912794070958586
26 39 -0.39249780075923635
26 40 0.6525236104661853
26 41 0.41411823208847975
26 42 0.8458289148328033
26 43 -0.23303586364915296
26 44 -0.9313352434519722
26 45 0.28306373502629145
26 46 -0.37101040949400166
26 47 0.3689177789153608
26 48 0.3448326051979498
26 49 0.4769607338712818
27 27 0.5467936532240787
27 28 -0.10157553487560955
27 29 0.3364611269160487
27 30 -0.9316689378033611
27 31 0.24733520069824455
27 32 0.250053156404906
27 33 0.9447025072013682
27 34 -0.9298376984701651
27 35 -0.3407107396865263
27 36 -0.5829211564316343
27 37 0.55760154727327
27 38 -0.8051026023732928
27 39 0.7481535679877613
27 40 -0.12720791558784095
27 41 -0.00755363160342748
27 42 0.5876529093231502
27 43 0.4336620218009324
27 44 0.473348236043861
27 45 -0.8815294723857154
27 46 -0.7460200291023094
27 47 0.361015100197311
27 48 -0.26896114434869545
27 49 0.9751941877764854
28 28 0.700718268034662
28 29 0.28615900749599454
28 30 0.24195879869858117
28 31 0.05389641791405664
28 32 0.6314169569467771
28 33 0.6722917928271066
28 34 0.7997910460967177
28 35 -0.18946075547393648
28 36 -0.032811811858247
28 37 -0.4266310547998067
28 38 -0.9009137240936791
28 39 0.25399483651894394
28 40 0.19410864295202068
28 41 -0.26649590392696965
28 42 -0.6946830771056414
28 43 -0.36965311890376884
28 44 -0.0832915811434003
28 45 -0.6480075825375182
28 46 0.24037790057512454
28 47 -0.14798050140878005
28 48 0.18091159355043507
28 49 0.9956464934608382
29 29 -0.9613101215883635
29 30 -0.056682094405465566
29 31 -0.9881231457106747
29 32 -0.7124871338221324
29 33 -0.7206925627672722
29 34 -0.1070639520154979
29 35 0.5275618491000096
29 36 0.06999494276872298
29 37 0.245372813037116
29 38 -0.11927469418730485
29 39 0.36682268629708625
29 40 -0.8351569329825566
29 41 -0.38443094475974626
29 42 -0.963590513898553
29 43 -0.4819351138536945
29 44 0.35619570215686003
29 45 0.9161051067551904
29 46 -0.2431010902895312
29 47 0.20876170187194942
29 48 0.6066345989558479
29 49 0.35770180699373055
30 30 -0.8072729291781815
30 31 0.29119665999639244
30 32 0.9865952533641924
30 33 0.6830341416083903
30 34 -0.1654381986467408
30 35 -0.44812415608039347
30 36 0.21895470656957317
30 37 -0.9072741860847948
30 38 0.5785763689851673
30 39 -0.6685113168373125
30 40 0.08824223598736758
30 41 -0.7410968351495908
30 42 0.3254334854888312
30 43 -0.4591148054955083
30 44 -0.2922653884708697
30 45 -0.19505684212644714
30 46 0.764602694413802
30 47 -0.8258137066742868
30 48 0.18403381676418662
30 49 -0.1568537600666815
31 31 0.23163194649315488
31 32 0.06352964186535992
31 33 0.4430870197726777
31 34 0.1963585332445854
31 35 0.2849528823818195
31 36 -0.7597813676355871
31 37 0.13140598861223318
31 38 -0.9105461096995948
31 39 -0.5318133991237013
31 40 -0.2634036912937616
31 41 0.06835645876750807
31 42 -0.6823722467045885
31 43 -0.2730407410480382
31 44 -0.5188159709178404
31 45 -0.2475843633122301
31 46 -0.06668051781437234
31 47 -0.010242269613548904
31 48 -0.5524561517533346
31 49 -0.24855665912443947
32 32 0.064783414406141
32 33 0.8560524518594548
32 34 -0.7079805309272476
32 35 -0.17581901796790045
32 36 -0.3955200388146687
32 37 0.7444109146548596
32 38 0.8496200863147052
32 39 -0.03207184368855698
32 40 -0.5895114740303702
32 41 -0.031097146647857787
32 42 0.32358033387013774
32 43 -0.9272959823222648
32 44 -0.013634676042219906
32 45 0.633530287314364
32 46 0.11004065146859365
32 47 -0.9203726062697082
32 48 -0.7194044500203272
32 49 0.9873435989445554
33 33 0.773058586164028
33 34 0.09273850615244394
33 35 -0.9520237877648239
33 36 0.7899864407983712
33 37 -0.84362385066082
33 38 -0.7022034708042784
33 39 -0.1872689246017365
33 40 0.3347037914685995
33 41 0.2705696543384364
33 42 -0.2152529724187009
33 43 0.06052910049038385
33 44 -0.24954784078963077
33 45 -0.3318833016649292
33 46 0.16991509118657966
33 47 0.4263014749168237
33 48 0.8074485011897441
33 49 0.9045719188375305
34 34 0.167132519128665
34 35 0.7350592867944985
34 36 0.8145824203393612
34 37 -0.23569452753499576
34 38 0.78721715505728
34 39 -0.10487361939755768
34 40 -0.5928675104942036
34 41 -0.3007523394674949
34 42 -0.5467471589881834
34 43 -0.19802132522308868
34 44 0.30900500203180337
34 45 0.06401835984913218
34 46 -0.7853650685760525
34 47 -0.7676015521879809
34 48 0.7375983587609445
34 49 0.5555231533526319
35 35 -0.19330509875596835
35 36 -0.3345362714509903
35 37 0.5008675969784728
35 38 -0.9309115784659143
35 39 0.312392407802379
35 40 -0.44568306516627865
35 41 -0.11724189601822221
35 42 0.6842570178744953
35 43 0.8189848973935367
35 44 0.0870336044633595
35 45 0.6258434323595439
35 46 0.0065211515435621425
35 47 0.799312910533855
35 48 0.07475836167338556
35 49 0.38362973123252475
36 36 -0.46264587430910287
36 37 0.08866433275043684
36 38 0.816374287353075
36 39 -0.2729744035749122
36 40 -0.42118394857370234
36 41 0.7088594873249465
36 42 -0.5213821409606885
36 43 0.7333181655898722
36 44 -0.04932448191014083
36 45 -0.5186991094037601
36 46 -0.525172119488934
36 47 0.09278310995795902
36 48 0.6184418405437742
36 49 0.017590730511875208
37 37 0.09695574588605638
37 38 0.7850418908056267
37 39 -0.5934795284088215
37 40 -0.41315686154881615
37 41 0.8443283631529122
37 42 0.9060957611267553
37 43 0.6936108737144953
37 44 -0.9720929557355364
37 45 -0.27508993241070034
37 46 -0.5120970729576277
37 47 0.6597387062618065
37 48 -0.0486423148324171
37 49 -0.6202949381648
38 38 0.5652248069999608
38 39 -0.6931110689305147
38 40 -0.6346687167440963
38 41 0.41017415504137
38 42 0.4629302053258382
38 43 0.3071548065219565
38 44 0.9424742396458179
38 45 -0.8099592196489069
38 46 -0.9295616020475082
38 47 0.41517724986434157
38 48 0.021902257110925083
38 49 -0.14583280506146123
39 39 -0.8838141724796116
39 40 0.160077283373683
39 41 0.43397340718455046
39 42 0.9146614680428966
39 43 -0.7063843635727887
39 44 -0.39979730661916624
39 45 0.9154396762067649
39 46 0.7953309739146321
39 47 0.8709785069205755
39 48 -0.24980601627409738
39 49 0.7875519837918543
40 40 -0.8500689450469416
40 41 0.5782018936373667
40 42 -0.6668677853794829
40 43 0.8029644702166123
40 44 -0.8979441521762133
40 45 -0.9662735937449616
40 46 0.8110476905075876
40 47 -0.3074517969306949
40 48 -0.4820970719737294
40 49 -0.04000678081060305
41 41 -0.2905017826656018
41 42 0.13340329819495667
41 43 0.034029727542085775
41 44 0.8728100550145108
41 45 -0.2356209669078113
41 46 -0.6442655391890268
41 47 0.04544926876833655
41 48 0.24202499706052683
41 49 -0.7892970178143255
42 42 -0.5605196270965904
42 43 -0.1700786636842564
42 44 0.373440719079128
42 45 -0.33391993209805615
42 46 0.9986450190987921
42 47 -0.30629674594845224
42 48 -0.4324838508961264
42 49 0.47738368595829206
43 43 -0.9657075952779162
43 44 0.44271725250139005
43 45 0.5850090228583964
43 46 -0.7098670812012209
43 47 0.19456319773823294
43 48 0.7787567157939588
43 49 -0.9774879758956425
44 44 0.8207781212762599
44 45 -0.32563977246542897
44 46 -0.7645371875092877
44 47 -0.9567621207095436
44 48 0.6096785159088107
44 49 -0.595553058893818
45 45 -0.05351756235287586
45 46 0.22083675944096837
45 47 0.6244246847625805
45 48 -0.36012011796056265
45 49 -0.46204017416134024
46 46 -0.022816222984944234
46 47 0.3768218297454935
46 48 0.7044640024950084
46 49 0.34517354594171223
47 47 0.7618704193433463
47 48 0.253609059313018
47 49 -0.4902754819973829
48 48 -0.4768293260597978
48 49 0.644383738580141
49 49 -0.42544002618632826
