0 0 0.8567323202474977
0 1 -0.2908314842084223
0 2 -0.33264633724097714
0 3 0.183451244506442
0 4 -0.9921136473019723
0 5 0.4158150051041325
0 6 -0.013214621970393248
0 7 0.8204336335249416
0 8 0.014566982595200617
0 9 -0.8279264914849456
0 10 -0.5627634103676487
0 11 0.9201050780895088
0 12 -0.9440253069418836
0 13 0.524624825886145
0 14 0.2430874630395896
0 15 0.3185417731269333
0 16 0.39558521544288094
0 17 0.5749642811418239
0 18 -0.22002634132719434
0 19 0.595059073943057
0 20 -0.8418125712261766
0 21 -0.20836440405242285
0 22 0.9530968713757992
0 23 -0.584103849321143
0 24 0.6585288206855031
0 25 0.4545849796608237
0 26 -0.7485868643137876
0 27 -0.37654819629014114
0 28 0.3122193927110397
0 29 -0.8396435843726096
0 30 -0.569120951923437
0 31 0.34364428426676175
0 32 -0.003433920278310687
0 33 -0.653365939770207
0 34 -0.758984392505611
0 35 -0.49246946825937243
0 36 0.2332219026828204
0 37 -0.889037439977679
0 38 -0.29983399849313397
0 39 -0.19497136448172347
0 40 0.4271986864652979
0 41 0.3939284859176311
0 42 0.8600867624838304
0 43 -0.5589968626146933
0 44 0.047917192561668154
0 45 0.5127119232668103
0 46 -0.46115900666537324
0 47 -0.6134598071439266
0 48 0.8473504315508447
0 49 -0.9579650678230227
0 50 0.86846357219945
1 1 -0.6939329445889493
1 2 -0.7185644898187868
1 3 -0.9544665338044305
1 4 0.7463575474671338
1 5 -0.7840076907255509
1 6 0.05626268311882998
1 7 0.37975556490827245
1 8 0.6761588060877082
1 9 0.8083123291264926
1 10 0.13263045906020277
1 11 -0.7249606877025165
1 12 -0.30168601963563013
1 13 -0.8707299291644779
1 14 0.37569574533908634
1 15 -0.30392519258238626
1 16 -0.6817053516050788
1 17 -0.6972978558887122
1 18 -0.8947040757359648
1 19 0.31221710265272407
1 20 -0.09848889712560838
1 21 -0.19165140108224876
1 22 0.6363588368926119
1 23 0.7991891273970793
1 24 0.8553251853851984
1 25 -0.09025735557904935
1 26 -0.9270193497328454
1 27 -0.05559209645247698
1 28 -0.39428760501769644
1 29 0.8464474393141199
1 30 0.5101597185548044
1 31 -0.2737949860364455
1 32 0.622418330021693
1 33 -0.21087486054963245
1 34 0.6707878129049996
1 35 0.5535940962036325
1 36 0.9460042253086594
1 37 0.5885878966176008
1 38 -0.5754544462101869
1 39 -0.5580978267313998
1 40 0.7822901008977585
1 41 -0.13268985238008857
1 42 0.869313226449149
1 43 -0.05998643113692137
1 44 0.06210886638384583
1 45 -0.39122348484022806
1 46 0.9404669504837009
1 47 -0.5167843735376489
1 48 0.4780432139774906
1 49 0.09740062468988642
1 50 -0.25991467032360926
2 2 -0.39110898982799713
2 3 0.9668304123995779
2 4 0.19448312862263273
2 5 -0.6720769878819466
2 6 -0.10576074324579698
2 7 0.8483473869614
2 8 0.8374766084251659
2 9 -0.6441244857055868
2 10 0.9761061732850671
2 11 0.32740358784960355
2 12 -0.5814736654333288
2 13 -0.6847601777486967
2 14 -0.6914711525679211
2 15 -0.8363002109424365
2 16 0.40445726246396174
2 17 -0.9148389140250348
2 18 -0.4332228905588402
2 19 0.46648036904941326
2 20 0.12907241748105358
2 21 0.7815745610370239
2 22 0.4259959218157736
2 23 -0.8577676725005658
2 24 -0.5556613881662007
2 25 -0.9025351276956588
2 26 -0.901585512436927
2 27 0.6117515852911699
2 28 0.8267440912821034
2 29 -0.2560801555696408
2 30 -0.6721454365660791
2 31 -0.04904342496018321
2 32 -0.6325558435741161
2 33 0.7132756390404353
2 34 -0.4150677828885825
2 35 0.7242983461044088
2 36 -0.4388534550235481
2 37 -0.19596407678298
2 38 0.14899687403607942
2 39 -0.0375906794778762
2 40 -0.22232655042865512
2 41 0.046929134391211935
2 42 0.6293238476979168
2 43 0.07107051913456286
2 44 -0.774516613423307
2 45 -0.08030466263733804
2 46 -0.9590130565660937
2 47 -0.13138169043784576
2 48 -0.4898801464408713
2 49 -0.4102841685586309
2 50 -0.4871992987878444
3 3 -0.764233311335063
3 4 -0.5933136566235202
3 5 -0.4320013271671268
3 6 -0.6880528921827855
3 7 0.7655625643958524
3 8 0.8399846953802026
3 9 0.9444721793054804
3 10 -0.23253804698858516
3 11 0.3605582463873731
3 12 0.07107468249609528
3 13 0.3250887867009846
3 14 0.30334332518331397
3 15 -0.6808902648529356
3 16 -0.8382091322247649
3 17 0.13888724352214732
3 18 0.8338918976416432
3 19 0.918359244760951
3 20 0.3646165599892064
3 21 -0.43133503472731594
3 22 -0.778361871839141
3 23 -0.8714668232675495
3 24 -0.46322006149454675
3 25 0.2746339864266052
3 26 0.30663476344874274
3 27 0.1167374543415669
3 28 0.5010222224822634
3 29 -0.922407261287163
3 30 -0.9148261768034289
3 31 0.9177371174777624
3 32 0.7195268100076164
3 33 0.6306100405655111
3 34 0.8006292457594446
3 35 -0.4239691590971564
3 36 -0.017079502686188075
3 37 0.6325070499323369
3 38 0.24462125157314074
3 39 -0.7059903016765203
3 40 0.6934253435628708
3 41 -0.11968894620542647
3 42 0.6246775234772433
3 43 0.9723029375566157
3 44 -0.7751712760728715
3 45 -0.606526545708995
3 46 0.7011674289410763
3 47 0.5492929864922871
3 48 0.1361247685126281
3 49 0.6865372251068165
3 50 0.44803594469779484
4 4 0.21411023166820042
4 5 0.9565038499640615
4 6 -0.6816842787858586
4 7 0.4333522799563221
4 8 -0.7785732608006439
4 9 -0.5429603554675371
4 10 0.9376058647620649
4 11 -0.26931584234774597
4 12 -0.35321282679788557
4 13 -0.5086325496860427
4 14 0.7143980431806158
4 15 -0.6833901524380157
4 16 -0.6738528019189542
4 17 0.9916422637231028
4 18 0.7699969490007357
4 19 -0.3927360036713632
4 20 0.28772988982774583
4 21 0.23545422718535636
4 22 0.10759238587878017
4 23 -0.794361357184469
4 24 0.5461626436806064
4 25 0.9873955878138598
4 26 -0.8697887422343653
4 27 0.2559667494489941
4 28 -0.2527343070149941
4 29 -0.0025239203029765456
4 30 0.02533481158947115
4 31 0.49345411201133693
4 32 0.0784787599152641
4 33 -0.5155298000219055
4 34 0.8279459970377137
4 35 -0.20737443301179148
4 36 0.9067409870406451
4 37 -0.7234525147393709
4 38 0.41234227281936553
4 39 -0.9578185717999672
4 40 0.22115743612200833
4 41 -0.7492427569528075
4 42 0.9030352247862419
4 43 0.42814254606011803
4 44 -0.294565932973581
4 45 0.9657564499617606
4 46 -0.2947356554229341
4 47 -0.44119872045548747
4 48 0.3378944438678877
4 49 -0.483387921576653
4 50 -0.6437445578701861
5 5 -0.42373492183973926
5 6 -0.13723444529723938
5 7 0.8629355861018131
5 8 0.08454771730135979
5 9 0.39156422679517644
5 10 -0.37953712923539684
5 11 0.6209113300520355
5 12 -0.36312579925807076
5 13 0.25708465858706653
5 14 -0.49141623086354613
5 15 0.9013691642812727
5 16 -0.5717977226142019
5 17 -0.25138225087631927
5 18 -0.8835144363180949
5 19 -0.8353705921151464
5 20 -0.035832775828794405
5 21 0.8844914228645133
5 22 -0.5565785449063148
5 23 -0.3954835852121601
5 24 0.1486663691740433
5 25 0.4959807916135701
5 26 -0.6443706757357157
5 27 -0.2710824596422443
5 28 0.4306906568608946
5 29 0.7371574155742118
5 30 -0.6232378699029004
5 31 -0.7615049510391956
5 32 -0.7015276294767854
5 33 0.2958904938183138
5 34 0.7402767199830276
5 35 0.08246001756823151
5 36 0.4431807180951788
5 37 -0.3559852450122396
5 38 -0.1515253778790966
5 39 0.7263924471437251
5 40 -0.29203210811310565
5 41 -0.6567635331922308
5 42 -0.5957797606536106
5 43 0.06539458332871817
5 44 0.3915658956431558
5 45 0.06982999113016475
5 46 -0.5556727605283855
5 47 0.8289557278270383
5 48 0.7864609034992656
5 49 -0.2248987202936117
5 50 -0.4077197672613937
6 6 0.2011060949628074
6 7 0.03568644978132007
6 8 0.4885098467465492
6 9 0.7049826915791451
6 10 0.6099148786294093
6 11 0.5550614179420936
6 12 0.35176044563356457
6 13 -0.2238032314928684
6 14 0.5264867806328213
6 15 0.37519725127790804
6 16 -0.4838532419697683
6 17 -0.3031819201522048
6 18 0.8261866469116164
6 19 0.35090132353026493
6 20 -0.9473858645362041
6 21 -0.9484609633787882
6 22 0.05481744715687187
6 23 0.40061279913116676
6 24 0.612665084995691
6 25 0.2711517724048702
6 26 -0.769550090773204
6 27 -0.12470782474702924
6 28 -0.6059604916564705
6 29 -0.9992143045489712
6 30 -0.8048734722840503
6 31 0.3671832702889364
6 32 0.34777692839735197
6 33 0.6132914815580095
6 34 -0.2984393229027491
6 35 0.14286982677069182
6 36 0.9213074557327561
6 37 -0.004621792167276206
6 38 -0.2717301032808477
6 39 0.007343190291557722
6 40 0.313057194486005
6 41 -0.14659827172542284
6 42 -0.7091396555202878
6 43 0.6961714544448625
6 44 -0.3951969952225316
6 45 0.5861640009060358
6 46 0.053092932568227
6 47 -0.36328288070149006
6 48 0.8974533271198426
6 49 0.6867986905437393
6 50 0.9342611770584226
7 7 -0.8733263609516313
7 8 -0.7311417539404919
7 9 -0.02880275299966284
7 10 -0.9249835837777018
7 11 0.015839924375223413
7 12 0.6241227793166326
7 13 -0.4503324816862033
7 14 0.33672435023049685
7 15 0.5897902698579793
7 16 0.006974253708562861
7 17 -0.08579283029696128
7 18 -0.2927603523439226
7 19 0.2881334622941747
7 20 -0.941310820815811
7 21 -0.06700583615574018
7 22 -0.7948793138948091
7 23 -0.715846299115519
7 24 -0.8948592190853513
7 25 0.2729782039985693
7 26 0.4474995229187331
7 27 -0.0042031811267990715
7 28 -0.9792209206510496
7 29 -0.42600673303360015
7 30 -0.24835146832331012
7 31 0.017861939997065646
7 32 -0.8401055388502805
7 33 0.1093901362498888
7 34 0.41907384939586256
7 35 0.5241916455002897
7 36 -0.28056155913349623
7 37 -0.3333982766716108
7 38 0.5348764629331746
7 39 -0.6442793395062145
7 40 -0.2225859761827631
7 41 0.6259844112971535
7 42 -0.6693662388035511
7 43 -0.6975004574558479
7 44 -0.5792146603813568
7 45 -0.34210950085999126
7 46 0.45480696955824373
7 47 -0.46745611028539713
7 48 -0.9913634405280023
7 49 0.608614706583644
7 50 0.14689298312496768
8 8 0.016606836635880695
8 9 0.4967247139462243
8 10 -0.3086006791341871
8 11 -0.958936350754223
8 12 0.390576493050111
8 13 0.6969277339353175
8 14 0.6885801051997935
8 15 -0.4392726251169419
8 16 0.9901090362600731
8 17 0.0756758699825344
8 18 0.3384989461675181
8 19 0.9439996814843357
8 20 0.3432558907286103
8 21 0.6599924676561975
8 22 0.5049791499723366
8 23 -0.6949024294511277
8 24 -0.8668030757147254
8 25 -0.5726413168569364
8 26 -0.120637619127264
8 27 -0.779102569763384
8 28 0.6104436941201423
8 29 -0.19468951432119996
8 30 0.21915600377054711
8 31 0.3280805216408258
8 32 -0.474440094791611
8 33 -0.12369841135051729
8 34 0.022096890161474425
8 35 -0.18142518521590278
8 36 -0.6112532394081032
8 37 -0.41355223053684154
8 38 0.16325402563337654
8 39 -0.3792662720292648
8 40 -0.9563475258553964
8 41 -0.22203702489488752
8 42 -0.46332624862239347
8 43 0.9084500496636045
8 44 -0.9088742448354443
8 45 -0.6999440321292192
8 46 -0.05018836067807131
8 47 -0.8310422347935846
8 48 0.6191197166008549
8 49 -0.8226515930797755
8 50 -0.2524632667081914
9 9 0.42629067651732244
9 10 0.42714976475305
9 11 -0.5691563243637467
9 12 0.9573351721928116
9 13 -0.4980460789711294
9 14 0.9943907150823277
9 15 0.4675992815933485
9 16 -0.7404756307200675
9 17 -0.6300643661158771
9 18 -0.4219487460345255
9 19 0.8246892915013861
9 20 -0.6277828698735555
9 21 0.08297454428088602
9 22 0.07554522920947915
9 23 -0.7994044909799003
9 24 0.8613270604169052
9 25 0.16869307673802902
9 26 -0.5534096866383573
9 27 -0.4454433134240392
9 28 0.4776166783615745
9 29 -0.5342683755677342
9 30 -0.1275590658015524
9 31 -0.2576771695280904
9 32 0.03502740492197298
9 33 -0.8956069771194506
9 34 -0.31558498204693364
9 35 0.42331643677547204
9 36 0.45819374641935373
9 37 0.6480518530983381
9 38 -0.7902886382681564
9 39 0.5529153171328893
9 40 0.4573121921842531
9 41 0.46476121221182054
9 42 -0.30921748949945593
9 43 0.016027594727766825
9 44 0.8770073577060682
9 45 0.22392167783340722
9 46 -0.051889399928569446
9 47 -0.24045236528767888
9 48 0.17488818012430474
9 49 -0.5735944713089545
9 50 -0.4840585324980686
10 10 -0.5104583599818544
10 11 -0.5593642047095297
10 12 0.7325019377025195
10 13 0.8099343003459563
10 14 0.6389243316748379
10 15 -0.12468951487871416
10 16 0.8020614664351291
10 17 -0.7771775675419803
10 18 -0.2540952550586104
10 19 0.97178791136153
10 20 -0.697907374921606
10 21 -0.9318130167502776
10 22 -0.08903556796820511
10 23 -0.5432242162795233
10 24 0.6664401340265436
10 25 -0.5885242751573683
10 26 0.6972269969254219
10 27 -0.8183466462631594
10 28 -0.20875787900086862
10 29 -0.7080683686205822
10 30 0.5504234265122006
10 31 0.11873322426818866
10 32 -0.3685424187794988
10 33 0.24726067517962425
10 34 -0.5877231820719477
10 35 0.13526692555638653
10 36 -0.595609963971923
10 37 -0.18727575059854873
10 38 0.5588296982226832
10 39 -0.24835754363824258
10 40 -0.37092996670198364
10 41 -0.9242935382906463
10 42 -0.0962186145005195
10 43 -0.9625458203277988
10 44 -0.7890881578003863
10 45 -0.7952816986371463
10 46 -0.266465300106832
10 47 0.2682338254403869
10 48 -0.8912498753480662
10 49 -0.8337698774602822
10 50 0.22998046526045535
11 11 0.8805422650383639
11 12 -0.829651867785451
11 13 -0.010917898293707706
11 14 -0.4204870647090495
11 15 -0.9240110829445105
11 16 -0.9883868567119862
11 17 -0.06778611407519564
11 18 0.8994638263542887
11 19 0.997732085262979
11 20 0.056172508855259595
11 21 -0.8179923912881641
11 22 -0.13408710344049868
11 23 -0.19368447656301524
11 24 0.655200655261041
11 25 0.9976137039042758
11 26 0.7582268703873207
11 27 -0.490001205787608
11 28 -0.13325074413158977
11 29 -0.9722920230050898
11 30 -0.9166888337306425
11 31 0.3138304295169114
11 32 -0.910032285630868
11 33 0.25848618358504116
11 34 0.9630510801210688
11 35 0.6796892707484579
11 36 0.3315001949571803
11 37 -0.8319101339582544
11 38 0.3594988542368165
11 39 0.515677015521453
11 40 0.04649646350273717
11 41 -0.27647065369267976
11 42 0.34323814778515915
11 43 0.09839148312192503
11 44 -0.038285900242708726
11 45 0.1068984187124069
11 46 0.05868735332056785
11 47 0.46634502405418155
11 48 -0.6131628423541624
11 49 -0.6958422990394086
11 50 -0.633083558518813
12 12 0.696340855930005
12 13 -0.3074157184084516
12 14 -0.521212451468789
12 15 0.4927602810886835
12 16 0.01482064317224241
12 17 0.8809665666984872
12 18 -0.7184566907603023
12 19 -0.1871260979109164
12 20 -0.4678605772125257
12 21 0.1163848702520025
12 22 -0.7928024004050176
12 23 0.7679724769670162
12 24 0.8767714862014331
12 25 0.6745639093285818
12 26 -0.3841187466857161
12 27 -0.5259693167719701
12 28 -0.04516592899830041
12 29 0.37211957269874363
12 30 -0.3592576403796386
12 31 0.7774129298081642
12 32 -0.061409982286920295
12 33 -0.12983746230662052
12 34 0.38489321092484596
12 35 0.960866594183988
12 36 -0.2510487549057234
12 37 -0.5842616957476898
12 38 -0.003536589295104031
12 39 -0.6064591650508107
12 40 0.6111917664859619
12 41 -0.4029462596545921
12 42 0.8092726030804318
12 43 0.8264189002187119
12 44 -0.3653200344466674
12 45 -0.5628794024785835
12 46 -0.11156531095662903
12 47 0.12927006447334044
12 48 -0.7225843446041726
12 49 0.8891250594911464
12 50 -0.9097187594827925
13 13 0.059797843265728456
13 14 -0.21031880819521076
13 15 0.01684788134217796
13 16 0.5471735402635773
13 17 0.4432019345906013
13 18 -0.1417029614590517
13 19 -0.14453702966340853
13 20 0.40864308759345414
13 21 0.5054446125086864
13 22 -0.8308484741951834
13 23 -0.6666260512551729
13 24 0.7535099309194238
13 25 -0.922999478503862
13 26 -0.2970770489482939
13 27 -0.1936834020406304
13 28 0.541975337423642
13 29 0.2726974263898174
13 30 0.9738913965213605
13 31 0.4951816844667707
13 32 0.0773805486695196
13 33 0.4388505424537599
13 34 0.32309410304829345
13 35 0.43478613447636816
13 36 -0.21794440138203175
13 37 -0.5711714822616571
13 38 0.46552842943841366
13 39 0.8495828076627194
13 40 0.020962687698278692
13 41 0.7466467487864825
13 42 0.055169497935482203
13 43 0.5753944558433306
13 44 -0.5141259801610119
13 45 0.444535100625556
13 46 -0.14560548973317378
13 47 0.8962602791729606
13 48 -0.9026788282580136
13 49 0.4664697460667593
13 50 0.4181671454216753
14 14 -0.33282773072280736
14 15 0.008530891114531203
14 16 -0.415392786609305
14 17 -0.38448764458905926
14 18 0.6986372495838205
14 19 -0.9848456350170638
14 20 0.3534128513018513
14 21 0.6878881742841412
14 22 0.18719547996202213
14 23 0.9627004585753369
14 24 0.8113007377067902
14 25 0.3924404687522671
14 26 0.3186449636310009
14 27 -0.1098396890041986
14 28 0.5877760159005412
14 29 -0.8047705565236221
14 30 -0.988181531423959
14 31 0.25911996157382866
14 32 0.7937345042254174
14 33 0.9258617544544996
14 34 -0.900471679745289
14 35 0.7489735878943977
14 36 0.32540867094345516
14 37 0.6002244681884814
14 38 0.3700128805175469
14 39 0.6877280386627216
14 40 -0.1921670416234471
14 41 0.7381313778433827
14 42 0.7821700949441548
14 43 -0.4692344577217429
14 44 0.3996837763919414
14 45 -0.2722757182357498
14 46 -0.42275410467623376
14 47 0.37309422990747243
14 48 0.3717142552954904
14 49 -0.13117031895418796
14 50 0.9914718358897139
15 15 0.23559716717993373
15 16 0.8600624310376017
15 17 0.380849442663757
15 18 -0.8356904332999058
15 19 0.3369512493718647
15 20 0.4317081932041673
15 21 0.08185991802182202
15 22 0.9924111038731012
15 23 -0.37322643700839575
15 24 0.7637887394535017
15 25 0.7534374541150455
15 26 -0.7651171613896408
15 27 -0.2703122907905955
15 28 0.44064951058731316
15 29 0.021411664361212557
15 30 -0.5866286035324069
15 31 0.8317273420738371
15 32 0.9570366854757861
15 33 -0.0022405028768974766
15 34 0.8476405188046805
15 35 0.8449881788189193
15 36 -0.179481846594288
15 37 -0.3015603569504923
15 38 -0.45357521297683356
15 39 0.22088935001868082
15 40 -0.24434554561118804
15 41 0.6729469555413856
15 42 -0.28150399838412477
15 43 -0.18190618950451753
15 44 -0.6373039294561538
15 45 0.31626414326232766
15 46 -0.31158348643329337
15 47 0.35245385287166187
15 48 0.6404383385861976
15 49 -0.8173951915858659
15 50 0.06666550809806293
16 16 -0.3768810689833981
16 17 -0.3788895955405389
16 18 0.49939094472158496
16 19 0.6199588594047827
16 20 -0.31383755295912485
16 21 -0.3950966255011572
16 22 0.11526972608651387
16 23 0.9252090286365502
16 24 -0.6007243404714748
16 25 0.9810869718267003
16 26 0.6185815030341757
16 27 -0.7611370715254053
16 28 0.7295305251965833
16 29 0.4550089525270158
16 30 0.11728321401629938
16 31 -0.4743596552865543
16 32 0.29036600673357316
16 33 -0.9225679793223693
16 34 -0.23474572223974732
16 35 -0.10000377125584814
16 36 0.06268327671104124
16 37 -0.969481473693933
16 38 0.08632823775511245
16 39 -0.9767917328521478
16 40 -0.4215195201948234
16 41 -0.9744990442965464
16 42 0.9578222088737296
16 43 -0.38454208384856825
16 44 0.1544889116299495
16 45 -0.6635318391654406
16 46 0.42119175236316364
16 47 -0.7348785964788553
16 48 -0.34638469070949984
16 49 -0.4650607819252772
16 50 -0.9617780515221039
17 17 -0.47887109197172384
17 18 -0.95695414642082
17 19 0.9768652887398437
17 20 -0.9301454218637919
17 21 -0.9113527036585765
17 22 0.7829479271055277
17 23 0.4515017264047343
17 24 -0.06031099978420529
17 25 0.24422186338690843
17 26 -0.9116482014170328
17 27 0.4388956104821735
17 28 -0.7630362264536799
17 29 -0.5879536830548677
17 30 -0.48612512954337794
17 31 -0.9700898692647553
17 32 0.8237046126505252
17 33 -0.08657459615690066
17 34 0.24171312770007902
17 35 -0.8537785703937932
17 36 0.18894084884815254
17 37 0.1962350915983495
17 38 -0.09500422991062529
17 39 0.798725983818096
17 40 -0.5598284793672836
17 41 0.6545530681956608
17 42 -0.9799501518335088
17 43 -0.8763835935750133
17 44 -0.8440603743609818
17 45 -0.7443719267453288
17 46 -0.0803203372750878
17 47 -0.5172162022602118
17 48 0.2887953787167794
17 49 -0.8183049199775521
17 50 0.05568062409254604
18 18 0.8862561738590948
18 19 -0.7825739343158029
18 20 0.6649982273223245
18 21 -0.7453253925491135
18 22 -0.8718075556951332
18 23 -0.6644198491145958
18 24 0.17290692465230784
18 25 0.7405147463553201
18 26 -0.601724769865869
18 27 0.6658374061404622
18 28 0.3635643975362717
18 29 0.5274561172224534
18 30 -0.04037271820221955
18 31 0.8778786845077757
18 32 0.4314764198605783
18 33 0.09687416966708806
18 34 0.5895484678182159
18 35 -0.4830633760546983
18 36 0.09334586845859327
18 37 -0.15400179871468378
18 38 0.07803500972459809
18 39 0.12613332533205224
18 40 -0.9842459512644801
18 41 0.23138024585668204
18 42 0.4392425680059149
18 43 -0.024031310403980877
18 44 0.9966047952690491
18 45 0.298094564881759
18 46 -0.2081248284811128
18 47 -0.7894526006333498
18 48 0.5834471885838208
18 49 0.6882702531895186
18 50 0.5154753017006153
19 19 -0.715426872303996
19 20 0.5872154193858103
19 21 0.7338742531527418
19 22 -0.7701571912804177
19 23 0.08365940190058252
19 24 -0.7554573524969546
19 25 -0.45541950736707126
19 26 -0.49248082971291995
19 27 0.5495835693044211
19 28 -0.1444120414461887
19 29 -0.5809338620147944
19 30 -0.4173516539528723
19 31 0.7866845167866796
19 32 -0.8051809923230935
19 33 0.1480870689320286
19 34 0.002104842879312674
19 35 -0.45990393202751534
19 36 0.3695463453561836
19 37 0.7152907704518507
19 38 0.5506959812348633
19 39 0.6141521518100803
19 40 0.8315658727026107
19 41 0.41987245837537857
19 42 0.6228048174020502
19 43 0.7559506515692493
19 44 0.9944639119886967
19 45 -0.12341336022951621
19 46 -0.740924091806177
19 47 -0.4218326467969149
19 48 0.17211774362600996
19 49 -0.508349443137448
19 50 0.23905094400001303
20 20 0.07436698923360296
20 21 0.6676587682333421
20 22 0.37468327559543413
20 23 -0.14329086545501402
20 24 -0.3104949190238442
20 25 0.13160023157255796
20 26 0.6964489514056711
20 27 -0.2352763878804196
20 28 -0.1338448553356988
20 29 0.5979629171211771
20 30 0.08688222544634705
20 31 -0.21188393049989762
20 32 0.6412165030265189
20 33 0.9044077000808766
20 34 0.6487996044881807
20 35 0.24919790352121507
20 36 0.602967073231937
20 37 -0.5886523667099095
20 38 -0.6453822551807096
20 39 -0.6238362133472468
20 40 0.8110421426171304
20 41 -0.3400408771551471
20 42 -0.487274976199364
20 43 -0.44724941484460157
20 44 0.08377926041353456
20 45 -0.6972652646974127
20 46 0.15526248954081345
20 47 0.22282383333458666
20 48 0.999863908071982
20 49 0.5601393728801853
20 50 -0.08866359714337646
21 21 -0.5731091113458995
21 22 -0.4538044351145918
21 23 0.7961182137308365
21 24 0.8098969012703752
21 25 0.1266913048595799
21 26 -0.9633687662393653
21 27 -0.6187786373589108
21 28 -0.9869571708474869
21 29 0.5591924917374858
21 30 0.5446076329095149
21 31 -0.04747305767461851
21 32 0.2386607747313214
21 33 -0.05186198500629602
21 34 0.35697076916905535
21 35 -0.3102584791417302
21 36 0.20487444871234173
21 37 0.36692740845924954
21 38 -0.7854965596878045
21 39 -0.7875160347540018
21 40 -0.7963519816483517
21 41 -0.811771847527899
21 42 0.6305451974088507
21 43 0.8385442541113737
21 44 0.8906031492625919
21 45 -0.296795186146962
21 46 -0.1898743310347053
21 47 -0.9815786790828671
21 48 -0.7733195423585875
21 49 0.0030078653322667126
21 50 0.7499388499219082
22 22 -0.9300967654352308
22 23 -0.21672928818182946
22 24 0.27902866302880214
22 25 0.43988470920851475
22 26 -0.08041746506467407
22 27 0.2538468198869335
22 28 0.06921598364211756
22 29 -0.9926227213323557
22 30 -0.248973975179396
22 31 -0.7160333886049162
22 32 -0.6326146784450049
22 33 -0.5942586235664724
22 34 0.30657480110815993
22 35 -0.8875426540241418
22 36 0.501735686039273
22 37 0.23179521485680166
22 38 0.8978930316630696
22 39 0.013920047218819231
22 40 0.9471885301087066
22 41 0.594540699902093
22 42 -0.8213378696045819
22 43 0.1396511656228241
22 44 -0.8080848980490214
22 45 -0.5811541493206225
22 46 0.8067339930261863
22 47 -0.8492709048065135
22 48 0.07805628891786598
22 49 -0.15154804726203785
22 50 0.6538600597735476
23 23 0.14275191026121758
23 24 -0.2780805254256806
23 25 0.38582909193200354
23 26 0.9789258288065488
23 27 0.550989916143747
23 28 0.8022990270001498
23 29 0.02159041546029372
23 30 0.1879445674087734
23 31 0.200721531118208
23 32 -0.715565708054994
23 33 0.4695739451576604
23 34 0.4203043108901523
23 35 0.1132638047260488
23 36 0.7379255935764004
23 37 -0.03675507440699177
23 38 0.2630819918940823
23 39 -0.5833550012268927
23 40 0.4052114294708815
23 41 -0.724059433005787
23 42 -0.12347980391923441
23 43 0.34869698557365547
23 44 -0.9998366827498182
23 45 0.5580252415656639
23 46 0.08328836202813927
23 47 0.6578728345672482
23 48 -0.07780591585757635
23 49 0.440298180607285
23 50 -0.6453401572543411
24 24 0.03745537893185391
24 25 0.6010887876140731
24 26 -0.8403549847717968
24 27 -0.10216661315656017
24 28 -0.6917786678148483
24 29 -0.13802155710708952
24 30 0.5059105247930553
24 31 0.7239259852217765
24 32 0.19629441618930055
24 33 0.6643230566895166
24 34 0.40637014580215514
24 35 -0.3145907409386912
24 36 -0.2658038790737316
24 37 -0.10416296987591145
24 38 -0.6142519979276699
24 39 -0.8575147173863775
24 40 0.9206396872375617
24 41 -0.8912013611146563
24 42 0.8433516275363471
24 43 -0.8366020090245168
24 44 -0.25238014389149943
24 45 0.4837634205388779
24 46 -0.7001644781073868
24 47 -0.6546515562859077
24 48 -0.11651560512188475
24 49 -0.7167345702875354
24 50 -0.7844090716002494
25 25 -0.6495973669224018
25 26 0.002821342969440588
25 27 0.08142989689773472
25 28 -0.2836960581432866
25 29 -0.32688852515485767
25 30 -0.9551826067432343
25 31 -0.45918813258373303
25 32 -0.6067916774998483
25 33 0.6517564073750983
25 34 -0.32630090782291354
25 35 -0.5583958325887306
25 36 -0.6487989774401699
25 37 0.7695707373936622
25 38 0.17036700083316725
25 39 0.04729097426046125
25 40 -0.38034878630753144
25 41 -0.12020850995188592
25 42 -0.51730591154058
25 43 0.7980510927978868
25 44 0.38175695918110186
25 45 -0.9575246577330259
25 46 0.38074446917051663
25 47 -0.45230449328656386
25 48 0.4835585464071728
25 49 -0.558824617181146
25 50 0.9113090186767969
26 26 0.09387397213216664
26 27 0.9696868837073715
26 28 -0.8917987761727502
26 29 -0.9825881538937118
26 30 0.26359827284258097
26 31 -0.543489788296786
26 32 0.8244630037081455
26 33 -0.14195978964337463
26 34 0.17394829765741293
26 35 -0.8754786033987592
26 36 -0.6191585314005976
26 37 0.2150872620304567
26 38 -0.14632406599283576
26 39 0.1285001332898219
26 40 0.5053817409356116
26 41 -0.18888978038395443
26 42 0.7826010125777099
26 43 0.3983171058668433
26 44 0.009289756245923542
26 45 -0.2899426839546084
26 46 -0.20428498275850782
26 47 -0.10229658615796211
26 48 -0.18246312625776473
26 49 0.3070047072998814
26 50 -0.5866639160981699
27 27 0.39232883876888924
27 28 -0.18858606426868074
27 29 -0.33121675054384503
27 30 0.24419287435494952
27 31 0.7737933106207575
27 32 0.2240616106764748
27 33 -0.0538819422802872
27 34 0.5112569170734114
27 35 0.5249096186505375
27 36 0.4952249269397453
27 37 0.24732223641380346
27 38 -0.6830013325714119
27 39 -0.5565675834412858
27 40 0.29767702251449246
27 41 0.5095420982048093
27 42 0.898275857096491
27 43 0.5104088405738667
27 44 -0.3300075534128195
27 45 0.023976629325589416
27 46 0.7333938537873659
27 47 0.804005746943006
27 48 -0.18643847193492014
27 49 0.3875046926528296
27 50 0.9007418512442729
28 28 0.22410320795527183
28 29 0.35830819353304477
28 30 0.7217253482953745
28 31 -0.4727331165239077
28 32 -0.8124365881852516
28 33 -0.17063514096867038
28 34 -0.17999067185273065
28 35 -0.5663047288948928
28 36 -0.9236879733253351
28 37 0.9058752320424783
28 38 -0.0760167177809401
28 39 0.2458951097518487
28 40 0.5645081170010535
28 41 -0.47628202417744436
28 42 -0.05540697845150455
28 43 -0.7134656213643837
28 44 0.9984940704175327
28 45 0.2403443869577533
28 46 0.6971537289120435
28 47 0.5656820965047797
28 48 0.4296918432365735
28 49 -0.790167207065249
28 50 -0.19355194070959425
29 29 -0.6443303439008745
29 30 -0.028823936985856502
29 31 0.7689404673148126
29 32 -0.7232129823906897
29 33 -0.8736632957794126
29 34 0.6726111093257865
29 35 0.7415286892630972
29 36 -0.7858038423502007
29 37 -0.7854051650866432
29 38 -0.8689895841759967
29 39 -0.4821574541763154
29 40 0.022512356792372845
29 41 -0.10104114435106326
29 42 -0.20435360240021327
29 43 -0.3381405285947441
29 44 0.9364433275943587
29 45 0.06422625974872331
29 46 -0.013297476454245949
29 47 -0.7840673035948855
29 48 -0.3189269164208208
29 49 -0.6135735911846845
29 50 0.5277952145212554
30 30 -0.9023033730050585
30 31 0.7778799740479672
30 32 -0.807530066911917
30 33 -0.029949645339099495
30 34 0.6758929329232664
30 35 0.4054787983464867
30 36 0.663387050405809
30 37 -0.6171738691489825
30 38 -0.04847041058529533
30 39 0.6086320641125751
30 40 0.08815926890541004
30 41 0.24864437099826842
30 42 -0.8370681625446352
30 43 0.16268095184508935
30 44 -0.1454544681476988
30 45 -0.07640930927800937
30 46 0.24165036814310947
30 47 0.0883358406874557
30 48 -0.9070448475425248
30 49 -0.14832039491643045
30 50 -0.16568114306103165
31 31 0.3127032828366043
31 32 0.6072688459925446
31 33 -0.7574727420469409
31 34 -0.02110942648672398
31 35 0.5147547046640737
31 36 0.8472473505118299
31 37 -0.5494345294990739
31 38 -0.9389342626251522
31 39 0.4921493894116047
31 40 0.8080152928859934
31 41 0.6660394899569735
31 42 0.11977113655521787
31 43 0.9389226270341495
31 44 -0.8613593686520877
31 45 -0.24785151247198933
31 46 -0.7827669567812234
31 47 -0.29736625271877704
31 48 -0.09727076909344112
31 49 -0.3486126654111428
31 50 -0.15617380023260563
32 32 -0.8134066714543498
32 33 0.787295152690004
32 34 0.9284915893043355
32 35 0.6777092472975275
32 36 -0.2962514150255684
32 37 0.46697263589986115
32 38 -0.7912756936745646
32 39 0.8401089869147012
32 40 -0.035963665171130366
32 41 -0.8891600244733617
32 42 0.41096506341055394
32 43 -0.26440286641993205
32 44 0.5400249704360673
32 45 -0.6586556222995803
32 46 0.7186976734821806
32 47 -0.8921820214721252
32 48 -0.5345523276586075
32 49 -0.6287833713789801
32 50 0.21955698475441787
33 33 0.7021288499031957
33 34 0.18218060543158332
33 35 -0.34817700198017487
33 36 -0.8631327256411983
33 37 0.9725972295378933
33 38 0.8908970343360525
33 39 0.46835998834893977
33 40 0.23313844146800067
33 41 0.02440539805641251
33 42 0.4110762954815681
33 43 -0.9904924272092679
33 44 0.18025508726897943
33 45 -0.061040464717795784
33 46 0.19479547223790483
33 47 0.13267590983481914
33 48 0.6057460147361746
33 49 0.8307311082796724
33 50 0.2607561595325474
34 34 -0.8708944319224168
34 35 -0.771657331690287
34 36 -0.8857430859429949
34 37 0.19728679463744925
34 38 -0.6581224875802869
34 39 -0.026635443146261872
34 40 0.34466167455326424
34 41 0.44036011003034425
34 42 -0.668658185163127
34 43 0.3716699911200849
34 44 -0.4567747632119763
34 45 -0.33394618021857125
34 46 0.8870473677447714
34 47 0.5752915133316658
34 48 0.7714213780044006
34 49 -0.6804878245689983
34 50 -0.0913734098693062
35 35 0.15609215094503326
35 36 0.7015546729217219
35 37 0.2170998646833091
35 38 0.06970687103546425
35 39 -0.50228013037719
35 40 0.02823927862574105
35 41 -0.046382460346300336
35 42 -0.9945093190092864
35 43 -0.6245171233407616
35 44 -0.2579959403475136
35 45 -0.4618012542427161
35 46 0.7022826539146907
35 47 -0.8819643915866819
35 48 0.4769204647906393
35 49 0.5629621321061737
35 50 0.2375318053694473
36 36 0.43959058616292923
36 37 -0.11407292020856574
36 38 -0.348782372094927
36 39 -0.3407118291839133
36 40 -0.8897021187689809
36 41 0.3390476415103205
36 42 0.48550629405156553
36 43 0.8629327199353829
36 44 -0.5610161493973158
36 45 -0.5386574645701263
36 46 -0.21408899144827265
36 47 0.7765747719113758
36 48 -0.8454670187145839
36 49 0.9878236291802291
36 50 -0.7708712275602985
37 37 0.9072197655746801
37 38 -0.37204333283992375
37 39 0.932288324269892
37 40 -0.1814885095155896
37 41 0.32817797772345325
37 42 -0.5022342001145657
37 43 -0.45479001762903604
37 44 0.7565347877527697
37 45 -0.17027455763623722
37 46 -0.785925732254152
37 47 0.2663647602333732
37 48 -0.9249581627019619
37 49 -0.2278418553834316
37 50 -0.10332155964048417
38 38 0.8096447604770989
38 39 0.13202874945775633
38 40 0.28619421125688826
38 41 -0.8626316070385935
38 42 0.5368771314298695
38 43 -0.05432418908661285
38 44 0.5001351441049562
38 45 0.6263796120001093
38 46 0.8543669132761225
38 47 -0.003160811289294463
38 48 -0.7598475093427275
38 49 -0.37072882321571554
38 50 0.196418706695225
39 39 0.5249402895681352
39 40 -0.5330520119220499
39 41 0.9048551429515777
39 42 0.0749964378182888
39 43 -0.6382953395840922
39 44 0.115783184144995
39 45 -0.6635100844473241
39 46 -0.032759267313953844
39 47 0.6753898273440353
39 48 0.7059303992794017
39 49 0.8991270623166652
39 50 0.6625453277889768
40 40 -0.9367576580274442
40 41 0.26411690476678706
40 42 -0.3811757090481649
40 43 0.8741985177821099
40 44 0.018135034991810572
40 45 -0.9348091596345833
40 46 -0.9296895140441905
40 47 0.270067704688161
40 48 -0.20397984325252505
40 49 0.3598972831516243
40 50 0.2481241808453214
41 41 -0.22792812325554412
41 42 0.5203589550453642
41 43 -0.7123199301070127
41 44 -0.36344440444663517
41 45 -0.4876040977959246
41 46 0.5391959145521512
41 47 -0.28622413557202453
41 48 -0.45033764401027154
41 49 -0.7105939824248972
41 50 0.15775126745119694
42 42 -0.29131510298327035
42 43 0.13320522352296327
42 44 -0.45274816877323576
42 45 0.6011250328127455
42 46 -0.21136509763083544
42 47 0.8764995012202963
42 48 0.567083006099202
42 49 0.2520172970802621
42 50 0.929639905838469
43 43 0.3067946275058584
43 44 0.990562312930757
43 45 -0.08924403881702081
43 46 -0.4459220510191688
43 47 0.9093408724206098
43 48 0.7413320949215816
43 49 -0.0179816571783189
43 50 -0.007566395497493383
44 44 0.6169286060292818
44 45 -0.3966463722813387
44 46 -0.6110759409905915
44 47 -0.4544032598977239
44 48 0.483767079528566
44 49 0.9487041417052842
44 50 0.6733707876695747
45 45 0.02369852062160982
45 46 -0.01805675833992937
45 47 -0.5421100471724822
45 48 -0.2664666190068139
45 49 0.6294018855500281
45 50 0.41663878760169215
46 46 0.6711659626597244
46 47 0.6796203899930544
46 48 0.06203760579744144
46 49 -0.6656658600453285
46 50 0.7160729889550255
47 47 0.19654594329500452
47 48 0.5298550453527273
47 49 0.054706599745419915
47 50 -0.020858170257490594
48 48 -0.20753495283652446
48 49 0.3852083272482263
48 50 0.9092937713787805
49 49 -0.4963075009647244
49 50 0.16009224816526557
50 50 -0.201903180352635
