0 0 0.47901735228283937
0 1 0.4546858753291023
0 2 -0.9251522192343178
0 3 -0.6837396361111354
0 4 0.8006070292915921
0 5 0.6281436659501061
0 6 -0.8495464212392987
0 7 0.9225797965299443
0 8 -0.6197993417600589
0 9 -0.20205051958679632
0 10 0.4333214262208842
0 11 0.3574106108465094
0 12 0.9928691532477856
0 13 -0.08216647426368828
0 14 0.8181805758960821
0 15 0.4459561846819158
0 16 0.8864897142733803
0 17 0.591215815391793
0 18 0.20949176790257384
0 19 -0.46118589089004325
0 20 -0.7223042335331524
0 21 -0.23511233294252176
0 22 0.31034705882890856
0 23 -0.6012418331206784
0 24 -0.8983941676829872
0 25 0.08965018764026289
0 26 -0.20065930361543405
0 27 0.42095928158682394
0 28 0.43307544663331976
0 29 -0.7894517879148415
0 30 -0.45179945328858473
0 31 -0.6901506614237309
0 32 -0.7465437202245864
0 33 -0.7505395939578265
0 34 0.20414378757094287
0 35 0.12188570049601322
0 36 -0.2518727683097661
0 37 -0.015522791783936896
0 38 -0.8068581508370776
0 39 -0.8289998125810887
0 40 -0.9558200653617877
0 41 -0.934856883011649
0 42 -0.2600216774181552
0 43 -0.056783146884401337
0 44 0.40853936674130575
0 45 0.8934131796482578
0 46 0.13957158622678834
0 47 -0.21108740329088782
0 48 -0.6319147103339655
0 49 -0.3465841571896999
0 50 -0.724565172004793
0 51 0.6936729759069149
0 52 0.4573969248290426
1 1 0.203549836388897
1 2 0.3341596343441122
1 3 -0.47522624348648046
1 4 -0.6202006167079213
1 5 0.31872560274390316
1 6 -0.10704511677801065
1 7 -0.11073773755018901
1 8 0.9780891843471946
1 9 0.4196824734651339
1 10 0.44217565544825965
1 11 0.9825592406504742
1 12 -0.32624649980864606
1 13 0.5303660839463027
1 14 0.6722973553751104
1 15 -0.3050319131434438
1 16 0.04375396243443275
1 17 -0.3383694159221513
1 18 0.7118275935505318
1 19 0.7612375038456536
1 20 0.11376217653348886
1 21 -0.47123120630054394
1 22 -0.06431333305460263
1 23 0.6343917089413149
1 24 -0.5160485102514107
1 25 0.5965385401125114
1 26 0.5598230166298155
1 27 -0.3130668748259937
1 28 -0.6672857548637074
1 29 -0.8446842521090687
1 30 0.8307219660313059
1 31 -0.6944797258553148
1 32 0.637192941361248
1 33 -0.2939346082110619
1 34 0.2868915780482513
1 35 -0.0599669871409243
1 36 -0.7854123090741385
1 37 0.4718917988628204
1 38 -0.6496309807611798
1 39 0.906042905082264
1 40 0.7662165317400547
1 41 0.37759408570940867
1 42 -0.2373088402647907
1 43 -0.06722912546341142
1 44 -0.5400800614646284
1 45 -0.6931675867227933
1 46 0.14032796449894902
1 47 0.7340042963120128
1 48 -0.9872616793335982
1 49 0.42485876152881685
1 50 0.5488381029265039
1 51 -0.48768619431693305
1 52 0.18550216488970017
2 2 0.7722728179121874
2 3 0.0321083547774883
2 4 -0.4278126329847749
2 5 -0.014127018070003272
2 6 -0.9874134936787147
2 7 0.5287279963180747
2 8 -0.5920351808231932
2 9 -0.08838730923359228
2 10 -0.043115133648941706
2 11 0.8370908246381212
2 12 0.6604949514393059
2 13 0.27710253660801065
2 14 -0.26897070148423197
2 15 -0.978433719905462
2 16 0.2514172100524965
2 17 0.9568951590225636
2 18 0.07676314009673146
2 19 -0.7373004807685932
2 20 -0.2709142938358853
2 21 -0.9027539952888286
2 22 0.12061448771096006
2 23 0.7460679343768097
2 24 0.79508518833618
2 25 0.11500386011299546
2 26 0.820275288936092
2 27 0.22310468652131243
2 28 -0.265571870526506
2 29 -0.18055857943200593
2 30 -0.46149163768985635
2 31 0.1390704815115722
2 32 -0.17991005884891087
2 33 0.09092451650802347
2 34 -0.464823530753252
2 35 -0.6104609147056523
2 36 0.4035957878042151
2 37 0.42351190761597146
2 38 -0.9568871044921015
2 39 -0.857261297538225
2 40 0.7377588604921332
2 41 -0.38268560906387883
2 42 -0.23707493520724854
2 43 -0.4830588111534688
2 44 -0.8846676509346467
2 45 0.02603118199436305
2 46 0.945327983495833
2 47 -0.18152128048219063
2 48 -0.6161838248397264
2 49 0.4246124371622244
2 50 0.6494330251965945
2 51 0.8714343042580046
2 52 -0.4849322740841939
3 3 0.5010895983200563
3 4 -0.3206792972923651
3 5 0.12318111559403344
3 6 -0.38879885239254963
3 7 0.9098927502789007
3 8 0.5901426074326677
3 9 -0.07609282507596071
3 10 0.05916637656268153
3 11 -0.9514019077112874
3 12 -0.47442528907949955
3 13 -0.8375903154823556
3 14 -0.7390188038357117
3 15 -0.3620785779040814
3 16 0.6901365505167854
3 17 0.9539406245544224
3 18 0.18950055672400978
3 19 -0.025152977324565784
3 20 0.6445268692393382
3 21 0.311593010051626
3 22 -0.8528871283522428
3 23 0.2354233298231876
3 24 0.9516137366114517
3 25 -0.035840634645417646
3 26 0.1493351307994295
3 27 -0.08127349708269205
3 28 0.7670232439853335
3 29 0.16019494248309418
3 30 -0.20080163517619765
3 31 -0.3592807452121727
3 32 -0.9984195408405656
3 33 -0.6144095250295862
3 34 0.15931516518694844
3 35 -0.9068066901332452
3 36 0.03957278392456942
3 37 0.4798211279774951
3 38 -0.6239321303670593
3 39 0.9697727685160338
3 40 -0.634164576797065
3 41 -0.08646035104442351
3 42 0.8191628048283399
3 43 -0.015754995418049367
3 44 -0.3272511361648409
3 45 -0.14672265364254544
3 46 0.5417333452639947
3 47 0.21950582178200784
3 48 -0.26832514286427167
3 49 -0.9455682948730362
3 50 0.2358415346897016
3 51 -0.11943973659699236
3 52 0.43315866666684255
4 4 -0.39227844890604846
4 5 -0.8537764542053223
4 6 -0.0889030858142339
4 7 0.07481976219248176
4 8 0.23370609371090167
4 9 -0.38052193421165104
4 10 0.6907704472504319
4 11 0.2903542009867126
4 12 0.17760101130048667
4 13 0.3134220546380986
4 14 -0.7172511564440227
4 15 0.021629852972870456
4 16 -0.09428462722263631
4 17 0.26745750537752344
4 18 0.8755699915230764
4 19 -0.7602860000221647
4 20 0.4810178539649057
4 21 0.409760214913087
4 22 0.1093717064326214
4 23 0.9487034826319665
4 24 -0.5352735708727396
4 25 -0.5765694656417342
4 26 0.5789702216148165
4 27 -0.09979740008002058
4 28 -0.4128985553215909
4 29 0.5034748274620391
4 30 -0.1926667505811519
4 31 -0.4782157484592753
4 32 -0.16944602609908288
4 33 -0.8274189443719131
4 34 0.5845731750649259
4 35 0.44205774937684916
4 36 -0.058597529242938595
4 37 -0.3113077395057817
4 38 -0.1614827783408972
4 39 -0.5161517240131972
4 40 0.24491824633484138
4 41 0.9499261830505055
4 42 0.11627060393315336
4 43 0.694905949641226
4 44 0.8480775241191514
4 45 0.31561753846754725
4 46 -0.36183536536444394
4 47 -0.28495943936864876
4 48 0.46006551199854706
4 49 -0.03174616491921789
4 50 -0.7448805092036079
4 51 -0.6681021049521831
4 52 0.09257017160180792
5 5 -0.38895278463960503
5 6 0.5104110849366124
5 7 -0.8482683092251437
5 8 -0.16640217297022697
5 9 0.8638223378222234
5 10 0.9106821879043183
5 11 -0.3293306258820212
5 12 -0.8300285545997854
5 13 -0.47997663692280446
5 14 -0.3378656017194046
5 15 0.2667174310286704
5 16 0.7328698952452091
5 17 0.9913780472234814
5 18 -0.961301704695694
5 19 0.08783030931147673
5 20 0.8454368602858202
5 21 0.5287069282559704
5 22 0.6422559091098343
5 23 -0.4017336163756846
5 24 0.2065920120771081
5 25 0.7595878543434467
5 26 -0.09393752614221063
5 27 -0.3381739387297946
5 28 -0.37369696200011293
5 29 -0.8769653221230909
5 30 -0.1981200778269061
5 31 -0.03202609994738581
5 32 -0.2888760008194633
5 33 -0.13066939874403283
5 34 0.5012397375511295
5 35 0.39419852790181364
5 36 0.3689260564140342
5 37 0.3851277643457711
5 38 0.6716972239232131
5 39 -0.1395736445671183
5 40 0.7868200563807515
5 41 0.767627054340219
5 42 -0.8743577474838646
5 43 0.4209860058487094
5 44 0.9426954962377905
5 45 -0.207155702887998
5 46 0.2125161801503681
5 47 0.7791249297367051
5 48 -0.6878603944706687
5 49 -0.1764345141160224
5 50 0.6496817415873419
5 51 -0.39234237824077534
5 52 -0.2576946437597365
6 6 0.5082053717772699
6 7 0.8174036022400826
6 8 -0.4963252216797216
6 9 -0.49413513144505816
6 10 -0.9467199793335122
6 11 -0.5213209570762392
6 12 -0.5580289200195214
6 13 -0.2947422312390353
6 14 -0.12713432368095745
6 15 0.8127811983484758
6 16 0.964165281406685
6 17 -0.17917083787162058
6 18 -0.23773000296377433
6 19 -0.16021226045303183
6 20 0.32870143647205574
6 21 -0.7106163068645288
6 22 -0.29553704970787353
6 23 0.2892897014008031
6 24 0.9643360546638542
6 25 0.7973094168333941
6 26 -0.9843940084836726
6 27 -0.24135482615820125
6 28 -0.18521128066664505
6 29 0.22323441918739628
6 30 0.2669372189415946
6 31 -0.2304361449068828
6 32 0.9642157641940725
6 33 0.42071311498657016
6 34 0.8403619830963571
6 35 0.15135656132885367
6 36 -0.5836026925879323
6 37 -0.36392375896511187
6 38 -0.8161018072836106
6 39 -0.23091338770305292
6 40 -0.8615391033412219
6 41 -0.3787132294573161
6 42 0.06386111994774679
6 43 -0.9229544774072704
6 44 0.4097999174684901
6 45 -0.036286499303802566
6 46 0.20320404630844058
6 47 -0.5618593100705778
6 48 0.2411659933946213
6 49 -0.3923564566941513
6 50 0.8133323088380928
6 51 0.316611938348043
6 52 -0.9055412275874053
7 7 0.9485516636133848
7 8 0.4641047361732389
7 9 0.9204882404842778
7 10 0.295365577857605
7 11 0.49127996661648954
7 12 -0.5037731190925494
7 13 -0.7922752968811375
7 14 -0.13621564657719687
7 15 -0.2526665312936913
7 16 0.2964985210347233
7 17 0.6662280113399164
7 18 0.2428226695700657
7 19 0.1659564513840699
7 20 0.01708904190590621
7 21 0.965401282868267
7 22 0.8597752135298369
7 23 -0.005598192876872021
7 24 0.8422012627959299
7 25 -0.27373821319036296
7 26 -0.47118272548403395
7 27 0.5218608424357059
7 28 0.43563789634696026
7 29 -0.1140194514583317
7 30 -0.07823239230774148
7 31 0.0935179522355305
7 32 0.9600396706339629
7 33 -0.6099531532195424
7 34 -0.17272212944069554
7 35 0.8083265653736704
7 36 -0.43827428132940116
7 37 -0.48893557813142574
7 38 -0.7767965155064018
7 39 0.6576960643199585
7 40 0.8695117429959167
7 41 -0.5704052218607665
7 42 -0.7006854517067629
7 43 0.598063814135565
7 44 -0.4736818992784111
7 45 -0.6852113179202515
7 46 -0.8955124892322865
7 47 -0.9327226866418656
7 48 -0.47796208597142686
7 49 -0.1053036072715261
7 50 0.23711470078990904
7 51 -0.4036076093205154
7 52 0.1967018789716488
8 8 -0.040374436198447716
8 9 0.17679572688375278
8 10 -0.03407946928342587
8 11 -0.31537253737088133
8 12 -0.010643203501519372
8 13 0.674785321480005
8 14 -0.6279121148285283
8 15 -0.5597900765936024
8 16 -0.7478407460037761
8 17 0.5348345714070681
8 18 -0.1687955232065752
8 19 -0.046291523238983334
8 20 0.26441894851219083
8 21 0.3417285309862592
8 22 0.4334473310976976
8 23 0.1795260791352753
8 24 -0.6179961983778215
8 25 -0.932900928846538
8 26 -0.8073296450537628
8 27 0.7027338387182
8 28 0.013972182594396365
8 29 0.4806259480360411
8 30 0.27744801745810777
8 31 0.4481418949463334
8 32 -0.04626173383034771
8 33 0.018044008003365475
8 34 0.19900958804359603
8 35 0.5017231391395891
8 36 -0.9455465586727005
8 37 -0.37338417454295847
8 38 -0.7053938418664891
8 39 0.834453975931817
8 40 -0.18931422685460308
8 41 0.6322117651663828
8 42 -0.9399360818515663
8 43 -0.22375025655783132
8 44 0.4946621376192746
8 45 0.06013510822599577
8 46 -0.4446019460822461
8 47 0.7962255791367241
8 48 0.23691993994409666
8 49 -0.1638800607706632
8 50 0.4622125841543425
8 51 -0.18662753463190662
8 52 0.824967360247405
9 9 -0.9748003999036787
9 10 -0.7200435219398991
9 11 0.34307066169098976
9 12 0.6264599365819419
9 13 -0.9864243709166001
9 14 -0.45383408243979395
9 15 0.19349059704400662
9 16 -0.5975222175886112
9 17 0.2442557871078792
9 18 -0.9023000142069473
9 19 -0.1833469938144292
9 20 0.728648681098816
9 21 0.17888807399933615
9 22 -0.17230145529680274
9 23 0.9863687071801905
9 24 0.1374215408455166
9 25 0.521013616819967
9 26 -0.6489109754219353
9 27 -0.39799912582161756
9 28 0.2848441104011059
9 29 0.8101431352128012
9 30 -0.41335007425788617
9 31 -0.9540979691692935
9 32 0.6647100889130813
9 33 -0.32733074386219574
9 34 -0.4416581333206251
9 35 -0.24239082364213127
9 36 0.782797323777511
9 37 0.5208478339382117
9 38 0.8833043704795767
9 39 -0.42910603381361656
9 40 -0.5139508981619061
9 41 0.08562299784544947
9 42 -0.3302760418621846
9 43 -0.8187575163912681
9 44 0.040778491624223756
9 45 -0.10171232082118231
9 46 0.29131224924608223
9 47 -0.8972813337202885
9 48 -0.5748661392335481
9 49 -0.4729164575899183
9 50 0.41786962004352324
9 51 -0.7915562504115905
9 52 0.23714303554049487
10 10 -0.957783620413581
10 11 -0.1832739907476253
10 12 -0.6350597461200482
10 13 0.8257589635675175
10 14 0.27954916013593256
10 15 -0.17169532191986003
10 16 0.7604145594197251
10 17 0.17063333362443633
10 18 -0.6755820379902233
10 19 -0.9835323298130012
10 20 -0.9220631905764978
10 21 0.5523236874782218
10 22 0.5538617518787379
10 23 -0.25505614944723654
10 24 0.5065853669105236
10 25 0.8551957578467322
10 26 -0.5293546747938143
10 27 0.8544709807257944
10 28 -0.026132898802501137
10 29 -0.7931663046499549
10 30 -0.09224680384694373
10 31 -0.4865212436797641
10 32 -0.22417185425843122
10 33 0.02151789513976432
10 34 -0.6667385730213939
10 35 0.10067800126085169
10 36 0.9345606955842061
10 37 0.3217375043844761
10 38 0.7293139265786239
10 39 -0.40899109832263125
10 40 -0.7386703549886302
10 41 0.7416286471887843
10 42 -0.5882119140471762
10 43 0.07326624590619235
10 44 -0.5785666233550313
10 45 0.35232811491324867
10 46 -0.10030166652798922
10 47 -0.6409078676794155
10 48 -0.887127689015329
10 49 -0.49914915708118346
10 50 -0.5937467544600852
10 51 0.9388839319461806
10 52 0.7590044648511318
11 11 0.07133502962965332
11 12 -0.1353251806717144
11 13 -0.32720565368179044
11 14 0.375785651587238
11 15 0.2195016507699803
11 16 0.8046466200125912
11 17 -0.37478896790124194
11 18 0.8582701796868493
11 19 0.5751336725049503
11 20 -0.9470389721699897
11 21 0.6919123301080106
11 22 0.5686798422503205
11 23 0.6398546601868733
11 24 -0.5211236625655318
11 25 -0.3386679558346475
11 26 0.5089479545451143
11 27 -0.6786982007972266
11 28 -0.11852737092451338
11 29 0.9316775029946978
11 30 -0.03722405775510751
11 31 0.06968985698562524
11 32 -0.596416216590824
11 33 -0.13495997098587353
11 34 0.8185800300256654
11 35 0.14442609626053082
11 36 -0.3365649944543907
11 37 -0.0026263116110543105
11 38 0.44821466627684625
11 39 -0.8660290785692779
11 40 0.7169141336870213
11 41 0.26995500260072736
11 42 0.810680163399879
11 43 -0.1380268573710437
11 44 -0.6627265851562902
11 45 -0.3963916157138876
11 46 0.5821744945163294
11 47 0.6332093049813066
11 48 -0.26704685601593714
11 49 0.7281015829496278
11 50 -0.5076181345305524
11 51 0.2943199792990787
11 52 0.17666110401108392
12 12 -0.2947141647111087
12 13 -0.7931759168031316
12 14 0.6045392298173466
12 15 -0.8424233948793325
12 16 0.2771236410300102
12 17 -0.1909975369550998
12 18 -0.9938653827490462
12 19 0.8746387935648083
12 20 0.5169870148179965
12 21 0.5288117923975448
12 22 0.496694649306622
12 23 -0.14084132852852904
12 24 -0.6757539513907498
12 25 0.3040439869867848
12 26 -0.9429377321227708
12 27 -0.2614473466037541
12 28 0.5810654169970062
12 29 -0.7726114489900426
12 30 0.7048117149968529
12 31 0.782917808305444
12 32 -0.4885018816416318
12 33 0.0465060399521926
12 34 -0.5403463921788985
12 35 -0.5670804674765055
12 36 0.211896250156151
12 37 -0.18809232484388105
12 38 0.2103576945330048
12 39 0.4807140810372612
12 40 0.5694506792727945
12 41 -0.07915379779295129
12 42 -0.7651078723967972
12 43 -0.7288080074226015
12 44 0.36880756912755563
12 45 -0.2274988309108712
12 46 0.28911717272879667
12 47 -0.536888971962858
12 48 -0.5685910153407223
12 49 0.341775478388638
12 50 0.7458135798214589
12 51 0.7552652261619712
12 52 -0.3184363481082031
13 13 0.35673136981017284
13 14 0.02915302324167346
13 15 -0.12820475139711385
13 16 -0.7661902323883869
13 17 -0.8419722022840419
13 18 0.9469302529549002
13 19 -0.12874740217528546
13 20 0.04470912454311904
13 21 -0.7431229157911012
13 22 0.8866569828233617
13 23 -0.7783332937617253
13 24 0.7428363641737685
13 25 0.34068688698384797
13 26 -0.7145591834241998
13 27 0.029983298911580913
13 28 0.9834537004563229
13 29 -0.9559262010987146
13 30 -0.9322502499521226
13 31 0.48117803392745007
13 32 0.3649962751327409
13 33 0.4563717729000163
13 34 0.5710122215714641
13 35 -0.4989226500474424
13 36 -0.5967104016479989
13 37 -0.44080369772934724
13 38 -0.7904621956953297
13 39 -0.6472013557887424
13 40 0.4253772325155696
13 41 0.3670876762838706
13 42 0.4532935764870094
13 43 -0.4861689930633868
13 44 -0.8960810301551689
13 45 -0.9217917354116298
13 46 -0.34408134021475467
13 47 0.4774242747840167
13 48 -0.5618701534145512
13 49 0.37253936996331904
13 50 -0.044102922135767386
13 51 0.1167339007571151
13 52 0.13184553822684286
14 14 0.7080680347926769
14 15 0.20982664967573617
14 16 -0.092788629664037
14 17 0.3372065067632475
14 18 -0.47266426409876394
14 19 0.5331196622127745
14 20 -0.20146323379725173
14 21 0.9703277063622644
14 22 0.7748701788485797
14 23 0.9499802166136562
14 24 0.40357560084959765
14 25 -0.08833042912892108
14 26 0.15281565849376855
14 27 0.6956940914212648
14 28 0.025854622860811194
14 29 0.06121084080543682
14 30 -0.38103198112621683
14 31 0.1740827110957892
14 32 0.821810578528666
14 33 -0.21766859530044202
14 34 0.3494352815116901
14 35 0.5389663923175656
14 36 0.7740828889755031
14 37 0.02899108809969997
14 38 0.7674643884749976
14 39 0.06633088027072409
14 40 0.18927938013848533
14 41 0.8453564072219102
14 42 0.958565935034267
14 43 0.4546278519976592
14 44 0.5961147212310733
14 45 0.9260579546177556
14 46 -0.22561256276884278
14 47 0.22063485162717078
14 48 0.5873721861936096
14 49 -0.17047947243025696
14 50 -0.9594342478311895
14 51 -0.09753175611113796
14 52 -0.4250348241727606
15 15 0.7970578553815821
15 16 -0.5458899598426152
15 17 -0.564638925098546
15 18 0.681373246051314
15 19 -0.7802364945654743
15 20 -0.98628199131424
15 21 0.5380285955322548
15 22 0.4961965863863971
15 23 0.03097916627206221
15 24 -0.5249810134069133
15 25 -0.9138075519289424
15 26 0.6358241685938293
15 27 0.34331641490878706
15 28 0.10031886951267088
15 29 -0.831930121027332
15 30 0.20809793200895088
15 31 0.7925156135692841
15 32 -0.010725850841156293
15 33 0.4726953873340307
15 34 -0.6336125994558972
15 35 0.8608834651352728
15 36 -0.8779283670838431
15 37 0.29978348235330476
15 38 -0.2921743179256706
15 39 0.16071385340339828
15 40 0.664286257206993
15 41 -0.714738527496737
15 42 0.47847351557392703
15 43 -0.18762069439215656
15 44 0.2303994888191665
15 45 -0.1007848181586748
15 46 0.5142019468745369
15 47 -0.7821225751497947
15 48 0.7839070570576887
15 49 0.6517374378544727
15 50 -0.2620950138750633
15 51 0.23598234160014897
15 52 0.3238438689730727
16 16 0.19586102966504226
16 17 0.9718378593298453
16 18 -0.6658803103828299
16 19 0.7428489777119534
16 20 0.3412561936846199
16 21 0.9874146137974213
16 22 0.572453677796402
16 23 -0.3024462205846383
16 24 -0.24627635362006672
16 25 0.23895744886191772
16 26 0.7246460210371977
16 27 0.49280759200453716
16 28 0.926715156990318
16 29 -0.5148643392562224
16 30 0.3372333396318048
16 31 0.3702688038637285
16 32 0.44987418613916996
16 33 -0.3167104749954843
16 34 0.25908746173130615
16 35 0.7412252278502516
16 36 -0.01784124323456404
16 37 0.5171135588882874
16 38 0.08237956646871059
16 39 0.3099451215620179
16 40 0.16509247479768052
16 41 0.24381439035776165
16 42 -0.4591936409057751
16 43 0.8492714390180969
16 44 -0.11927289111973027
16 45 0.8214533269014817
16 46 -0.6212204741878016
16 47 -0.933799814342565
16 48 -0.0733319402225292
16 49 -0.9870722556392619
16 50 0.2695568274086839
16 51 -0.5508517754691942
16 52 -0.440361575705269
17 17 -0.41249336097917966
17 18 0.8568747624796105
17 19 -0.6303149500253358
17 20 -0.8825815144360014
17 21 0.5792622675842809
17 22 -0.92888367374816
17 23 -0.4277563532014874
17 24 0.4735571976527031
17 25 -0.04614973938230449
17 26 -0.5099317743525154
17 27 -0.9637207813126194
17 28 -0.9947026812620603
17 29 0.9226360562175673
17 30 -0.09912248267709689
17 31 -0.17288395327945194
17 32 -0.12749367653012933
17 33 -0.3455044199570876
17 34 0.24273934790898388
17 35 0.4688527549121002
17 36 -0.3038956890444102
17 37 -0.8429115976725494
17 38 -0.884874413707945
17 39 -0.6253073101139626
17 40 -0.4443971256439432
17 41 0.489782534064364
17 42 0.16231976490346756
17 43 0.9914069150523688
17 44 0.4441684971114266
17 45 0.8880161948152518
17 46 -0.4571954788411794
17 47 0.27276509950731453
17 48 -0.6577742764908234
17 49 -0.284807916202211
17 50 -0.05033844561134315
17 51 0.603458159521838
17 52 -0.94278578698253
18 18 0.8956365780015618
18 19 0.11659616045443655
18 20 0.7458198806509182
18 21 0.22591281074919567
18 22 0.5263990230242748
18 23 -0.3953439124051086
18 24 0.4262317406076608
18 25 0.8450310409270094
18 26 0.733945505426312
18 27 -0.3716719909774686
18 28 -0.09952901758553101
18 29 0.7662255676181904
18 30 -0.4351582534185272
18 31 -0.26388509791452064
18 32 -0.6731062235787677
18 33 0.1273411172275285
18 34 -0.36058200623153747
18 35 0.619967098182411
18 36 -0.7924475799198862
18 37 0.2915880617990363
18 38 0.5415325948083172
18 39 0.6758797003258445
18 40 -0.5788380901085814
18 41 0.41835490479879534
18 42 0.005473192968465268
18 43 -0.3230359480223981
18 44 0.027133735409018644
18 45 -0.9446089894611256
18 46 0.4097271213377307
18 47 0.4646729131952918
18 48 -0.43208778108597157
18 49 0.2905913066461747
18 50 0.8187612091789163
18 51 0.05693209705330915
18 52 0.4377420316835616
19 19 -0.9824164058372447
19 20 0.539218111455821
19 21 -0.6821634609928986
19 22 -0.7090704210568739
19 23 -0.045078098084123
19 24 -0.5664015575753443
19 25 0.2351947046432168
19 26 0.7216829182085682
19 27 -0.5811025932202261
19 28 -0.8955931449460042
19 29 -0.0629561116884454
19 30 0.661495495796047
19 31 0.023006525411712664
19 32 -0.08727567336807951
19 33 0.4216608259302954
19 34 -0.5664420737525677
19 35 -0.15315470554562216
19 36 -0.7890546843904886
19 37 -0.8205040856938712
19 38 -0.3457715551272138
19 39 0.16028790949997385
19 40 -0.7526914783171661
19 41 0.13442163739629254
19 42 -0.35697650855794594
19 43 -0.3581844220030914
19 44 -0.7842492759034738
19 45 0.05136111911145114
19 46 0.45106486556498226
19 47 0.6171907784646165
19 48 0.2285966359036895
19 49 0.033457215274625085
19 50 0.7390498201557754
19 51 -0.989381109481843
19 52 -0.7148485504328492
20 20 -0.9846968661848281
20 21 -0.5714220263674499
20 22 -0.4145162835024694
20 23 0.16327067606553625
20 24 -0.12714701592012578
20 25 -0.4514971251909201
20 26 0.06560789019975433
20 27 -0.06591426800754108
20 28 0.603554903253255
20 29 0.7133248970348631
20 30 0.6590526363200262
20 31 0.02420490242628115
20 32 -0.28982834958414094
20 33 0.320514807890782
20 34 0.0991272081071699
20 35 -0.11648367328391096
20 36 -0.4877916998535745
20 37 0.9763459698211621
20 38 0.13728540487354013
20 39 -0.03819281595409252
20 40 0.8616508663535927
20 41 0.798053343344743
20 42 -0.847049331867743
20 43 -0.07252863142288035
20 44 -0.6894167086121732
20 45 0.25819773912666877
20 46 -0.5587822538409577
20 47 -0.057111602327473365
20 48 -0.27531183657408254
20 49 -0.5297469717347743
20 50 0.26541707894094047
20 51 0.3169520006719546
20 52 -0.05918574865131454
21 21 -0.38798105596429133
21 22 -0.3816190459486304
21 23 0.1718327213767321
21 24 0.4500816138611452
21 25 -0.8192672007422754
21 26 0.8603278818238687
21 27 -0.3957512615530563
21 28 0.6646138788664089
21 29 0.39459807906546285
21 30 0.7669703289041323
21 31 -0.04594883212694478
21 32 0.6408262797033353
21 33 0.1751366124055278
21 34 0.7632787776806174
21 35 0.24689653083214846
21 36 0.9481931225528035
21 37 0.7370667638978539
21 38 -0.8024915767319374
21 39 0.15275289237512713
21 40 -0.9474981337726809
21 41 -0.830690376271674
21 42 0.0945871333800461
21 43 0.8622543655816228
21 44 -0.07528048462568893
21 45 0.49212296443515857
21 46 0.7884497222899678
21 47 0.47555918444893863
21 48 0.030206434907405155
21 49 -0.7184936547742897
21 50 -0.4630140683726933
21 51 0.8206445486482865
21 52 -0.5568814325391815
22 22 -0.5200632464548987
22 23 -0.3363562882484423
22 24 0.42152633717829713
22 25 0.10485981144182488
22 26 0.8909215225673726
22 27 -0.8696184882469016
22 28 0.8793415372686588
22 29 -0.4319710320857
22 30 -0.23406432839095492
22 31 0.4101608333915434
22 32 -0.28985734933155505
22 33 -0.23772017377069155
22 34 0.8563269584426692
22 35 -0.9515405020769014
22 36 -0.27393309497362783
22 37 -0.4478241820420952
22 38 0.05857970320798844
22 39 -0.5558919169721563
22 40 -0.6088758584687803
22 41 -0.8023784223394099
22 42 -0.5573400002241695
22 43 -0.18093022571386652
22 44 -0.9266392504371939
22 45 0.2713984827721436
22 46 -0.18196628443667273
22 47 0.8729936222970258
22 48 -0.4132564862641397
22 49 -0.7973190769824805
22 50 -0.7392909682257824
22 51 0.3143184283584699
22 52 0.5919233806932274
23 23 -0.148163655782664
23 24 -0.5560151145007428
23 25 0.638788569249553
23 26 0.6932966004246892
23 27 0.8294749132889507
23 28 -0.0017878438567551225
23 29 0.345354099000182
23 30 -0.3039960099421757
23 31 -0.2109722892972994
23 32 0.4142587582926309
23 33 0.2648473462082419
23 34 -0.9123293595980928
23 35 0.6855937844793889
23 36 0.665102481001016
23 37 0.858962627215679
23 38 0.18614047550058332
23 39 0.5219780708985393
23 40 0.5917976921163148
23 41 0.2802782411487037
23 42 0.8819345844140052
23 43 0.2064333771147815
23 44 0.5360999205721748
23 45 -0.3865957968110969
23 46 0.9723525727040636
23 47 0.7039536811994105
23 48 -0.44064723002758277
23 49 0.33283117594514655
23 50 0.9097150099156952
23 51 0.32526460303426274
23 52 0.5943088902504652
24 24 -0.14141938620868677
24 25 -0.5258825887305696
24 26 0.6880004825281643
24 27 -0.8696311979301932
24 28 -0.509195955443507
24 29 -0.18759941235587196
24 30 -0.3486224337696835
24 31 0.5406154604771654
24 32 0.8462321442279357
24 33 -0.9084183098800829
24 34 -0.18598019568629698
24 35 -0.23065211976261812
24 36 -0.6555063456520485
24 37 -0.28076431769065624
24 38 0.4398726510060742
24 39 -0.4644716157311515
24 40 -0.41304554298300644
24 41 0.5620959087825621
24 42 -0.03055834653926448
24 43 -0.5000310167797362
24 44 0.2304877796178808
24 45 -0.9554944581767733
24 46 -0.05773683371588012
24 47 0.012954768626019186
24 48 0.5845381190548393
24 49 0.8408337337423493
24 50 -0.41401493856347216
24 51 0.44677073924425414
24 52 0.01675790960508894
25 25 0.4197484055549987
25 26 -0.5344649346325199
25 27 -0.5463509510546658
25 28 -0.5689867025528712
25 29 0.7376601370745017
25 30 -0.24124614225071483
25 31 -0.3075356384673582
25 32 0.6591885346559232
25 33 0.3511921392050732
25 34 0.7042209437437843
25 35 0.39094445228145736
25 36 0.4881056810437274
25 37 0.1339007098066003
25 38 0.11401977160208143
25 39 0.35118631079364215
25 40 -0.08672546479610244
25 41 0.8070077458497733
25 42 0.4710080940167365
25 43 0.36717401356477253
25 44 -0.44772429772531197
25 45 -0.6493705227944084
25 46 0.4654507516700761
25 47 0.40998290157465833
25 48 0.6416959436226712
25 49 -0.3713882465034186
25 50 0.5274260585419992
25 51 0.10429205258716867
25 52 -0.20461651980909812
26 26 -0.26075292823626395
26 27 0.6658496560532325
26 28 0.4881568460013743
26 29 0.7238322989255406
26 30 0.27060124079163805
26 31 -0.6253403706777081
26 32 -0.2902159109044915
26 33 -0.0386736748259886
26 34 0.47447195565077216
26 35 -0.2714447910640916
26 36 -0.41339097975693173
26 37 0.6075807730518936
26 38 -0.9146594581976737
26 39 0.42556554089658105
26 40 0.8028122971084273
26 41 0.4810796052351083
26 42 0.3296993379070636
26 43 -0.6162041987106437
26 44 -0.3203474647041087
26 45 -0.9621754069524335
26 46 0.21280530140750997
26 47 -0.9529853069863334
26 48 -0.28377918273266967
26 49 0.6931852658570503
26 50 -0.7410863194299315
26 51 0.5918885593282459
26 52 0.4552286275020243
27 27 0.7107709785347087
27 28 0.6945291722590652
27 29 0.30569142535497584
27 30 -0.6117974521835949
27 31 -0.758179775117432
27 32 0.13288642108381743
27 33 0.33875016535572344
27 34 -0.6586503162760877
27 35 -0.6840009405350096
27 36 -0.9561771022132068
27 37 -0.9704591067622703
27 38 -0.8592927948376361
27 39 0.7779065528904052
27 40 -0.6184680392537969
27 41 0.7530390291366587
27 42 0.11025628621182126
27 43 0.5571234242778231
27 44 0.7570127827004269
27 45 -0.4299622759079187
27 46 0.5916979422704414
27 47 0.9454268332359308
27 48 0.6488068406288219
27 49 0.8694338670894839
27 50 0.1464754595000486
27 51 0.3156774923421819
27 52 0.9359129674347713
28 28 -0.8440148436475912
28 29 0.3688310028769404
28 30 0.9949949231284481
28 31 -0.37083777537437634
28 32 0.9406013422856645
28 33 -0.7936755910202231
28 34 -0.869259665867899
28 35 0.33307129682915537
28 36 0.7505151444014924
28 37 0.02456931072229862
28 38 -0.030237558582523194
28 39 0.9804816636839677
28 40 -0.2904663249595152
28 41 0.7112128654967116
28 42 0.4497091291542732
28 43 0.6370256507969672
28 44 -0.6859998235495499
28 45 0.7111484759546307
28 46 0.03992994968495389
28 47 0.40882359951849634
28 48 0.15482050418523285
28 49 -0.02160590710629462
28 50 -0.9899448888124351
28 51 -0.4020027524721286
28 52 -0.6593037583512278
29 29 -0.7900293249709034
29 30 0.6880585819148597
29 31 -0.4422151542152979
29 32 -0.12487198502159469
29 33 -0.8333517512150421
29 34 0.05919396705527613
29 35 -0.5043591648540748
29 36 0.9511810393124427
29 37 -0.9456639812498928
29 38 -0.7179990615392331
29 39 -0.8253579394407999
29 40 -0.4767341247600603
29 41 0.856893936560789
29 42 0.3275503740056409
29 43 -0.3027904067960212
29 44 -0.573807124781945
29 45 0.0745313759360351
29 46 -0.3782119589800619
29 47 0.470431114010218
29 48 0.6580696335910969
29 49 0.2357688172067649
29 50 -0.5896823633155654
29 51 -0.9150692747034574
29 52 -0.18338473132503008
30 30 0.3400061962684886
30 31 0.2664865879023586
30 32 0.5775726902208198
30 33 0.5910636808035838
30 34 0.8405662335239401
30 35 -0.23058920440030928
30 36 0.44627002081027434
30 37 -0.43139354584499623
30 38 0.1426554046823525
30 39 -0.8653990204370186
30 40 0.3253557000593299
30 41 -0.43089620861311606
30 42 -0.5887879123783386
30 43 -0.24266497031811807
30 44 -0.22740813330750997
30 45 0.5068891475467743
30 46 0.03639754301847398
30 47 -0.17643814996901552
30 48 0.8657688007921194
30 49 -0.1932330866855021
30 50 0.07089896517621308
30 51 -0.005110193969253496
30 52 0.8147699868521427
31 31 -0.5791590065956926
31 32 -0.9431043932278813
31 33 0.738899613756788
31 34 0.9989680812579489
31 35 -0.14735613980314688
31 36 0.4611375471855501
31 37 -0.33219840849968696
31 38 0.6725472703711421
31 39 -0.8971372091192553
31 40 -0.010383301296220893
31 41 0.7474288366828743
31 42 0.0860910404040196
31 43 -0.09613431719356069
31 44 -0.2840696747224958
31 45 -0.8458621039615839
31 46 -0.8453795682651168
31 47 -0.11788856166899819
31 48 -0.6389489302712972
31 49 -0.38328434378474974
31 50 0.1937246337015628
31 51 0.12998933875646435
31 52 -0.8382838011747549
32 32 -0.14202093829855844
32 33 -0.9578284716934595
32 34 0.35497704455156764
32 35 -0.6621503150908667
32 36 -0.2456947459652865
32 37 0.05781477954789138
32 38 -0.7114050684912918
32 39 0.896131716174928
32 40 -0.5018963672314727
32 41 0.11072767792378557
32 42 0.9923394084220234
32 43 0.9269551752740923
32 44 0.30023918769880864
32 45 0.005985104529101504
32 46 -0.8333711815580458
32 47 -0.8754740462255475
32 48 0.061992973289052955
32 49 -0.48203597941178056
32 50 -0.34645309666647184
32 51 0.28664705728599094
32 52 -0.48644596444903976
33 33 -0.7580570993867664
33 34 -0.317425070923099
33 35 0.2470395856166463
33 36 -0.11498928875033676
33 37 -0.5570616526366119
33 38 -0.49139403925674174
33 39 0.6638274834123434
33 40 0.39849148834173564
33 41 -0.3735703071835075
33 42 0.7201001673301664
33 43 0.15178523595780224
33 44 0.009845542444645083
33 45 0.4153750840703303
33 46 0.17865820547047773
33 47 -0.526257559298716
33 48 -0.9181591332701984
33 49 -0.6588358902725828
33 50 0.23668312434226668
33 51 -0.38258014179037314
33 52 0.3541586425346772
34 34 -0.5647295651170627
34 35 0.9677338959368662
34 36 -0.396281616852282
34 37 0.7464928188199131
34 38 -0.7388173469447754
34 39 -0.9422680298431856
34 40 0.4624253689538367
34 41 -0.09226678471122307
34 42 -0.318112687316193
34 43 0.0951543241772479
34 44 0.8867291027615021
34 45 -0.9316348587671865
34 46 -0.06746788805163706
34 47 -0.16017165123837374
34 48 0.9223909416172165
34 49 -0.12896091470082816
34 50 0.12089315509767262
34 51 0.046268486263317365
34 52 -0.6961162398974468
35 35 -0.73086774448333
35 36 -0.9335935632889378
35 37 -0.1116546675962653
35 38 -0.7343458456962382
35 39 0.21577599382277635
35 40 -0.6685100658330261
35 41 -0.06091298516553212
35 42 0.4421447566458636
35 43 -0.7003908272068406
35 44 -0.13570455013601945
35 45 0.24307271284281007
35 46 -0.37012787824719084
35 47 -0.12028203818363647
35 48 0.6149339387785715
35 49 -0.12453928458183361
35 50 -0.5554219791148303
35 51 -0.7242164256314205
35 52 0.7602803490975871
36 36 -0.14448145141059077
36 37 -0.7510929055538005
36 38 0.9579159866049729
36 39 0.9306105704959757
36 40 0.43997575680273604
36 41 0.5575622928442097
36 42 0.6449075971406151
36 43 0.6604592901932844
36 44 -0.6806577536562395
36 45 -0.8725222719185113
36 46 -0.4965626752375798
36 47 0.8208813152605905
36 48 -0.1222091490647188
36 49 -0.0025152173047273685
36 50 0.38852130203892576
36 51 -0.03213059925364292
36 52 -0.013379489006673406
37 37 0.8328426009872074
37 38 -0.9866572726200908
37 39 0.99085323778187
37 40 -0.9104997245586275
37 41 0.5300762639028724
37 42 0.8205391641353108
37 43 0.5328195795203035
37 44 0.011121552792708655
37 45 0.8970515306211508
37 46 -0.07477647835276158
37 47 -0.41870045055044014
37 48 -0.012277040188851895
37 49 -0.299523356698681
37 50 0.623313901459986
37 51 0.385354426374789
37 52 -0.2823591312418434
38 38 0.34122645279320607
38 39 0.3820605162643673
38 40 0.9848582113062232
38 41 -0.037779540740124906
38 42 -0.09192737049717592
38 43 0.6518017568634593
38 44 0.7500052604448291
38 45 -0.8359918520983172
38 46 -0.7828369284360983
38 47 0.30541498859190574
38 48 -0.1501622148138131
38 49 -0.8460855731797712
38 50 -0.5983829816975532
38 51 -0.43381692496544466
38 52 -0.6004920596603283
39 39 0.04765558465717645
39 40 -0.40808392211616584
39 41 -0.736887404279202
39 42 0.4861734506729356
39 43 0.6028176428974836
39 44 0.447478468167841
39 45 0.8355765096204553
39 46 0.9270875413224882
39 47 0.5351760359860451
39 48 0.1898893344601409
39 49 0.7113295301891853
39 50 -0.852892884306409
39 51 -0.5430431382801038
39 52 -0.727436599444758
40 40 0.06843550617097072
40 41 0.370913319671921
40 42 0.25229342767192664
40 43 0.29582598375885727
40 44 0.4799489302265283
40 45 0.5052710000266174
40 46 -0.6532535219187241
40 47 0.4424842218821543
40 48 -0.5021315042895453
40 49 -0.9296084458764144
40 50 -0.7446655986540349
40 51 -0.9303012108887445
40 52 -0.9465837700314261
41 41 0.17427247077445407
41 42 0.4099956448611741
41 43 0.8902964847270174
41 44 -0.7385000028275162
41 45 0.21502132897323611
41 46 0.10305789047815161
41 47 0.6744384488691173
41 48 -0.9970549240292776
41 49 0.4650053783572783
41 50 -0.858798324637507
41 51 0.6423035684779423
41 52 0.16315679302490804
42 42 -0.15099530123557647
42 43 -0.9896641938281374
42 44 0.9736472089890342
42 45 0.140063083811798
42 46 -0.7985882083305487
42 47 -0.6962277193421837
42 48 -0.7801499916521963
42 49 0.1233812913793415
42 50 -0.1495336673861174
42 51 -0.12260631590714932
42 52 0.22280419463071444
43 43 -0.05182308558966686
43 44 -0.15660261087880456
43 45 0.07373013530605621
43 46 -0.4477121502235717
43 47 0.3965328174458078
43 48 -0.7872099342609804
43 49 0.39299956556730287
43 50 0.4439635909524273
43 51 0.5604856451162175
43 52 -0.037783329688105605
44 44 0.3291605506777986
44 45 0.4132741521233596
44 46 0.39190670593933663
44 47 0.4470196290168835
44 48 0.06102472563399375
44 49 -0.9813419934805094
44 50 -0.19492091363034736
44 51 0.9308255150710205
44 52 0.5093602496015466
45 45 0.27191117500156325
45 46 -0.3710063177514058
45 47 -0.18535473124100266
45 48 0.040251865000473064
45 49 0.5609559338798018
45 50 0.17644517471022136
45 51 0.6683444153667042
45 52 0.7276212483564146
46 46 -0.9024965472285293
46 47 0.990364423316435
46 48 0.24585501330878534
46 49 0.9502286563392588
46 50 -0.8567619244823939
46 51 -0.4592330158099127
46 52 0.7360989135716458
47 47 -0.978979515195278
47 48 0.5337031907238818
47 49 0.16796040196907125
47 50 -0.7292190582020852
47 51 -0.7352097959941606
47 52 -0.16888972371781796
48 48 0.9533776647226377
48 49 0.2404343022684965
48 50 0.7373173038071781
48 51 -0.7395804059381661
48 52 -0.2593547660475233
49 49 -0.24314349007110847
49 50 -0.5119340483248431
49 51 0.10390663847320991
49 52 -0.2037315908043278
50 50 0.04444164868055922
50 51 -0.042159012011816044
50 52 0.26451277662750683
51 51 -0.023471458779154908
51 52 0.9083565571612695
52 52 -0.45697252752551143
