0 0 -0.06030121236054953
0 1 -0.7975336397388773
0 2 -0.8412268209240519
0 3 0.8880810040912244
0 4 -0.1423408099843948
0 5 -0.2965042009718799
0 6 -0.7298070369578833
0 7 0.6326685121269451
0 8 0.8440927343092066
0 9 -0.3099025364455643
0 10 0.7772415529723893
0 11 -0.8137453376513852
0 12 0.9209857894601754
0 13 -0.7982100265286207
0 14 0.4492695151239423
0 15 0.631827850269264
0 16 0.39434922452155274
0 17 -0.7560122251354886
0 18 0.8106619696853976
0 19 0.2972796131734394
0 20 0.9532402777284494
0 21 -0.48031651098967565
0 22 -0.5092181399977855
0 23 -0.8240900448775688
0 24 -0.8597296583430598
0 25 0.3643325689506578
0 26 -0.3021835441715621
0 27 0.3043304394801887
0 28 0.8300618828677397
0 29 0.6128238476437873
0 30 0.10182822334862651
0 31 0.2705107972798273
0 32 -0.6122700700957848
0 33 -0.9284646154849836
0 34 -0.10677157835133899
0 35 -0.5290371097667697
0 36 0.4524629859327629
0 37 0.47319315315536703
0 38 -0.3503902558569678
0 39 0.31870949708492335
0 40 -0.9484115591417062
0 41 0.12304855176111573
0 42 0.9419621657838593
0 43 0.3867345968109124
0 44 -0.7995928237419712
0 45 0.7984873531335916
0 46 0.7994040376211415
0 47 0.6825530543964424
0 48 -0.2038209258767527
0 49 0.5979010220137897
0 50 -0.05360474433506668
0 51 -0.3480980507191731
0 52 0.30547909698539866
0 53 -0.5046390861511469
1 1 -0.5223706090538942
1 2 -0.7584721687008562
1 3 -0.3448555602206633
1 4 -0.038790901062131455
1 5 0.18521742383587836
1 6 -0.7342658270282523
1 7 -0.7749519706523822
1 8 -0.9927336868496406
1 9 -0.6116400028873745
1 10 -0.3776728318738827
1 11 0.2105223943490846
1 12 -0.5239504398910984
1 13 -0.14596485279335525
1 14 -0.9548697200950909
1 15 0.3300808660730701
1 16 0.0710829592025004
1 17 0.795626621001172
1 18 -0.8342113917007696
1 19 -0.29241268755850314
1 20 0.8953426534913413
1 21 -0.7565489110973416
1 22 -0.9627362414598535
1 23 -0.2968789011050754
1 24 0.4961861394957683
1 25 -0.5681515587156272
1 26 0.8367230493828719
1 27 -0.8297011483502978
1 28 -0.2731888765580357
1 29 -0.2364179378045166
1 30 -0.5146190844256908
1 31 0.5148403413602147
1 32 0.018376342904036447
1 33 0.978988389710596
1 34 -0.20856155262015252
1 35 0.13790775883080486
1 36 -0.08283657117494592
1 37 0.722770033455203
1 38 0.12789107510311326
1 39 -0.7346711515787041
1 40 0.269144920144351
1 41 0.6069921418200457
1 42 -0.8148626585371039
1 43 0.024148056670727724
1 44 0.7541413986831897
1 45 -0.013278358966640313
1 46 -0.6305553933685808
1 47 -0.08336043647507374
1 48 0.24677727356732482
1 49 0.24180181534217238
1 50 -0.5770116709197564
1 51 0.5913471746709538
1 52 0.49958426599862027
1 53 -0.40984362804032615
2 2 -0.4438674387234245
2 3 -0.33121197445554973
2 4 -0.7977365544869002
2 5 0.8065078401775043
2 6 -0.8101730902805879
2 7 0.3558165582802395
2 8 -0.3267366462318422
2 9 -0.7470703074568528
2 10 0.11479334454541346
2 11 -0.4005822920631563
2 12 -0.24352088972620978
2 13 -0.6471337902510577
2 14 -0.46395393381984595
2 15 0.6634087724813591
2 16 0.654326696329901
2 17 -0.04687057936482408
2 18 -0.039914093193868405
2 19 -0.01874318177745482
2 20 0.7829387237497087
2 21 -0.7627196765807653
2 22 0.16621921635569592
2 23 0.7727536412537626
2 24 -0.614283139569636
2 25 0.720252685909718
2 26 0.19349756619776182
2 27 -0.16320344504977813
2 28 0.11522072396001515
2 29 0.11737140159182857
2 30 -0.6844439678378034
2 31 0.9575486277915328
2 32 -0.06271152105727085
2 33 0.7037878922704701
2 34 -0.20088042073959111
2 35 -0.7435361823427189
2 36 -0.28232701119389825
2 37 0.500794195959664
2 38 0.5919899106038475
2 39 0.12941944409997563
2 40 0.5548979693905023
2 41 0.33139821021482563
2 42 -0.9674766787844116
2 43 -0.9730221876801775
2 44 0.8076813420560105
2 45 -0.7876131145874636
2 46 -0.24579505003172097
2 47 -0.48237196515591774
2 48 -0.09306511095580006
2 49 -0.750273463954914
2 50 0.702396903795526
2 51 -0.2109822097667633
2 52 0.7388994168324179
2 53 -0.9007882512380521
3 3 0.8502023444811027
3 4 -0.15378030249700103
3 5 0.1998431399585523
3 6 0.6027234069749325
3 7 0.00911842121320161
3 8 0.6224128673115614
3 9 -0.5154258009974266
3 10 0.9387539291747244
3 11 -0.5302899601157514
3 12 -0.054402305015452956
3 13 -0.1721138490895695
3 14 0.8891309160207175
3 15 -0.043883112403792834
3 16 0.9832078846650676
3 17 -0.34450594796049194
3 18 -0.7532339041137488
3 19 0.4769398801093292
3 20 -0.5682069147886097
3 21 -0.7317681165178838
3 22 -0.39264636575856304
3 23 0.08172763914698944
3 24 -0.01975437552160053
3 25 -0.6697647453206352
3 26 0.07686306062589665
3 27 -0.04957181164040225
3 28 -0.050497594571738524
3 29 -0.6617139079272885
3 30 0.9677910745503207
3 31 0.8105229285287099
3 32 -0.8253238634140514
3 33 -0.929347845070875
3 34 0.18991098630387215
3 35 -0.22683487975561034
3 36 -0.8429106305790619
3 37 0.6747494147597517
3 38 -0.5088815202386952
3 39 -0.47890682389601413
3 40 -0.5080036391534752
3 41 -0.8697766292515481
3 42 0.7053673705298944
3 43 0.9086576296385107
3 44 -0.5205894384301313
3 45 -0.8043612711659553
3 46 -0.9658810919968079
3 47 -0.4081785014116852
3 48 0.9613793207093089
3 49 0.5817509680784141
3 50 0.7585425473206115
3 51 -0.7229680678785588
3 52 0.7347407830009076
3 53 -0.2671554823571691
4 4 0.8707422774104678
4 5 0.8666605433301997
4 6 -0.12932142030088611
4 7 -0.19357603681313895
4 8 -0.5261302604415066
4 9 0.8004797436950102
4 10 0.13224628581431785
4 11 -0.6858453553145385
4 12 0.1941232467595253
4 13 0.9687309353433202
4 14 0.421286498426795
4 15 -0.025398599930470223
4 16 -0.004990439972082372
4 17 0.16387587819367333
4 18 0.7265121898559359
4 19 0.3414463041638367
4 20 0.11143507749021464
4 21 0.46639850374198133
4 22 0.6563178161255279
4 23 -0.4526696156675114
4 24 0.7684164909969442
4 25 0.6652433665130246
4 26 -0.8811654204015522
4 27 0.8974301037598158
4 28 0.19676152378128342
4 29 0.7201909152590169
4 30 0.7670588017475057
4 31 -0.45711493236691036
4 32 0.3309274288796551
4 33 0.7775302683054413
4 34 -0.2502040644418895
4 35 0.6602016369702628
4 36 -0.23736722771887742
4 37 -0.1776124498910865
4 38 0.17069708419264984
4 39 -0.5552494951245606
4 40 -0.988937159791855
4 41 -0.0189080065331253
4 42 0.8062088314327314
4 43 0.5145249204717977
4 44 0.32574788744727545
4 45 -0.5439303378329887
4 46 -0.04910116508143436
4 47 0.21384173727026656
4 48 -0.09612104410033795
4 49 -0.21802695999192578
4 50 -0.9842370606463369
4 51 0.43257221040808846
4 52 0.9014892836886279
4 53 0.4958800422898386
5 5 -0.5926626314580907
5 6 0.8769163657706698
5 7 -0.5426672623429587
5 8 0.7851411223447469
5 9 -0.8948078493514093
5 10 0.7528434273802467
5 11 0.31621223327545867
5 12 0.9187982263995169
5 13 0.9561617454325169
5 14 -0.3777957243407857
5 15 0.6483716304473082
5 16 -0.8157848850691181
5 17 0.23677550315948337
5 18 -0.9432095924853865
5 19 -0.19245520927252802
5 20 0.5410028154239841
5 21 -0.9095655497158861
5 22 -0.17578743871342417
5 23 0.960327718551125
5 24 -0.7292780330637314
5 25 -0.2570126463026481
5 26 -0.07640145039166568
5 27 0.4357458889818595
5 28 0.8875271830656202
5 29 0.7127815192806259
5 30 0.261259555064727
5 31 0.6512921806808061
5 32 -0.566520698527982
5 33 -0.2432384015221658
5 34 0.3042174109288329
5 35 0.3925937309064431
5 36 0.999130427267146
5 37 0.9386567561895067
5 38 0.3412054446089716
5 39 0.23362015587249974
5 40 0.9502522241927358
5 41 0.6142831538487776
5 42 -0.9977672732745728
5 43 -0.8233110823226957
5 44 -0.9934006094646941
5 45 -0.20760810287652176
5 46 -0.17056773332020625
5 47 -0.47071595170461955
5 48 -0.656204516962942
5 49 0.4201133557703205
5 50 -0.85134961836308
5 51 -0.5081667293542012
5 52 -0.20313323351171886
5 53 -0.739472538060528
6 6 0.8708265350881013
6 7 -0.44584128267613354
6 8 0.3809735366271705
6 9 -0.16101155985029192
6 10 0.8603033782366145
6 11 0.2935856166689985
6 12 -0.8888152360723438
6 13 -0.8842882644277947
6 14 0.9030297237074256
6 15 0.24578010522130778
6 16 0.10506600166071167
6 17 -0.11652054153357527
6 18 0.8585906014779436
6 19 0.9183464960007932
6 20 -0.40339820848664476
6 21 -0.3175538153519406
6 22 0.6016232611561128
6 23 0.030980726001749614
6 24 0.9761666557855424
6 25 0.20118182845026733
6 26 -0.1078443236272435
6 27 -0.1894664964934405
6 28 0.9696664233217112
6 29 -0.40864024228178164
6 30 0.1954139012073579
6 31 0.12113738517478345
6 32 0.1023869435324265
6 33 0.1668366310336269
6 34 0.05058797392381509
6 35 -0.96425668704136
6 36 -0.6300138923560814
6 37 0.22771421643611323
6 38 -0.3084956627714488
6 39 -0.6489704613938843
6 40 -0.43828037641196715
6 41 0.1839309041638213
6 42 0.5014804535809267
6 43 0.5652944343607744
6 44 0.6999659098443949
6 45 -0.11203607461829201
6 46 0.4668534804296569
6 47 0.6990876214411761
6 48 -0.7140161860276901
6 49 0.31211030545951823
6 50 0.3934647478711055
6 51 -0.9499177063172242
6 52 0.043647110703579184
6 53 0.29260935684126665
7 7 -0.6825969461310915
7 8 0.03266789337222975
7 9 -0.8125324087207293
7 10 0.16058979546736962
7 11 0.15596768958591078
7 12 -0.9832382434590958
7 13 0.5635262503397427
7 14 -0.899361492611499
7 15 -0.7029870242552207
7 16 -0.8156379495917097
7 17 -0.42443852528166537
7 18 -0.06298700912880495
7 19 -0.7460943862318055
7 20 -0.24644327894345697
7 21 0.7308808652151026
7 22 -0.34885669554134346
7 23 0.7769008604974996
7 24 -0.22922627469938806
7 25 0.9923306909886429
7 26 -0.24795324892124726
7 27 0.13469002442252886
7 28 0.4200110845040912
7 29 -0.07668175137333555
7 30 0.22057903508932575
7 31 -0.4469969337422588
7 32 0.5364278899930364
7 33 0.31724145538660187
7 34 -0.19858348783570579
7 35 -0.7863586436033427
7 36 -0.569197475127633
7 37 0.14982135348551506
7 38 0.9745938247107178
7 39 0.6420111555825889
7 40 -0.5456183692886898
7 41 -0.8362480303488045
7 42 0.5231113823457971
7 43 0.4892761020793137
7 44 -0.8901014012577728
7 45 -0.361745783776265
7 46 -0.4161125678412414
7 47 -0.8487115109291281
7 48 0.14496952949884157
7 49 -0.033306483984657964
7 50 0.5227754616412081
7 51 -0.6731816849120789
7 52 -0.5647575477732769
7 53 -0.34112185667581163
8 8 0.3700968572491403
8 9 0.8446113915947733
8 10 -0.12129726174384325
8 11 -0.4650274393841707
8 12 -0.45673587331109133
8 13 0.8473762348770622
8 14 -0.14753065275153587
8 15 0.7915883174770475
8 16 -0.932294551248926
8 17 0.25485936919952623
8 18 0.007878738617566494
8 19 -0.6090468639665922
8 20 0.11484857343261634
8 21 0.3748694547192153
8 22 0.23070441677531117
8 23 0.5526755849899505
8 24 -0.08039915354977079
8 25 -0.5250739407278668
8 26 0.019122252083034308
8 27 -0.8183787793556236
8 28 -0.1817689274543659
8 29 -0.2166151626690791
8 30 -0.38736158824408395
8 31 0.6064334940288918
8 32 0.4092009946360151
8 33 -0.022213323751797853
8 34 -0.35645981811566974
8 35 0.8755395105559476
8 36 0.7630509557419194
8 37 0.6228824302345186
8 38 -0.7862399265599938
8 39 -0.6182071723070515
8 40 0.4393845564557468
8 41 -0.29488688003456254
8 42 -0.8874799048329958
8 43 0.09685632582124759
8 44 -0.8204241697079699
8 45 -0.575128454064507
8 46 -0.36031128480921093
8 47 0.012088850678481089
8 48 -0.5375419782498936
8 49 -0.2590913282428855
8 50 -0.43259242893182503
8 51 -0.4435538557655905
8 52 -0.4923430282365493
8 53 -0.43541202622518016
9 9 -0.36996109675887023
9 10 0.5080239226539562
9 11 -0.14148667121962277
9 12 -0.9843648030567189
9 13 -0.24933969369186082
9 14 -0.3091444804014529
9 15 -0.8912767638631098
9 16 0.13186643300480005
9 17 0.8033917282295626
9 18 -0.40477759246732736
9 19 -0.9895917695570371
9 20 0.6559007839535747
9 21 0.28125341761974476
9 22 -0.19649069574665567
9 23 0.4097453023782953
9 24 -0.1294465385039396
9 25 0.5098622895508522
9 26 0.633106676375488
9 27 -0.9379495675193581
9 28 -0.21422865945598835
9 29 -0.8257596516643488
9 30 -0.7158488775313885
9 31 0.5301441962622866
9 32 0.771467603087109
9 33 0.5800278712096161
9 34 0.8126571196910728
9 35 -0.5059410240333411
9 36 -0.010639009931862953
9 37 -0.3041383725318332
9 38 0.10551252703191016
9 39 0.28640070333871726
9 40 -0.14855985047928288
9 41 0.9795905134834106
9 42 0.9886441922464118
9 43 -0.8057155302152399
9 44 -0.819922494352215
9 45 -0.011137485774734168
9 46 -0.16312808622146036
9 47 0.8071355310515989
9 48 0.33103401563643864
9 49 0.11187004354039076
9 50 0.7403034073549832
9 51 -0.656773555176553
9 52 -0.6189241516086867
9 53 -0.5656267997479989
10 10 -0.6021810930283646
10 11 0.7460645021754257
10 12 0.2886320805751821
10 13 -0.9425576574349377
10 14 -0.8627369378395808
10 15 -0.30685045522713006
10 16 -0.6236024410234968
10 17 -0.19616780838068615
10 18 0.8229463902828591
10 19 -0.5169119919920981
10 20 0.20011348010073937
10 21 -0.7980011122595996
10 22 -0.5819611464860308
10 23 0.04063543017461857
10 24 0.9631337129637885
10 25 -0.5816464656121236
10 26 0.00045233350993623134
10 27 -0.0654602010953671
10 28 -0.3713269675987927
10 29 -0.7157641781776463
10 30 -0.9395816316145842
10 31 0.6871579925439271
10 32 0.9962009059684
10 33 -0.6212361107455096
10 34 0.054922287217690435
10 35 -0.5423849713818265
10 36 -0.12881365011692658
10 37 0.4073900502784138
10 38 0.7677996580096644
10 39 0.8790387797522916
10 40 0.7691924050263363
10 41 -0.22145572219798826
10 42 0.21253411180521287
10 43 0.8819498323399142
10 44 -0.11011300780313715
10 45 0.7603920608500179
10 46 -0.3302350583689586
10 47 -0.9466598796316357
10 48 0.24451055767296848
10 49 0.224559683581542
10 50 -0.7640332415745363
10 51 -0.1993256506793808
10 52 -0.33929257540943913
10 53 -0.15873514229582564
11 11 -0.5645942061373224
11 12 0.37278365779769507
11 13 0.9392853688347278
11 14 -0.5245894152021044
11 15 -0.5071160468657303
11 16 -0.5980484438917413
11 17 -0.9118055157206655
11 18 -0.861383979653795
11 19 0.11953861489133888
11 20 0.3289948050322369
11 21 0.28874183048376323
11 22 -0.41234121731756357
11 23 0.20349010786135313
11 24 -0.45637357454399785
11 25 0.5716685911475381
11 26 0.23442420793168184
11 27 -0.5602026565049418
11 28 -0.6470064383996423
11 29 -0.31523677102758096
11 30 -0.900154129349499
11 31 0.40302440552050567
11 32 -0.36115193600649187
11 33 0.7212568135875264
11 34 0.20039921819136275
11 35 0.10767342880324904
11 36 -0.8627752632067973
11 37 -0.7152759742835764
11 38 -0.5307627244870328
11 39 0.6500486924151787
11 40 -0.5324448226597553
11 41 0.3835761457710156
11 42 0.9288769202830858
11 43 0.8449950448655223
11 44 0.10600699717240425
11 45 0.5468821697999797
11 46 0.9191001683821287
11 47 0.8704990831929298
11 48 0.23052385956779275
11 49 -0.6154586238578041
11 50 0.747965089620837
11 51 -0.4141667671045637
11 52 0.2838346616717129
11 53 0.3380513585093039
12 12 0.7818402262147297
12 13 -0.3891442046898632
12 14 -0.33108765514510763
12 15 -0.6684238436388443
12 16 -0.44611076546777517
12 17 0.2767726008930036
12 18 -0.9347957323065019
12 19 0.018682050821483998
12 20 0.3788866197124925
12 21 -0.794245105311187
12 22 0.8992227218177613
12 23 0.3844405648689593
12 24 -0.33179786850995807
12 25 -0.013551576296314316
12 26 -0.9964647725524918
12 27 -0.6689539690336428
12 28 -0.9516918888981969
12 29 -0.012003909207440211
12 30 0.7123272362859834
12 31 -0.3259435442222114
12 32 -0.28170811801210216
12 33 -0.21350215408907913
12 34 0.17553105466753172
12 35 -0.26785004223638875
12 36 -0.9157599442144941
12 37 0.4854747375620021
12 38 -0.990191184344793
12 39 -0.5402341408368578
12 40 -0.18363196317141361
12 41 -0.5517915569198786
12 42 0.17744455119772806
12 43 -0.4277352555006342
12 44 0.7126534732801861
12 45 0.30247936611758797
12 46 -0.4920084207402635
12 47 -0.2115420154012584
12 48 -0.13965638215001208
12 49 -0.7604597921221443
12 50 0.1795393026924117
12 51 -0.29419848137458215
12 52 -0.1724838759964371
12 53 0.056028816747554
13 13 0.12697683586517394
13 14 0.598771009528916
13 15 0.3406499776623817
13 16 0.17877836599459296
13 17 0.6618665337611525
13 18 -0.21727847551532453
13 19 0.3409185548797402
13 20 -0.7565479235469135
13 21 -0.6766281985132527
13 22 -0.0983242504426245
13 23 0.9268105254771766
13 24 -0.10478318610278237
13 25 -0.030358018951525345
13 26 0.04934078406443865
13 27 0.8701753226936595
13 28 -0.3166814623345655
13 29 0.18102773200508504
13 30 -0.021174993775295414
13 31 0.044895020472863756
13 32 0.6161640214439315
13 33 -0.9897214421495102
13 34 -0.4458901911363118
13 35 -0.30842459060325744
13 36 0.6835602663740954
13 37 0.055851260275366466
13 38 -0.9469569593197094
13 39 -0.5591477012176569
13 40 0.568345534026713
13 41 -0.4193106235342816
13 42 0.8443217555005864
13 43 -0.8616533050723423
13 44 0.5156988920902037
13 45 -0.2326848121640126
13 46 0.7338481622924364
13 47 0.6238130524028236
13 48 0.018255985247412676
13 49 0.7235094049129098
13 50 -0.9223487835592588
13 51 0.7300476180913724
13 52 -0.15665492819048832
13 53 -0.04603277296288533
14 14 -0.22694708971234578
14 15 0.49067331775321743
14 16 -0.3972188574502158
14 17 -0.9242023254198022
14 18 -0.6533321003701327
14 19 0.8195998323873985
14 20 0.4113873855024004
14 21 -0.5649008618595359
14 22 0.18675016359566143
14 23 0.786551488795554
14 24 -0.9759791155203865
14 25 0.9885619471840739
14 26 -0.8944431038479304
14 27 -0.3859748976811481
14 28 0.823949979590789
14 29 0.6067792224761304
14 30 0.037554612800486664
14 31 0.1782473341692934
14 32 -0.07044177890133252
14 33 -0.6666646130339
14 34 0.06939292929508101
14 35 0.3082189624515761
14 36 -0.10794090004900436
14 37 -0.9694850503768113
14 38 0.29394680068563206
14 39 -0.05194692788695554
14 40 -0.42240000636738695
14 41 -0.016852730893117673
14 42 -0.10114495688480685
14 43 -0.06436379448940843
14 44 -0.09917403281958403
14 45 -0.737619285584018
14 46 -0.8522271704215774
14 47 0.7199528593217961
14 48 -0.8576378346567979
14 49 0.975652610256569
14 50 -0.5134996307623292
14 51 -0.9963456063555531
14 52 -0.4346540382523789
14 53 -0.1258433477187244
15 15 -0.24483650670098278
15 16 -0.5679009916850044
15 17 -0.7593982679827482
15 18 -0.05327076268356756
15 19 0.9448925988298558
15 20 0.3910856651886123
15 21 -0.18772498682878158
15 22 0.10789395475932873
15 23 -0.19574214179549787
15 24 -0.8750128910462467
15 25 -0.8233290578855068
15 26 -0.7965424414804394
15 27 -0.8253839924536566
15 28 -0.8684691738200128
15 29 0.41530474675304685
15 30 0.4051369987253326
15 31 -0.5507485058532324
15 32 -0.06466665703004493
15 33 -0.49728473356282743
15 34 -0.34821491731946064
15 35 0.5304942705079752
15 36 -0.6031133268264115
15 37 -0.08201359941074093
15 38 0.007970421803366268
15 39 0.1304585105476126
15 40 -0.9668391411580974
15 41 -0.6754945281673077
15 42 0.511186060520542
15 43 0.16391970885691665
15 44 0.50152026254908
15 45 -0.5323999143615135
15 46 -0.008538841890169069
15 47 -0.3824741593588481
15 48 -0.6237496932116942
15 49 0.36151521127213515
15 50 0.06538355673356633
15 51 0.5952361660694434
15 52 -0.8274269265568484
15 53 -0.454519310509101
16 16 0.7305741363119922
16 17 -0.8406472775557481
16 18 0.5302700012270616
16 19 -0.9785165927452923
16 20 -0.08408135328170618
16 21 -0.4233643708275523
16 22 -0.6166854191806792
16 23 -0.05494108056193858
16 24 0.007538629487952253
16 25 0.7684221578640118
16 26 -0.15200245154278003
16 27 0.9560918285498126
16 28 0.5016691009629752
16 29 -0.10115100634024166
16 30 0.9086603448700803
16 31 -0.34009538075514456
16 32 0.2927107965788136
16 33 -0.7359775597930531
16 34 -0.7618994329202291
16 35 0.18777913911831856
16 36 -0.31401643169960636
16 37 -0.9499011052984248
16 38 -0.9930257430982337
16 39 -0.6607069753766217
16 40 0.16964531209387945
16 41 -0.5150184479967461
16 42 -0.7799825722971172
16 43 -0.5540776598792498
16 44 0.47655349666410585
16 45 0.27520791642399356
16 46 -0.15365063496521403
16 47 0.41458045485166695
16 48 0.4017850184344969
16 49 0.7460002116018238
16 50 -0.640636515671938
16 51 -0.8147473764110211
16 52 -0.4942433529662642
16 53 -0.06065606173354898
17 17 0.35025462043217725
17 18 0.06849043842084401
17 19 0.5333647047372874
17 20 -0.9028973010721197
17 21 0.6358372645710768
17 22 0.5074650808750567
17 23 0.1972901496996855
17 24 0.1708712883256882
17 25 -0.1414324432983125
17 26 -0.11339464744143957
17 27 0.05053996906996505
17 28 0.11588217360600983
17 29 0.2900335720619984
17 30 -0.39841845070100423
17 31 -0.37580776701135843
17 32 -0.37967259040156986
17 33 0.11110601440843526
17 34 -0.22405029941294163
17 35 0.04247379273783136
17 36 0.5237636194526061
17 37 0.03619359787110943
17 38 0.33937395666567816
17 39 0.331987500424902
17 40 -0.9136421947804907
17 41 0.9137976779214898
17 42 -0.6539829429150315
17 43 -0.3548950647736251
17 44 -0.8159109499479169
17 45 0.07794355140541387
17 46 0.29420703809743975
17 47 -0.7714898115364974
17 48 -0.656057072076168
17 49 -0.3041296452482052
17 50 0.9819145224530745
17 51 0.9449534246061062
17 52 -0.402656045542088
17 53 0.35380201602891104
18 18 -0.28918369028804247
18 19 0.35490475952030454
18 20 0.0729876452401843
18 21 -0.10682422246405765
18 22 -0.7819902271981867
18 23 -0.6522513586106025
18 24 0.045461048011452565
18 25 -0.16123576492571967
18 26 0.27519928482607114
18 27 0.03004469634272211
18 28 0.6334152739445464
18 29 -0.7799488841528248
18 30 -0.0399907376098978
18 31 -0.9047033831150602
18 32 -0.14100604477844692
18 33 -0.5526661093103222
18 34 -0.8924875683530524
18 35 0.7044651721553048
18 36 0.09467409379206027
18 37 -0.19285171216404007
18 38 0.7261463149599221
18 39 0.2174652961875867
18 40 0.6056398519237995
18 41 0.6328828869703853
18 42 -0.3064420497207616
18 43 0.25070522851572963
18 44 -0.4566937029788589
18 45 -0.1580984941854804
18 46 -0.06563161479784507
18 47 -0.03494405608712592
18 48 0.22216516190029068
18 49 0.03286533765331834
18 50 0.8366935985280941
18 51 -0.6816125358958853
18 52 0.8428479022793518
18 53 0.12421346198243999
19 19 -0.15581069185889218
19 20 0.6174362303389025
19 21 -0.46563206584901806
19 22 0.7470557633301911
19 23 0.19025988479441325
19 24 -0.7196734964265488
19 25 0.5735922903358606
19 26 0.19336276627983895
19 27 0.4208952696471713
19 28 0.5898575232266863
19 29 0.4239141830037483
19 30 0.3582146879024981
19 31 0.9262529039249399
19 32 -0.6747231325702383
19 33 -0.4575012543989134
19 34 0.6802703029897044
19 35 -0.853448625385081
19 36 0.07762064707634764
19 37 0.3261264078259345
19 38 0.31084404457159565
19 39 -0.3349508373665524
19 40 -0.5414136642561085
19 41 -0.8644457286903986
19 42 0.8076192793206685
19 43 -0.23529411798142452
19 44 0.8974735375173208
19 45 0.42128621776647446
19 46 0.8972361872720822
19 47 0.8649324539073535
19 48 0.892556350879885
19 49 -0.37478545163331156
19 50 -0.04520266116624572
19 51 0.04085055028651419
19 52 -0.7386436089885784
19 53 0.33398638298711125
20 20 -0.759190930956744
20 21 0.5185123781297025
20 22 0.0005546052890323949
20 23 -0.6615324827906297
20 24 0.01480744791686428
20 25 0.07569673739207494
20 26 0.13153174231156806
20 27 0.3944941603286598
20 28 0.2610196004740839
20 29 0.9948933271367615
20 30 -0.3950633302478759
20 31 -0.40147514613499524
20 32 -0.6842955047001507
20 33 -0.46332890757073697
20 34 -0.6690430836641441
20 35 -0.014866420010805736
20 36 -0.8575584751316356
20 37 0.631392605936345
20 38 0.8884345956087865
20 39 0.4464802239844874
20 40 0.8933937329836772
20 41 0.48509790383409324
20 42 0.3869810300202261
20 43 -0.8884090987490316
20 44 0.3494257910929952
20 45 0.6291539236871495
20 46 -0.14576807818039983
20 47 0.18830522551936224
20 48 -0.5400779175130843
20 49 -0.23517797898792892
20 50 0.4536472739097068
20 51 -0.44895618342057353
20 52 0.09309976985401924
20 53 0.8896556966314699
21 21 -0.6053983095045619
21 22 -0.7660463454041628
21 23 -0.5295623632756525
21 24 0.8168599453477954
21 25 0.21667302136409772
21 26 0.9457439477894247
21 27 0.8926539372596622
21 28 -0.35670077782776977
21 29 -0.9591334981827337
21 30 0.2272554734287835
21 31 -0.9392167478055962
21 32 -0.6065901361924537
21 33 0.5563086382795639
21 34 0.8587302664768768
21 35 0.8494712319801783
21 36 0.6120565747440436
21 37 -0.22455921722034966
21 38 -0.0971544518596108
21 39 0.5850255903774846
21 40 0.09669640032344651
21 41 0.6650778425489996
21 42 -0.18508065882446156
21 43 -0.9059871510022641
21 44 0.39080687447399054
21 45 -0.019900079295319006
21 46 -0.6908081875860117
21 47 0.28585769314891496
21 48 -0.673584885142194
21 49 -0.2205059583146951
21 50 -0.525863654899154
21 51 0.48407634743221095
21 52 -0.04640947423706154
21 53 0.8523440552147983
22 22 -0.6993170264792885
22 23 0.19213097955595315
22 24 0.9107335396516634
22 25 0.15970522175543023
22 26 0.48009878376263293
22 27 0.3216099285339238
22 28 0.6419346500257601
22 29 -0.7130088980343352
22 30 0.8892865485500121
22 31 -0.050340033555494657
22 32 0.028730431169996296
22 33 0.3499360388431132
22 34 -0.7564011327629816
22 35 -0.10656399273425476
22 36 -0.47658878988473985
22 37 0.04810303943850203
22 38 -0.8013798009846145
22 39 -0.41345769233128116
22 40 -0.6002756452464995
22 41 -0.7660669170791778
22 42 -0.3576276773587357
22 43 0.810271862440729
22 44 0.059835700656718505
22 45 -0.028566507897149762
22 46 0.7035754683572495
22 47 0.3837905981852765
22 48 0.19342317475793802
22 49 -0.14706896438020256
22 50 -0.44161765793979746
22 51 0.7945038203573522
22 52 -0.5167831332380606
22 53 0.6086072591975891
23 23 0.9096061751083437
23 24 0.9162766827590056
23 25 -0.12180264457858425
23 26 -0.7365396982517067
23 27 -0.42634456863414827
23 28 -0.10151996116028617
23 29 -0.8974085146535267
23 30 0.46076770503609943
23 31 0.15136573637307094
23 32 -0.03658574656126601
23 33 0.4280967649431111
23 34 0.6945964841337404
23 35 -0.6518766275045869
23 36 0.701516736342418
23 37 -0.8398863554154194
23 38 -0.527880658457311
23 39 0.04653089726282977
23 40 0.39946928790793046
23 41 -0.4374441169739005
23 42 0.8533814500146231
23 43 0.960979958232101
23 44 -0.9005327248798067
23 45 -0.9217797429731052
23 46 0.31965087593024766
23 47 0.2473248133970365
23 48 0.09748208268441383
23 49 0.6186437119903221
23 50 0.23716686801008113
23 51 -0.34307680854473577
23 52 0.40920783898618196
23 53 0.2165567486766915
24 24 0.2347057255952958
24 25 0.610715436340197
24 26 -0.8958765160362419
24 27 0.3246301157360314
24 28 0.4207811084116948
24 29 0.7985860736300556
24 30 -0.6118749930128089
24 31 0.5758850610881179
24 32 -0.37164328960043513
24 33 0.8205258032986043
24 34 0.09396580794112275
24 35 -0.23333226398299578
24 36 0.708425290940415
24 37 -0.5959037671559393
24 38 -0.23996380705587295
24 39 -0.266533063853146
24 40 -0.10052545599765161
24 41 -0.030777036101448996
24 42 0.31073406809218707
24 43 0.2083618897288133
24 44 0.24302796244935654
24 45 0.10428365647550164
24 46 0.2921518750378007
24 47 0.5491844471077079
24 48 -0.30802026375680724
24 49 0.13761744672008014
24 50 0.8613206034292495
24 51 0.11578831652988342
24 52 -0.28962959884379447
24 53 0.01328609331456243
25 25 0.454882354372504
25 26 -0.41177812848825956
25 27 0.052371288579259545
25 28 0.8904903907408548
25 29 0.4783343513394116
25 30 -0.6138322689914029
25 31 -0.28978432345289495
25 32 -0.1334202582312667
25 33 -0.35850002757482113
25 34 0.09705233312467754
25 35 0.4537784735799568
25 36 -0.7982394395094066
25 37 -0.45397321603635943
25 38 -0.15801558661048243
25 39 0.04099575920932219
25 40 0.33918865869954495
25 41 -0.4199820166552124
25 42 -0.806163223946194
25 43 0.9644693617180222
25 44 -0.6760648783565324
25 45 0.8176333849285253
25 46 0.7894151367033153
25 47 -0.962902190773935
25 48 -0.155079469381332
25 49 -0.8061074535741726
25 50 0.6469222818846936
25 51 -0.590226739665686
25 52 0.8053283431511944
25 53 -0.747458600985071
26 26 -0.2828815826239419
26 27 0.9615550980133338
26 28 0.9613930805955537
26 29 -0.9937793169298312
26 30 -0.660923277897858
26 31 0.35298313318777885
26 32 0.18682302150388264
26 33 -0.8012270955769005
26 34 0.9914643588726393
26 35 -0.2956565154093831
26 36 -0.12641769886871956
26 37 -0.5209285696473358
26 38 0.837471035524501
26 39 0.5246084171908789
26 40 0.3250998354864829
26 41 -0.10477494758778882
26 42 0.01858419530911548
26 43 -0.5613530421318853
26 44 -0.3171979740937074
26 45 0.06499647729277203
26 46 0.6833386415692924
26 47 0.6891203233604799
26 48 -0.4682464074163877
26 49 -0.771943303205805
26 50 0.9292104034769191
26 51 0.2676558678293137
26 52 -0.380799390261118
26 53 0.9896407752798053
27 27 -0.02858206549067699
27 28 0.9588631106364836
27 29 0.5830058562649973
27 30 0.16283117960333682
27 31 -0.3312317519932251
27 32 0.09927324745001642
27 33 -0.8249825424531829
27 34 0.1704289558995613
27 35 -0.07684259987235054
27 36 -0.14254033209937012
27 37 0.890041187944647
27 38 0.5387079434463133
27 39 0.11934938928199945
27 40 0.9733124701155618
27 41 -0.2463921275199077
27 42 0.5107732537696121
27 43 0.7477398298485298
27 44 -0.6768141136916865
27 45 -0.36347297014841695
27 46 -0.025332109353148224
27 47 0.4594032765612581
27 48 0.30947991483040105
27 49 0.9529235375651914
27 50 0.13471618269496433
27 51 -0.96703639711134
27 52 -0.910526273849845
27 53 -0.20386067050116252
28 28 0.6546687775181661
28 29 -0.872959270804442
28 30 -0.16707283111207394
28 31 -0.15522743906632663
28 32 -0.888546232847454
28 33 0.8780947107990416
28 34 0.9983344043409896
28 35 0.0959781502664212
28 36 0.9309563324506289
28 37 0.3134299895782877
28 38 0.4327848439261943
28 39 -0.5046062656777499
28 40 -0.8191587340339734
28 41 0.2644892407737687
28 42 0.19129547228431276
28 43 -0.6775090178088994
28 44 0.45195785830323376
28 45 0.1569190892173229
28 46 -0.12955637811577336
28 47 0.9148833118039605
28 48 -0.838258011225055
28 49 -0.11775559044566686
28 50 -0.5239888994578739
28 51 -0.08939991845650175
28 52 -0.2111866183669464
28 53 0.431091239489106
29 29 0.08947836858544256
29 30 0.40358972572127283
29 31 -0.4467167705260435
29 32 -0.2650462730593366
29 33 0.6459891146943246
29 34 0.9590246306953396
29 35 -0.3804653490602108
29 36 0.8489569836181561
29 37 0.03555977632858731
29 38 -0.08927126931824847
29 39 -0.5136624400316243
29 40 0.2812512752715146
29 41 -0.7055445341157072
29 42 -0.8318408548699663
29 43 -0.9564011196116058
29 44 0.43517326748067786
29 45 -0.9502143366501807
29 46 -0.15850274336626557
29 47 0.0975399648906623
29 48 0.8692530460088392
29 49 -0.25156170731434435
29 50 -0.23614315540162378
29 51 0.20457430272758348
29 52 0.14053197683582375
29 53 -0.8322276678038738
30 30 -0.46001410998053727
30 31 0.7271959682840847
30 32 -0.8672686676790493
30 33 0.6647656329753979
30 34 0.10204735090879646
30 35 0.820478462563007
30 36 -0.47165140351971635
30 37 -0.28223351315210987
30 38 -0.45755618014003385
30 39 -0.020145812294209975
30 40 0.8736047983223068
30 41 -0.14366655622146673
30 42 0.1705304836419128
30 43 0.595329296052981
30 44 -0.9962540496566505
30 45 0.4572072382808583
30 46 -0.35063850142764386
30 47 0.2899754839125541
30 48 0.04763115143489993
30 49 -0.6752710546357616
30 50 -0.5078221889606667
30 51 -0.5558902321689192
30 52 -0.06046670854067093
30 53 -0.5320988509899787
31 31 -0.244621222898741
31 32 -0.663222232792305
31 33 -0.8386642790294974
31 34 0.6937104756338239
31 35 -0.9190694926707701
31 36 0.847294825087517
31 37 0.7956455643901077
31 38 -0.08812793364457794
31 39 -0.5278505139299721
31 40 -0.15487854550281765
31 41 0.35082998965022716
31 42 0.297154447080326
31 43 0.4520547019571908
31 44 -0.41544360394915825
31 45 0.7559086751606285
31 46 0.5264871151273911
31 47 -0.7473642057726864
31 48 -0.8230866724222861
31 49 0.5185197655624683
31 50 -0.5221765180868125
31 51 0.7186987304825745
31 52 -0.9327592375289147
31 53 0.7114433318594995
32 32 -0.11439338941735921
32 33 0.9397429716275361
32 34 -0.793642168421381
32 35 0.6588675721555599
32 36 -0.07089917197410145
32 37 -0.07823382819937175
32 38 0.8434695459805559
32 39 -0.5003090571167663
32 40 0.9159629529138626
32 41 -0.9066683764587766
32 42 -0.40175545120036804
32 43 -0.13405975615198762
32 44 0.26928273610646647
32 45 0.5865783508505209
32 46 -0.924419012045006
32 47 -0.33282927576035637
32 48 -0.04317643178494368
32 49 -0.2551519254024299
32 50 -0.024479634807485384
32 51 -0.6368536526520034
32 52 0.6572301262714757
32 53 -0.21718452180171544
33 33 0.45112201838235877
33 34 0.5647118438392329
33 35 0.5132099891288691
33 36 0.39508253802227666
33 37 0.5508135797030842
33 38 0.3448982451154503
33 39 0.407085736150155
33 40 0.04943198285417272
33 41 0.5576546452193669
33 42 -0.3387656344480594
33 43 0.5586146582853708
33 44 -0.35225834353672925
33 45 -0.9850308035024478
33 46 0.7579692103053086
33 47 -0.8631866704049236
33 48 -0.22377515495336242
33 49 -0.3908895387063964
33 50 0.4185634710927637
33 51 0.8991525084183731
33 52 -0.6116087682203177
33 53 0.8942158054401432
34 34 0.801442282019361
34 35 -0.9127889282190829
34 36 -0.09865493216778365
34 37 -0.13077179833273012
34 38 -0.6614395786520806
34 39 0.2463365637312369
34 40 -0.19149519968214057
34 41 0.8563589772472389
34 42 -0.4279571816491996
34 43 0.20462563064548922
34 44 -0.08057173903351789
34 45 -0.6203861998463456
34 46 0.12952780660660412
34 47 0.0449451095334803
34 48 0.4657532454668809
34 49 0.29642127046030264
34 50 -0.6449294982329168
34 51 0.8178599537155042
34 52 -0.9630967398417292
34 53 -0.23320243486185865
35 35 0.6211786413450195
35 36 0.37084234943878736
35 37 0.667105380890221
35 38 0.7319393641465204
35 39 0.26708738854775915
35 40 0.4696045144347283
35 41 0.75011763179668
35 42 0.1834208438361149
35 43 -0.3835526871154744
35 44 -0.5880609760627271
35 45 -0.37156376371929634
35 46 0.5337695951275079
35 47 -0.13934722405820454
35 48 0.657637638339859
35 49 -0.04871283051254127
35 50 0.14810155497953392
35 51 0.6162225826299883
35 52 -0.3895797553024818
35 53 -0.5661624020505642
36 36 0.4031099410497456
36 37 -0.543902367727795
36 38 -0.630758738143147
36 39 0.25319282013946154
36 40 0.5053659007628695
36 41 -0.16513851749963648
36 42 0.8085018953413508
36 43 -0.6401716980247125
36 44 0.2995182048161684
36 45 -0.3958229360279095
36 46 0.5579054983127196
36 47 -0.3709683983892411
36 48 -0.2598691658394856
36 49 0.3208415624303118
36 50 0.17415428134377042
36 51 -0.5201139717228798
36 52 0.2386335803790336
36 53 -0.6017513257700626
37 37 0.3114092871085836
37 38 -0.830032905184714
37 39 -0.9260682185755436
37 40 -0.7926921236057844
37 41 0.5174267053462707
37 42 0.8141283765296337
37 43 -0.29709320396541394
37 44 -0.06518896034922617
37 45 -0.686506544576925
37 46 -0.19805044962820006
37 47 -0.8140424539299362
37 48 -0.9111838053647867
37 49 -0.7814019201000091
37 50 0.3876333297625614
37 51 0.319157146398952
37 52 0.340396327403627
37 53 -0.16525712345203614
38 38 0.14745784021448105
38 39 -0.6506234690375088
38 40 0.4006394926096051
38 41 -0.11699510905668031
38 42 0.7016364565067814
38 43 0.3119142698965316
38 44 -0.004219332678004228
38 45 0.5892644713695687
38 46 0.633003147017821
38 47 0.22250139611533837
38 48 0.23843858860806888
38 49 0.4912866879823814
38 50 -0.6018632942137225
38 51 0.6363669089850834
38 52 -0.06665182041335127
38 53 -0.30706902647266854
39 39 0.0786940087784791
39 40 0.08994298520952593
39 41 -0.709381951892128
39 42 0.4977819221147384
39 43 -0.5382853579260067
39 44 -0.4521301755603111
39 45 0.9949180977317875
39 46 0.19090341905100439
39 47 -0.5403350601808565
39 48 -0.0730514465220431
39 49 -0.7833915029436804
39 50 0.8021788789727029
39 51 0.9908390655829735
39 52 -0.5740291623377247
39 53 -0.8497562221125918
40 40 0.06703815489879394
40 41 -0.8666044831626774
40 42 -0.6528036090814868
40 43 -0.5666730641147795
40 44 0.5630517015484451
40 45 0.45353770504825675
40 46 0.3600672851904807
40 47 0.4106660495112351
40 48 0.8356038483605996
40 49 0.8732908142394096
40 50 0.3290021508320702
40 51 -0.9349045365279087
40 52 0.6227223235682144
40 53 0.7438258829028763
41 41 -0.07170874372703007
41 42 -0.9299932363611045
41 43 0.03880215224865968
41 44 0.6890165424467729
41 45 -0.37542521613504554
41 46 0.8092945338400179
41 47 0.7831965175378792
41 48 -0.5921624784846997
41 49 0.3112717123488131
41 50 -0.44522652706802957
41 51 0.9370586086702797
41 52 -0.0166652155833944
41 53 -0.6683922133204905
42 42 -0.09036269330597069
42 43 -0.5017068828107047
42 44 -0.3501542542430094
42 45 -0.42442273288823285
42 46 -0.4636802360522416
42 47 -0.09080148261466925
42 48 0.2717724548997664
42 49 0.7554220087114862
42 50 -0.3524249080611974
42 51 -0.34228975137976714
42 52 -0.10485765943311165
42 53 0.5199654271582321
43 43 0.7612786571775358
43 44 0.8971294273153574
43 45 0.39163529539805797
43 46 0.9125960071051331
43 47 -0.86048995202411
43 48 0.22402691307355838
43 49 -0.24950322819217474
43 50 0.9867576188130089
43 51 0.6432431540877583
43 52 0.10990064255031262
43 53 -0.8972627431594327
44 44 0.8102976022052737
44 45 -0.43770740954830223
44 46 0.014813886578118662
44 47 0.1679321213137026
44 48 0.49197581770139287
44 49 0.01614898608839299
44 50 0.07132516007996537
44 51 -0.38975483514505216
44 52 0.19219632696569922
44 53 0.5910090693012182
45 45 -0.5709773727240652
45 46 0.25897470526372635
45 47 0.1548518151731626
45 48 -0.9783348201485473
45 49 -0.11663664646707339
45 50 -0.9774364431886045
45 51 0.7623403481495752
45 52 -0.25729376047793195
45 53 0.05918296548620594
46 46 -0.6490426750360199
46 47 0.07968280900257718
46 48 0.777864567377226
46 49 -0.3113459602942772
46 50 -0.532871523002912
46 51 -0.8175728472665784
46 52 -0.6623558442472506
46 53 0.7624558647235224
47 47 0.20405477392075722
47 48 -0.8352112773241234
47 49 0.9046954357938888
47 50 0.1614785829985168
47 51 -0.6684370684769845
47 52 0.4757436468800891
47 53 0.7495001925181746
48 48 0.7939076922350214
48 49 0.66300423407524
48 50 -0.4765792191943956
48 51 0.05616942915269996
48 52 0.7020640319062785
48 53 -0.9173936561627862
49 49 -0.92391692888471
49 50 0.8577955262873513
49 51 -0.6226222062946463
49 52 -0.0680634828635156
49 53 0.13113857363387682
50 50 0.338501541284
50 51 -0.9649242048383215
50 52 0.49712708930642346
50 53 0.44674563745327234
51 51 0.1835135091473774
51 52 -0.5033155961040428
51 53 0.7796892503180151
52 52 -0.4443355365266719
52 53 -0.6395918239332121
53 53 -0.9959497603873453
