0 0 -0.47826687041227767
0 1 -0.4006261561040618
0 2 -0.8551234536722285
0 3 -0.05491101177376634
0 4 0.884002213168861
0 5 0.5661093899363794
0 6 -0.7419379386795795
0 7 -0.53074102779278
0 8 -0.8480865347738491
0 9 0.3465613019281988
0 10 0.6613688874265848
0 11 0.08178324476067189
0 12 -0.6681818507491677
0 13 -0.1795331761056429
0 14 0.3087649518061235
0 15 -0.2826186409708782
0 16 -0.8644192641628914
0 17 -0.8569605335049222
0 18 0.9891256614669532
0 19 -0.4442788709371561
0 20 -0.022628800784623593
0 21 0.8922075201712265
0 22 0.03906265002423015
0 23 0.14994087081049212
0 24 0.4802105878735605
0 25 0.9722807312403321
0 26 0.3420563676119768
0 27 -0.63423604878115
0 28 0.3654279021943776
0 29 0.33197147603066535
0 30 0.6241665395285285
0 31 -0.40529545989778315
0 32 0.03231226891744576
0 33 0.8415737037202682
0 34 0.6321759057020782
0 35 0.2495155950653669
0 36 0.7318551992520907
0 37 -0.7677935266168969
0 38 -0.27815997607739096
0 39 0.7473353333416248
0 40 -0.330218508802091
0 41 -0.10708807896609573
0 42 0.29717261592249944
0 43 -0.2597102272623524
0 44 0.42526308769103904
0 45 0.4374738902141415
0 46 -0.08102626231585286
0 47 0.2750379912674308
0 48 -0.39250661425854805
0 49 -0.2533460965396013
0 50 0.2563011477538788
0 51 0.4200916552599767
0 52 -0.3214619556319813
0 53 -0.47433060984806175
0 54 0.5818579618631812
0 55 0.9764257998270496
1 1 -0.13670425217466153
1 2 0.9634812407842177
1 3 -0.932933368849661
1 4 0.9938811213322654
1 5 -0.6863138202837407
1 6 -0.6542223309909343
1 7 0.4464697480987625
1 8 -0.24628644352651197
1 9 -0.2632691486531187
1 10 0.8940341843541078
1 11 0.30512041873179085
1 12 0.4428246198308705
1 13 -0.38164121658857963
1 14 -0.009533411598486197
1 15 -0.888911496440292
1 16 -0.8720870428427945
1 17 -0.5416087145287571
1 18 -0.7060579670096219
1 19 -0.07118204619475366
1 20 0.5278105876181887
1 21 0.6476294866383123
1 22 -0.2096252397013707
1 23 -0.7052285667664278
1 24 -0.43259919448187345
1 25 -0.8289376514198761
1 26 -0.5198104974221451
1 27 -0.7456794400891247
1 28 -0.707999953112668
1 29 -0.21845022172948703
1 30 -0.8812141707900816
1 31 -0.1353068047016286
1 32 -0.5217365012927349
1 33 -0.758407868087466
1 34 0.878318432376114
1 35 -0.45034735637952505
1 36 0.8930403427566858
1 37 0.2598089324063204
1 38 -0.5718889833960075
1 39 -0.27158465319791714
1 40 0.15962246063873087
1 41 -0.9221326417968703
1 42 0.46313392227231787
1 43 0.7624588244001402
1 44 0.025532039960963315
1 45 0.5233345489473487
1 46 0.8700944735796139
1 47 0.5657861959681085
1 48 0.4299925188445477
1 49 -0.32042322627137243
1 50 -0.9618944625811086
1 51 -0.912990519332983
1 52 -0.09436724846083666
1 53 0.21650546172580865
1 54 0.5849653637796004
1 55 0.6175461782501963
2 2 -0.4661448925705354
2 3 -0.15180799084397334
2 4 0.7164253137655703
2 5 -0.3101908751761584
2 6 -0.30055018750451334
2 7 0.5728951525442603
2 8 -0.6310315030443421
2 9 0.8324766281405962
2 10 0.2689600089855355
2 11 0.9501501432218158
2 12 -0.08469614970653683
2 13 -0.7654038975836777
2 14 -0.031084387743043562
2 15 0.42370526266187825
2 16 0.5835451715338686
2 17 -0.0030823213240493974
2 18 -0.7949484957324024
2 19 0.33335796149532415
2 20 -0.14267488947538198
2 21 0.4394087252849679
2 22 0.854334839699503
2 23 -0.35412715360275127
2 24 0.27933858988746185
2 25 0.5135367751758693
2 26 0.3760275018384389
2 27 -0.7088816349004168
2 28 0.6197717893981247
2 29 -0.41002587855778727
2 30 0.9889347951802994
2 31 -0.9811778509861302
2 32 0.4728482465085806
2 33 -0.10454254676094266
2 34 0.6047339936592837
2 35 -0.05469469845429553
2 36 -0.3532875738029757
2 37 0.2000904047178158
2 38 0.03426119273109629
2 39 0.19408353189009264
2 40 -0.6914329743632144
2 41 -0.9930291924146348
2 42 0.7741477789880433
2 43 0.40538570684805264
2 44 -0.46707498352858434
2 45 -0.10112391411233679
2 46 -0.15710376292698802
2 47 -0.459289463183413
2 48 -0.6975073552393884
2 49 -0.33896442430574836
2 50 -0.06591488819498381
2 51 0.9187101923277554
2 52 -0.6473572695328911
2 53 0.9438433023425348
2 54 -0.7051177104580115
2 55 -0.6800045247965394
3 3 0.8126624343265969
3 4 0.8138253571882499
3 5 -0.08617618638579816
3 6 0.9975520584580908
3 7 -0.1715537248146879
3 8 0.2617058237797032
3 9 -0.3441033386437009
3 10 0.5847820897521994
3 11 -0.029715856016203857
3 12 0.4634145477306746
3 13 -0.4184664449057287
3 14 0.45084298079540175
3 15 -0.07460991588123256
3 16 -0.011888059036261334
3 17 -0.470814093655223
3 18 0.6199017297964609
3 19 0.4083790560969158
3 20 -0.8802647030530695
3 21 0.2539011988575042
3 22 0.4749939479082359
3 23 0.15259769554091385
3 24 0.04333941318525003
3 25 0.5515463627694048
3 26 -0.27958697498776974
3 27 -0.23434584542253445
3 28 0.2709366636236299
3 29 0.5026315332549376
3 30 0.324593480699493
3 31 0.21441926564338587
3 32 0.5654561781577665
3 33 -0.5821771798541504
3 34 0.5708573567344573
3 35 -0.8032019719857155
3 36 -0.13382077406121495
3 37 -0.04337736448795981
3 38 -0.9583831185860454
3 39 -0.6373341849164351
3 40 0.5005866501785796
3 41 -0.029898636729023265
3 42 -0.7786880575663879
3 43 -0.0030499797903591475
3 44 0.9110487092418236
3 45 0.4051339351878829
3 46 0.5971888248751553
3 47 -0.48703131945725375
3 48 -0.388861598004413
3 49 -0.7634467948905661
3 50 0.37792080509953574
3 51 0.6692692831453584
3 52 -0.5748776967444822
3 53 0.858216574652301
3 54 -0.22834201699423673
3 55 -0.8483607454605473
4 4 0.529256577430328
4 5 -0.11941192033548864
4 6 -0.1467979806165991
4 7 -0.2619102213779061
4 8 0.9252631923348396
4 9 -0.9038921103138922
4 10 -0.6423628607431531
4 11 -0.06417661663336349
4 12 -0.5874143851847025
4 13 0.7448562126688594
4 14 -0.9791962610355232
4 15 0.2523996096536887
4 16 -0.8858076133503139
4 17 0.5599831910306796
4 18 -0.11504165369668473
4 19 -0.8950778816905887
4 20 -0.7154121555711537
4 21 0.31451969823984127
4 22 0.5392689861086255
4 23 0.5310229797698351
4 24 0.7366155755018042
4 25 0.9059629846272472
4 26 0.7434703267863323
4 27 0.9950062079591373
4 28 0.5787024689196014
4 29 0.21734298954795972
4 30 0.4791664981797965
4 31 -0.4332890690363673
4 32 0.9173609142766339
4 33 -0.4710696907698655
4 34 -0.6125386696651045
4 35 0.11484547925748867
4 36 0.4636663915835755
4 37 0.8937366986711683
4 38 0.47597689051414127
4 39 0.13489288254403142
4 40 0.9251423304883852
4 41 -0.9288978232059046
4 42 -0.44496795648027354
4 43 0.16096991145447404
4 44 -0.8197298453456752
4 45 -0.016449233919606954
4 46 -0.02207223270702796
4 47 -0.9976471206596513
4 48 -0.3454279241631093
4 49 0.2851181753435015
4 50 -0.36267777895744047
4 51 0.8275316496131948
4 52 -0.8760841802550952
4 53 0.9063412854167456
4 54 0.9528544806388022
4 55 0.9307978494507807
5 5 0.825828077326402
5 6 -0.8514635571848164
5 7 0.19723562620393698
5 8 -0.7855391463527137
5 9 -0.6263812046851045
5 10 0.839598490660787
5 11 -0.3972690111555912
5 12 0.5810891653809569
5 13 0.05831941621416492
5 14 -0.30005557491545365
5 15 -0.8138319002140169
5 16 -0.6821270189384772
5 17 -0.7575822442562319
5 18 0.3421045536125986
5 19 0.777101223100211
5 20 0.07536253927024905
5 21 0.3720072441366613
5 22 0.22331495257466316
5 23 0.8996160371936919
5 24 0.7788829562860471
5 25 0.8841857916602325
5 26 -0.45931585006361475
5 27 -0.8815888747715812
5 28 0.6348403021994076
5 29 0.7729694697748859
5 30 -0.2269541224042031
5 31 -0.9562419641903619
5 32 -0.10154180907549004
5 33 0.6670496526921013
5 34 0.7473241766985801
5 35 0.07813986117082217
5 36 -0.9294948286596632
5 37 0.14333015929726334
5 38 0.41762537903311747
5 39 -0.9967956660965316
5 40 -0.13983592213555118
5 41 0.02915917693287362
5 42 0.7914138821583452
5 43 0.17735126614693852
5 44 0.2473652796443857
5 45 -0.6183959496923734
5 46 0.44706584098788515
5 47 -0.560931911633687
5 48 -0.11278394149113202
5 49 -0.9855316715284193
5 50 -0.15156247090253516
5 51 -0.8077104351753577
5 52 -0.3803166855279845
5 53 0.8441631531392157
5 54 0.22511977709632291
5 55 -0.06636412025227112
6 6 -0.4245152631230096
6 7 0.1503351598466005
6 8 -0.31615936326813987
6 9 -0.6030163549039986
6 10 0.7053538593857431
6 11 0.41481866034546844
6 12 -0.4290335503947762
6 13 0.3257599934210509
6 14 0.2903982004554213
6 15 0.8967886815741126
6 16 -0.7038684412280298
6 17 0.8431900238927921
6 18 0.6227739831477019
6 19 0.2410789850000703
6 20 -0.235743319858555
6 21 0.14032899384972808
6 22 0.8903876513712581
6 23 0.5969009072735401
6 24 -0.9865271208721262
6 25 -0.066769971904024
6 26 -0.8927011916555738
6 27 -0.37532000664053267
6 28 0.45154726383387067
6 29 -0.15017449079890444
6 30 0.239730381379065
6 31 -0.1998334838243332
6 32 0.6011756383588502
6 33 0.6171107841597425
6 34 -0.5442081239599403
6 35 0.22036173906148337
6 36 -0.1913812908126442
6 37 0.3185468961847926
6 38 -0.059755281011178774
6 39 0.1242634186645808
6 40 0.8038867249743229
6 41 0.0568847653967659
6 42 0.44818650061284826
6 43 0.6874327616123224
6 44 -0.47351925086933866
6 45 -0.1978215157864407
6 46 0.8743692153628118
6 47 -0.981164447327882
6 48 -0.5629627393715464
6 49 -0.30622764645265277
6 50 -0.16447683136016678
6 51 -0.17697410722155626
6 52 0.8979565940624363
6 53 -0.26104861388227407
6 54 0.12207126303292348
6 55 0.464853085848161
7 7 0.055205992757486166
7 8 0.30620831832174367
7 9 -0.41614703579496726
7 10 -0.4975044358638423
7 11 -0.33482367909210575
7 12 0.34199661425566164
7 13 0.5420456014826527
7 14 -0.2901523234825647
7 15 -0.1565369570121551
7 16 -0.1081715211235994
7 17 0.9274540250462922
7 18 -0.9328605155873639
7 19 -0.6189101348606079
7 20 -0.6798609166397216
7 21 0.6578226669646097
7 22 0.4065322535991156
7 23 -0.5886970162873182
7 24 -0.8732904487891298
7 25 0.535445126308459
7 26 -0.4016429158442212
7 27 -0.9206338546452915
7 28 -0.5479848033981918
7 29 0.43311937275738677
7 30 -0.4464413786308452
7 31 -0.10691501809055426
7 32 -0.13069935375094377
7 33 -0.905956832009021
7 34 0.6160590616210462
7 35 -0.055299536649269454
7 36 -0.323635031381009
7 37 -0.98312386703687
7 38 0.2731256588401201
7 39 -0.4771100064037874
7 40 -0.2752681050515824
7 41 -0.56874620387664
7 42 0.021046156195016374
7 43 0.43948600231406076
7 44 -0.8202220119054713
7 45 0.4479553767592357
7 46 0.6281719562285959
7 47 0.16303617970428586
7 48 0.399096920127205
7 49 -0.6514115526624937
7 50 0.9454032371852581
7 51 -0.0008987436352920763
7 52 0.3998238514777759
7 53 0.7456033172404597
7 54 -0.6436276294401613
7 55 -0.4864591561789866
8 8 0.5009604932793674
8 9 0.10468607273999053
8 10 0.3599276876316193
8 11 -0.6878046163115183
8 12 -0.3715799523167804
8 13 0.9137558198806817
8 14 -0.8957809262002909
8 15 0.41892820007514464
8 16 0.35594070948160716
8 17 0.8652750159242613
8 18 0.9913696537799161
8 19 -0.7368497172966331
8 20 0.34375027990080786
8 21 -0.4434642963892512
8 22 0.9103680506820813
8 23 0.38144400458767613
8 24 0.5535029820232786
8 25 0.4049596156097983
8 26 0.2007268374311777
8 27 -0.005638727800353571
8 28 -0.7427834319683377
8 29 -0.4171713746317993
8 30 -0.9709806367065452
8 31 -0.8181282993037675
8 32 -0.7492196017694988
8 33 -0.04262810034907094
8 34 -0.8837717704253063
8 35 0.5854324265656958
8 36 -0.1691060198938561
8 37 0.714630505186689
8 38 0.668468641661359
8 39 -0.4989276075263225
8 40 -0.7043957715047142
8 41 0.8126654667192852
8 42 0.1180290151019574
8 43 0.5154956164587117
8 44 -0.25874697936030766
8 45 0.6281622007212129
8 46 -0.9459112527528681
8 47 -0.8935790674559918
8 48 -0.0037610450053147115
8 49 0.7615889349670326
8 50 0.8169609021834927
8 51 -0.15942774832744577
8 52 -0.6919529325713396
8 53 0.993983839908227
8 54 -0.07214940433115413
8 55 0.15948456849601844
9 9 -0.44302364801338245
9 10 -0.27052083684595063
9 11 -0.438603886255428
9 12 0.46253239967339876
9 13 0.9287120414368719
9 14 0.510057468638049
9 15 -0.6826786198037913
9 16 0.1545053291627274
9 17 -0.7827051885024972
9 18 0.01649031672803747
9 19 0.8705171070369424
9 20 -0.015785469912245498
9 21 0.5435941086633982
9 22 0.5635368899426627
9 23 0.0337537411322808
9 24 0.14822203311981874
9 25 -0.4854974666106331
9 26 -0.16423118127406489
9 27 0.3126999795965113
9 28 0.6526510570604007
9 29 0.6111581331202622
9 30 -0.46427491893132666
9 31 -0.6690175112460184
9 32 0.8278488145787364
9 33 -0.10594141672432666
9 34 -0.40027630668790004
9 35 -0.6621243735724058
9 36 0.2487149271754705
9 37 0.7469865988785109
9 38 0.3590318636702048
9 39 0.1493961481999042
9 40 0.7878969530025715
9 41 -0.2667698143735522
9 42 -0.5849467092885217
9 43 0.2250563060401407
9 44 0.6977734743929771
9 45 -0.4884264805694154
9 46 0.8009070481105796
9 47 0.06736054750996079
9 48 -0.8058102218606684
9 49 0.9532674540992672
9 50 0.4113441924762502
9 51 0.56794766990456
9 52 0.15372185832923013
9 53 0.6191393866943982
9 54 -0.021573145554839135
9 55 -0.9744332710247781
10 10 -0.9928919138219663
10 11 0.9541756750538248
10 12 -0.9158846338713975
10 13 0.9795278171246458
10 14 0.19959264149553335
10 15 0.6122702796278665
10 16 0.4943552044648303
10 17 -0.5530502743114505
10 18 -0.08115131876568848
10 19 -0.21662166728387255
10 20 -0.004994533716490501
10 21 0.9443541704733771
10 22 -0.08580199235630981
10 23 -0.895708739745152
10 24 -0.11778670769421895
10 25 0.38599210952128327
10 26 0.24293376524292132
10 27 -0.4718074693276493
10 28 0.15851540421784494
10 29 0.1760461491062224
10 30 0.4337345161851851
10 31 -0.9167778161719249
10 32 -0.6723036732589556
10 33 -0.012641568472747444
10 34 -0.2954404870010896
10 35 -0.46581266195886517
10 36 -0.8522629133749635
10 37 -0.9015373543213037
10 38 0.36098060939810317
10 39 -0.7193215647532532
10 40 0.2646088191802969
10 41 -0.7373636089106246
10 42 -0.5268889748998091
10 43 -0.8982931007736317
10 44 0.4729636655156333
10 45 0.7867392976529535
10 46 -0.6864214759571712
10 47 0.49408335345354204
10 48 -0.954741884697768
10 49 0.10458869044187136
10 50 -0.7075610959091669
10 51 -0.7809852236595534
10 52 -0.15945524438967706
10 53 0.22605411397922492
10 54 -0.4026591569603697
10 55 0.811200671538332
11 11 0.37174218111962487
11 12 0.33788477100014314
11 13 -0.7008176918405227
11 14 0.04170896462458695
11 15 -0.8765308001846974
11 16 -0.9836148134168943
11 17 -0.960657014913515
11 18 0.47428954003968804
11 19 -0.2926513959334429
11 20 0.742159219048744
11 21 -0.43980633874157093
11 22 0.7187095287551646
11 23 -0.6631089728576385
11 24 -0.15981395899264084
11 25 0.20412060287771605
11 26 0.9899756100521369
11 27 -0.7560945335703739
11 28 -0.5755631657656644
11 29 0.1082400477688974
11 30 0.8740956298754381
11 31 -0.4814605026899452
11 32 0.484980272920311
11 33 0.7075733287297912
11 34 0.714474319144419
11 35 0.3799923284812843
11 36 0.3132318843227373
11 37 0.09719639371343125
11 38 0.894143222210579
11 39 -0.7129876927448897
11 40 -0.9070174233003709
11 41 0.10370842936914948
11 42 -0.3345146897493463
11 43 -0.11270672781337532
11 44 -0.8164218278969142
11 45 0.0065361660115741405
11 46 -0.777204118497083
11 47 -0.7843048020184222
11 48 -0.8685367830178792
11 49 0.8123268584641037
11 50 -0.7387516117056392
11 51 0.250003078805316
11 52 0.6116613128521555
11 53 0.40920441867911017
11 54 0.2913336893503695
11 55 -0.12360886893212797
12 12 -0.928794393024656
12 13 0.8155375205889122
12 14 0.041161247749904595
12 15 -0.6397482417067342
12 16 0.6862766785377743
12 17 -0.23749011575297185
12 18 0.02872311479232814
12 19 0.594351399968017
12 20 0.6117045891371333
12 21 0.9297597098747281
12 22 -0.7437980741430961
12 23 0.7035906520990534
12 24 -0.81640147801302
12 25 0.36180206517414915
12 26 0.5107510791595402
12 27 -0.8606545679085764
12 28 -0.7528322903162443
12 29 -0.6094278411999843
12 30 -0.38132782671995624
12 31 -0.495778354564097
12 32 -0.3325227811673368
12 33 -0.7963787265934834
12 34 0.4177637476115956
12 35 -0.6850432821061225
12 36 -0.366161695982296
12 37 -0.635328623204725
12 38 0.9734787461541414
12 39 0.6413462991478494
12 40 -0.5121182848765893
12 41 -0.514802281317859
12 42 -0.41253217411374
12 43 -0.6020556742246079
12 44 -0.6883314244414123
12 45 0.8984101827492199
12 46 0.550526563542376
12 47 -0.9273213940965572
12 48 0.3434663810126235
12 49 -0.8692539094101399
12 50 0.2269675607523607
12 51 -0.4098989164474913
12 52 -0.3519005712946863
12 53 -0.5844567812053991
12 54 0.1504376711094353
12 55 0.4177571669284541
13 13 0.08578831136487941
13 14 -0.7221471905432351
13 15 -0.6357141122856893
13 16 -0.4678405056943762
13 17 0.6450962398618545
13 18 0.2139415927549866
13 19 0.4982359028449237
13 20 0.09954495487094506
13 21 -0.5276589689931312
13 22 -0.5167511208776616
13 23 0.9745003119642597
13 24 0.7251390717054949
13 25 0.06473952627513535
13 26 0.02367462707674073
13 27 0.241153208946008
13 28 0.20487797197542235
13 29 0.5027310730189536
13 30 -0.16483971543333542
13 31 -0.8557587971786143
13 32 0.8425752456625262
13 33 0.3162576675050779
13 34 -0.44373557032155486
13 35 0.8406071309743262
13 36 -0.45430742697240656
13 37 -0.9751915876156965
13 38 0.9780363756368806
13 39 0.7690790504563276
13 40 -0.7653514564685069
13 41 -0.8495174436660484
13 42 -0.2504676823914951
13 43 -0.9069145470266542
13 44 -0.9882733899098997
13 45 -0.5061186482656319
13 46 -0.3122117471029584
13 47 -0.7179467292434918
13 48 0.5996740766943276
13 49 0.8391902246372522
13 50 -0.5282811666702505
13 51 -0.04311239618096385
13 52 0.5089306417147883
13 53 -0.26531785078891645
13 54 0.2264209422756518
13 55 -0.8735332553394755
14 14 -0.1533529456745497
14 15 0.293397639241445
14 16 -0.8121715902957733
14 17 0.7829056608512086
14 18 0.9314382610973806
14 19 0.7143727795186521
14 20 -0.41746404347834987
14 21 0.9528183506978203
14 22 0.4728337746932727
14 23 0.3903105154635689
14 24 0.9798160432289706
14 25 -0.10545966751421165
14 26 0.9120081020731119
14 27 0.5021883658037141
14 28 0.7536255282873601
14 29 0.5743503501970615
14 30 -0.9580972553604994
14 31 0.031658805704595894
14 32 0.8521387281187847
14 33 0.8908556716462954
14 34 -0.2261814115916132
14 35 0.4294221203239168
14 36 0.8167263496289774
14 37 0.4105445742883178
14 38 -0.863216976365976
14 39 0.4509543498653592
14 40 -0.2015080800173017
14 41 -0.2224704544927283
14 42 -0.1576846039199249
14 43 -0.41026630569053113
14 44 -0.35928396559552156
14 45 0.8872361879302806
14 46 0.9291136552730916
14 47 0.28182265469311774
14 48 0.6168245192904334
14 49 0.8594834472435968
14 50 0.27341040815200657
14 51 0.5379249592745459
14 52 0.11614931259313765
14 53 -0.6586063857805431
14 54 0.3053794887809722
14 55 -0.1867949682711827
15 15 0.2207872208798356
15 16 -0.8261021790852916
15 17 -0.7105398474059774
15 18 0.9104072571655912
15 19 -0.2883984434161355
15 20 -0.43283236045001083
15 21 -0.12817145995360546
15 22 -0.7862073334741595
15 23 0.10306982056019298
15 24 -0.4591876946301656
15 25 -0.31025482104703683
15 26 -0.7726767088616344
15 27 -0.7196976035400697
15 28 -0.30986120771668535
15 29 -0.09363389950929535
15 30 -0.8650360262863739
15 31 0.7480491116932817
15 32 0.3530113743500549
15 33 0.8673665057123288
15 34 0.263762069845513
15 35 -0.607086087781467
15 36 0.6596417839688156
15 37 -0.6813790416246195
15 38 -0.9673674823635701
15 39 0.9834209526352093
15 40 -0.7213853356630011
15 41 0.6981448673571653
15 42 -0.6257440203322109
15 43 0.2359214323681893
15 44 -0.8456790493846653
15 45 -0.4600995731845188
15 46 -0.46613227520565337
15 47 0.9850412102451467
15 48 -0.8674028140245731
15 49 0.8827100305460234
15 50 -0.3069890041616521
15 51 -0.9228326214290901
15 52 0.04913784537756527
15 53 0.3258154671370759
15 54 -0.765810706838014
15 55 0.3054112874990629
16 16 -0.8476162411851493
16 17 0.2612684384803743
16 18 -0.13888693724331813
16 19 -0.65697128171129
16 20 -0.9846435806103673
16 21 -0.811669456087537
16 22 0.2921805881271975
16 23 -0.6141692387398017
16 24 -0.2106398569926371
16 25 -0.357721962821431
16 26 -0.4498065665136983
16 27 -0.43386231650132845
16 28 -0.07194959049232597
16 29 -0.6750861552496681
16 30 0.32969997504881565
16 31 -0.5382880581523146
16 32 0.849377519812943
16 33 -0.9765110465169156
16 34 0.14080001562580868
16 35 0.8550142078954264
16 36 -0.9759609249061105
16 37 0.32701281250176306
16 38 -0.36396353651835445
16 39 -0.6074553640198872
16 40 -0.5940018273606293
16 41 0.03564387989714679
16 42 -0.9194995963240087
16 43 -0.48045547848068737
16 44 0.7570947653317213
16 45 0.8691987347146581
16 46 -0.4339834324131535
16 47 -0.8123576470081146
16 48 -0.7061344480191172
16 49 0.8841613996817521
16 50 -0.9495583334245847
16 51 -0.09047013139519455
16 52 0.37080836852906174
16 53 0.12800050116709616
16 54 -0.04896005567872064
16 55 -0.9985451225408142
17 17 0.012345325545056518
17 18 0.41235118973036045
17 19 0.3467313441231985
17 20 0.6791888267169612
17 21 -0.45778149313998484
17 22 -0.36577717694900636
17 23 -0.7426261831128287
17 24 -0.08637110472283438
17 25 -0.35701746900282005
17 26 0.021495647679742547
17 27 -0.22201119994792884
17 28 0.9973800670382669
17 29 -0.8576061672797968
17 30 -0.9240420574752877
17 31 -0.961752773970832
17 32 0.43904769212579575
17 33 -0.5203335842897745
17 34 -0.13655492848517503
17 35 0.6385144304428729
17 36 0.41187887075840357
17 37 -0.6724402074915543
17 38 -0.22499618877076633
17 39 0.8852594525534536
17 40 0.6554050683686612
17 41 0.5077092635577569
17 42 -0.2769342062367306
17 43 0.9064541504688874
17 44 0.34309796062630404
17 45 -0.9965192977760455
17 46 0.1766945393755317
17 47 -0.9590306220553526
17 48 -0.9801261431851414
17 49 -0.8812817474573709
17 50 0.5399552335709141
17 51 0.9875846091436378
17 52 -0.8067759372508314
17 53 0.8888612498746764
17 54 -0.48818604697407286
17 55 -0.29292555732528536
18 18 -0.5790356727961441
18 19 -0.16449166016576267
18 20 0.05856135822433073
18 21 -0.362680722526207
18 22 -0.4137396208325408
18 23 -0.054472012024391114
18 24 0.7573351691877639
18 25 -0.24814152492230956
18 26 -0.2147704606489187
18 27 0.27259193062721376
18 28 0.9999711048073048
18 29 0.8414345581437399
18 30 -0.8555553092783819
18 31 0.11368731331873572
18 32 0.39438010335952023
18 33 0.33010278931053594
18 34 0.6681161942536669
18 35 -0.8233981815781428
18 36 -0.2366183108748383
18 37 0.16519244747722928
18 38 0.5079941529611833
18 39 0.730154594273023
18 40 0.4491817436979564
18 41 -0.9489281074940501
18 42 -0.9284052593751799
18 43 -0.8874012976375094
18 44 0.16229559994621856
18 45 0.7413986125111958
18 46 -0.5039826612106351
18 47 0.12929021132707685
18 48 0.6040996949179092
18 49 0.7381464682840151
18 50 -0.9890772989156391
18 51 -0.9242626357015837
18 52 0.2598921185588694
18 53 0.15996321500348598
18 54 -0.9690914939036499
18 55 0.2898214061597222
19 19 0.22810852664102432
19 20 0.4295816919572035
19 21 0.7118345405446682
19 22 -0.34113884461838784
19 23 0.4283705120550425
19 24 0.7749630744311695
19 25 -0.6202078838244032
19 26 -0.8264020627344628
19 27 0.7579540444168411
19 28 0.7848081351324716
19 29 -0.02225145017222996
19 30 -0.35959061079021004
19 31 -0.09553591600395128
19 32 -0.8756113255786253
19 33 -0.3211532192700941
19 34 0.30310257963191223
19 35 -0.3729062735684421
19 36 0.0810560376446623
19 37 0.8832424891417079
19 38 -0.9230804908762029
19 39 0.122545106749955
19 40 -0.314404177346415
19 41 0.27196532383116856
19 42 -0.8672454987192064
19 43 0.3265069215859999
19 44 0.4410706102790809
19 45 -0.6491371693305747
19 46 -0.8142900422478729
19 47 -0.9028897607184876
19 48 -0.24779816574049507
19 49 -0.5556270862652621
19 50 0.680105708863977
19 51 0.9334971376623942
19 52 -0.8036672623391901
19 53 0.8562204782687262
19 54 -0.7190687437549927
19 55 0.786752941401996
20 20 0.3241705282672185
20 21 0.020911233172925314
20 22 -0.13108243383776363
20 23 -0.06876004687422421
20 24 -0.7950907459781262
20 25 -0.9488294211142192
20 26 0.17657081742560687
20 27 -0.8013318300964811
20 28 0.4494555461524976
20 29 -0.5069037518368946
20 30 -0.5071749633517537
20 31 0.2990369269025268
20 32 0.1882009319146427
20 33 0.1355165227677877
20 34 -0.22071709280704743
20 35 -0.5590177301483517
20 36 0.8716611878984712
20 37 0.6494546734567332
20 38 -0.41849251505862495
20 39 0.971654610020753
20 40 0.3613560397111426
20 41 -0.09743447599897914
20 42 0.7339612590091484
20 43 0.5173619747782501
20 44 -0.9587164668818655
20 45 -0.221230547830779
20 46 -0.9065588835145169
20 47 0.3867147216371336
20 48 0.4653295996379565
20 49 0.4896716268260213
20 50 0.8213313272587404
20 51 0.3449324354989354
20 52 0.6420882867326414
20 53 0.560902443191261
20 54 0.6322424058281011
20 55 0.3750910112128154
21 21 -0.97316419086071
21 22 0.3449718184540278
21 23 0.8933915597976239
21 24 -0.9379772419032155
21 25 -0.37014559995982954
21 26 -0.8504169777499073
21 27 0.33964949912817133
21 28 -0.1855012716483646
21 29 -0.6955357872955363
21 30 0.40116290910209607
21 31 -0.6311031389938377
21 32 -0.17226496520343137
21 33 -0.6248045183519522
21 34 -0.9682629959023765
21 35 0.029447920951089612
21 36 -0.5117003814388388
21 37 0.40567372777303046
21 38 0.8695450034517576
21 39 0.38974936521126824
21 40 -0.9990210759427964
21 41 -0.7149119113534528
21 42 -0.9750957240969786
21 43 0.9093567759502179
21 44 0.3222890674704655
21 45 0.33100753294312124
21 46 0.5503304101947857
21 47 0.36217634528576714
21 48 -0.01892546307306353
21 49 -0.7135658152268944
21 50 0.9002282189588762
21 51 0.7129923909962677
21 52 0.5299430885477101
21 53 0.4588950348557128
21 54 -0.678959668900361
21 55 -0.028791942563864525
22 22 -0.11704678048584793
22 23 0.6165483384314374
22 24 0.8912005921859609
22 25 0.7300057564339246
22 26 0.3932184784401467
22 27 0.7275929499960594
22 28 0.587197685254476
22 29 0.054067323665399014
22 30 -0.1626226414112404
22 31 0.6746247734923432
22 32 -0.17504318588796175
22 33 0.2202286187265028
22 34 -0.049524763800767424
22 35 0.7667065341395609
22 36 -0.7729771559379432
22 37 -0.821666073554481
22 38 0.9798965049052641
22 39 0.11791789426998589
22 40 0.23209001003647844
22 41 0.6091771491344213
22 42 0.4730635471580751
22 43 -0.08228125387643881
22 44 -0.337434962470065
22 45 -0.5346043468664361
22 46 -0.6779474769627212
22 47 -0.5729592216157258
22 48 -0.38363543241492826
22 49 -0.5128855474600944
22 50 -0.5132887744124695
22 51 0.36620291694677976
22 52 -0.6573364773543435
22 53 -0.5540515134566295
22 54 -0.7056215936130112
22 55 -0.26016489583093794
23 23 0.6107308873731163
23 24 0.3567691535049
23 25 -0.04456834074182603
23 26 -0.363737464571122
23 27 -0.9941857870301969
23 28 0.4348204597009888
23 29 -0.5343798351535058
23 30 0.04300439058513117
23 31 0.10763920171425867
23 32 0.1360935955236653
23 33 -0.5046158781108045
23 34 0.6733247316059057
23 35 -0.11239635757592636
23 36 -0.399330287585558
23 37 0.48806688512586427
23 38 0.6032856335721224
23 39 -0.7415294076041941
23 40 -0.1850058024886645
23 41 -0.25365621735387456
23 42 0.4643898507190134
23 43 0.22751224947490156
23 44 0.5132260218613651
23 45 0.2873922936351412
23 46 -0.6163953937480451
23 47 0.913740330698112
23 48 -0.9761836018839216
23 49 -0.7372878711977362
23 50 -0.905396707940445
23 51 -0.046520672752546455
23 52 0.009792138143170703
23 53 0.05797800923725838
23 54 0.922428257942838
23 55 0.05119232930915518
24 24 -0.8503446784716187
24 25 -0.8541054311588527
24 26 -0.7873061947838185
24 27 -0.6093341544218418
24 28 0.7583653484799775
24 29 0.7736900527560269
24 30 0.8851501920044953
24 31 -0.36070615781612836
24 32 0.05484635049703712
24 33 0.10317197518837284
24 34 -0.795121604870795
24 35 -0.3080888190056621
24 36 -0.9305303924636259
24 37 0.02288349240826082
24 38 0.42684630846138827
24 39 -0.22012935706227665
24 40 0.3642895299540978
24 41 0.6316304541512221
24 42 0.2868182630220959
24 43 0.9542890326252638
24 44 -0.4202906026463056
24 45 -0.07642889905108441
24 46 0.4113973436917351
24 47 0.18926348152496186
24 48 0.4013903604506628
24 49 -0.02553478169775314
24 50 -0.6056762670083373
24 51 0.8165275234022187
24 52 -0.1586835991740858
24 53 -0.04573768324991789
24 54 0.4047373433392729
24 55 0.03363703483196745
25 25 -0.9171557498684724
25 26 0.2691988278838393
25 27 -0.6927056831830987
25 28 -0.05283599885822765
25 29 -0.9796068643309117
25 30 0.5869541510637122
25 31 -0.35516332291302266
25 32 -0.23012031440106107
25 33 0.2991633016777844
25 34 0.596354132334652
25 35 -0.2879693847860805
25 36 -0.13125744705393227
25 37 -0.21955376841561347
25 38 -0.3078049105304854
25 39 -0.5421924921302839
25 40 0.44826219657085997
25 41 -0.9262337394183828
25 42 -0.6946133521438167
25 43 -0.2909073313267132
25 44 0.7592250941579688
25 45 -0.9467682290828305
25 46 0.5981034329451886
25 47 -0.5237707055458753
25 48 -0.7006287525185388
25 49 0.4441854710028068
25 50 0.8937713021569664
25 51 0.31441749637617944
25 52 0.17744152740688257
25 53 0.15855823980720407
25 54 0.17606844456527093
25 55 -0.2260259148917252
26 26 -0.8598325138017395
26 27 0.6325675907918173
26 28 -0.8692096819684572
26 29 0.3344123729041102
26 30 -0.42849126100402035
26 31 -0.6540151838390269
26 32 -0.37895473522933143
26 33 -0.5957791844386131
26 34 0.8211942969440269
26 35 -0.3249378680646966
26 36 -0.5545522221968315
26 37 -0.820445218957188
26 38 0.31163749951864017
26 39 0.303938847280824
26 40 0.44195338216044067
26 41 0.11969762569995357
26 42 -0.3854103607672055
26 43 0.13025369239254747
26 44 0.3311120720697891
26 45 -0.7309499531592525
26 46 -0.24990380964579328
26 47 0.0321627660638264
26 48 -0.8715831920325772
26 49 0.2575853875062428
26 50 0.2629945401603113
26 51 -0.6773551095353509
26 52 -0.9287251059845958
26 53 0.9148887430574926
26 54 0.6017316499861156
26 55 0.8105697352078127
27 27 -0.2966776987824642
27 28 -0.629704539310072
27 29 0.783405398543894
27 30 -0.4537976492347935
27 31 -0.5241791592858265
27 32 -0.15153784149376426
27 33 0.5353413440921808
27 34 0.040635776342717866
27 35 0.5271616461158632
27 36 0.2361678544996475
27 37 -0.9844495275811773
27 38 0.12481861658585602
27 39 0.5413983604800097
27 40 0.2167922636370352
27 41 0.625338174073919
27 42 0.12064047097792518
27 43 0.1497471962607484
27 44 0.9570135929408268
27 45 -0.20572000771644405
27 46 -0.7645866721775625
27 47 -0.184061647635696
27 48 0.6899555163865874
27 49 -0.7257731257607394
27 50 -0.891263510470653
27 51 -0.6501724557490547
27 52 0.13552861490689527
27 53 0.7646901656180303
27 54 -0.39625636999909797
27 55 -0.7306465754600706
28 28 -0.8172622926449713
28 29 -0.6987588633520654
28 30 -0.867563631284648
28 31 -0.08186292684796914
28 32 -0.1846161005466651
28 33 -0.57712161987779
28 34 0.02479115081854122
28 35 -0.5813412323268461
28 36 0.8589730781656171
28 37 0.33281702669744884
28 38 0.44913107414300235
28 39 0.7756561166586142
28 40 0.7279883733942158
28 41 0.20531206902566024
28 42 0.7033401664766752
28 43 0.2450901338075302
28 44 -0.08938917574953753
28 45 -0.5275929631104701
28 46 0.546125026701825
28 47 0.5858929365273715
28 48 0.6715797603953124
28 49 0.48614377240071316
28 50 0.6423710899849879
28 51 -0.9758804797636562
28 52 0.8573216368824501
28 53 0.7810555918284019
28 54 -0.9670855695365861
28 55 0.613964720401897
29 29 0.5102759557976604
29 30 -0.9871446334058738
29 31 0.016375353542300353
29 32 0.18496459199680282
29 33 0.03855241472679394
29 34 0.4836566734682728
29 35 0.6898458764020337
29 36 -0.08307560197124797
29 37 -0.14191050602598154
29 38 0.5802225911852581
29 39 0.49026092218168404
29 40 0.33891186700165155
29 41 -0.13189771857353483
29 42 -0.8737375118837236
29 43 0.3422969460653613
29 44 -0.08186709038272433
29 45 -0.2907480784618197
29 46 0.872462273573541
29 47 -0.8467300273822931
29 48 0.46120775642997436
29 49 -0.8725198703635986
29 50 0.7580268753223462
29 51 0.1123564261576584
29 52 -0.3690270190250333
29 53 0.5467535692868628
29 54 0.9684642902048468
29 55 0.7800443173578433
30 30 -0.1644924344373071
30 31 0.5502920504646658
30 32 0.7932907024401665
30 33 0.4512745713532107
30 34 -0.38015612909187446
30 35 0.5447353649600344
30 36 0.4472447376688047
30 37 0.8090316529389676
30 38 0.8971489403366895
30 39 0.31290852449877327
30 40 -0.20605581689552555
30 41 0.7218466087730377
30 42 -0.9685618884716227
30 43 0.6341604971209904
30 44 0.30530087535047956
30 45 -0.08408052520379417
30 46 0.18799115929722054
30 47 0.023325364181198793
30 48 -0.1650988962379607
30 49 0.4161151204470288
30 50 0.11714545065482329
30 51 0.8740325832154685
30 52 0.11902948846935013
30 53 0.7147532067213869
30 54 -0.12020388274595417
30 55 -0.2790505904639782
31 31 0.15293551059521882
31 32 -0.2511229857900372
31 33 0.8671836879150872
31 34 0.39408645176916113
31 35 -0.7801203728047039
31 36 0.5804117542264875
31 37 0.4575782765007861
31 38 -0.31401717068074
31 39 -0.42997134770218315
31 40 -0.8952036822863285
31 41 0.620466061825574
31 42 -0.8847213374457366
31 43 -0.48449512256409055
31 44 -0.9537511316288299
31 45 0.6759659399787221
31 46 0.12240455666635341
31 47 0.0820715415055322
31 48 0.24064076374970655
31 49 -0.17962288432671714
31 50 0.8396911084923826
31 51 0.04324550857993503
31 52 -0.5796766560350242
31 53 -0.4846199197027212
31 54 0.7125058715393255
31 55 0.6341538952555545
32 32 0.3070524241236334
32 33 -0.9397548225916779
32 34 -0.7527487062817422
32 35 -0.9263028201216448
32 36 0.25963375008058964
32 37 0.816852026453514
32 38 -0.8841469385537606
32 39 0.46682033123504385
32 40 -0.2536692625810879
32 41 0.18166354679274788
32 42 0.6748753094143696
32 43 0.8707680420551702
32 44 -0.9960845466857233
32 45 0.41408645687334333
32 46 0.055397469161719615
32 47 0.8966920247831249
32 48 0.24934575190031283
32 49 -0.33200831904155437
32 50 0.5182789744294669
32 51 0.9091863508952656
32 52 -0.4361559430951645
32 53 -0.384754520011668
32 54 0.7078264633074991
32 55 -0.026363027828254504
33 33 -0.275106991262303
33 34 -0.6366092233994833
33 35 0.6930053047820972
33 36 0.6771061270232779
33 37 0.8306175232346524
33 38 -0.07665277439173801
33 39 -0.5660381418606542
33 40 0.2504280929826106
33 41 0.2901295799252692
33 42 0.9490064604672666
33 43 0.9660540770467949
33 44 0.8198673373365772
33 45 -0.3340374973170728
33 46 -0.8658770746606084
33 47 0.8812895175206465
33 48 0.4322292899556608
33 49 -0.10599730503789573
33 50 -0.1062400649445272
33 51 0.8273849387902739
33 52 0.7774248794337908
33 53 0.8981273508555365
33 54 -0.186780068485922
33 55 0.8678293275275086
34 34 -0.1663923948971675
34 35 -0.755641503763407
34 36 0.8008379759656421
34 37 0.22944482282739598
34 38 0.012380952220134356
34 39 0.4450142762126075
34 40 0.6957617865661363
34 41 -0.46794010169782596
34 42 -0.2000598391476518
34 43 0.2690798027203434
34 44 -0.5965840646405485
34 45 0.5739149953381992
34 46 0.1304038896741404
34 47 -0.6328258462234717
34 48 -0.783186754772166
34 49 -0.6596840856410287
34 50 -0.44381083763570395
34 51 0.9123726513803914
34 52 -0.012553347856413266
34 53 -0.4465399722316197
34 54 -0.686715295472949
34 55 0.7303391403594626
35 35 -0.303452219550129
35 36 0.6822559970786306
35 37 0.5934983570289378
35 38 0.05429759492569408
35 39 -0.5105041143652913
35 40 0.38586486661591834
35 41 0.8504626596948235
35 42 0.7488174166930046
35 43 0.44480394507060184
35 44 0.44665816924829493
35 45 -0.2960025947535112
35 46 -0.8889631299527181
35 47 0.48047002018423024
35 48 0.5187712719889179
35 49 0.6893894518404327
35 50 -0.4083583831757518
35 51 0.5426234715406764
35 52 0.4500968544064532
35 53 -0.7238561983884522
35 54 0.9655420446892731
35 55 0.43154733237066156
36 36 0.19151190454491207
36 37 -0.9962260034963906
36 38 0.7393979110848619
36 39 0.15569802039681924
36 40 -0.768872787579022
36 41 0.8542146910579689
36 42 -0.3585709120484204
36 43 -0.7775196163627889
36 44 0.6725738883091719
36 45 -0.9318818270938942
36 46 0.9464190638891818
36 47 -0.1658577677590114
36 48 0.5284666511432488
36 49 0.6739391281348321
36 50 -0.49172144412505103
36 51 0.7861712951904445
36 52 -0.17234580828794566
36 53 -0.11075138769940152
36 54 0.7189628119673255
36 55 -0.4500814470359962
37 37 -0.1628540863343999
37 38 -0.44460028389183237
37 39 0.7765953747125287
37 40 0.12962445718744742
37 41 0.12802100859164156
37 42 -0.588535643518785
37 43 0.8043926270268984
37 44 -0.28747618326373714
37 45 0.14448452307385318
37 46 0.3858637334543913
37 47 -0.943476188485121
37 48 -0.21433747730329444
37 49 0.027393956080961512
37 50 -0.8436087732630835
37 51 -0.7223422852681531
37 52 0.3438439688969528
37 53 0.4443445454795072
37 54 0.024965783253209084
37 55 0.48488158223256916
38 38 0.7476248255717786
38 39 -0.2516735438870432
38 40 -0.29247685082837727
38 41 0.03476880800793003
38 42 0.8749583474656155
38 43 -0.32246581911601924
38 44 0.9788306315701061
38 45 0.4477615946373301
38 46 0.9003018888535255
38 47 0.6713534396480056
38 48 -0.8802826205120924
38 49 0.5201436818832035
38 50 -0.9539263096203352
38 51 0.7094935697043037
38 52 -0.3531488294552445
38 53 0.30562159994621974
38 54 -0.9418565190764117
38 55 0.31248518750088516
39 39 -0.7883956842508038
39 40 -0.8083539070895716
39 41 0.2851298924590717
39 42 -0.4626183507497652
39 43 0.6629866875983463
39 44 -0.08301004791680922
39 45 0.5746369726179761
39 46 -0.7875804458075091
39 47 0.5153792599903839
39 48 -0.43108651493887606
39 49 0.5206457114449812
39 50 -0.4406370914714426
39 51 0.4610510741695799
39 52 0.6736167978375931
39 53 0.5322744532503343
39 54 0.8606421669757158
39 55 -0.5945435510011408
40 40 -0.2733385476717247
40 41 -0.05481970418553428
40 42 -0.861033086798338
40 43 -0.532114201101271
40 44 0.1551980712459189
40 45 -0.4030840426022526
40 46 0.8598526158149036
40 47 0.3769818446692106
40 48 0.28802587828106563
40 49 0.8383566021046631
40 50 -0.5070056173406381
40 51 0.17139714727043653
40 52 0.48688520378574607
40 53 0.9463917937502404
40 54 0.27852719673885273
40 55 0.8666711798638929
41 41 0.9283796792333769
41 42 -0.5849159776706885
41 43 -0.626955163992934
41 44 0.6258150399633693
41 45 0.5240637689317174
41 46 -0.007913615339511182
41 47 -0.7810267366925612
41 48 0.2325802903470866
41 49 -0.733169418435855
41 50 -0.12569701272177114
41 51 0.9780866008216587
41 52 -0.6786150601235221
41 53 -0.6397946166381143
41 54 -0.2539281926161814
41 55 0.7163271627512733
42 42 0.9187270474724087
42 43 -0.618075005510039
42 44 0.35335399384276633
42 45 0.3717010762742554
42 46 0.4436711390594892
42 47 0.946684848447545
42 48 -0.5711082092958497
42 49 -0.8536482206931009
42 50 0.9638102488497733
42 51 -0.23624559345853613
42 52 -0.5892967845427657
42 53 0.7262173858364178
42 54 -0.7806973699392812
42 55 0.9645307923566868
43 43 -0.7402301311279698
43 44 0.385760510681036
43 45 0.5277959079006005
43 46 -0.8513889530035912
43 47 -0.31142044397045265
43 48 0.8197179381871436
43 49 -0.2361219166699262
43 50 -0.6132631814161531
43 51 -0.35224339286429895
43 52 0.7015513280662133
43 53 -0.011316478289295606
43 54 0.21632637541414512
43 55 -0.8052347668211814
44 44 -0.4768660863492178
44 45 0.8655581639478058
44 46 0.7224915492592561
44 47 0.3661452131074774
44 48 -0.16807299186688862
44 49 0.9211544471777993
44 50 -0.09116540559274222
44 51 -0.2689598374674824
44 52 -0.43527600680456846
44 53 -0.3050047297186358
44 54 0.8783681292180454
44 55 -0.0005983049273519114
45 45 -0.24783999898374653
45 46 -0.7968247379514666
45 47 -0.2968001138798333
45 48 -0.09575640117308248
45 49 -0.8993178003612097
45 50 -0.5403280679740057
45 51 0.8476253728483489
45 52 -0.4774609103649412
45 53 -0.9311753509095457
45 54 -0.9954938028159641
45 55 -0.4590060935195506
46 46 0.09586276511425651
46 47 -0.031119321854743198
46 48 -0.3138302462432421
46 49 -0.6146365162616658
46 50 0.6012541271124672
46 51 0.7703275794743205
46 52 -0.25444522444364703
46 53 -0.8772048101044296
46 54 -0.021250080504647606
46 55 -0.6414142800864895
47 47 -0.7195797806207651
47 48 -0.10648909605118972
47 49 0.5235371789234473
47 50 0.6074740116867867
47 51 0.759765544622877
47 52 0.26571573125558867
47 53 -0.5181648444808209
47 54 0.9749697118852256
47 55 -0.20236487923388058
48 48 -0.06557286565074749
48 49 0.8430613368379916
48 50 -0.11266450021462715
48 51 0.6371867665438364
48 52 -0.32780365037354153
48 53 0.01869830662794736
48 54 0.016976091627382672
48 55 0.16745675836448726
49 49 0.2646904734163129
49 50 -0.1501852170831488
49 51 0.8345308679364909
49 52 0.07020915479587586
49 53 -0.6256171980399783
49 54 -0.40349668388055093
49 55 -0.05215688320477474
50 50 0.9456947440827481
50 51 0.4123521056115069
50 52 -0.22786314979118472
50 53 -0.1378815628737884
50 54 0.4218490920086111
50 55 0.572377389094155
51 51 -0.6765006121748811
51 52 0.4655989473972093
51 53 0.5965354579487319
51 54 -0.26868442135576753
51 55 0.23865999176682395
52 52 -0.4698032139014108
52 53 0.7126433107649011
52 54 -0.9174741450135375
52 55 -0.11868843655680572
53 53 0.09054643437546983
53 54 -0.2935188473221986
53 55 -0.5368265672339285
54 54 -0.9635458284189815
54 55 0.5915893129961554
55 55 -0.6677968126806324
