0 0 -0.08734507369306388
0 1 0.2923819295483481
0 2 -0.35037110433418595
0 3 -0.26403441386810655
0 4 0.883845732720274
0 5 -0.8836795149914654
0 6 0.6181632378045423
0 7 -0.09640791999169296
0 8 -0.1418037364189304
0 9 -0.06330147765651795
0 10 -0.8844523164346805
0 11 -0.40666089455883103
0 12 -0.5500982192183477
0 13 -0.4948826034224183
0 14 -0.15959148079196295
0 15 -0.41788967742303096
0 16 0.06824168901195282
0 17 -0.7316682533690928
0 18 0.2344495991455824
0 19 0.5781371312042121
0 20 0.39678766081743744
0 21 0.8049930545314266
0 22 -0.22371491580546055
0 23 0.9564956139980845
0 24 0.14155615178354264
0 25 0.6918600438892153
0 26 0.39528532374376923
0 27 0.770792072626804
0 28 0.12973884252896029
0 29 -0.11070195342770717
0 30 0.1888883971611408
0 31 0.3373385444311521
0 32 -0.23241469869281528
0 33 0.22383748271205706
0 34 -0.906178675535835
0 35 -0.22694984901318715
0 36 -0.2479268508057968
0 37 0.5642953631543381
0 38 0.37440108809007255
0 39 -0.6054821719030643
0 40 -0.7681101726912207
0 41 0.026544144956545113
0 42 -0.5775940680639418
0 43 0.7303338409257076
0 44 -0.37542048849830056
0 45 0.32611611455564593
0 46 0.11533451035925979
0 47 0.8077401527780914
0 48 -0.45316602146331153
0 49 -0.4923519796000986
0 50 0.32222981589883704
0 51 -0.499539512428512
0 52 0.7515326685786332
0 53 -0.8255755332922139
0 54 -0.20460603113501907
0 55 -0.3047011467174803
0 56 -0.18058847911084297
0 57 0.053635759711913034
0 58 -0.9916922298730251
0 59 0.850602924382728
1 1 0.40802819888475006
1 2 -0.3811335346469342
1 3 0.8135064784649317
1 4 -0.5357324495631934
1 5 0.5773336316585145
1 6 -0.22295716950523015
1 7 -0.7982362790060415
1 8 -0.8996702244992474
1 9 -0.20727983500712988
1 10 -0.050017400423112424
1 11 0.7701780538194634
1 12 0.34907956255405237
1 13 -0.1800852722779147
1 14 -0.4343336956980486
1 15 -0.8600031624764484
1 16 0.9375006310519463
1 17 -0.3874672347016084
1 18 0.721670438403778
1 19 0.323950981405452
1 20 0.5776960574152823
1 21 -0.41480944017199106
1 22 -0.12473823047301646
1 23 -0.034895786021968966
1 24 0.24533163403324054
1 25 -0.877952995169694
1 26 0.689747554997346
1 27 0.3362382900668166
1 28 -0.4439119920896819
1 29 0.39322158991253553
1 30 0.871131186276765
1 31 0.17345319735710363
1 32 -0.39026179885287293
1 33 0.37413571601988593
1 34 0.5882275793647502
1 35 -0.07907376965391055
1 36 -0.05849341474706837
1 37 0.24863047653889137
1 38 0.6410604110291191
1 39 -0.7377620439078705
1 40 0.38001569201851626
1 41 -0.6850114205245021
1 42 -0.9504360802111123
1 43 -0.008218364448408844
1 44 0.5245226031079491
1 45 -0.9797883648229706
1 46 -0.10963557945980229
1 47 -0.48677242153016853
1 48 -0.9646796966556059
1 49 -0.34254317124259415
1 50 -0.08857393607097874
1 51 0.6923420075155733
1 52 0.7403143844010482
1 53 -0.1254444973286153
1 54 -0.12500382751748162
1 55 0.683524019928893
1 56 -0.8357586886448221
1 57 -0.06317261621606751
1 58 0.04381178561391663
1 59 -0.5543820964081874
2 2 -0.599813579955885
2 3 -0.10858624671530381
2 4 0.9980812598420359
2 5 0.17873705120676786
2 6 -0.5918429026136871
2 7 -0.6903511689134758
2 8 -0.7405018250340103
2 9 0.05896807558770889
2 10 -0.5403225907212157
2 11 0.06296775544362876
2 12 -0.38615490275990094
2 13 0.5330029058870867
2 14 -0.7210321535586817
2 15 0.5039799657823907
2 16 -0.5859923071512831
2 17 -0.774410618381395
2 18 0.8475466269410403
2 19 0.015210081536555675
2 20 0.5923880758576219
2 21 0.9202777303326164
2 22 0.40841143753093156
2 23 -0.422652427577882
2 24 -0.5574086552194746
2 25 0.35600855789569175
2 26 0.58139499976402
2 27 0.36225789414348797
2 28 -0.9322310268999312
2 29 -0.8298648283508951
2 30 -0.6153146018651194
2 31 0.19311580090021452
2 32 0.701838603344564
2 33 -0.2729110848578491
2 34 1.0379080420896969e-05
2 35 0.8466190288352313
2 36 -0.0996605250114766
2 37 -0.061853246084928815
2 38 0.24920309225739734
2 39 -0.6535100205040028
2 40 -0.31521790949164963
2 41 -0.6921184632181219
2 42 -0.7050529207507876
2 43 -0.1340150685666841
2 44 0.42120256699709224
2 45 -0.12409955846771625
2 46 0.31817552425532236
2 47 -0.3197808732984724
2 48 -0.02549399595687518
2 49 0.846815097563034
2 50 0.5329759808818701
2 51 -0.8853351831605285
2 52 -0.620383250297865
2 53 0.6015347556435562
2 54 -0.07928801729824397
2 55 -0.36543955269880013
2 56 -0.5196582963312952
2 57 -0.5767946540471096
2 58 -0.09168386167217735
2 59 -0.12856271763731142
3 3 -0.1483360764280537
3 4 -0.5659310791215886
3 5 0.9033643965498119
3 6 -0.24801477774266756
3 7 0.04117628951668584
3 8 0.48896981048028265
3 9 0.18761975202082537
3 10 -0.5123249674649417
3 11 0.1668622504108499
3 12 -0.026108311008225416
3 13 -0.05595145012984215
3 14 -0.8513844208615557
3 15 0.9099138844486667
3 16 -0.753724195335826
3 17 0.7962500763295066
3 18 -0.07833404755384321
3 19 -0.07224513516543074
3 20 0.3728181876301708
3 21 -0.7931289530140884
3 22 0.3127551886876032
3 23 -0.5192364952296671
3 24 0.9195188159201986
3 25 0.554993411295525
3 26 -0.982350743548831
3 27 0.6897219182949192
3 28 -0.6601091910500689
3 29 0.4569920944772998
3 30 -0.1699477425787228
3 31 0.9657780150634012
3 32 -0.9381154666183538
3 33 0.8932761431802567
3 34 -0.09833470203968586
3 35 -0.7429109522193817
3 36 -0.8005063335189271
3 37 0.16550645592057944
3 38 0.30623522327943564
3 39 0.23710955818680945
3 40 0.6098166446916531
3 41 0.206571673098211
3 42 0.1503765892916531
3 43 -0.7802143019888246
3 44 0.05598377335380489
3 45 -0.5173539908496301
3 46 -0.4423995826545535
3 47 0.3506433637369577
3 48 -0.5112832618832779
3 49 0.7237121782745202
3 50 -0.8703433219426919
3 51 -0.08126761811317507
3 52 0.38849910754804884
3 53 -0.49384603002549343
3 54 -0.2585946222597322
3 55 -0.4529115858442785
3 56 0.8945131265723372
3 57 -0.676861309159372
3 58 -0.774279866358984
3 59 -0.6377586539496316
4 4 -0.8540382168055314
4 5 0.8345608885153131
4 6 0.6819402075195633
4 7 -0.4516888399124672
4 8 0.11581310474139261
4 9 0.4403948220972287
4 10 0.3816949598985504
4 11 0.11910295655835612
4 12 -0.7339305318384914
4 13 -0.3388937850210454
4 14 -0.1695918295159935
4 15 -0.5283271069196382
4 16 0.12162732200968551
4 17 0.019069675966916222
4 18 -0.4035995650504962
4 19 0.0920217322982706
4 20 0.36242410483075194
4 21 0.6922942747819396
4 22 -0.6724726696701937
4 23 0.4073202157546576
4 24 0.7919747771402812
4 25 -0.96730439880478
4 26 0.8962953658418569
4 27 0.47161266072771335
4 28 -0.22315604111710852
4 29 -0.9303980812896591
4 30 -0.45124294489398364
4 31 0.5704118939031448
4 32 0.9342584037876474
4 33 0.25410387168204696
4 34 0.41642831636885513
4 35 0.1978962356673526
4 36 -0.17649823588056446
4 37 0.11992175487456169
4 38 0.11655033485775856
4 39 0.2618501167562759
4 40 0.628026725834337
4 41 -0.8966968879923594
4 42 -0.9813040778940527
4 43 0.8226575182747278
4 44 -0.24161218977915966
4 45 -0.40150568890934757
4 46 0.046161644492823006
4 47 0.9940524831177211
4 48 0.3693814601263681
4 49 0.6676176202822086
4 50 0.14389658447921594
4 51 -0.3929239338398869
4 52 0.9905104537397862
4 53 0.26874523475514933
4 54 0.3513979054412457
4 55 0.6410486175852081
4 56 0.33162601892801913
4 57 0.7000065056669609
4 58 -0.22120722870606135
4 59 -0.898411173692728
5 5 0.3173051465569636
5 6 -0.096050145251942
5 7 -0.4757769884313128
5 8 0.25787574643233957
5 9 0.8109343428573408
5 10 -0.5633810942626767
5 11 0.1758719097807424
5 12 -0.13665765283491016
5 13 0.03532945931301934
5 14 -0.011131403502689263
5 15 0.5825055663260748
5 16 0.6208226682677143
5 17 -0.3645799216494636
5 18 -0.45733122145152305
5 19 0.5226608524500747
5 20 0.13419866298577876
5 21 0.42196108613535377
5 22 -0.40081769532042455
5 23 -0.14267023043937344
5 24 0.30966519444294227
5 25 0.4898199272199981
5 26 -0.2675093437237046
5 27 0.5627529160747118
5 28 0.7846310212866332
5 29 0.43552773398365385
5 30 0.5866074830672063
5 31 -0.9093960275030546
5 32 0.11650259782223915
5 33 -0.682294319629005
5 34 0.7721042248072065
5 35 0.0020877921620812145
5 36 -0.5095852279551623
5 37 0.7886615362876235
5 38 0.13382460688191178
5 39 -0.03138691375673908
5 40 0.571006616855465
5 41 -0.9995585461295287
5 42 0.20899370170253118
5 43 -0.3638190715108254
5 44 0.3518946621350141
5 45 0.7036719611882738
5 46 -0.1712484614118075
5 47 0.9886896835833654
5 48 -0.3489838045758269
5 49 -0.17542734843903096
5 50 0.9310081768178795
5 51 -0.3117086194128431
5 52 -0.5333554176934572
5 53 0.8579105815192725
5 54 -0.6182445419010691
5 55 0.07621109481541799
5 56 0.5859504932166524
5 57 0.6413745085450773
5 58 0.03525824033868563
5 59 0.363556339879922
6 6 0.566310869567429
6 7 -0.7200928045510646
6 8 0.35860818247310156
6 9 -0.5917817635094029
6 10 0.7323643337435899
6 11 -0.7436005981660376
6 12 0.45238269905959205
6 13 0.8558927893654587
6 14 -0.6335423795181856
6 15 0.35608151836999835
6 16 -0.3602174663722879
6 17 0.8751878683929681
6 18 0.13265509780741191
6 19 0.17125388409474995
6 20 0.1618031494958041
6 21 0.49274042822648645
6 22 0.3332290452950868
6 23 -0.1320175563030479
6 24 0.8497450153387509
6 25 0.03203387102301947
6 26 -0.6060644608061991
6 27 0.8016090419466293
6 28 0.3407413261072163
6 29 -0.7816815008001796
6 30 0.11630940471164641
6 31 -0.4818893240977846
6 32 -0.1359514255665082
6 33 0.37522904709866056
6 34 -0.2326178244912407
6 35 -0.004430700949695998
6 36 -0.6554741364986949
6 37 0.7135351688852227
6 38 -0.9305433411475701
6 39 -0.3172112473880251
6 40 -0.4136074805662988
6 41 -0.17011104756219808
6 42 0.9721400990706484
6 43 -0.17448592585756573
6 44 -0.7879497924738088
6 45 -0.2801725038501435
6 46 0.03564234678849698
6 47 -0.6063435829693422
6 48 0.9828886321725954
6 49 0.12653603014912274
6 50 -0.2995945300621996
6 51 0.9113455037459632
6 52 -0.9137095253424048
6 53 0.8982587123763011
6 54 0.03229166008162054
6 55 0.09615808969037687
6 56 0.8984863453093859
6 57 0.9036252970240126
6 58 0.8897716142078202
6 59 -0.9751896305148011
7 7 -0.9565319688220111
7 8 -0.7094935207563553
7 9 -0.9097716672181162
7 10 -0.30417292548057184
7 11 0.1647901407804937
7 12 -0.15181436845235297
7 13 -0.6078045536263585
7 14 0.2313631271237615
7 15 -0.4276795861547029
7 16 0.2098152565343443
7 17 -0.3138773441866818
7 18 -0.6911445703689221
7 19 -0.5128621233987185
7 20 0.825419214682559
7 21 -0.7533074209120005
7 22 0.5367438633564532
7 23 0.6952903980454785
7 24 -0.5425630222244158
7 25 0.777331139217835
7 26 -0.569312254818074
7 27 0.7289322805257246
7 28 -0.13203731391312457
7 29 -0.05900675205462935
7 30 0.08759160006947608
7 31 0.5551136327683022
7 32 -0.7890315933667815
7 33 -0.9131380865849263
7 34 0.928437714276692
7 35 0.1784276332306769
7 36 0.42779941355499496
7 37 -0.25182785260116525
7 38 -0.7873607264616767
7 39 -0.06653137828501898
7 40 0.6853261292778485
7 41 0.6134774304579327
7 42 0.22226444915546595
7 43 0.1945850473897246
7 44 -0.3688037497118728
7 45 -0.7757372895644821
7 46 0.025721371202320098
7 47 0.9192087518461787
7 48 0.2300267953747328
7 49 0.8905458059883613
7 50 0.953298784295191
7 51 -0.69491185459323
7 52 -0.5698765540404225
7 53 -0.8514858932808205
7 54 0.599116689853467
7 55 0.44472970928076094
7 56 0.8880177735115298
7 57 0.10037332730821302
7 58 0.14447661951898616
7 59 0.9052525231175217
8 8 0.42967366077576497
8 9 0.7234166164087001
8 10 -0.942194052999539
8 11 0.03199540411227919
8 12 0.9977648397128906
8 13 -0.29379731683658705
8 14 -0.47341781991762955
8 15 0.48641668924763204
8 16 -0.569052013087658
8 17 -0.5821267605095553
8 18 -0.7853357434876331
8 19 0.41036973282129496
8 20 -0.6480490998451018
8 21 0.16587790939504576
8 22 0.7551660714060033
8 23 -0.18966099218101573
8 24 -0.6617708844526691
8 25 -0.17383217315852706
8 26 -0.23266076399731395
8 27 0.7942859428231992
8 28 0.9375096935601108
8 29 0.4780533660890247
8 30 -0.40447410620883817
8 31 0.031424353179156705
8 32 -0.9821368313073393
8 33 0.4868733276935071
8 34 0.7601148336078927
8 35 0.3523570906640743
8 36 0.927135523583712
8 37 0.8269429374637545
8 38 -0.9672350823345461
8 39 0.6985368738612616
8 40 -0.6245887480641719
8 41 -0.5266475486204383
8 42 -0.7938316143703261
8 43 0.04245481630568926
8 44 0.22401319038314926
8 45 -0.30125297620239766
8 46 -0.5095744433927902
8 47 -0.7216303053907343
8 48 0.6177172351974731
8 49 -0.643970232804612
8 50 -0.06106886202066897
8 51 -0.004180224122739107
8 52 0.9817932281854036
8 53 0.6368708026110095
8 54 0.12644706985526866
8 55 0.6189430536210871
8 56 0.5418754166861406
8 57 0.8331252674899043
8 58 -0.551442989799432
8 59 0.6405865464734912
9 9 -0.19377654504138442
9 10 0.3147162784920121
9 11 -0.47586433567059516
9 12 -0.959151416972287
9 13 -0.017585859283302696
9 14 -0.5398224733513113
9 15 -0.8680675777157978
9 16 -0.8586677610430984
9 17 -0.5987968630423215
9 18 0.7174976559834321
9 19 0.3097018200016495
9 20 0.5958643105065462
9 21 0.15490598747777207
9 22 0.9791513663348066
9 23 -0.46584337554340016
9 24 0.788897683970817
9 25 -0.8029352079400907
9 26 0.5405646276500813
9 27 -0.12530088281634755
9 28 0.45895767997352444
9 29 0.17127400826519823
9 30 -0.554137378068698
9 31 -0.36849522665266776
9 32 0.32841495035475354
9 33 -0.6277371205196318
9 34 0.1536800444405606
9 35 -0.03402604123505881
9 36 0.21651983612191317
9 37 -0.5712304276649338
9 38 0.5407809336512639
9 39 -0.7224205445594238
9 40 0.8017818709862516
9 41 -0.30348310262698
9 42 0.12510582423545835
9 43 -0.12173100302275941
9 44 0.25887910493304767
9 45 -0.4316787702035949
9 46 -0.07053563328092904
9 47 -0.5207967320022484
9 48 0.5297112161428079
9 49 0.5746266394544366
9 50 0.04572439852456034
9 51 0.39532697471476563
9 52 0.22840553064404046
9 53 0.6965548966914721
9 54 -0.9440138681883223
9 55 0.7986204420820684
9 56 0.7219924316678463
9 57 -0.21010433409860907
9 58 -0.16964775068026983
9 59 -0.004293581635669508
10 10 0.5005347008230132
10 11 0.8507018303806193
10 12 -0.559747820826179
10 13 -0.9786656004247154
10 14 0.6476138529998943
10 15 0.15190907738349346
10 16 0.6105454141472193
10 17 -0.2790649402812353
10 18 -0.2773162305277985
10 19 -0.02775264753813822
10 20 0.8824624041023981
10 21 0.47991563159814876
10 22 -0.5085705930202877
10 23 -0.13840956068170374
10 24 0.877784177215313
10 25 0.4158258085758231
10 26 0.39984876849821527
10 27 -0.07289832612911806
10 28 -0.6360112426732412
10 29 0.11134139937176135
10 30 -0.03128447923964117
10 31 0.8425397770657945
10 32 0.5237145771053311
10 33 -0.4794131496383718
10 34 -0.4272113046191701
10 35 0.43909015116443384
10 36 -0.31231585006703466
10 37 0.11973526288942593
10 38 -0.749812858975033
10 39 -0.07245480076710731
10 40 -0.4082514452718893
10 41 -0.8117182237173484
10 42 -0.10948701119254345
10 43 -0.9916067790915681
10 44 -0.3073178173762037
10 45 -0.45742347295006813
10 46 -0.383341508198469
10 47 -0.09439229410586658
10 48 -0.529249926612825
10 49 -0.5569768655353302
10 50 0.8028267018865596
10 51 -0.10665988885850042
10 52 0.5363264653076907
10 53 -0.764383838009312
10 54 0.26208606689384206
10 55 -0.28020423031494723
10 56 0.8874972187358552
10 57 -0.34165107980218123
10 58 -0.8150030190144926
10 59 -0.5077286945638384
11 11 -0.9245402711780828
11 12 -0.30174226779930646
11 13 0.07233464986425608
11 14 -0.712978859358703
11 15 -0.19064500027679632
11 16 -0.5022652939896244
11 17 0.5359551155487896
11 18 -0.23031952500081632
11 19 0.7294906579298306
11 20 -0.43291658885042517
11 21 0.030099122114275678
11 22 -0.6217067928879882
11 23 0.7473860477674397
11 24 0.09469373173468143
11 25 0.3929430017066424
11 26 -0.6655178492824727
11 27 -0.5579690057804296
11 28 -0.022252619726634615
11 29 0.7603206163940073
11 30 -0.5715304509630539
11 31 -0.23130252052971856
11 32 0.48246656002807975
11 33 -0.6434194906776347
11 34 -0.8615314908503917
11 35 -0.21426992836819725
11 36 -0.6398499589445026
11 37 0.3094897942396566
11 38 0.8495186781810509
11 39 -0.02396107459061958
11 40 0.28948012960524827
11 41 -0.1373360735102358
11 42 -0.5130368527010285
11 43 -0.4141844148245142
11 44 0.46169694222920277
11 45 -0.5168863603638809
11 46 -0.5973957060394899
11 47 0.025019815392506306
11 48 -0.9840674353259715
11 49 0.4719706476659751
11 50 0.274987608408662
11 51 -0.4411946359961554
11 52 -0.036058006153339095
11 53 -0.6772981662445772
11 54 -0.6347763253413812
11 55 -0.5447051510127396
11 56 0.7584401236185909
11 57 0.05676510398751722
11 58 -0.8761597118519537
11 59 0.6744855609466833
12 12 -0.246821992965514
12 13 -0.8589999361491281
12 14 -0.9229836018445776
12 15 -0.581313410551888
12 16 -0.1267018019547872
12 17 0.9495149565615499
12 18 -0.23009630287048477
12 19 -0.4579041972122122
12 20 0.3904086475936097
12 21 -0.8868793366938159
12 22 0.2526710895077844
12 23 -0.4586739599885925
12 24 0.45004308266076
12 25 -0.9054877324565898
12 26 0.6830599735888059
12 27 0.8686381396364984
12 28 -0.728182948111807
12 29 -0.7970614186418201
12 30 0.3103276215148274
12 31 0.8541470687408164
12 32 -0.1357703333682725
12 33 -0.6660174575937299
12 34 0.4733579633045817
12 35 0.8699898462252091
12 36 -0.3329044870521949
12 37 0.14299979444172473
12 38 0.7952233510224971
12 39 -0.03525418733503449
12 40 -0.31894610312556537
12 41 0.4208362596761632
12 42 -0.7599882613107507
12 43 -0.08636936363950998
12 44 0.7511875045963778
12 45 -0.14500517143477176
12 46 -0.8711959512981506
12 47 -0.6852602859503345
12 48 0.2810894736790117
12 49 -0.8603657335921127
12 50 0.23913844786381833
12 51 -0.18154227082183239
12 52 0.915648932687279
12 53 -0.27302162023907384
12 54 -0.5415981764396951
12 55 -0.9248559683738977
12 56 -0.4648556800930914
12 57 0.7722583561166338
12 58 -0.5720993470803344
12 59 0.21834407653283194
13 13 0.21825721911434526
13 14 -0.9674088501723057
13 15 -0.038770678923811586
13 16 -0.06186246470634971
13 17 0.6966341492204071
13 18 0.3369765989162108
13 19 -0.8739977978330986
13 20 0.31401127848843857
13 21 -0.2761225109452614
13 22 0.5927730606607764
13 23 -0.042667792190255405
13 24 0.13692684177824077
13 25 0.7502608562395756
13 26 0.25654740027641654
13 27 -0.06841808308716524
13 28 0.29432709581416727
13 29 0.6687661052305223
13 30 0.6318879192569211
13 31 0.8432264719635647
13 32 0.17523548263829491
13 33 -0.046365972008934
13 34 0.3986147734858476
13 35 0.23651329002245736
13 36 -0.8906908574372308
13 37 -0.23557277868184534
13 38 0.695023474211466
13 39 -0.9248215183460875
13 40 -0.008044438709472024
13 41 0.16766311760078412
13 42 -0.3495273299238546
13 43 0.5916707206454028
13 44 -0.6608233869697475
13 45 0.07375395394739948
13 46 0.4001421417146003
13 47 0.7021318116633422
13 48 0.18854353514287303
13 49 -0.5522116712872409
13 50 -0.8720712096489565
13 51 0.15926315310228856
13 52 0.1118286738327059
13 53 -0.9346205764082394
13 54 0.07581782156446226
13 55 0.6328913295452601
13 56 -0.21707089900730558
13 57 -0.7429567203012988
13 58 0.9316430875621047
13 59 0.6592437589930096
14 14 -0.9091175044557782
14 15 -0.9456501046224561
14 16 -0.9768866817108086
14 17 -0.7679730047398865
14 18 -0.1526916357921082
14 19 -0.23831334047054442
14 20 0.6316303811595418
14 21 -0.7499336303262616
14 22 0.02310874554761133
14 23 -0.23243084671248915
14 24 0.2331980702234402
14 25 0.8683801246480953
14 26 -0.6081918897810299
14 27 -0.6940515868312962
14 28 -0.489344954356113
14 29 -0.08346767271569133
14 30 0.5603531784945914
14 31 0.5057562874683572
14 32 -0.4249388485776786
14 33 -0.3573480312730206
14 34 -0.28929528565913953
14 35 -0.3454854045153495
14 36 -0.5568397457871184
14 37 -0.7171442999678879
14 38 -0.977361064801656
14 39 0.6121067312849109
14 40 0.8468444634369925
14 41 -0.09465780353381636
14 42 0.8866471781536036
14 43 0.04723249159176324
14 44 -0.2835130354396995
14 45 0.9874067278172896
14 46 0.4891596493314694
14 47 -0.7883215658222633
14 48 0.6832302798305452
14 49 -0.159926161597995
14 50 -0.058310769112998706
14 51 -0.006102057877527933
14 52 -0.10192296620872177
14 53 -0.5078474840765426
14 54 -0.25873029650247203
14 55 0.2795946561727938
14 56 0.24406032124444565
14 57 -0.843702294484038
14 58 0.09697561026359414
14 59 0.83000417938913
15 15 0.5137632973117925
15 16 -0.4220168871596901
15 17 -0.06401983435541769
15 18 -0.35802965902840134
15 19 -0.0653633585915705
15 20 -0.20217753657905058
15 21 -0.5413424350117244
15 22 0.8285526066784921
15 23 0.6250427134787633
15 24 0.25564897432599953
15 25 -0.7397965510721705
15 26 0.03319131347329174
15 27 0.059214204415301674
15 28 0.6495742171048771
15 29 -0.7906296993665007
15 30 -0.8763973815253581
15 31 -0.48836146455860674
15 32 0.3635627848177274
15 33 -0.847975617239781
15 34 0.68228552200934
15 35 0.02013833707237911
15 36 0.2507074745601785
15 37 -0.4517217799468891
15 38 -0.33263058627815956
15 39 -0.7034157217800976
15 40 -0.6626802642985294
15 41 -0.44606341199316235
15 42 -0.25754749231197516
15 43 0.7003505093283873
15 44 -0.7218140179490069
15 45 0.11189312149001096
15 46 0.3308780415111592
15 47 -0.25882696777797487
15 48 -0.8342785327046649
15 49 0.946157187165386
15 50 0.8567649627173546
15 51 -0.15006766426881346
15 52 -0.7044258808405546
15 53 -0.7080229258104149
15 54 -0.3873097919738808
15 55 -0.28274135764460273
15 56 0.32595020860477963
15 57 0.7497285291521463
15 58 0.988698132871044
15 59 -0.38950130797307714
16 16 -0.5841145683974336
16 17 0.7193223085695175
16 18 0.5412507287289594
16 19 0.9764165925601904
16 20 -0.1320083839261288
16 21 0.20492992164977442
16 22 0.8676622725730636
16 23 0.2619820315708563
16 24 0.33971819829345073
16 25 -0.3360776898395905
16 26 -0.8247947510287361
16 27 0.8275175727838995
16 28 -0.6724473909507369
16 29 0.6311846934885801
16 30 0.05608410345977144
16 31 0.9747396469119392
16 32 -0.8431707904889794
16 33 -0.3816463624118209
16 34 0.38809614007161697
16 35 0.6591904934310602
16 36 0.3417906639132451
16 37 0.2617071632906969
16 38 0.7611937922985108
16 39 -0.13374904403882582
16 40 0.01860139848097231
16 41 -0.9295191796556834
16 42 0.07115398235430392
16 43 -0.9453205144624788
16 44 -0.8927919510484619
16 45 0.22106992232022127
16 46 -0.26142796062718765
16 47 -0.040370027190081315
16 48 -0.30821136042554054
16 49 0.5156325273832838
16 50 0.039243458937755715
16 51 -0.2809465621368743
16 52 0.953129676691661
16 53 -0.3960931102927012
16 54 0.133289864324446
16 55 -0.4086994719160755
16 56 -0.24592699030823573
16 57 0.9141671963200118
16 58 0.5697800974694147
16 59 0.45686501114937395
17 17 0.00031708409103003987
17 18 -0.6832244035565385
17 19 -0.8672407377823539
17 20 0.38947989947057104
17 21 0.031054323466064515
17 22 0.45033741589186005
17 23 0.7801719306825468
17 24 -0.14318250906405972
17 25 -0.8166231766660603
17 26 -0.5952414435517512
17 27 0.7233871624493295
17 28 0.7946778636126111
17 29 0.9331344368052159
17 30 -0.6740665044441687
17 31 -0.7368812395607967
17 32 -0.9754760887341769
17 33 0.7526305238590179
17 34 -0.23305797678032003
17 35 0.6438136228599813
17 36 0.27234200641647055
17 37 0.2005159204674154
17 38 -0.7232926274348666
17 39 -0.694989960113267
17 40 0.3202846212675654
17 41 0.6087122599719068
17 42 0.878768672551923
17 43 -0.9171565724266457
17 44 -0.9220535583328071
17 45 -0.5578400376756789
17 46 0.6130322866548414
17 47 -0.022780643603567796
17 48 -0.42004556676564175
17 49 -0.656610080504118
17 50 0.7809187837575449
17 51 -0.6486447191272418
17 52 0.025875423828110478
17 53 0.6270404130144873
17 54 0.28866456246061123
17 55 -0.7460303558389776
17 56 0.653199814269336
17 57 -0.2954890048780905
17 58 0.9860920041838568
17 59 0.2543075019655625
18 18 0.43567411942475265
18 19 0.6944227185562795
18 20 0.4685166883345764
18 21 0.0149067797324971
18 22 0.9178325123952071
18 23 -0.9690151122184902
18 24 0.60932446027514
18 25 -0.532107373845625
18 26 0.2887630065533118
18 27 0.20949971428703584
18 28 -0.261573132936068
18 29 0.594652746187428
18 30 -0.7790138297651361
18 31 -0.9768768555423863
18 32 0.21605597572942936
18 33 -0.7185378205179522
18 34 -0.032714525485392665
18 35 -0.4258621610339064
18 36 0.4826761003981037
18 37 0.017438917438991508
18 38 0.6878155085871778
18 39 -0.2816788296739552
18 40 0.6171959948975629
18 41 0.48833587605833384
18 42 -0.3974151486923825
18 43 0.6165135972230975
18 44 0.6128820256434246
18 45 -0.9557477158033156
18 46 0.2692038264415544
18 47 0.7428814240965376
18 48 0.1187685912268015
18 49 0.36864020707629996
18 50 0.13572636214618372
18 51 -0.8641417172109747
18 52 -0.5939059384259238
18 53 -0.03663794079377669
18 54 0.38754453835034375
18 55 -0.8003791569758718
18 56 -0.1492179163066094
18 57 -0.40191909143729276
18 58 0.5228306860598695
18 59 -0.9573860493345554
19 19 0.48641064987548455
19 20 -0.1691215949106799
19 21 0.02158217931449835
19 22 -0.09874178327953187
19 23 -0.5316571394644067
19 24 0.09135685607660937
19 25 -0.9842103633774917
19 26 -0.9208930192506284
19 27 -0.8814245995989218
19 28 -0.29499831421529144
19 29 0.14711795639245362
19 30 0.7382499976545165
19 31 0.16808952074670525
19 32 0.994155908564303
19 33 0.1077662045809975
19 34 -0.48045584479098946
19 35 0.20806200736974056
19 36 -0.7518487797241147
19 37 -0.5393435918082126
19 38 0.2936773163914381
19 39 -0.774031119346827
19 40 -0.9712013689228183
19 41 -0.14112583594871175
19 42 0.8888888415424601
19 43 0.47025900485090477
19 44 0.507908989596614
19 45 -0.479332113140273
19 46 0.10189639483444779
19 47 -0.5580485845383052
19 48 0.4459915663537002
19 49 0.9310858451138557
19 50 -0.788435033996552
19 51 0.030574965078032923
19 52 -0.9211081100115344
19 53 0.5299939057901804
19 54 -0.1517723054741822
19 55 0.8784369725891372
19 56 0.5842639686289357
19 57 0.27697439707305205
19 58 -0.4493574044768862
19 59 -0.06849029792397499
20 20 -0.3377946931835474
20 21 0.05262149094024626
20 22 -0.38820948752430806
20 23 0.14344061314258627
20 24 -0.18404834416258908
20 25 0.0975273446738365
20 26 -0.25868549304153454
20 27 -0.690843303986217
20 28 0.12335307521217165
20 29 0.09724974579126644
20 30 -0.8279316280502922
20 31 0.7443366257814261
20 32 -0.724061836708511
20 33 0.5706421024803969
20 34 -0.2749929361546699
20 35 -0.8599159599547177
20 36 -0.2628381291621986
20 37 0.5758870468848001
20 38 0.6862078898251058
20 39 0.6285921151934992
20 40 -0.3827463509276976
20 41 0.7854099397845642
20 42 0.7689350301538136
20 43 -0.5182036196277104
20 44 -0.31958877586315215
20 45 0.3840818261961154
20 46 -0.20438069198582465
20 47 0.9549949571647893
20 48 0.6628268181855761
20 49 -0.1534154844837503
20 50 0.5600626670611484
20 51 -0.1935868413384232
20 52 0.6108416949447097
20 53 -0.3237709426932691
20 54 0.09784024032213323
20 55 -0.37966844455240456
20 56 0.8860911170388412
20 57 -0.4517802781791378
20 58 0.35996518105379893
20 59 -0.35334111197971674
21 21 -0.16548899623422209
21 22 0.23971050232701896
21 23 -0.36768378470851504
21 24 0.3664417269054807
21 25 -0.8702884156911119
21 26 -0.548526441089535
21 27 -0.8737030256244676
21 28 0.5090156394566905
21 29 -0.4388123455366668
21 30 -0.2540739877372782
21 31 -0.07403844726355291
21 32 0.14882537924765615
21 33 0.6259561339696083
21 34 -0.5121232405829166
21 35 -0.9686473475592301
21 36 0.3784131033825604
21 37 0.581603793125202
21 38 -0.09491427321831258
21 39 0.8004248027088072
21 40 0.6809495443154909
21 41 0.850456462311395
21 42 -0.9328094457770688
21 43 0.40002781241979846
21 44 -0.6616322976282016
21 45 0.9923746226599282
21 46 0.1554386703423314
21 47 -0.5731563268516151
21 48 -0.2630280839610639
21 49 -0.9516497655809788
21 50 -0.029593809374487634
21 51 -0.6134269318154397
21 52 -0.8350434269378064
21 53 -0.2321431635472322
21 54 -0.6582610872389878
21 55 -0.9788890405691271
21 56 0.6301814637124445
21 57 -0.9685482339834754
21 58 0.09319965147014031
21 59 0.9385335160090236
22 22 0.3465198618793872
22 23 -0.5283622717575942
22 24 0.7232728434075175
22 25 0.005257015016696176
22 26 0.2365257552074138
22 27 -0.7380568184242151
22 28 -0.6380899886519122
22 29 -0.40740519396338715
22 30 -0.14806361599722928
22 31 -0.3974630567989339
22 32 -0.5111227930038529
22 33 -0.05308071691443739
22 34 -0.658074346607012
22 35 -0.625879156844604
22 36 0.4415669412909793
22 37 -0.9476399668812618
22 38 0.07637111869445423
22 39 0.1718767779568564
22 40 0.06706046456182846
22 41 -0.34039313028293394
22 42 -0.043854049163216446
22 43 -0.5400752582373658
22 44 0.46032515247328587
22 45 0.6992400864671544
22 46 -0.887534179808992
22 47 0.4449452741591329
22 48 -0.16033010459392139
22 49 -0.7814453998663966
22 50 -0.305039247942128
22 51 0.6301272268840465
22 52 0.38423839207281096
22 53 -0.0576152154621532
22 54 -0.0923240299342738
22 55 -0.3263332236217271
22 56 -0.41281668656026227
22 57 0.9037612616478337
22 58 -0.1310844940390934
22 59 -0.85485022357497
23 23 -0.4584679883662648
23 24 0.31893370678248134
23 25 -0.0464184117121087
23 26 0.2693381992682593
23 27 -0.9833427675098698
23 28 0.30543325301404534
23 29 -0.019825978831669033
23 30 0.8960942914279766
23 31 -0.9494474886055271
23 32 0.6174043670798528
23 33 0.3345404231154787
23 34 -0.5057488424035312
23 35 -0.4345012783485529
23 36 0.887068424388102
23 37 0.5381326933569712
23 38 0.9838366063644892
23 39 0.9809175927707183
23 40 -0.028315806854216197
23 41 -0.1938427459131027
23 42 -0.9116817500341006
23 43 -0.41999120570191373
23 44 0.5922305416748481
23 45 0.0377648207357546
23 46 -0.9308775565803102
23 47 0.810906968888643
23 48 -0.22165179989877726
23 49 0.8104789471301157
23 50 0.6767119815523854
23 51 -0.08344883255955238
23 52 0.9518658862926399
23 53 0.38156265078576346
23 54 0.025618724389286474
23 55 0.9449474206311383
23 56 -0.4972417064721042
23 57 -0.5441032827609178
23 58 -0.7561219926914706
23 59 0.6108315820983103
24 24 0.9173512978300704
24 25 -0.29980314548398646
24 26 -0.24416196421705583
24 27 -0.6075745699467812
24 28 -0.7928154893034711
24 29 0.7629867360597031
24 30 -0.8909655428243559
24 31 0.40149526771410526
24 32 0.7080202191484006
24 33 -0.695033335886829
24 34 -0.4757506341594806
24 35 -0.620433132623285
24 36 -0.4555157808693462
24 37 -0.9858310751700905
24 38 0.1813128949325662
24 39 -0.08298558047727678
24 40 -0.6207998364860432
24 41 0.5011651746870098
24 42 -0.5138560875632945
24 43 -0.6961634416760512
24 44 -0.7760740820742769
24 45 0.5616767020272779
24 46 0.937536204731451
24 47 0.9285428538548623
24 48 -0.8474294895842809
24 49 -0.30984884796717993
24 50 -0.9532682934385435
24 51 0.21756226483476815
24 52 0.19362195513878033
24 53 0.48088344622190515
24 54 0.3776928258564156
24 55 0.3498137434698543
24 56 -0.956447501453779
24 57 -0.38202765517556503
24 58 -0.5681368487237697
24 59 0.33215817016348925
25 25 -0.2820303191975797
25 26 0.014338286557179725
25 27 0.1253066468949411
25 28 0.9553329070549206
25 29 0.8039051446583179
25 30 -0.7662266620735156
25 31 0.28660469458543725
25 32 -0.8107742785378811
25 33 0.5379013072160841
25 34 -0.2876908568458616
25 35 -0.3362107535048686
25 36 0.8031144654833455
25 37 -0.3062259923617854
25 38 -0.7546295598879027
25 39 -0.45932640158765836
25 40 -0.9344942819617905
25 41 -0.3336464791003284
25 42 -0.1090383263985395
25 43 -0.12443688822278798
25 44 0.7691260035714591
25 45 -0.894721826991014
25 46 -0.5664151799926258
25 47 0.09600097844055844
25 48 -0.9973974968894961
25 49 -0.8459260411575731
25 50 0.9607872683246048
25 51 -0.4616003955931922
25 52 0.7849547895989792
25 53 0.3402507512973594
25 54 -0.43028951311161334
25 55 -0.8118377641791672
25 56 -0.9301611717999689
25 57 -0.606562827688991
25 58 -0.024763131436668084
25 59 -0.06394592213832118
26 26 -0.674328369135341
26 27 0.886090024338229
26 28 0.5026743296742697
26 29 0.45771825069370053
26 30 0.36546146301607285
26 31 0.15744257103232528
26 32 -0.6736298855179488
26 33 -0.35004759981193456
26 34 0.5323721828662653
26 35 -0.24717561910446229
26 36 0.7145721015310016
26 37 0.8844961400938063
26 38 0.46847967155137127
26 39 0.5288489880314728
26 40 0.4922420943717234
26 41 -0.31438863345545043
26 42 0.018565383157997717
26 43 -0.7420170073965973
26 44 -0.34825092137079583
26 45 0.8429953710305447
26 46 -0.39978067084898017
26 47 -0.9101462030013505
26 48 -0.5466048919837101
26 49 -0.9400657457316695
26 50 0.754145559095214
26 51 0.5568900836262087
26 52 -0.6904919810943277
26 53 0.9384370675105271
26 54 0.04614751009438667
26 55 0.3261904397376647
26 56 0.3665994976026252
26 57 0.5140168802472744
26 58 -0.12685344887477656
26 59 -0.7958387714787489
27 27 0.36793901651179683
27 28 0.8302465846112119
27 29 -0.9819245936733174
27 30 -0.6453496761550122
27 31 0.5279277567277902
27 32 0.5710034378473845
27 33 -0.8641818151236038
27 34 0.912800709865047
27 35 -0.09630969098094533
27 36 0.8582011953176385
27 37 -0.20065029519569855
27 38 0.02482400716887523
27 39 -0.09421145683513998
27 40 0.10686756517391238
27 41 -0.9777274582832536
27 42 0.8957398611128338
27 43 0.8976929418218156
27 44 -0.8427223960386887
27 45 -0.8422053309808839
27 46 0.3688899579767706
27 47 0.5905350737468014
27 48 0.7371020036485616
27 49 -0.12833410583642335
27 50 0.474034456814602
27 51 0.17452593015117324
27 52 0.32137431349028867
27 53 0.904768518907487
27 54 0.3718167343485963
27 55 -0.46988286401262425
27 56 -0.17363664790096944
27 57 -0.014788828322402914
27 58 -0.27580857325910046
27 59 -0.7077411930609565
28 28 -0.9532022910444695
28 29 -0.7535621915983333
28 30 -0.3778762075415387
28 31 0.6672138599528641
28 32 0.08410240354405008
28 33 -0.8518672932891844
28 34 0.033326010129114625
28 35 -0.3227812931805416
28 36 -0.7667659944849632
28 37 -0.6808857162167312
28 38 0.3289781478379805
28 39 -0.9577096075060574
28 40 -0.4468805281475261
28 41 0.31896606240701786
28 42 0.5851605462093246
28 43 -0.33164391166281715
28 44 0.7709450183944675
28 45 0.38936959256147774
28 46 -0.22591868413109517
28 47 0.03332196249716168
28 48 -0.9066088094509721
28 49 -0.16544938864706404
28 50 0.8691141017591204
28 51 0.18382069972387405
28 52 -0.32261160786653975
28 53 -0.8074164615431259
28 54 0.5143819928210513
28 55 -0.7916829443490925
28 56 0.5723810704956414
28 57 -0.8500466168025123
28 58 0.14525823597425003
28 59 0.6431960477082737
29 29 -0.7564477491936337
29 30 0.6910631091192123
29 31 -0.17648949223608557
29 32 0.051939153293561136
29 33 -0.9143707567749495
29 34 -0.13171717842634623
29 35 0.31707095525956697
29 36 0.8896061671140603
29 37 -0.2047108162188982
29 38 -0.525068519347847
29 39 -0.1005790566432343
29 40 0.5266520057197344
29 41 -0.7551921028920987
29 42 0.6494140555472439
29 43 0.28776078810076955
29 44 0.9749990692540733
29 45 -0.21786211601391825
29 46 0.07516527444295806
29 47 0.1140003351795369
29 48 0.18583954514344603
29 49 0.1333277429832198
29 50 -0.7551374997805651
29 51 0.5101709332907676
29 52 -0.5944832230944919
29 53 -0.3388339573882271
29 54 -0.9785614400035261
29 55 0.8854373868988858
29 56 0.5814518982301426
29 57 -0.9160823060075074
29 58 0.40371950048720984
29 59 0.9757142768541225
30 30 -0.26422221706600335
30 31 0.7935903705691889
30 32 0.5027836120744711
30 33 0.3065150004147963
30 34 0.908033166146252
30 35 0.5705636904447038
30 36 0.340178811342039
30 37 0.44091373176379234
30 38 -0.40453955138145714
30 39 -0.9074573987840009
30 40 0.17636080191599302
30 41 -0.650908493076422
30 42 0.25085255912821713
30 43 -0.007346821288496619
30 44 0.24369818272010058
30 45 0.004629555871102475
30 46 -0.3226256559450631
30 47 -0.8242839693964512
30 48 0.5162450239427503
30 49 0.48611948550423234
30 50 -0.7310890047139551
30 51 -0.6786166078173941
30 52 0.12401286934114597
30 53 -0.0018725686172578193
30 54 -0.6950875763260573
30 55 0.7088311884502845
30 56 0.019268620097335543
30 57 0.6141434570260289
30 58 -0.7163836220709303
30 59 0.13862061571862827
31 31 -0.06301993920623361
31 32 -0.08316054939815265
31 33 0.040662761743377684
31 34 -0.8524800148846181
31 35 0.749653473827038
31 36 0.7155292278360759
31 37 -0.4282964718378328
31 38 0.13307496428723375
31 39 0.12236418568738605
31 40 -0.12607924013440241
31 41 0.7023488718096949
31 42 -0.521241274498814
31 43 -0.7782033471980156
31 44 -0.13136389516919134
31 45 -0.8958299962901783
31 46 0.907421202929213
31 47 -0.6436051385429347
31 48 -0.5829467598057447
31 49 0.503511929315346
31 50 0.6743517899130289
31 51 0.3889616771989779
31 52 -0.4037592389208242
31 53 0.20298031628217017
31 54 -0.49148065438666744
31 55 -0.9465160195709466
31 56 -0.03936125326926376
31 57 -0.5967741635964643
31 58 0.3038992762539703
31 59 -0.34013402302553075
32 32 -0.6421488126751871
32 33 -0.37919550147166636
32 34 0.6439756041169522
32 35 -0.2748034752917956
32 36 0.13295661159502714
32 37 -0.26446450238206487
32 38 0.5180637638133065
32 39 -0.16265026565216711
32 40 -0.7615273233862483
32 41 -0.8103118940879592
32 42 0.21236902330404783
32 43 -0.2978135092091285
32 44 0.7684162195310669
32 45 -0.6952662369531073
32 46 0.4291093926914953
32 47 -0.9072729043046648
32 48 0.8741872183585029
32 49 -0.2002270791926497
32 50 0.6915328612505061
32 51 0.08184580773669792
32 52 0.8204045565492397
32 53 -0.8875287055300427
32 54 0.5447659699760419
32 55 0.2584798186384365
32 56 0.01733330821088308
32 57 -0.5894712020192241
32 58 0.4946866509521286
32 59 -0.7624032862192922
33 33 -0.1498030858946786
33 34 0.9936226161667463
33 35 0.4775005638255294
33 36 0.2602878087377076
33 37 0.8739932531613288
33 38 -0.8433257908307603
33 39 0.8347876719322365
33 40 -0.8239751873667611
33 41 -0.7270480606820442
33 42 0.6071543804947663
33 43 -0.08222523020866168
33 44 0.32878489945282974
33 45 0.3927474864776175
33 46 -0.7385129711727931
33 47 -0.28754860336264043
33 48 -0.5223283971194637
33 49 0.08678063382539491
33 50 -0.46215487890372353
33 51 0.9414357979272077
33 52 -0.8339727568723043
33 53 0.47493990832348354
33 54 0.18010522877417756
33 55 -0.732375394897101
33 56 -0.7969225372698499
33 57 -0.2738875931538798
33 58 0.8683300112194376
33 59 0.43804900229201205
34 34 -0.8850135082214008
34 35 0.8769817540555278
34 36 0.5046013136237932
34 37 -0.1959349863894535
34 38 -0.860908875975265
34 39 -0.9003740819970036
34 40 -0.6142488646222861
34 41 -0.8423823755096413
34 42 -0.8286877613205703
34 43 -0.4945351644852949
34 44 -0.1346080871442379
34 45 0.48023242904298247
34 46 0.9305810037117264
34 47 -0.32694306209196666
34 48 -0.2570483058143036
34 49 0.014338155531752328
34 50 0.769299677125769
34 51 -0.4421095560089203
34 52 0.9476528276044656
34 53 0.8816712699447791
34 54 -0.2607437107711583
34 55 0.898578929334859
34 56 0.84155224140814
34 57 -0.2725226938134626
34 58 0.07192989124408955
34 59 0.8981234508866216
35 35 0.602868527747118
35 36 -0.5399228064639752
35 37 -0.5098338540544587
35 38 0.35896095217978785
35 39 0.3365633951057314
35 40 -0.3964263179316523
35 41 0.8401892770717716
35 42 0.7736133988314562
35 43 -0.38160029942588714
35 44 0.25124145648841445
35 45 0.8744300429555487
35 46 -0.6103198371366809
35 47 0.19391276857386508
35 48 0.27421979941556507
35 49 -0.751288147035039
35 50 -0.6042014397232902
35 51 0.6127435610555709
35 52 0.13204542099023842
35 53 0.608074871433421
35 54 -0.7981407428462377
35 55 0.7768637954283304
35 56 0.29505684321131365
35 57 0.6449267868201574
35 58 0.5576129919583237
35 59 -0.3188653458439803
36 36 -0.825401115306234
36 37 -0.4050865374970454
36 38 0.47057727825151185
36 39 0.7945590324884813
36 40 -0.6675664493692737
36 41 -0.7868549303028085
36 42 0.3200296459531409
36 43 -0.45766046815777495
36 44 -0.2829772498591707
36 45 0.6887135878448645
36 46 -0.08908630784188665
36 47 0.7434585574594323
36 48 0.5753785783234453
36 49 0.9081192192323009
36 50 0.1342121359357309
36 51 -0.8150699072743408
36 52 0.311878217179687
36 53 0.5922492915805653
36 54 0.09449426436071429
36 55 -0.05500459704103777
36 56 0.9204367053017819
36 57 -0.7312061541053865
36 58 0.33235936224914764
36 59 -0.45149935941281094
37 37 0.03209192932953475
37 38 -0.3096421525347952
37 39 0.6295174927237406
37 40 0.700879219839982
37 41 0.9462339796090842
37 42 0.5265233115056607
37 43 -0.6608468323660688
37 44 0.8460891274810665
37 45 -0.9357657727437267
37 46 0.8920297913418573
37 47 0.5416838485262403
37 48 0.11563389955858994
37 49 0.15588206191706266
37 50 0.22723580110182184
37 51 -0.17625843110406092
37 52 0.2702220623600351
37 53 0.10817533714696403
37 54 -0.8619579128239168
37 55 0.03329451383375881
37 56 0.6807580911468243
37 57 -0.7868592521201794
37 58 0.13663404921691558
37 59 -0.7429769156877672
38 38 -0.5838542187724016
38 39 0.43660149627584066
38 40 -0.6193658637810133
38 41 0.4101706674151002
38 42 -0.5882274160884551
38 43 0.5514219769074411
38 44 0.9106151562280023
38 45 0.23421544611681422
38 46 0.5739395306114723
38 47 0.7617896349795417
38 48 0.1359651493179339
38 49 0.536382845213148
38 50 0.6705375814847097
38 51 0.01919863646847353
38 52 -0.44816875150496993
38 53 -0.24768101971989043
38 54 -0.3583356029544018
38 55 -0.7030030868770725
38 56 0.24356286258105642
38 57 0.4616793700134043
38 58 0.24060307486005272
38 59 0.729768129185626
39 39 0.19322855012476237
39 40 -0.5047573043379445
39 41 0.6664976552691471
39 42 0.9148219216912425
39 43 -0.001105947559266296
39 44 -0.7149023335522209
39 45 0.8887752873561074
39 46 -0.9025979571281639
39 47 -0.9449472424487673
39 48 0.018681378143465155
39 49 0.7545740243831145
39 50 -0.703334276207211
39 51 -0.9516931860995723
39 52 -0.8027141441692107
39 53 0.9754795120972395
39 54 -0.09406461204628713
39 55 -0.3096670711678413
39 56 0.9673575018663421
39 57 0.3372953980850919
39 58 0.30982337556180317
39 59 -0.8124414715771298
40 40 0.4135537073859248
40 41 0.7657467399083575
40 42 0.02898877083846041
40 43 0.5657552402328538
40 44 -0.9162489812181822
40 45 0.5019876015009017
40 46 0.7037422760373331
40 47 -0.43860014502654177
40 48 -0.994977054565596
40 49 -0.6352904467088054
40 50 -0.15629163472996743
40 51 -0.13060268392724494
40 52 -0.6054676041652378
40 53 -0.8147970723721085
40 54 0.1020718246560477
40 55 -0.5592695657699613
40 56 0.23047084757263292
40 57 0.49558619565018325
40 58 0.7482096427850902
40 59 -0.9637556909039429
41 41 -0.8722625726664941
41 42 0.21567467352834346
41 43 0.6466967395753718
41 44 -0.9789910436511593
41 45 0.7414882185523148
41 46 -0.09748846714484927
41 47 -0.9904079848444902
41 48 0.42219572695970187
41 49 0.4954391775932252
41 50 0.8660600627770683
41 51 0.09429253991038378
41 52 0.802465774441268
41 53 -0.9002917787884444
41 54 0.5379128444160026
41 55 0.481022319665235
41 56 0.2882967012080373
41 57 0.5450738740773136
41 58 -0.5168964369078992
41 59 0.07265890444484069
42 42 0.6466436451706681
42 43 0.19301240138028541
42 44 0.07418689529683187
42 45 -0.16702327799480599
42 46 0.7492845325600803
42 47 0.28208890220423943
42 48 0.5042795506245734
42 49 -0.7649990809085798
42 50 -0.5074375988251159
42 51 0.03918970443648773
42 52 -0.776049669273821
42 53 0.4367322207444466
42 54 0.5191708110488713
42 55 0.48836419946680176
42 56 -0.3475883250007614
42 57 0.7571484553231429
42 58 -0.5803448960566706
42 59 -0.28672076880082664
43 43 -0.943558435794231
43 44 -0.5023532736379255
43 45 0.5046081622252567
43 46 -0.91551457183546
43 47 0.3710465611875222
43 48 0.10666570170462708
43 49 -0.8821962205290323
43 50 -0.887954109828357
43 51 -0.18337850586934623
43 52 0.15518675728288178
43 53 -0.7651854695942926
43 54 -0.5861375866862011
43 55 0.0893709065721564
43 56 0.8505519014650884
43 57 -0.9190341083942519
43 58 0.016328599232585672
43 59 0.362221391969183
44 44 -0.8016096557525085
44 45 0.2850587471745931
44 46 -0.8862975834671751
44 47 0.939231372093293
44 48 -0.316118643810845
44 49 -0.8935188739542177
44 50 0.04738316646850582
44 51 -0.03868002669601256
44 52 -0.29808332957517636
44 53 -0.3378596262979674
44 54 -0.25084128288307994
44 55 -0.96608050201681
44 56 0.9194467493576253
44 57 0.2778130765014839
44 58 0.3725719510831196
44 59 0.02797590292140928
45 45 0.29978416352007353
45 46 -0.3261035601667792
45 47 0.7214371204908507
45 48 0.7187922714616135
45 49 0.6446425724521874
45 50 0.2898181310131689
45 51 -0.6771642351483429
45 52 0.6652394082943822
45 53 0.5913680753228354
45 54 0.834734777703884
45 55 -0.9037123020083073
45 56 0.1764131072718078
45 57 -0.9743893389531806
45 58 0.4876191003956112
45 59 -0.16359484572637473
46 46 -0.820164594561748
46 47 -0.10445623017230021
46 48 0.9295195099080609
46 49 0.35504255158906783
46 50 -0.5201941988520264
46 51 0.38377410075081353
46 52 -0.09702880971238126
46 53 0.2748255066177012
46 54 0.9503111653662364
46 55 -0.8174958711841875
46 56 -0.3667840668593325
46 57 0.1923938260439919
46 58 0.3267776059702012
46 59 0.5325348664870908
47 47 0.28590331232187216
47 48 0.6324871376259495
47 49 0.4756389372972758
47 50 0.591169746051573
47 51 -0.17936897992852407
47 52 0.7596984588390634
47 53 -0.6929865027218622
47 54 0.005781885892343297
47 55 0.9393090157890267
47 56 0.2032180874271825
47 57 -0.8585801136616689
47 58 -0.43774949765520765
47 59 -0.13874407635436903
48 48 -0.20111244059209055
48 49 0.5908001158293468
48 50 -0.8483793357168401
48 51 -0.051131497743033716
48 52 0.6220217960608574
48 53 0.2808134671795426
48 54 -0.40332946526928115
48 55 0.45784745148374273
48 56 -0.5950440303986411
48 57 -0.1725902016121741
48 58 0.23085322574595413
48 59 0.7553750574206948
49 49 -0.7500355823446836
49 50 -0.27459679209957466
49 51 0.20390266585944228
49 52 -0.7315194074007436
49 53 -0.014137534627122639
49 54 -0.2915834217327844
49 55 0.540685880680472
49 56 -0.7801134601747368
49 57 0.7359849598469022
49 58 -0.24295939977263958
49 59 -0.8127005793942184
50 50 0.7659301348485392
50 51 -0.7588168578061019
50 52 0.3053872866524201
50 53 -0.9811587571584597
50 54 -0.8480735839823286
50 55 0.40369768795043415
50 56 0.04646491239898687
50 57 -0.02565734098074901
50 58 0.3062330783421128
50 59 -0.4098707237554502
51 51 -0.6940315992671444
51 52 0.31400855707046094
51 53 -0.120832637032398
51 54 -0.8330657261324816
51 55 0.7824494184800963
51 56 -0.5995105135024985
51 57 0.6286104859048827
51 58 -0.33947534859905826
51 59 -0.13558002400948688
52 52 0.19721733690521215
52 53 -0.7151490484681786
52 54 -0.8063212655602532
52 55 0.6898389473563138
52 56 -0.3921904424616014
52 57 0.33514745274846236
52 58 0.15646524760684688
52 59 0.5117488116048723
53 53 0.9788145102995176
53 54 0.893331827629158
53 55 -0.7034825959616977
53 56 -0.5863401345613322
53 57 0.0740694958212822
53 58 -0.7817641448013344
53 59 0.28139148058919505
54 54 -0.8574717907632294
54 55 0.6108428459657758
54 56 0.8924006813718135
54 57 -0.5969371258487968
54 58 -0.9733473041366645
54 59 0.4846493612800926
55 55 -0.21755185455806947
55 56 0.010701606436927857
55 57 -0.5209898304069722
55 58 -0.023879480881882076
55 59 0.1801945768267048
56 56 0.11218504433269594
56 57 -0.19436104544142951
56 58 0.6789519208030435
56 59 0.1809866422286024
57 57 0.741640950749962
57 58 -0.9194041389669096
57 59 -0.10962632077271217
58 58 0.8901971130524517
58 59 0.8847579677612785
59 59 -0.9112952299271884
